1
52 1
Argali 0.000000 0.298500 0.157400 0.523500 0.123300 0.000000 0.125500 0.174300 0.146200 0.156000 0.051500 0.136500 0.084600 0.152400 0.148300 0.126700 0.301200 0.257900 0.071000 0.166700 0.170200 0.061500 0.114100 0.199200 0.061500 0.157800 0.084600 0.146300 0.132200 0.180600 0.155800 0.142400 0.320100 0.084600 0.087300 0.161300 0.051000 0.135000 0.149100 0.152500 0.113200 0.150000 0.156000 0.178800 0.159600 0.127200 0.135300 0.201700 0.161300 0.128700 0.155800 0.145600
LesserMous 0.298500 0.000000 0.325700 0.368500 0.233200 0.298500 0.291200 0.273500 0.314100 0.257100 0.274500 0.250100 0.261900 0.263000 0.274700 0.254400 0.272900 0.285100 0.307000 0.280300 0.275200 0.285400 0.275000 0.286200 0.257900 0.287800 0.261900 0.314500 0.228100 0.326000 0.256500 0.252600 0.296800 0.261900 0.284800 0.334500 0.284500 0.245000 0.223000 0.214300 0.273900 0.321400 0.257100 0.322100 0.332700 0.265600 0.262500 0.334000 0.336800 0.284400 0.295600 0.285600
LesserKudu 0.157400 0.325700 0.000000 0.474600 0.108200 0.157400 0.088600 0.178600 0.027900 0.128900 0.124700 0.120500 0.102900 0.157700 0.130900 0.110700 0.285600 0.244300 0.143500 0.065600 0.152100 0.134700 0.141800 0.202100 0.112400 0.140400 0.102900 0.047000 0.159100 0.056500 0.139100 0.126700 0.306800 0.102900 0.117400 0.099300 0.123500 0.118600 0.110100 0.157800 0.141400 0.132100 0.128900 0.183500 0.098800 0.110500 0.119100 0.171100 0.143400 0.111700 0.037000 0.027800
KillerWhal 0.523500 0.368500 0.474600 0.000000 0.364600 0.523400 0.401100 0.447500 0.497800 0.440100 0.471800 0.354300 0.404600 0.422700 0.481000 0.440400 0.396200 0.395800 0.456400 0.484500 0.426700 0.446800 0.433600 0.478500 0.483500 0.405400 0.404600 0.537000 0.447700 0.512600 0.438000 0.443800 0.326700 0.404600 0.402500 0.386500 0.465700 0.377800 0.423700 0.443100 0.430800 0.509800 0.440100 0.509300 0.384300 0.421900 0.411500 0.517600 0.424000 0.397600 0.494600 0.495400
DefassaWat 0.123300 0.233200 0.108200 0.364600 0.000000 0.123300 0.078500 0.145900 0.119000 0.107000 0.081200 0.109700 0.092800 0.125600 0.099000 0.079100 0.247900 0.182100 0.110500 0.138100 0.119300 0.069800 0.088500 0.136800 0.069900 0.087200 0.092800 0.139800 0.063500 0.128900 0.106900 0.116200 0.243500 0.092800 0.106300 0.110700 0.090800 0.009300 0.078700 0.084600 0.087800 0.122000 0.107000 0.117700 0.109700 0.100600 0.087700 0.148800 0.132500 0.123600 0.128300 0.118600
Sheep 0.000000 0.298500 0.157400 0.523400 0.123300 0.000000 0.125500 0.174300 0.146200 0.156000 0.051500 0.136500 0.084600 0.152400 0.148300 0.126700 0.301200 0.257900 0.071000 0.166700 0.170200 0.061500 0.114100 0.199200 0.061500 0.157800 0.084600 0.146300 0.132200 0.180600 0.155800 0.142400 0.320100 0.084600 0.087300 0.161300 0.051000 0.135000 0.149100 0.152500 0.113200 0.150000 0.156000 0.178800 0.159600 0.127200 0.135300 0.201700 0.161300 0.128700 0.155800 0.145600
MaxwellsDu 0.125500 0.291200 0.088600 0.401100 0.078500 0.125500 0.000000 0.148300 0.099300 0.130600 0.093300 0.090000 0.072300 0.085800 0.122700 0.080300 0.252300 0.211000 0.112400 0.140400 0.121300 0.103300 0.111700 0.172000 0.081500 0.110000 0.072300 0.120700 0.128800 0.131100 0.130500 0.076400 0.272900 0.072300 0.085300 0.069600 0.092400 0.068300 0.079900 0.106600 0.110800 0.101800 0.130600 0.152400 0.068900 0.080600 0.068400 0.151200 0.112300 0.103200 0.108700 0.098900
GazellaPrz 0.174300 0.273500 0.178600 0.447500 0.145900 0.174300 0.148300 0.000000 0.167800 0.199800 0.164600 0.159300 0.143600 0.195600 0.159100 0.127900 0.275100 0.260900 0.160500 0.187200 0.146400 0.151600 0.181800 0.231000 0.151800 0.135200 0.143600 0.168000 0.153300 0.200700 0.199500 0.186000 0.270300 0.143600 0.158500 0.160400 0.163200 0.157300 0.148500 0.173900 0.180200 0.172000 0.199800 0.211600 0.158800 0.128000 0.095000 0.208500 0.160400 0.163200 0.176900 0.145800
MountainNy 0.146200 0.314100 0.027900 0.497800 0.119000 0.146200 0.099300 0.167800 0.000000 0.140100 0.113800 0.109900 0.092800 0.147100 0.143000 0.100200 0.274500 0.233300 0.132600 0.036900 0.119400 0.123700 0.131800 0.169400 0.101700 0.129800 0.092800 0.018500 0.148400 0.027100 0.150400 0.137500 0.294100 0.092800 0.106400 0.110700 0.112700 0.130200 0.120800 0.145900 0.130800 0.121900 0.140100 0.150000 0.109600 0.100600 0.087800 0.182900 0.132500 0.123700 0.009100 0.018500
MuntiacusM 0.156000 0.257100 0.128900 0.440100 0.107000 0.156000 0.130600 0.199800 0.140100 0.000000 0.123600 0.141100 0.125200 0.154900 0.108900 0.131800 0.312200 0.243500 0.142300 0.159400 0.173600 0.133500 0.077300 0.134700 0.111400 0.139300 0.125200 0.162300 0.136000 0.150200 0.018100 0.125600 0.277500 0.125200 0.116900 0.142100 0.122500 0.117900 0.153300 0.093600 0.076800 0.154200 0.000000 0.115900 0.140700 0.110300 0.140000 0.227400 0.142200 0.133800 0.149300 0.139500
goat 0.051500 0.274500 0.124700 0.471800 0.081200 0.051500 0.093300 0.164600 0.113800 0.123600 0.000000 0.104000 0.052400 0.120800 0.115400 0.083400 0.262400 0.219600 0.040300 0.156800 0.136900 0.009900 0.104100 0.166000 0.010000 0.125000 0.052400 0.136400 0.090400 0.147200 0.123500 0.110900 0.283000 0.052400 0.054100 0.127700 0.020300 0.092300 0.105000 0.110400 0.103300 0.116700 0.123600 0.145800 0.126400 0.094500 0.103100 0.156900 0.127700 0.095600 0.123500 0.113400
AfricanBuf 0.136500 0.250100 0.120500 0.354300 0.109700 0.136500 0.090000 0.159300 0.109900 0.141100 0.104000 0.000000 0.105300 0.095900 0.133500 0.112600 0.265700 0.223900 0.101300 0.129300 0.132000 0.114100 0.122200 0.160100 0.092100 0.142800 0.105300 0.131700 0.139300 0.142100 0.141000 0.086500 0.260700 0.105300 0.096500 0.059400 0.103100 0.120900 0.134100 0.116800 0.121300 0.135000 0.141100 0.163100 0.058800 0.091100 0.099500 0.208500 0.123400 0.114300 0.119400 0.109200
Topi 0.084600 0.261900 0.102900 0.404600 0.092800 0.084600 0.072300 0.143600 0.092800 0.125200 0.052400 0.105300 0.000000 0.122200 0.116300 0.072700 0.223300 0.181200 0.072300 0.135400 0.115100 0.062700 0.104900 0.166200 0.062600 0.103400 0.000000 0.115000 0.112500 0.125700 0.125100 0.112300 0.247000 0.000000 0.043200 0.105000 0.052000 0.103100 0.094500 0.122300 0.104600 0.094200 0.125200 0.147700 0.104600 0.072900 0.082200 0.146600 0.106100 0.052000 0.102500 0.092400
CommonDuik 0.152400 0.263000 0.157700 0.422700 0.125600 0.152400 0.085800 0.195600 0.147100 0.154900 0.120800 0.095900 0.122200 0.000000 0.149100 0.128900 0.304400 0.263500 0.139200 0.166000 0.126100 0.130500 0.138100 0.174600 0.109000 0.157800 0.122200 0.169000 0.154400 0.179300 0.156100 0.044800 0.296600 0.122200 0.136400 0.139200 0.119700 0.115200 0.149800 0.112000 0.137000 0.150800 0.156300 0.177800 0.137800 0.107800 0.115800 0.222000 0.139100 0.152800 0.156200 0.146700
Suni 0.148300 0.274700 0.130900 0.481000 0.099000 0.148300 0.122700 0.159100 0.143000 0.108900 0.115400 0.133500 0.116300 0.149100 0.000000 0.124000 0.277100 0.235300 0.112400 0.162700 0.166400 0.125500 0.089600 0.148700 0.103200 0.110000 0.116300 0.165800 0.128500 0.153400 0.108900 0.118000 0.297600 0.116300 0.131800 0.156700 0.114400 0.109500 0.145600 0.106500 0.089400 0.123300 0.108900 0.130000 0.156000 0.123800 0.132300 0.150600 0.157700 0.081200 0.152500 0.142500
Springbuck 0.126700 0.254400 0.110700 0.440400 0.079100 0.126700 0.080300 0.127900 0.100200 0.131800 0.083400 0.112600 0.072700 0.128900 0.124000 0.000000 0.255000 0.213300 0.113500 0.141800 0.079400 0.093500 0.091100 0.173300 0.071800 0.068800 0.072700 0.121900 0.067000 0.132400 0.131700 0.119200 0.250600 0.072700 0.086100 0.091600 0.093300 0.089600 0.059500 0.107600 0.090400 0.081200 0.131800 0.153800 0.090700 0.081400 0.069000 0.152400 0.113100 0.104200 0.109700 0.099900
Okapi 0.301200 0.272900 0.285600 0.396200 0.247900 0.301200 0.252300 0.275100 0.274500 0.312200 0.262400 0.265700 0.223300 0.304400 0.277100 0.255000 0.000000 0.101500 0.229000 0.324000 0.275400 0.245700 0.263700 0.290800 0.246100 0.235500 0.223300 0.301900 0.229100 0.314400 0.311300 0.267500 0.212500 0.223300 0.271900 0.293200 0.259600 0.260100 0.226700 0.253200 0.263400 0.227900 0.312200 0.299000 0.291700 0.254300 0.211500 0.308100 0.255100 0.231600 0.257400 0.247600
Giraffe 0.257900 0.285100 0.244300 0.395800 0.182100 0.257900 0.211000 0.260900 0.233300 0.243500 0.219600 0.223900 0.181200 0.263500 0.235300 0.213300 0.101500 0.000000 0.239400 0.254600 0.233800 0.203600 0.222000 0.276700 0.203900 0.194400 0.181200 0.260100 0.189600 0.244900 0.243100 0.227200 0.218600 0.181200 0.228100 0.250800 0.217300 0.193900 0.211500 0.237700 0.221800 0.212100 0.243500 0.257100 0.249500 0.212800 0.195600 0.294400 0.225800 0.215800 0.243200 0.232400
TibetanAnt 0.071000 0.307000 0.143500 0.456400 0.110500 0.071000 0.112400 0.160500 0.132600 0.142300 0.040300 0.101300 0.072300 0.139200 0.112400 0.113500 0.229000 0.239400 0.000000 0.175400 0.155900 0.050200 0.101400 0.161700 0.050100 0.120300 0.072300 0.155200 0.119400 0.166000 0.142100 0.129400 0.275600 0.072300 0.073700 0.124400 0.039900 0.121800 0.135200 0.117800 0.100600 0.113600 0.142300 0.142000 0.123100 0.113900 0.122100 0.163600 0.124400 0.093000 0.142100 0.132200
Sitatunga 0.166700 0.280300 0.065600 0.484500 0.138100 0.166700 0.140400 0.187200 0.036900 0.159400 0.156800 0.129300 0.135400 0.166000 0.162700 0.141800 0.324000 0.254600 0.175400 0.000000 0.138600 0.166800 0.151400 0.166200 0.143900 0.149100 0.135400 0.017900 0.167400 0.026900 0.169600 0.156500 0.314100 0.135400 0.150500 0.152500 0.155400 0.149500 0.163300 0.166200 0.150200 0.164300 0.159400 0.169300 0.151000 0.120100 0.128000 0.226300 0.175300 0.166800 0.045900 0.055900
Oribi 0.170200 0.275200 0.152100 0.426700 0.119300 0.170200 0.121300 0.146400 0.119400 0.173600 0.136900 0.132000 0.115100 0.126100 0.166400 0.079400 0.275400 0.233800 0.155900 0.138600 0.000000 0.124100 0.154800 0.159000 0.124200 0.087700 0.115100 0.141200 0.106400 0.151600 0.173400 0.137900 0.269300 0.115100 0.129900 0.133300 0.135700 0.130300 0.121500 0.169900 0.153500 0.122600 0.173600 0.162400 0.131900 0.100800 0.067500 0.218300 0.133000 0.146900 0.128700 0.140800
BarbaryShe 0.061500 0.285400 0.134700 0.446800 0.069800 0.061500 0.103300 0.151600 0.123700 0.133500 0.009900 0.114100 0.062700 0.130500 0.125500 0.093500 0.245700 0.203600 0.050200 0.166800 0.124100 0.000000 0.114200 0.165000 0.020000 0.112500 0.062700 0.146400 0.079000 0.157200 0.133300 0.120700 0.266800 0.062700 0.062900 0.138000 0.030300 0.080600 0.115100 0.120100 0.113200 0.126900 0.133500 0.144900 0.136600 0.104700 0.091200 0.166900 0.138000 0.105900 0.133400 0.123300
Daviddeer 0.114100 0.275000 0.141800 0.433600 0.088500 0.114100 0.111700 0.181800 0.131800 0.077300 0.104100 0.122200 0.104900 0.138100 0.089600 0.091100 0.263700 0.222000 0.101400 0.151400 0.154800 0.114200 0.000000 0.095500 0.092100 0.099200 0.104900 0.154300 0.117700 0.142100 0.077300 0.128500 0.260400 0.104900 0.119900 0.145200 0.103200 0.098800 0.134300 0.056100 0.000000 0.112200 0.077300 0.077200 0.144500 0.090700 0.121200 0.185600 0.123200 0.113800 0.141300 0.131300
Reindeer 0.199200 0.286200 0.202100 0.478500 0.136800 0.199200 0.172000 0.231000 0.169400 0.134700 0.166000 0.160100 0.166200 0.174600 0.148700 0.173300 0.290800 0.276700 0.161700 0.166200 0.159000 0.165000 0.095500 0.000000 0.153000 0.147700 0.166200 0.192100 0.143900 0.179600 0.134600 0.165200 0.326400 0.166200 0.184300 0.206400 0.164500 0.146500 0.172300 0.111800 0.095400 0.172300 0.134700 0.036200 0.205500 0.128500 0.148600 0.222200 0.184300 0.175300 0.156300 0.191500
Ibex 0.061500 0.257900 0.112400 0.483500 0.069900 0.061500 0.081500 0.151800 0.101700 0.111400 0.010000 0.092100 0.062600 0.109000 0.103200 0.071800 0.246100 0.203900 0.050100 0.143900 0.124200 0.020000 0.092100 0.153000 0.000000 0.112700 0.062600 0.123700 0.079100 0.134300 0.111300 0.099300 0.267200 0.062600 0.063100 0.115100 0.029400 0.080700 0.092900 0.098700 0.091400 0.104300 0.111400 0.133100 0.113900 0.082600 0.091300 0.166700 0.115100 0.105800 0.111300 0.101300
GyrantGaze 0.157800 0.287800 0.140400 0.405400 0.087200 0.157800 0.110000 0.135200 0.129800 0.139300 0.125000 0.142800 0.103400 0.157800 0.110000 0.068800 0.235500 0.194400 0.120300 0.149100 0.087700 0.112500 0.099200 0.147700 0.112700 0.000000 0.103400 0.151800 0.075600 0.139800 0.139100 0.147900 0.255900 0.103400 0.117700 0.121700 0.123900 0.097700 0.110200 0.115400 0.098500 0.069000 0.139300 0.128700 0.120500 0.111400 0.077400 0.182500 0.143800 0.112600 0.139100 0.129300
Hartebeest 0.084600 0.261900 0.102900 0.404600 0.092800 0.084600 0.072300 0.143600 0.092800 0.125200 0.052400 0.105300 0.000000 0.122200 0.116300 0.072700 0.223300 0.181200 0.072300 0.135400 0.115100 0.062700 0.104900 0.166200 0.062600 0.103400 0.000000 0.115000 0.112500 0.125700 0.125100 0.112300 0.247000 0.000000 0.043200 0.105000 0.052000 0.103100 0.094500 0.122300 0.104600 0.094200 0.125200 0.147700 0.104600 0.072900 0.082200 0.146600 0.106100 0.052000 0.102500 0.092400
Bongo 0.146300 0.314500 0.047000 0.537000 0.139800 0.146300 0.120700 0.168000 0.018500 0.162300 0.136400 0.131700 0.115000 0.169000 0.165800 0.121900 0.301900 0.260100 0.155200 0.017900 0.141200 0.146400 0.154300 0.192100 0.123700 0.151800 0.115000 0.000000 0.170500 0.027200 0.172800 0.159300 0.320500 0.115000 0.129500 0.132600 0.135100 0.152300 0.143300 0.169200 0.153000 0.144200 0.162300 0.172400 0.131300 0.122400 0.108700 0.206300 0.155100 0.146400 0.027700 0.037400
Gerenuk 0.132200 0.228100 0.159100 0.447700 0.063500 0.132200 0.128800 0.153300 0.148400 0.136000 0.090400 0.139300 0.112500 0.154400 0.128500 0.067000 0.229100 0.189600 0.119400 0.167400 0.106400 0.079000 0.117700 0.143900 0.079100 0.075600 0.112500 0.170500 0.000000 0.158400 0.135800 0.145000 0.239500 0.112500 0.126800 0.140700 0.099900 0.075300 0.086800 0.112700 0.116800 0.130200 0.136000 0.146800 0.139300 0.130500 0.095900 0.200600 0.162800 0.154200 0.135800 0.147900
CommonElan 0.180600 0.326000 0.056500 0.512600 0.128900 0.180600 0.131100 0.200700 0.027100 0.150200 0.147200 0.142100 0.125700 0.179300 0.153400 0.132400 0.314400 0.244900 0.166000 0.026900 0.151600 0.157200 0.142100 0.179600 0.134300 0.139800 0.125700 0.027200 0.158400 0.000000 0.160500 0.169600 0.305100 0.125700 0.140600 0.143100 0.145800 0.140300 0.154300 0.157200 0.141000 0.154900 0.150200 0.160200 0.141700 0.132900 0.118800 0.217200 0.165900 0.157300 0.036900 0.046800
MuntiacusR 0.155800 0.256500 0.139100 0.438000 0.106900 0.155800 0.130500 0.199500 0.150400 0.018100 0.123500 0.141000 0.125100 0.156100 0.108900 0.131700 0.311300 0.243100 0.142100 0.169600 0.173400 0.133300 0.077300 0.134600 0.111300 0.139100 0.125100 0.172800 0.135800 0.160500 0.000000 0.125500 0.276800 0.125100 0.116900 0.142000 0.122400 0.117900 0.153100 0.093500 0.076800 0.154000 0.018100 0.115800 0.140500 0.110200 0.139800 0.227100 0.142100 0.133700 0.159600 0.149800
HarveysDui 0.142400 0.252600 0.126700 0.443800 0.116200 0.142400 0.076400 0.186000 0.137500 0.125600 0.110900 0.086500 0.112300 0.044800 0.118000 0.119200 0.267500 0.227200 0.129400 0.156500 0.137900 0.120700 0.128500 0.165200 0.099300 0.147900 0.112300 0.159300 0.145000 0.169600 0.125500 0.000000 0.312100 0.112300 0.126200 0.129500 0.110000 0.105800 0.140100 0.122900 0.127500 0.140900 0.125600 0.168100 0.128200 0.098200 0.106300 0.189400 0.151500 0.120800 0.146700 0.137100
Pronghorn 0.320100 0.296800 0.306800 0.326700 0.243500 0.320100 0.272900 0.270300 0.294100 0.277500 0.283000 0.260700 0.247000 0.296600 0.297600 0.250600 0.212500 0.218600 0.275600 0.314100 0.269300 0.266800 0.260400 0.326400 0.267200 0.255900 0.247000 0.320500 0.239500 0.305100 0.276800 0.312100 0.000000 0.247000 0.292500 0.262200 0.280200 0.256400 0.289000 0.272600 0.257800 0.301900 0.277500 0.316800 0.259400 0.276600 0.233300 0.380300 0.262200 0.280300 0.292500 0.268100
BlueWildeb 0.084600 0.261900 0.102900 0.404600 0.092800 0.084600 0.072300 0.143600 0.092800 0.125200 0.052400 0.105300 0.000000 0.122200 0.116300 0.072700 0.223300 0.181200 0.072300 0.135400 0.115100 0.062700 0.104900 0.166200 0.062600 0.103400 0.000000 0.115000 0.112500 0.125700 0.125100 0.112300 0.247000 0.000000 0.043200 0.105000 0.052000 0.103100 0.094500 0.122300 0.104600 0.094200 0.125200 0.147700 0.104600 0.072900 0.082200 0.146600 0.106100 0.052000 0.102500 0.092400
Gemsbok 0.087300 0.284800 0.117400 0.402500 0.106300 0.087300 0.085300 0.158500 0.106400 0.116900 0.054100 0.096500 0.043200 0.136400 0.131800 0.086100 0.271900 0.228100 0.073700 0.150500 0.129900 0.062900 0.119900 0.184300 0.063100 0.117700 0.043200 0.129500 0.126800 0.140600 0.116900 0.126200 0.292500 0.043200 0.000000 0.097200 0.053600 0.118200 0.108400 0.136600 0.118900 0.109100 0.116900 0.163400 0.096200 0.086500 0.095400 0.162100 0.120500 0.064800 0.116300 0.105900
Yak 0.161300 0.334500 0.099300 0.386500 0.110700 0.161300 0.069600 0.160400 0.110700 0.142100 0.127700 0.059400 0.105000 0.139200 0.156700 0.091600 0.293200 0.250800 0.124400 0.152500 0.133300 0.138000 0.145200 0.206400 0.115100 0.121700 0.105000 0.132600 0.140700 0.143100 0.142000 0.129500 0.262200 0.105000 0.097200 0.000000 0.126600 0.121000 0.112700 0.139300 0.144800 0.112900 0.142100 0.187900 0.000000 0.113100 0.100200 0.186400 0.124200 0.114500 0.120200 0.110300
BlueSheep 0.051000 0.284500 0.123500 0.465700 0.090800 0.051000 0.092400 0.163200 0.112700 0.122500 0.020300 0.103100 0.052000 0.119700 0.114400 0.093300 0.259600 0.217300 0.039900 0.155400 0.135700 0.030300 0.103200 0.164500 0.029400 0.123900 0.052000 0.135100 0.099900 0.145800 0.122400 0.110000 0.280200 0.052000 0.053600 0.126600 0.000000 0.102000 0.114900 0.119800 0.102400 0.115600 0.122500 0.144500 0.125300 0.093700 0.102200 0.166500 0.126600 0.094700 0.122400 0.112300
BohorReedb 0.135000 0.245000 0.118600 0.377800 0.009300 0.135000 0.068300 0.157300 0.130200 0.117900 0.092300 0.120900 0.103100 0.115200 0.109500 0.089600 0.260100 0.193900 0.121800 0.149500 0.130300 0.080600 0.098800 0.146500 0.080700 0.097700 0.103100 0.152300 0.075300 0.140300 0.117900 0.105800 0.256400 0.103100 0.118200 0.121000 0.102000 0.000000 0.089400 0.095000 0.098600 0.132300 0.117900 0.128800 0.120500 0.111200 0.098500 0.160300 0.144200 0.134600 0.139500 0.129800
KirksDik 0.149100 0.223000 0.110100 0.423700 0.078700 0.149100 0.079900 0.148500 0.120800 0.153300 0.105000 0.134100 0.094500 0.149800 0.145600 0.059500 0.226700 0.211500 0.135200 0.163300 0.121500 0.115100 0.134300 0.172300 0.092900 0.110200 0.094500 0.143300 0.086800 0.154300 0.153100 0.140100 0.289000 0.094500 0.108400 0.112700 0.114900 0.089400 0.000000 0.128100 0.133100 0.124200 0.153300 0.175700 0.111600 0.102400 0.089300 0.151500 0.135000 0.126000 0.108800 0.120700
RoeDeer 0.152500 0.214300 0.157800 0.443100 0.084600 0.152500 0.106600 0.173900 0.145900 0.093600 0.110400 0.116800 0.122300 0.112000 0.106500 0.107600 0.253200 0.237700 0.117800 0.166200 0.169900 0.120100 0.056100 0.111800 0.098700 0.115400 0.122300 0.169200 0.112700 0.157200 0.093500 0.122900 0.272600 0.122300 0.136600 0.139300 0.119800 0.095000 0.128100 0.000000 0.055700 0.129100 0.093600 0.093500 0.137900 0.107800 0.095300 0.176900 0.139100 0.130800 0.156400 0.125600
WhiteLippe 0.113200 0.273900 0.141400 0.430800 0.087800 0.113200 0.110800 0.180200 0.130800 0.076800 0.103300 0.121300 0.104600 0.137000 0.089400 0.090400 0.263400 0.221800 0.100600 0.150200 0.153500 0.113200 0.000000 0.095400 0.091400 0.098500 0.104600 0.153000 0.116800 0.141000 0.076800 0.127500 0.257800 0.104600 0.118900 0.144800 0.102400 0.098600 0.133100 0.055700 0.000000 0.111900 0.076800 0.076600 0.143300 0.090500 0.120300 0.184000 0.122200 0.113500 0.140300 0.130300
ThomsonGaz 0.150000 0.321400 0.132100 0.509800 0.122000 0.150000 0.101800 0.172000 0.121900 0.154200 0.116700 0.135000 0.094200 0.150800 0.123300 0.081200 0.227900 0.212100 0.113600 0.164300 0.122600 0.126900 0.112200 0.172300 0.104300 0.069000 0.094200 0.144200 0.130200 0.154900 0.154000 0.140900 0.301900 0.094200 0.109100 0.112900 0.115600 0.132300 0.124200 0.129100 0.111900 0.000000 0.154200 0.153900 0.112400 0.102500 0.111400 0.164900 0.113500 0.103700 0.131400 0.121500
MuntiacusC 0.156000 0.257100 0.128900 0.440100 0.107000 0.156000 0.130600 0.199800 0.140100 0.000000 0.123600 0.141100 0.125200 0.156300 0.108900 0.131800 0.312200 0.243500 0.142300 0.159400 0.173600 0.133500 0.077300 0.134700 0.111400 0.139300 0.125200 0.162300 0.136000 0.150200 0.018100 0.125600 0.277500 0.125200 0.116900 0.142100 0.122500 0.117900 0.153300 0.093600 0.076800 0.154200 0.000000 0.116000 0.140700 0.110300 0.140000 0.227400 0.142200 0.133800 0.149300 0.139500
WhiteTaile 0.178800 0.322100 0.183500 0.509300 0.117700 0.178800 0.152400 0.211600 0.150000 0.115900 0.145800 0.163100 0.147700 0.177800 0.130000 0.153800 0.299000 0.257100 0.142000 0.169300 0.162400 0.144900 0.077200 0.036200 0.133100 0.128700 0.147700 0.172400 0.146800 0.160200 0.115800 0.168100 0.316800 0.147700 0.163400 0.187900 0.144500 0.128800 0.175700 0.093500 0.076600 0.153900 0.116000 0.000000 0.186000 0.131700 0.129200 0.202700 0.164400 0.156100 0.159200 0.171900
Cattle 0.159600 0.332700 0.098800 0.384300 0.109700 0.159600 0.068900 0.158800 0.109600 0.140700 0.126400 0.058800 0.104600 0.137800 0.156000 0.090700 0.291700 0.249500 0.123100 0.151000 0.131900 0.136600 0.144500 0.205500 0.113900 0.120500 0.104600 0.131300 0.139300 0.141700 0.140500 0.128200 0.259400 0.104600 0.096200 0.000000 0.125300 0.120500 0.111600 0.137900 0.143300 0.112400 0.140700 0.186000 0.000000 0.112600 0.099200 0.184500 0.123000 0.113900 0.119000 0.109200
RoyalAntel 0.127200 0.265600 0.110500 0.421900 0.100600 0.127200 0.080600 0.128000 0.100600 0.110300 0.094500 0.091100 0.072900 0.107800 0.123800 0.081400 0.254300 0.212800 0.113900 0.120100 0.100800 0.104700 0.090700 0.128500 0.082600 0.111400 0.072900 0.122400 0.130500 0.132900 0.110200 0.098200 0.276600 0.072900 0.086500 0.113100 0.093700 0.111200 0.102400 0.107800 0.090500 0.102500 0.110300 0.131700 0.112600 0.000000 0.090200 0.176000 0.091700 0.104000 0.110100 0.100200
Steenbok 0.135300 0.262500 0.119100 0.411500 0.087700 0.135300 0.068400 0.095000 0.087800 0.140000 0.103100 0.099500 0.082200 0.115800 0.132300 0.069000 0.211500 0.195600 0.122100 0.128000 0.067500 0.091200 0.121200 0.148600 0.091300 0.077400 0.082200 0.108700 0.095900 0.118800 0.139800 0.106300 0.233300 0.082200 0.095400 0.100200 0.102200 0.098500 0.089300 0.095300 0.120300 0.111400 0.140000 0.129200 0.099200 0.090200 0.000000 0.183000 0.121900 0.112900 0.097100 0.087600
Impala 0.201700 0.334000 0.171100 0.517600 0.148800 0.201700 0.151200 0.208500 0.182900 0.227400 0.156900 0.208500 0.146600 0.222000 0.150600 0.152400 0.308100 0.294400 0.163600 0.226300 0.218300 0.166900 0.185600 0.222200 0.166700 0.182500 0.146600 0.206300 0.200600 0.217200 0.227100 0.189400 0.380300 0.146600 0.162100 0.186400 0.166500 0.160300 0.151500 0.176900 0.184000 0.164900 0.227400 0.202700 0.184500 0.176000 0.183000 0.000000 0.210100 0.132300 0.192100 0.182200
Klipspring 0.161300 0.336800 0.143400 0.424000 0.132500 0.161300 0.112300 0.160400 0.132500 0.142200 0.127700 0.123400 0.106100 0.139100 0.157700 0.113100 0.255100 0.225800 0.124400 0.175300 0.133000 0.138000 0.123200 0.184300 0.115100 0.143800 0.106100 0.155100 0.162800 0.165900 0.142100 0.151500 0.262200 0.106100 0.120500 0.124200 0.126600 0.144200 0.135000 0.139100 0.122200 0.113500 0.142200 0.164400 0.123000 0.091700 0.121900 0.210100 0.000000 0.137900 0.142000 0.132100
ForestMusk 0.128700 0.284400 0.111700 0.397600 0.123600 0.128700 0.103200 0.163200 0.123700 0.133800 0.095600 0.114300 0.052000 0.152800 0.081200 0.104200 0.231600 0.215800 0.093000 0.166800 0.146900 0.105900 0.113800 0.175300 0.105800 0.112600 0.052000 0.146400 0.154200 0.157300 0.133700 0.120800 0.280300 0.052000 0.064800 0.114500 0.094700 0.134600 0.126000 0.130800 0.113500 0.103700 0.133800 0.156100 0.113900 0.104000 0.112900 0.132300 0.137900 0.000000 0.133300 0.123200
Bushbuck 0.155800 0.295600 0.037000 0.494600 0.128300 0.155800 0.108700 0.176900 0.009100 0.149300 0.123500 0.119400 0.102500 0.156200 0.152500 0.109700 0.257400 0.243200 0.142100 0.045900 0.128700 0.133400 0.141300 0.156300 0.111300 0.139100 0.102500 0.027700 0.135800 0.036900 0.159600 0.146700 0.292500 0.102500 0.116300 0.120200 0.122400 0.139500 0.108800 0.156400 0.140300 0.131400 0.149300 0.159200 0.119000 0.110100 0.097100 0.192100 0.142000 0.133300 0.000000 0.027000
GreaterKud 0.145600 0.285600 0.027800 0.495400 0.118600 0.145600 0.098900 0.145800 0.018500 0.139500 0.113400 0.109200 0.092400 0.146700 0.142500 0.099900 0.247600 0.232400 0.132200 0.055900 0.140800 0.123300 0.131300 0.191500 0.101300 0.129300 0.092400 0.037400 0.147900 0.046800 0.149800 0.137100 0.268100 0.092400 0.105900 0.110300 0.112300 0.129800 0.120700 0.125600 0.130300 0.121500 0.139500 0.171900 0.109200 0.100200 0.087600 0.182200 0.132100 0.123200 0.027000 0.000000
