1
52 1
Argali 0.000000 0.363600 0.000000 0.131500 0.000000 0.000000 0.057100 0.118100 0.000000 0.121800 0.057600 0.000000 0.000000 1.391400 1.391400 0.000000 0.060800 0.060800 0.000000 0.000000 0.000000 0.060100 0.963700 0.060800 0.057600 0.000000 0.000000 0.000000 0.000000 0.000000 0.118600 0.057100 0.060800 0.000000 0.000000 0.116500 0.057600 0.058600 0.058100 0.060800 0.060800 0.000000 0.060800 0.178700 0.057500 0.056900 0.058100 0.057400 0.000000 0.060800 0.000000 0.000000
LesserMous 0.363600 0.000000 0.363600 0.209800 0.363600 0.363600 0.432400 0.535400 0.363600 0.350000 0.435500 0.363600 0.363600 1.876600 1.876700 0.363600 0.280200 0.280200 0.363600 0.363600 0.363600 0.455100 1.269400 0.280200 0.435500 0.363600 0.363600 0.363600 0.363600 0.363600 0.340100 0.432400 0.280200 0.363600 0.363600 0.422900 0.435500 0.449600 0.439700 0.280200 0.280200 0.363600 0.280200 0.408800 0.440500 0.429800 0.439700 0.439100 0.363600 0.280200 0.363600 0.363600
LesserKudu 0.000000 0.363600 0.000000 0.131500 0.000000 0.000000 0.057100 0.118100 0.000000 0.121800 0.057600 0.000000 0.000000 1.391400 1.391400 0.000000 0.060800 0.060800 0.000000 0.000000 0.000000 0.060100 0.963700 0.060800 0.058300 0.000000 0.000000 0.000000 0.000000 0.000000 0.118600 0.057100 0.060800 0.000000 0.000000 0.116500 0.057600 0.058600 0.058100 0.060800 0.060800 0.000000 0.060800 0.178700 0.057500 0.056900 0.058100 0.057400 0.000000 0.060800 0.000000 0.000000
KillerWhal 0.131500 0.209800 0.131500 0.000000 0.131500 0.131500 0.194200 0.270600 0.131500 0.128100 0.196200 0.131500 0.131500 0.854900 0.854900 0.131500 0.063800 0.063800 0.131500 0.131500 0.131500 0.205200 0.619700 0.063800 0.196200 0.131500 0.131500 0.131500 0.131500 0.131500 0.124000 0.194200 0.063800 0.131500 0.131500 0.188500 0.196200 0.201500 0.197900 0.064900 0.063800 0.131500 0.063800 0.186400 0.196500 0.193700 0.197900 0.196100 0.131500 0.063800 0.131500 0.131500
DefassaWat 0.000000 0.363600 0.000000 0.131500 0.000000 0.000000 0.057100 0.118100 0.000000 0.121800 0.057600 0.000000 0.000000 1.391400 1.391400 0.000000 0.060800 0.060800 0.000000 0.000000 0.000000 0.060100 0.963700 0.060800 0.057600 0.000000 0.000000 0.000000 0.000000 0.000000 0.118600 0.057100 0.060800 0.000000 0.000000 0.116500 0.057600 0.058600 0.058100 0.060800 0.060800 0.000000 0.060800 0.178700 0.057500 0.058500 0.058100 0.057400 0.000000 0.061500 0.000000 0.000000
Sheep 0.000000 0.363600 0.000000 0.131500 0.000000 0.000000 0.057100 0.118100 0.000000 0.121800 0.057600 0.000000 0.000000 1.391400 1.391400 0.000000 0.060800 0.060800 0.000000 0.000000 0.000000 0.060100 0.963700 0.060800 0.057600 0.000000 0.000000 0.000000 0.000000 0.000000 0.118600 0.057100 0.060800 0.000000 0.000000 0.116500 0.057600 0.059800 0.058100 0.060800 0.060800 0.000000 0.060800 0.178700 0.057500 0.056900 0.058100 0.057400 0.000000 0.060800 0.000000 0.000000
MaxwellsDu 0.057100 0.432400 0.057100 0.194200 0.057100 0.057100 0.000000 0.114500 0.057100 0.180300 0.113700 0.057100 0.057100 1.493500 1.493500 0.057100 0.120100 0.120100 0.057100 0.057100 0.057100 0.117800 1.059300 0.120100 0.113700 0.058100 0.057100 0.057100 0.057100 0.057100 0.175400 0.000000 0.120100 0.057100 0.057100 0.172600 0.113700 0.115500 0.114300 0.120100 0.120100 0.058100 0.120100 0.234800 0.113000 0.111900 0.114300 0.112800 0.058500 0.120100 0.057100 0.057100
GazellaPrz 0.118100 0.535400 0.118100 0.270600 0.118100 0.118100 0.114500 0.000000 0.118100 0.250600 0.176500 0.118100 0.118100 1.878600 1.878600 0.118100 0.185600 0.186700 0.118100 0.118100 0.118100 0.184200 1.322900 0.186700 0.176500 0.118100 0.118200 0.118100 0.118100 0.118100 0.243800 0.114500 0.186700 0.118100 0.118100 0.241200 0.176500 0.179700 0.051900 0.186700 0.186700 0.118100 0.186700 0.307700 0.176600 0.174700 0.051900 0.176300 0.118100 0.186700 0.118100 0.118100
MountainNy 0.000000 0.363600 0.000000 0.131500 0.000000 0.000000 0.057100 0.118100 0.000000 0.121800 0.057600 0.000000 0.000000 1.391400 1.391400 0.000000 0.060800 0.060800 0.000000 0.000000 0.000000 0.060100 0.963700 0.060800 0.057600 0.000000 0.000000 0.000000 0.000000 0.000000 0.118600 0.057100 0.060800 0.000000 0.000000 0.116500 0.058300 0.058600 0.058300 0.060800 0.060800 0.000000 0.060800 0.178700 0.057500 0.056900 0.058100 0.057400 0.000000 0.060800 0.000000 0.000000
MuntiacusM 0.121800 0.350000 0.121800 0.128100 0.121800 0.121800 0.180300 0.250600 0.121800 0.000000 0.181800 0.121800 0.121800 0.881700 0.881700 0.121800 0.059200 0.059200 0.121800 0.121800 0.121800 0.189700 0.656900 0.059200 0.181800 0.121800 0.121800 0.121800 0.121800 0.121800 0.115400 0.180300 0.059200 0.122500 0.121800 0.174900 0.181800 0.185400 0.183500 0.059200 0.059400 0.121800 0.059200 0.050400 0.181900 0.179700 0.183500 0.181600 0.121400 0.059200 0.121800 0.121800
goat 0.057600 0.435500 0.057600 0.196200 0.057600 0.057600 0.113700 0.176500 0.057600 0.181800 0.000000 0.057600 0.057600 1.537700 1.537700 0.057600 0.121200 0.121200 0.057600 0.057600 0.057600 0.119000 1.100400 0.121200 0.000000 0.057600 0.057600 0.057600 0.057600 0.057600 0.176900 0.113700 0.121200 0.057600 0.057600 0.174200 0.000000 0.116400 0.115300 0.121200 0.121200 0.058600 0.121200 0.236600 0.114100 0.113900 0.115300 0.113900 0.057600 0.121200 0.057600 0.057600
AfricanBuf 0.000000 0.363600 0.000000 0.131500 0.000000 0.000000 0.057100 0.118100 0.000000 0.121800 0.057600 0.000000 0.000000 1.391400 1.391400 0.000000 0.060800 0.060800 0.000000 0.000000 0.000000 0.060100 0.963700 0.061400 0.057600 0.000000 0.000000 0.000000 0.000000 0.000000 0.118600 0.057100 0.060800 0.000000 0.000000 0.116500 0.057600 0.058600 0.058500 0.060800 0.060800 0.000000 0.061600 0.178700 0.057500 0.056900 0.058100 0.057400 0.000000 0.060800 0.000000 0.000000
Topi 0.000000 0.363600 0.000000 0.131500 0.000000 0.000000 0.057100 0.118100 0.000000 0.121800 0.057600 0.000000 0.000000 1.391400 1.391400 0.000000 0.060800 0.060800 0.000000 0.000000 0.000000 0.060100 0.963700 0.060800 0.057600 0.000000 0.000000 0.000000 0.000000 0.000000 0.118600 0.057100 0.060800 0.000000 0.000000 0.116500 0.058400 0.058600 0.058100 0.061600 0.060800 0.000000 0.060800 0.178700 0.057500 0.056900 0.058100 0.057400 0.000000 0.060800 0.000000 0.000000
CommonDuik 1.391400 1.876600 1.391400 0.854900 1.391400 1.391400 1.493500 1.878600 1.391400 0.881700 1.537700 1.391400 1.391400 0.000000 0.000000 1.391400 1.033800 1.033800 1.391400 1.391400 1.391400 1.697100 0.084500 1.033800 1.537700 1.391400 1.391400 1.391400 1.391400 1.391400 1.101400 1.493500 1.033700 1.391400 1.391400 1.586700 1.537700 2.413200 1.587100 1.033800 1.033800 1.391400 1.033700 0.947600 1.943100 1.540500 1.587100 1.865100 1.391400 1.033800 1.391400 1.391400
Suni 1.391400 1.876700 1.391400 0.854900 1.391400 1.391400 1.493500 1.878600 1.391400 0.881700 1.537700 1.391400 1.391400 0.000000 0.000000 1.391400 1.033700 1.033700 1.391400 1.391400 1.391400 1.697100 0.084500 1.033800 1.537700 1.391400 1.391400 1.391400 1.391400 1.391400 1.101400 1.493500 1.033800 1.391400 1.391400 1.586700 1.537700 2.413200 1.587100 1.033800 1.033800 1.391400 1.033700 0.947600 1.943100 1.540500 1.587100 1.865100 1.391400 1.033800 1.391400 1.391400
Springbuck 0.000000 0.363600 0.000000 0.131500 0.000000 0.000000 0.057100 0.118100 0.000000 0.121800 0.057600 0.000000 0.000000 1.391400 1.391400 0.000000 0.060800 0.060800 0.000000 0.000000 0.000000 0.060100 0.963700 0.060800 0.058800 0.000000 0.000000 0.000000 0.000000 0.000000 0.118600 0.057100 0.060800 0.000000 0.000000 0.116500 0.057600 0.058600 0.058100 0.060800 0.061500 0.000000 0.060800 0.178700 0.057500 0.056900 0.058100 0.057400 0.000000 0.060800 0.000000 0.000000
Okapi 0.060800 0.280200 0.060800 0.063800 0.060800 0.060800 0.120100 0.185600 0.060800 0.059200 0.121200 0.060800 0.060800 1.033800 1.033700 0.060800 0.000000 0.000000 0.060800 0.062000 0.060800 0.125800 0.750200 0.000000 0.121200 0.060800 0.060800 0.061500 0.061600 0.061500 0.057700 0.120100 0.000000 0.060800 0.060800 0.116000 0.121200 0.123200 0.121700 0.000000 0.000000 0.060800 0.000000 0.115400 0.120600 0.119200 0.121700 0.120400 0.060800 0.000000 0.060800 0.060800
Giraffe 0.060800 0.280200 0.060800 0.063800 0.060800 0.060800 0.120100 0.186700 0.060800 0.059200 0.121200 0.060800 0.060800 1.033800 1.033700 0.060800 0.000000 0.000000 0.060800 0.060800 0.060800 0.125800 0.750200 0.000000 0.121200 0.060800 0.060800 0.060800 0.060800 0.060800 0.057700 0.120100 0.000000 0.061600 0.060800 0.116000 0.121200 0.123200 0.121700 0.000000 0.000000 0.060800 0.000000 0.115400 0.120600 0.119200 0.121700 0.120400 0.060800 0.000000 0.060800 0.060800
TibetanAnt 0.000000 0.363600 0.000000 0.131500 0.000000 0.000000 0.057100 0.118100 0.000000 0.121800 0.057600 0.000000 0.000000 1.391400 1.391400 0.000000 0.060800 0.060800 0.000000 0.000000 0.000000 0.060100 0.963700 0.060800 0.057600 0.000000 0.000000 0.000000 0.000000 0.000000 0.118600 0.057100 0.060800 0.000000 0.000000 0.116500 0.058600 0.058600 0.058100 0.060800 0.060800 0.000000 0.060800 0.178700 0.057500 0.056900 0.058100 0.057400 0.000000 0.060800 0.000000 0.000000
Sitatunga 0.000000 0.363600 0.000000 0.131500 0.000000 0.000000 0.057100 0.118100 0.000000 0.121800 0.057600 0.000000 0.000000 1.391400 1.391400 0.000000 0.062000 0.060800 0.000000 0.000000 0.000000 0.060100 0.963700 0.060800 0.057600 0.000000 0.000000 0.000000 0.000000 0.000000 0.118600 0.057100 0.060800 0.000000 0.000000 0.116500 0.057600 0.059800 0.058100 0.060800 0.060800 0.000000 0.060800 0.178700 0.057500 0.056900 0.058100 0.057400 0.000000 0.062000 0.000000 0.000000
Oribi 0.000000 0.363600 0.000000 0.131500 0.000000 0.000000 0.057100 0.118100 0.000000 0.121800 0.057600 0.000000 0.000000 1.391400 1.391400 0.000000 0.060800 0.060800 0.000000 0.000000 0.000000 0.060100 0.963700 0.060800 0.057600 0.000000 0.000000 0.000000 0.000000 0.000000 0.118600 0.057100 0.060800 0.000000 0.000000 0.115900 0.057600 0.059700 0.058100 0.060800 0.060800 0.000000 0.060800 0.178700 0.057500 0.056900 0.058100 0.057400 0.000000 0.060800 0.000000 0.000000
BarbaryShe 0.060100 0.455100 0.060100 0.205200 0.060100 0.060100 0.117800 0.184200 0.060100 0.189700 0.119000 0.060100 0.060100 1.697100 1.697100 0.060100 0.125800 0.125800 0.060100 0.060100 0.060100 0.000000 1.192800 0.125800 0.119000 0.060100 0.060100 0.060100 0.060100 0.060600 0.184700 0.117800 0.125800 0.060600 0.060100 0.182100 0.119000 0.121700 0.120800 0.125800 0.125800 0.060100 0.125800 0.248300 0.119500 0.118400 0.120800 0.119300 0.060100 0.125800 0.060100 0.060100
Daviddeer 0.963700 1.269400 0.963700 0.619700 0.963700 0.963700 1.059300 1.322900 0.963700 0.656900 1.100400 0.963700 0.963700 0.084500 0.084500 0.963700 0.750200 0.750200 0.963700 0.963700 0.963700 1.192800 0.000000 0.750200 1.100400 0.963700 0.963700 0.963700 0.963700 0.963700 0.806500 1.059300 0.750200 0.963700 0.963700 1.054300 1.100400 1.315000 1.117700 0.750200 0.750200 0.963700 0.750200 0.711900 1.202000 1.082900 1.117700 1.185200 0.963700 0.750200 0.963700 0.963700
Reindeer 0.060800 0.280200 0.060800 0.063800 0.060800 0.060800 0.120100 0.186700 0.060800 0.059200 0.121200 0.061400 0.060800 1.033800 1.033800 0.060800 0.000000 0.000000 0.060800 0.060800 0.060800 0.125800 0.750200 0.000000 0.121200 0.060800 0.060800 0.060800 0.060800 0.060800 0.057700 0.120100 0.000000 0.060800 0.060800 0.116000 0.121200 0.123200 0.121700 0.000000 0.000000 0.060800 0.000000 0.115400 0.120600 0.119200 0.121700 0.120400 0.060800 0.000000 0.060800 0.060800
Ibex 0.057600 0.435500 0.058300 0.196200 0.057600 0.057600 0.113700 0.176500 0.057600 0.181800 0.000000 0.057600 0.057600 1.537700 1.537700 0.058800 0.121200 0.121200 0.057600 0.057600 0.057600 0.119000 1.100400 0.121200 0.000000 0.057600 0.057600 0.057600 0.057600 0.057600 0.176900 0.113700 0.121200 0.057600 0.057600 0.174200 0.000000 0.116400 0.115300 0.121200 0.121200 0.057600 0.121200 0.236600 0.114100 0.113000 0.115300 0.113900 0.057600 0.121200 0.057600 0.057600
GyrantGaze 0.000000 0.363600 0.000000 0.131500 0.000000 0.000000 0.058100 0.118100 0.000000 0.121800 0.057600 0.000000 0.000000 1.391400 1.391400 0.000000 0.060800 0.060800 0.000000 0.000000 0.000000 0.060100 0.963700 0.060800 0.057600 0.000000 0.000000 0.000000 0.000000 0.000000 0.118600 0.057100 0.060800 0.000000 0.000000 0.116500 0.057600 0.058600 0.058100 0.060800 0.060800 0.000000 0.060800 0.178700 0.057500 0.056900 0.058100 0.057400 0.000000 0.060800 0.000000 0.000000
Hartebeest 0.000000 0.363600 0.000000 0.131500 0.000000 0.000000 0.057100 0.118200 0.000000 0.121800 0.057600 0.000000 0.000000 1.391400 1.391400 0.000000 0.060800 0.060800 0.000000 0.000000 0.000000 0.060100 0.963700 0.060800 0.057600 0.000000 0.000000 0.000000 0.000000 0.000000 0.118600 0.057100 0.061900 0.000000 0.000000 0.116500 0.057600 0.058600 0.058100 0.060800 0.060800 0.000000 0.061700 0.178700 0.057800 0.056900 0.058100 0.057400 0.000000 0.060800 0.000000 0.000000
Bongo 0.000000 0.363600 0.000000 0.131500 0.000000 0.000000 0.057100 0.118100 0.000000 0.121800 0.057600 0.000000 0.000000 1.391400 1.391400 0.000000 0.061500 0.060800 0.000000 0.000000 0.000000 0.060100 0.963700 0.060800 0.057600 0.000000 0.000000 0.000000 0.000000 0.000000 0.118600 0.057100 0.060800 0.000000 0.000000 0.116500 0.057600 0.058600 0.058100 0.060800 0.060800 0.000000 0.060800 0.178700 0.057500 0.056900 0.058100 0.057400 0.000000 0.060800 0.000000 0.000000
Gerenuk 0.000000 0.363600 0.000000 0.131500 0.000000 0.000000 0.057100 0.118100 0.000000 0.121800 0.057600 0.000000 0.000000 1.391400 1.391400 0.000000 0.061600 0.060800 0.000000 0.000000 0.000000 0.060100 0.963700 0.060800 0.057600 0.000000 0.000000 0.000000 0.000000 0.000000 0.118600 0.057100 0.060800 0.000000 0.000000 0.116500 0.057600 0.058600 0.058100 0.060800 0.060800 0.000000 0.060800 0.178700 0.057900 0.056900 0.058100 0.057400 0.000000 0.060800 0.000000 0.000000
CommonElan 0.000000 0.363600 0.000000 0.131500 0.000000 0.000000 0.057100 0.118100 0.000000 0.121800 0.057600 0.000000 0.000000 1.391400 1.391400 0.000000 0.061500 0.060800 0.000000 0.000000 0.000000 0.060600 0.963700 0.060800 0.057600 0.000000 0.000000 0.000000 0.000000 0.000000 0.118600 0.057100 0.060800 0.000000 0.000000 0.116500 0.057600 0.058600 0.058100 0.060800 0.060800 0.000000 0.060800 0.178700 0.057500 0.058500 0.058100 0.057400 0.000000 0.060800 0.000000 0.000000
MuntiacusR 0.118600 0.340100 0.118600 0.124000 0.118600 0.118600 0.175400 0.243800 0.118600 0.115400 0.176900 0.118600 0.118600 1.101400 1.101400 0.118600 0.057700 0.057700 0.118600 0.118600 0.118600 0.184700 0.806500 0.057700 0.176900 0.118600 0.118600 0.118600 0.118600 0.118600 0.000000 0.175400 0.057700 0.118600 0.118600 0.170700 0.176900 0.180200 0.178600 0.057700 0.057700 0.118600 0.057700 0.169500 0.177300 0.175200 0.178600 0.176900 0.118600 0.058700 0.118600 0.118600
HarveysDui 0.057100 0.432400 0.057100 0.194200 0.057100 0.057100 0.000000 0.114500 0.057100 0.180300 0.113700 0.057100 0.057100 1.493500 1.493500 0.057100 0.120100 0.120100 0.057100 0.057100 0.057100 0.117800 1.059300 0.120100 0.113700 0.057100 0.057100 0.057100 0.057100 0.057100 0.175400 0.000000 0.120100 0.057100 0.058400 0.172600 0.113700 0.115500 0.114300 0.120100 0.120100 0.057100 0.120100 0.234800 0.113000 0.111900 0.114300 0.112800 0.057100 0.120100 0.057100 0.057100
Pronghorn 0.060800 0.280200 0.060800 0.063800 0.060800 0.060800 0.120100 0.186700 0.060800 0.059200 0.121200 0.060800 0.060800 1.033700 1.033800 0.060800 0.000000 0.000000 0.060800 0.060800 0.060800 0.125800 0.750200 0.000000 0.121200 0.060800 0.061900 0.060800 0.060800 0.060800 0.057700 0.120100 0.000000 0.060800 0.061400 0.116000 0.121200 0.123200 0.121700 0.000000 0.000000 0.060800 0.000000 0.115400 0.120600 0.119200 0.121700 0.120400 0.060800 0.000000 0.060800 0.060800
BlueWildeb 0.000000 0.363600 0.000000 0.131500 0.000000 0.000000 0.057100 0.118100 0.000000 0.122500 0.057600 0.000000 0.000000 1.391400 1.391400 0.000000 0.060800 0.061600 0.000000 0.000000 0.000000 0.060600 0.963700 0.060800 0.057600 0.000000 0.000000 0.000000 0.000000 0.000000 0.118600 0.057100 0.060800 0.000000 0.000000 0.116500 0.057600 0.058600 0.058100 0.060800 0.060800 0.000000 0.060800 0.178700 0.057500 0.056900 0.058100 0.057400 0.000000 0.061500 0.000000 0.000000
Gemsbok 0.000000 0.363600 0.000000 0.131500 0.000000 0.000000 0.057100 0.118100 0.000000 0.121800 0.057600 0.000000 0.000000 1.391400 1.391400 0.000000 0.060800 0.060800 0.000000 0.000000 0.000000 0.060100 0.963700 0.060800 0.057600 0.000000 0.000000 0.000000 0.000000 0.000000 0.118600 0.058400 0.061400 0.000000 0.000000 0.116500 0.057600 0.058600 0.058100 0.060800 0.060800 0.000000 0.060800 0.178700 0.057500 0.058500 0.058100 0.057400 0.000000 0.060800 0.000000 0.000000
Yak 0.116500 0.422900 0.116500 0.188500 0.116500 0.116500 0.172600 0.241200 0.116500 0.174900 0.174200 0.116500 0.116500 1.586700 1.586700 0.116500 0.116000 0.116000 0.116500 0.116500 0.115900 0.182100 1.054300 0.116000 0.174200 0.116500 0.116500 0.116500 0.116500 0.116500 0.170700 0.172600 0.116000 0.116500 0.116500 0.000000 0.174200 0.177700 0.176100 0.116000 0.116000 0.116500 0.116000 0.229600 0.054100 0.172700 0.176100 0.174200 0.115800 0.116000 0.116500 0.116500
BlueSheep 0.057600 0.435500 0.057600 0.196200 0.057600 0.057600 0.113700 0.176500 0.058300 0.181800 0.000000 0.057600 0.058400 1.537700 1.537700 0.057600 0.121200 0.121200 0.058600 0.057600 0.057600 0.119000 1.100400 0.121200 0.000000 0.057600 0.057600 0.057600 0.057600 0.057600 0.176900 0.113700 0.121200 0.057600 0.057600 0.174200 0.000000 0.116400 0.115300 0.121200 0.121200 0.058300 0.121200 0.236600 0.114100 0.113000 0.115300 0.113900 0.057600 0.121200 0.057600 0.058800
BohorReedb 0.058600 0.449600 0.058600 0.201500 0.058600 0.059800 0.115500 0.179700 0.058600 0.185400 0.116400 0.058600 0.058600 2.413200 2.413200 0.058600 0.123200 0.123200 0.058600 0.059800 0.059700 0.121700 1.315000 0.123200 0.116400 0.058600 0.058600 0.058600 0.058600 0.058600 0.180200 0.115500 0.123200 0.058600 0.058600 0.177700 0.116400 0.000000 0.117600 0.123200 0.123200 0.058600 0.123200 0.241800 0.116400 0.115200 0.117600 0.116200 0.058600 0.123200 0.058600 0.058600
KirksDik 0.058100 0.439700 0.058100 0.197900 0.058100 0.058100 0.114300 0.051900 0.058300 0.183500 0.115300 0.058500 0.058100 1.587100 1.587100 0.058100 0.121700 0.121700 0.058100 0.058100 0.058100 0.120800 1.117700 0.121700 0.115300 0.058100 0.058100 0.058100 0.058100 0.058100 0.178600 0.114300 0.121700 0.058100 0.058100 0.176100 0.115300 0.117600 0.000000 0.121700 0.121700 0.058100 0.121700 0.240100 0.115500 0.114400 0.000000 0.115300 0.058100 0.121700 0.058100 0.058100
RoeDeer 0.060800 0.280200 0.060800 0.064900 0.060800 0.060800 0.120100 0.186700 0.060800 0.059200 0.121200 0.060800 0.061600 1.033800 1.033800 0.060800 0.000000 0.000000 0.060800 0.060800 0.060800 0.125800 0.750200 0.000000 0.121200 0.060800 0.060800 0.060800 0.060800 0.060800 0.057700 0.120100 0.000000 0.060800 0.060800 0.116000 0.121200 0.123200 0.121700 0.000000 0.000000 0.060800 0.000000 0.116000 0.120600 0.119200 0.121700 0.120400 0.060800 0.000000 0.060800 0.060800
WhiteLippe 0.060800 0.280200 0.060800 0.063800 0.060800 0.060800 0.120100 0.186700 0.060800 0.059400 0.121200 0.060800 0.060800 1.033800 1.033800 0.061500 0.000000 0.000000 0.060800 0.060800 0.060800 0.125800 0.750200 0.000000 0.121200 0.060800 0.060800 0.060800 0.060800 0.060800 0.057700 0.120100 0.000000 0.060800 0.060800 0.116000 0.121200 0.123200 0.121700 0.000000 0.000000 0.060800 0.000000 0.115400 0.120600 0.119200 0.121700 0.120400 0.060800 0.000000 0.060800 0.060800
ThomsonGaz 0.000000 0.363600 0.000000 0.131500 0.000000 0.000000 0.058100 0.118100 0.000000 0.121800 0.058600 0.000000 0.000000 1.391400 1.391400 0.000000 0.060800 0.060800 0.000000 0.000000 0.000000 0.060100 0.963700 0.060800 0.057600 0.000000 0.000000 0.000000 0.000000 0.000000 0.118600 0.057100 0.060800 0.000000 0.000000 0.116500 0.058300 0.058600 0.058100 0.060800 0.060800 0.000000 0.060800 0.178700 0.057500 0.056900 0.058100 0.058300 0.000000 0.060800 0.000000 0.000000
MuntiacusC 0.060800 0.280200 0.060800 0.063800 0.060800 0.060800 0.120100 0.186700 0.060800 0.059200 0.121200 0.061600 0.060800 1.033700 1.033700 0.060800 0.000000 0.000000 0.060800 0.060800 0.060800 0.125800 0.750200 0.000000 0.121200 0.060800 0.061700 0.060800 0.060800 0.060800 0.057700 0.120100 0.000000 0.060800 0.060800 0.116000 0.121200 0.123200 0.121700 0.000000 0.000000 0.060800 0.000000 0.115400 0.120600 0.119200 0.121700 0.120400 0.060800 0.000000 0.060800 0.060800
WhiteTaile 0.178700 0.408800 0.178700 0.186400 0.178700 0.178700 0.234800 0.307700 0.178700 0.050400 0.236600 0.178700 0.178700 0.947600 0.947600 0.178700 0.115400 0.115400 0.178700 0.178700 0.178700 0.248300 0.711900 0.115400 0.236600 0.178700 0.178700 0.178700 0.178700 0.178700 0.169500 0.234800 0.115400 0.178700 0.178700 0.229600 0.236600 0.241800 0.240100 0.116000 0.115400 0.178700 0.115400 0.000000 0.238400 0.235500 0.240100 0.238000 0.178700 0.115400 0.178700 0.178700
Cattle 0.057500 0.440500 0.057500 0.196500 0.057500 0.057500 0.113000 0.176600 0.057500 0.181900 0.114100 0.057500 0.057500 1.943100 1.943100 0.057500 0.120600 0.120600 0.057500 0.057500 0.057500 0.119500 1.202000 0.120600 0.114100 0.057500 0.057800 0.057500 0.057900 0.057500 0.177300 0.113000 0.120600 0.057500 0.057500 0.054100 0.114100 0.116400 0.115500 0.120600 0.120600 0.057500 0.120600 0.238400 0.000000 0.113300 0.115500 0.114100 0.057500 0.120600 0.057500 0.057500
RoyalAntel 0.056900 0.429800 0.056900 0.193700 0.058500 0.056900 0.111900 0.174700 0.056900 0.179700 0.113900 0.056900 0.056900 1.540500 1.540500 0.056900 0.119200 0.119200 0.056900 0.056900 0.056900 0.118400 1.082900 0.119200 0.113000 0.056900 0.056900 0.056900 0.056900 0.058500 0.175200 0.111900 0.119200 0.056900 0.058500 0.172700 0.113000 0.115200 0.114400 0.119200 0.119200 0.056900 0.119200 0.235500 0.113300 0.000000 0.114400 0.113100 0.056900 0.119200 0.056900 0.058400
Steenbok 0.058100 0.439700 0.058100 0.197900 0.058100 0.058100 0.114300 0.051900 0.058100 0.183500 0.115300 0.058100 0.058100 1.587100 1.587100 0.058100 0.121700 0.121700 0.058100 0.058100 0.058100 0.120800 1.117700 0.121700 0.115300 0.058100 0.058100 0.058100 0.058100 0.058100 0.178600 0.114300 0.121700 0.058100 0.058100 0.176100 0.115300 0.117600 0.000000 0.121700 0.121700 0.058100 0.121700 0.240100 0.115500 0.114400 0.000000 0.115300 0.058100 0.121700 0.058100 0.058100
Impala 0.057400 0.439100 0.057400 0.196100 0.057400 0.057400 0.112800 0.176300 0.057400 0.181600 0.113900 0.057400 0.057400 1.865100 1.865100 0.057400 0.120400 0.120400 0.057400 0.057400 0.057400 0.119300 1.185200 0.120400 0.113900 0.057400 0.057400 0.057400 0.057400 0.057400 0.176900 0.112800 0.120400 0.057400 0.057400 0.174200 0.113900 0.116200 0.115300 0.120400 0.120400 0.058300 0.120400 0.238000 0.114100 0.113100 0.115300 0.000000 0.058000 0.120000 0.057400 0.057400
Klipspring 0.000000 0.363600 0.000000 0.131500 0.000000 0.000000 0.058500 0.118100 0.000000 0.121400 0.057600 0.000000 0.000000 1.391400 1.391400 0.000000 0.060800 0.060800 0.000000 0.000000 0.000000 0.060100 0.963700 0.060800 0.057600 0.000000 0.000000 0.000000 0.000000 0.000000 0.118600 0.057100 0.060800 0.000000 0.000000 0.115800 0.057600 0.058600 0.058100 0.060800 0.060800 0.000000 0.060800 0.178700 0.057500 0.056900 0.058100 0.058000 0.000000 0.061500 0.000000 0.000000
ForestMusk 0.060800 0.280200 0.060800 0.063800 0.061500 0.060800 0.120100 0.186700 0.060800 0.059200 0.121200 0.060800 0.060800 1.033800 1.033800 0.060800 0.000000 0.000000 0.060800 0.062000 0.060800 0.125800 0.750200 0.000000 0.121200 0.060800 0.060800 0.060800 0.060800 0.060800 0.058700 0.120100 0.000000 0.061500 0.060800 0.116000 0.121200 0.123200 0.121700 0.000000 0.000000 0.060800 0.000000 0.115400 0.120600 0.119200 0.121700 0.120000 0.061500 0.000000 0.060800 0.060800
Bushbuck 0.000000 0.363600 0.000000 0.131500 0.000000 0.000000 0.057100 0.118100 0.000000 0.121800 0.057600 0.000000 0.000000 1.391400 1.391400 0.000000 0.060800 0.060800 0.000000 0.000000 0.000000 0.060100 0.963700 0.060800 0.057600 0.000000 0.000000 0.000000 0.000000 0.000000 0.118600 0.057100 0.060800 0.000000 0.000000 0.116500 0.057600 0.058600 0.058100 0.060800 0.060800 0.000000 0.060800 0.178700 0.057500 0.056900 0.058100 0.057400 0.000000 0.060800 0.000000 0.000000
GreaterKud 0.000000 0.363600 0.000000 0.131500 0.000000 0.000000 0.057100 0.118100 0.000000 0.121800 0.057600 0.000000 0.000000 1.391400 1.391400 0.000000 0.060800 0.060800 0.000000 0.000000 0.000000 0.060100 0.963700 0.060800 0.057600 0.000000 0.000000 0.000000 0.000000 0.000000 0.118600 0.057100 0.060800 0.000000 0.000000 0.116500 0.058800 0.058600 0.058100 0.060800 0.060800 0.000000 0.060800 0.178700 0.057500 0.058400 0.058100 0.057400 0.000000 0.060800 0.000000 0.000000
