1
52 1
Argali 0.000000 0.191500 0.111100 0.181900 0.106500 0.012700 0.093100 0.095400 0.110700 0.126100 0.012700 0.081000 0.052700 0.065300 0.120400 0.066300 0.065000 0.079500 0.052400 0.125800 0.080600 0.038700 0.152500 0.150800 0.039400 0.079600 0.052700 0.124800 0.079900 0.125800 0.126100 0.079300 0.108200 0.066600 0.052500 0.081300 0.012600 0.065700 0.065800 0.122400 0.152500 0.078900 0.141700 0.165100 0.081300 0.094100 0.052500 0.052500 0.110700 0.080000 0.110700 0.110700
LesserMous 0.191500 0.000000 0.167500 0.191700 0.132200 0.206300 0.147500 0.181200 0.166900 0.183500 0.204200 0.135700 0.165100 0.147300 0.206000 0.149300 0.146700 0.133600 0.164000 0.182800 0.165400 0.177500 0.209900 0.176700 0.212000 0.162900 0.165100 0.181200 0.163600 0.182800 0.183500 0.133200 0.163300 0.150500 0.164400 0.136100 0.206000 0.119300 0.148200 0.178300 0.209900 0.161700 0.200100 0.190900 0.136100 0.163700 0.134100 0.134100 0.199000 0.134100 0.166900 0.166900
LesserKudu 0.111100 0.167500 0.000000 0.156700 0.081300 0.125700 0.067700 0.069700 0.000000 0.100100 0.122900 0.027000 0.083500 0.067600 0.124500 0.068700 0.067300 0.054000 0.083100 0.013400 0.083600 0.126200 0.127100 0.125900 0.112900 0.082400 0.083500 0.013300 0.082800 0.013400 0.100100 0.053900 0.082700 0.069300 0.083200 0.027200 0.124800 0.068000 0.068100 0.097000 0.127100 0.081700 0.115700 0.140300 0.027200 0.082900 0.054300 0.054300 0.115000 0.054400 0.000000 0.000000
KillerWhal 0.181900 0.191700 0.156700 0.000000 0.121200 0.196800 0.136600 0.171700 0.156100 0.142000 0.194500 0.124800 0.154200 0.136400 0.195100 0.138500 0.135700 0.122600 0.153400 0.172000 0.139300 0.197900 0.168500 0.166400 0.201600 0.152200 0.154200 0.170500 0.152900 0.172000 0.142000 0.122300 0.123100 0.139700 0.153700 0.125200 0.195400 0.108100 0.137300 0.137800 0.168500 0.150800 0.158200 0.180900 0.125200 0.153200 0.123100 0.123100 0.172400 0.123100 0.156100 0.156100
DefassaWat 0.106500 0.132200 0.081300 0.121200 0.000000 0.120400 0.065000 0.067000 0.081000 0.095700 0.118600 0.052700 0.079600 0.064600 0.119300 0.065600 0.064600 0.051800 0.079200 0.095400 0.079800 0.120900 0.121700 0.120100 0.122600 0.078900 0.079600 0.094600 0.079000 0.095400 0.095700 0.047500 0.079200 0.066100 0.079400 0.052700 0.119100 0.038600 0.065300 0.092600 0.121700 0.078000 0.110700 0.133900 0.052700 0.052200 0.051900 0.051900 0.109600 0.051900 0.081000 0.081000
Sheep 0.012700 0.206300 0.125700 0.196800 0.120400 0.000000 0.106900 0.110000 0.125200 0.140800 0.000100 0.094900 0.066200 0.078800 0.105700 0.079900 0.078400 0.093200 0.065800 0.140600 0.094500 0.051800 0.167300 0.165300 0.026000 0.093300 0.066200 0.139500 0.093700 0.140600 0.140800 0.093000 0.093300 0.080400 0.066000 0.095200 0.000100 0.079200 0.079400 0.136700 0.167300 0.092500 0.156600 0.179700 0.095200 0.108100 0.065900 0.065900 0.125200 0.093800 0.125200 0.125200
MaxwellsDu 0.093100 0.147500 0.067700 0.136600 0.065000 0.106900 0.000000 0.081500 0.067500 0.082100 0.104500 0.039500 0.066600 0.025600 0.106100 0.052700 0.051700 0.038800 0.039200 0.081700 0.066700 0.107400 0.108200 0.107200 0.109400 0.065800 0.066600 0.081100 0.066100 0.081700 0.082100 0.012700 0.066100 0.053000 0.066400 0.039700 0.106200 0.052100 0.052200 0.079700 0.108200 0.065200 0.096900 0.121000 0.039700 0.066200 0.039100 0.039100 0.096200 0.039100 0.067500 0.067500
GazellaPrz 0.095400 0.181200 0.069700 0.171700 0.067000 0.110000 0.081500 0.000000 0.069400 0.114800 0.109800 0.040700 0.068600 0.053300 0.109000 0.026700 0.053100 0.067700 0.097100 0.084100 0.040600 0.110500 0.141700 0.140000 0.097200 0.040000 0.068600 0.083400 0.040200 0.084100 0.114800 0.067600 0.096700 0.083400 0.068300 0.040800 0.109200 0.053600 0.053700 0.111200 0.141700 0.067100 0.130700 0.154600 0.040800 0.054200 0.040200 0.040200 0.099200 0.068100 0.069400 0.069400
MountainNy 0.110700 0.166900 0.000000 0.156100 0.081000 0.125200 0.067500 0.069400 0.000000 0.099700 0.122900 0.026900 0.083200 0.067400 0.124000 0.068400 0.067000 0.053800 0.082700 0.013300 0.083300 0.125800 0.126600 0.125400 0.112400 0.082000 0.083200 0.012600 0.082500 0.013300 0.099700 0.053700 0.082300 0.069000 0.082900 0.027000 0.124300 0.067700 0.067900 0.096600 0.126600 0.081400 0.115300 0.139800 0.027000 0.082500 0.054100 0.054100 0.114500 0.054100 0.000000 0.000000
MuntiacusM 0.126100 0.183500 0.100100 0.142000 0.095700 0.140800 0.082100 0.114800 0.099700 0.000000 0.138500 0.069500 0.098300 0.081900 0.139500 0.083200 0.081600 0.068200 0.097800 0.115000 0.098600 0.141600 0.053300 0.053100 0.144300 0.097000 0.098300 0.114000 0.097500 0.115000 0.000000 0.068000 0.068600 0.083900 0.098000 0.069800 0.139800 0.082300 0.082500 0.026300 0.053300 0.096100 0.013300 0.066600 0.069800 0.097600 0.068500 0.068500 0.130800 0.068500 0.099700 0.099700
goat 0.012700 0.204200 0.122900 0.194500 0.118600 0.000100 0.104500 0.109800 0.122900 0.138500 0.000000 0.093400 0.066100 0.078600 0.105500 0.079800 0.078000 0.090000 0.063400 0.138300 0.094400 0.051700 0.165300 0.164200 0.025900 0.093100 0.066100 0.137300 0.093500 0.138300 0.138500 0.091000 0.090000 0.078200 0.065800 0.093200 0.000100 0.079000 0.079200 0.135000 0.165300 0.092400 0.154400 0.178600 0.093200 0.104800 0.065800 0.065800 0.125000 0.091800 0.122900 0.122900
AfricanBuf 0.081000 0.135700 0.027000 0.124800 0.052700 0.094900 0.039500 0.040700 0.026900 0.069500 0.093400 0.000000 0.054100 0.039500 0.094000 0.040100 0.039300 0.026300 0.053800 0.040800 0.054200 0.095400 0.096000 0.095200 0.082100 0.053400 0.054100 0.040400 0.053700 0.040800 0.069500 0.026200 0.053600 0.040400 0.053900 0.000000 0.094200 0.039700 0.039700 0.067400 0.096000 0.052900 0.084400 0.109100 0.000000 0.053700 0.026400 0.026400 0.083800 0.026400 0.026900 0.026900
Topi 0.052700 0.165100 0.083500 0.154200 0.079600 0.066200 0.066600 0.068600 0.083200 0.098300 0.066100 0.054100 0.000000 0.039100 0.093600 0.039700 0.039000 0.053100 0.053100 0.098000 0.053600 0.066400 0.125000 0.123300 0.067500 0.053100 0.000000 0.097200 0.053100 0.098000 0.098300 0.052800 0.081300 0.012800 0.026200 0.054100 0.065500 0.039400 0.039500 0.095000 0.125000 0.052400 0.113700 0.137500 0.054100 0.067300 0.026200 0.026200 0.082900 0.053200 0.083200 0.083200
CommonDuik 0.065300 0.147300 0.067600 0.136400 0.064600 0.078800 0.025600 0.053300 0.067400 0.081900 0.078600 0.039500 0.039100 0.000000 0.078100 0.025800 0.025400 0.038800 0.065900 0.081600 0.039200 0.079100 0.108000 0.106600 0.080200 0.038800 0.039100 0.081000 0.038800 0.081600 0.081900 0.012700 0.065900 0.052800 0.039000 0.039500 0.077900 0.025600 0.025700 0.078600 0.108000 0.035200 0.096700 0.120300 0.039500 0.052500 0.012800 0.012200 0.067200 0.038900 0.067400 0.067400
Suni 0.120400 0.206000 0.124500 0.195100 0.119300 0.105700 0.106100 0.109000 0.124000 0.139500 0.105500 0.094000 0.093600 0.078100 0.000000 0.079200 0.077700 0.092400 0.121800 0.139300 0.093700 0.135000 0.165900 0.164300 0.108000 0.092400 0.093600 0.138200 0.092800 0.139300 0.139500 0.092200 0.092600 0.108300 0.093300 0.094400 0.105000 0.078500 0.078700 0.135500 0.165900 0.091800 0.125100 0.178500 0.094400 0.107200 0.065300 0.065300 0.124100 0.093000 0.124000 0.124000
Springbuck 0.066300 0.149300 0.068700 0.138500 0.065600 0.079900 0.052700 0.026700 0.068400 0.083200 0.079800 0.040100 0.039700 0.025800 0.079200 0.000000 0.025700 0.039400 0.066900 0.082900 0.013100 0.080200 0.109700 0.108200 0.081400 0.012900 0.039700 0.082200 0.013000 0.082900 0.083200 0.039200 0.066900 0.053600 0.039600 0.040100 0.079000 0.026000 0.026000 0.080500 0.109700 0.038900 0.098300 0.122100 0.040100 0.053300 0.012900 0.012900 0.068300 0.039400 0.068400 0.068400
Okapi 0.065000 0.146700 0.067300 0.135700 0.064600 0.078400 0.051700 0.053100 0.067000 0.081600 0.078000 0.039300 0.039000 0.025400 0.077700 0.025700 0.000000 0.038600 0.065800 0.081200 0.039100 0.078700 0.107500 0.106500 0.080100 0.038500 0.039000 0.080600 0.038700 0.081200 0.081600 0.038500 0.065600 0.052700 0.038900 0.039400 0.077800 0.025500 0.025500 0.079200 0.107500 0.038300 0.096300 0.120200 0.039400 0.052300 0.012700 0.012700 0.067100 0.038800 0.067000 0.067000
Giraffe 0.079500 0.133600 0.054000 0.122600 0.051800 0.093200 0.038800 0.067700 0.053800 0.068200 0.090000 0.026300 0.053100 0.038800 0.092400 0.039400 0.038600 0.000000 0.052800 0.067800 0.053200 0.093500 0.094300 0.093500 0.095300 0.052400 0.053100 0.067300 0.052700 0.067800 0.068200 0.025800 0.052700 0.039700 0.052900 0.026400 0.092600 0.039000 0.039000 0.066200 0.094300 0.052000 0.082800 0.107100 0.026400 0.052800 0.026000 0.026000 0.082200 0.026000 0.053800 0.053800
TibetanAnt 0.052400 0.164000 0.083100 0.153400 0.079200 0.065800 0.039200 0.097100 0.082700 0.097800 0.063400 0.053800 0.053100 0.065900 0.121800 0.066900 0.065800 0.052800 0.000000 0.097400 0.081400 0.066100 0.124300 0.122600 0.067100 0.080600 0.053100 0.096700 0.080600 0.097400 0.097800 0.052500 0.080800 0.039700 0.053000 0.053800 0.065100 0.066500 0.066600 0.094500 0.124300 0.079600 0.113100 0.136700 0.053800 0.081000 0.052900 0.052900 0.111900 0.052900 0.082700 0.082700
Sitatunga 0.125800 0.182800 0.013400 0.172000 0.095400 0.140600 0.081700 0.084100 0.013300 0.115000 0.138300 0.040800 0.098000 0.081600 0.139300 0.082900 0.081200 0.067800 0.097400 0.000000 0.098100 0.141200 0.142100 0.140700 0.127800 0.096600 0.098000 0.026700 0.097100 0.000000 0.115000 0.067700 0.097000 0.083600 0.097600 0.040900 0.139600 0.082000 0.082200 0.111500 0.142100 0.095900 0.130900 0.155300 0.040900 0.097200 0.068300 0.068300 0.130200 0.068300 0.013300 0.013300
Oribi 0.080600 0.165400 0.083600 0.139300 0.079800 0.094500 0.066700 0.040600 0.083300 0.098600 0.094400 0.054200 0.053600 0.039200 0.093700 0.013100 0.039100 0.053200 0.081400 0.098100 0.000000 0.094900 0.125200 0.123500 0.096300 0.026200 0.053600 0.097300 0.026300 0.098100 0.098600 0.052900 0.081400 0.067900 0.053500 0.054200 0.093500 0.039500 0.039600 0.095200 0.125200 0.052500 0.114100 0.137700 0.054200 0.067500 0.026200 0.026200 0.054000 0.053300 0.083300 0.083300
BarbaryShe 0.038700 0.177500 0.126200 0.197900 0.120900 0.051800 0.107400 0.110500 0.125800 0.141600 0.051700 0.095400 0.066400 0.079100 0.135000 0.080200 0.078700 0.093500 0.066100 0.141200 0.094900 0.000000 0.168200 0.136600 0.053000 0.093700 0.066400 0.140100 0.094000 0.141200 0.141600 0.093400 0.122900 0.080700 0.066200 0.095700 0.051500 0.079500 0.079600 0.137400 0.168200 0.092800 0.157600 0.150800 0.095700 0.108600 0.066100 0.066100 0.125800 0.094200 0.125800 0.125800
Daviddeer 0.152500 0.209900 0.127100 0.168500 0.121700 0.167300 0.108200 0.141700 0.126600 0.053300 0.165300 0.096000 0.125000 0.108000 0.165900 0.109700 0.107500 0.094300 0.124300 0.142100 0.125200 0.168200 0.000000 0.078800 0.171400 0.123300 0.125000 0.140900 0.094700 0.142100 0.053300 0.094100 0.094800 0.110600 0.124500 0.096400 0.166100 0.108500 0.108800 0.052100 0.000000 0.122300 0.067400 0.092200 0.096400 0.124100 0.094800 0.094800 0.157900 0.094800 0.126600 0.126600
Reindeer 0.150800 0.176700 0.125900 0.166400 0.120100 0.165300 0.107200 0.140000 0.125400 0.053100 0.164200 0.095200 0.123300 0.106600 0.164300 0.108200 0.106500 0.093500 0.122600 0.140700 0.123500 0.136600 0.078800 0.000000 0.169000 0.122200 0.123300 0.139600 0.122300 0.140700 0.053100 0.092900 0.094000 0.109100 0.122000 0.095200 0.163900 0.107600 0.107800 0.051400 0.078800 0.120700 0.067100 0.012000 0.095200 0.122900 0.093600 0.093600 0.155700 0.093600 0.125400 0.125400
Ibex 0.039400 0.212000 0.112900 0.201600 0.122600 0.026000 0.109400 0.097200 0.112400 0.144300 0.025900 0.082100 0.067500 0.080200 0.108000 0.081400 0.080100 0.095300 0.067100 0.127800 0.096300 0.053000 0.171400 0.169000 0.000000 0.095400 0.067500 0.126800 0.095400 0.127800 0.144300 0.094700 0.095500 0.081900 0.067200 0.082100 0.025700 0.080900 0.081200 0.139400 0.171400 0.094200 0.160700 0.183800 0.082100 0.110600 0.067100 0.067100 0.127700 0.095600 0.112400 0.112400
GyrantGaze 0.079600 0.162900 0.082400 0.152200 0.078900 0.093300 0.065800 0.040000 0.082000 0.097000 0.093100 0.053400 0.053100 0.038800 0.092400 0.012900 0.038500 0.052400 0.080600 0.096600 0.026200 0.093700 0.123300 0.122200 0.095400 0.000000 0.053100 0.095900 0.026000 0.096600 0.097000 0.052300 0.080200 0.067200 0.052900 0.053600 0.092600 0.039000 0.012800 0.094100 0.123300 0.025500 0.112200 0.136200 0.053600 0.066500 0.025900 0.025900 0.082100 0.025900 0.082000 0.082000
Hartebeest 0.052700 0.165100 0.083500 0.154200 0.079600 0.066200 0.066600 0.068600 0.083200 0.098300 0.066100 0.054100 0.000000 0.039100 0.093600 0.039700 0.039000 0.053100 0.053100 0.098000 0.053600 0.066400 0.125000 0.123300 0.067500 0.053100 0.000000 0.097200 0.053100 0.098000 0.098300 0.052800 0.081300 0.012800 0.026200 0.054100 0.065500 0.039400 0.039500 0.095000 0.125000 0.052400 0.113700 0.137500 0.054100 0.067300 0.026200 0.026200 0.082900 0.053200 0.083200 0.083200
Bongo 0.124800 0.181200 0.013300 0.170500 0.094600 0.139500 0.081100 0.083400 0.012600 0.114000 0.137300 0.040400 0.097200 0.081000 0.138200 0.082200 0.080600 0.067300 0.096700 0.026700 0.097300 0.140100 0.140900 0.139600 0.126800 0.095900 0.097200 0.000000 0.096400 0.026700 0.114000 0.067200 0.096200 0.082900 0.096900 0.040600 0.138500 0.081400 0.081600 0.110600 0.140900 0.095100 0.129800 0.154000 0.040600 0.096400 0.067800 0.067800 0.129000 0.067800 0.013200 0.013200
Gerenuk 0.079900 0.163600 0.082800 0.152900 0.079000 0.093700 0.066100 0.040200 0.082500 0.097500 0.093500 0.053700 0.053100 0.038800 0.092800 0.013000 0.038700 0.052700 0.080600 0.097100 0.026300 0.094000 0.094700 0.122300 0.095400 0.026000 0.053100 0.096400 0.000000 0.097100 0.097500 0.052400 0.080600 0.067200 0.052900 0.053700 0.092600 0.039100 0.039200 0.094200 0.094700 0.052000 0.112800 0.136300 0.053700 0.066800 0.026000 0.026000 0.082200 0.052800 0.082500 0.082500
CommonElan 0.125800 0.182800 0.013400 0.172000 0.095400 0.140600 0.081700 0.084100 0.013300 0.115000 0.138300 0.040800 0.098000 0.081600 0.139300 0.082900 0.081200 0.067800 0.097400 0.000000 0.098100 0.141200 0.142100 0.140700 0.127800 0.096600 0.098000 0.026700 0.097100 0.000000 0.115000 0.067700 0.097000 0.083600 0.097600 0.040900 0.139600 0.082000 0.082200 0.111500 0.142100 0.095900 0.130900 0.155300 0.040900 0.097200 0.068300 0.068300 0.130200 0.068300 0.012700 0.013300
MuntiacusR 0.126100 0.183500 0.100100 0.142000 0.095700 0.140800 0.082100 0.114800 0.099700 0.000000 0.138500 0.069500 0.098300 0.081900 0.139500 0.083200 0.081600 0.068200 0.097800 0.115000 0.098600 0.141600 0.053300 0.053100 0.144300 0.097000 0.098300 0.114000 0.097500 0.115000 0.000000 0.068000 0.068600 0.083900 0.098000 0.069800 0.139800 0.082300 0.082500 0.026300 0.053300 0.096100 0.013300 0.066600 0.069800 0.097600 0.068500 0.068500 0.130800 0.068500 0.099700 0.099700
HarveysDui 0.079300 0.133200 0.053900 0.122300 0.047500 0.093000 0.012700 0.067600 0.053700 0.068000 0.091000 0.026200 0.052800 0.012700 0.092200 0.039200 0.038500 0.025800 0.052500 0.067700 0.052900 0.093400 0.094100 0.092900 0.094700 0.052300 0.052800 0.067200 0.052400 0.067700 0.068000 0.000000 0.052500 0.039400 0.052600 0.026200 0.092000 0.038900 0.039000 0.065800 0.094100 0.051700 0.082600 0.106500 0.026200 0.052700 0.025800 0.025800 0.081700 0.025800 0.053700 0.053700
Pronghorn 0.108200 0.163300 0.082700 0.123100 0.079200 0.093300 0.066100 0.096700 0.082300 0.068600 0.090000 0.053600 0.081300 0.065900 0.092600 0.066900 0.065600 0.052700 0.080800 0.097000 0.081400 0.122900 0.094800 0.094000 0.095500 0.080200 0.081300 0.096200 0.080600 0.097000 0.068600 0.052500 0.000000 0.067500 0.081000 0.053800 0.092800 0.066200 0.066400 0.066500 0.094800 0.079600 0.083200 0.107700 0.053800 0.080700 0.052900 0.052900 0.111900 0.052900 0.082300 0.082300
BlueWildeb 0.066600 0.150500 0.069300 0.139700 0.066100 0.080400 0.053000 0.083400 0.069000 0.083900 0.078200 0.040400 0.012800 0.052800 0.108300 0.053600 0.052700 0.039700 0.039700 0.083600 0.067900 0.080700 0.110600 0.109100 0.081900 0.067200 0.012800 0.082900 0.067200 0.083600 0.083900 0.039400 0.067500 0.000000 0.039800 0.040400 0.079500 0.053200 0.053300 0.081100 0.110600 0.066400 0.099100 0.123200 0.040400 0.067600 0.039700 0.039700 0.098000 0.039700 0.069000 0.069000
Gemsbok 0.052500 0.164400 0.083200 0.153700 0.079400 0.066000 0.066400 0.068300 0.082900 0.098000 0.065800 0.053900 0.026200 0.039000 0.093300 0.039600 0.038900 0.052900 0.053000 0.097600 0.053500 0.066200 0.124500 0.122000 0.067200 0.052900 0.026200 0.096900 0.052900 0.097600 0.098000 0.052600 0.081000 0.039800 0.000000 0.053900 0.059900 0.039300 0.039400 0.094700 0.124500 0.052300 0.113300 0.136900 0.053900 0.067100 0.026100 0.026100 0.082600 0.053000 0.082900 0.082900
Yak 0.081300 0.136100 0.027200 0.125200 0.052700 0.095200 0.039700 0.040800 0.027000 0.069800 0.093200 0.000000 0.054100 0.039500 0.094400 0.040100 0.039400 0.026400 0.053800 0.040900 0.054200 0.095700 0.096400 0.095200 0.082100 0.053600 0.054100 0.040600 0.053700 0.040900 0.069800 0.026200 0.053800 0.040400 0.053900 0.000000 0.094200 0.039800 0.039900 0.067400 0.096400 0.052900 0.084700 0.109100 0.000000 0.053900 0.026400 0.026400 0.083800 0.026400 0.027000 0.027000
BlueSheep 0.012600 0.206000 0.124800 0.195400 0.119100 0.000100 0.106200 0.109200 0.124300 0.139800 0.000100 0.094200 0.065500 0.077900 0.105000 0.079000 0.077800 0.092600 0.065100 0.139600 0.093500 0.051500 0.166100 0.163900 0.025700 0.092600 0.065500 0.138500 0.092600 0.139600 0.139800 0.092000 0.092800 0.079500 0.059900 0.094200 0.000000 0.078600 0.078800 0.135200 0.166100 0.091500 0.155500 0.178100 0.094200 0.107300 0.059600 0.065200 0.123800 0.092800 0.124300 0.124300
BohorReedb 0.065700 0.119300 0.068000 0.108100 0.038600 0.079200 0.052100 0.053600 0.067700 0.082300 0.079000 0.039700 0.039400 0.025600 0.078500 0.026000 0.025500 0.039000 0.066500 0.082000 0.039500 0.079500 0.108500 0.107600 0.080900 0.039000 0.039400 0.081400 0.039100 0.082000 0.082300 0.038900 0.066200 0.053200 0.039300 0.039800 0.078600 0.000000 0.025800 0.079900 0.108500 0.038600 0.097200 0.121400 0.039800 0.052700 0.012900 0.012900 0.067800 0.039200 0.067700 0.067700
KirksDik 0.065800 0.148200 0.068100 0.137300 0.065300 0.079400 0.052200 0.053700 0.067900 0.082500 0.079200 0.039700 0.039500 0.025700 0.078700 0.026000 0.025500 0.039000 0.066600 0.082200 0.039600 0.079600 0.108800 0.107800 0.081200 0.012800 0.039500 0.081600 0.039200 0.082200 0.082500 0.039000 0.066400 0.053300 0.039400 0.039900 0.078800 0.025800 0.000000 0.080100 0.108800 0.012700 0.097400 0.121600 0.039900 0.052800 0.012900 0.012900 0.067900 0.012900 0.067900 0.067900
RoeDeer 0.122400 0.178300 0.097000 0.137800 0.092600 0.136700 0.079700 0.111200 0.096600 0.026300 0.135000 0.067400 0.095000 0.078600 0.135500 0.080500 0.079200 0.066200 0.094500 0.111500 0.095200 0.137400 0.052100 0.051400 0.139400 0.094100 0.095000 0.110600 0.094200 0.111500 0.026300 0.065800 0.066500 0.081100 0.094700 0.067400 0.135200 0.079900 0.080100 0.000000 0.052100 0.093000 0.039900 0.064500 0.067400 0.094800 0.066300 0.066300 0.126200 0.066300 0.096600 0.096600
WhiteLippe 0.152500 0.209900 0.127100 0.168500 0.121700 0.167300 0.108200 0.141700 0.126600 0.053300 0.165300 0.096000 0.125000 0.108000 0.165900 0.109700 0.107500 0.094300 0.124300 0.142100 0.125200 0.168200 0.000000 0.078800 0.171400 0.123300 0.125000 0.140900 0.094700 0.142100 0.053300 0.094100 0.094800 0.110600 0.124500 0.096400 0.166100 0.108500 0.108800 0.052100 0.000000 0.122300 0.067400 0.092200 0.096400 0.124100 0.094800 0.094800 0.157900 0.094800 0.126600 0.126600
ThomsonGaz 0.078900 0.161700 0.081700 0.150800 0.078000 0.092500 0.065200 0.067100 0.081400 0.096100 0.092400 0.052900 0.052400 0.035200 0.091800 0.038900 0.038300 0.052000 0.079600 0.095900 0.052500 0.092800 0.122300 0.120700 0.094200 0.025500 0.052400 0.095100 0.052000 0.095900 0.096100 0.051700 0.079600 0.066400 0.052300 0.052900 0.091500 0.038600 0.012700 0.093000 0.122300 0.000000 0.111100 0.133500 0.052900 0.065900 0.025600 0.025600 0.081100 0.025600 0.081400 0.081400
MuntiacusC 0.141700 0.200100 0.115700 0.158200 0.110700 0.156600 0.096900 0.130700 0.115300 0.013300 0.154400 0.084400 0.113700 0.096700 0.125100 0.098300 0.096300 0.082800 0.113100 0.130900 0.114100 0.157600 0.067400 0.067100 0.160700 0.112200 0.113700 0.129800 0.112800 0.130900 0.013300 0.082600 0.083200 0.099100 0.113300 0.084700 0.155500 0.097200 0.097400 0.039900 0.067400 0.111100 0.000000 0.080800 0.084700 0.113000 0.083200 0.083200 0.147200 0.083200 0.115300 0.115300
WhiteTaile 0.165100 0.190900 0.140300 0.180900 0.133900 0.179700 0.121000 0.154600 0.139800 0.066600 0.178600 0.109100 0.137500 0.120300 0.178500 0.122100 0.120200 0.107100 0.136700 0.155300 0.137700 0.150800 0.092200 0.012000 0.183800 0.136200 0.137500 0.154000 0.136300 0.155300 0.066600 0.106500 0.107700 0.123200 0.136900 0.109100 0.178100 0.121400 0.121600 0.064500 0.092200 0.133500 0.080800 0.000000 0.109100 0.137000 0.107300 0.107300 0.170500 0.107300 0.139800 0.139800
Cattle 0.081300 0.136100 0.027200 0.125200 0.052700 0.095200 0.039700 0.040800 0.027000 0.069800 0.093200 0.000000 0.054100 0.039500 0.094400 0.040100 0.039400 0.026400 0.053800 0.040900 0.054200 0.095700 0.096400 0.095200 0.082100 0.053600 0.054100 0.040600 0.053700 0.040900 0.069800 0.026200 0.053800 0.040400 0.053900 0.000000 0.094200 0.039800 0.039900 0.067400 0.096400 0.052900 0.084700 0.109100 0.000000 0.053900 0.026400 0.026400 0.083800 0.026400 0.027000 0.027000
RoyalAntel 0.094100 0.163700 0.082900 0.153200 0.052200 0.108100 0.066200 0.054200 0.082500 0.097600 0.104800 0.053700 0.067300 0.052500 0.107200 0.053300 0.052300 0.052800 0.081000 0.097200 0.067500 0.108600 0.124100 0.122900 0.110600 0.066500 0.067300 0.096400 0.066800 0.097200 0.097600 0.052700 0.080700 0.067600 0.067100 0.053900 0.107300 0.052700 0.052800 0.094800 0.124100 0.065900 0.113000 0.137000 0.053900 0.000000 0.039500 0.039500 0.097400 0.053100 0.082500 0.082500
Steenbok 0.052500 0.134100 0.054300 0.123100 0.051900 0.065900 0.039100 0.040200 0.054100 0.068500 0.065800 0.026400 0.026200 0.012800 0.065300 0.012900 0.012700 0.026000 0.052900 0.068300 0.026200 0.066100 0.094800 0.093600 0.067100 0.025900 0.026200 0.067800 0.026000 0.068300 0.068500 0.025800 0.052900 0.039700 0.026100 0.026400 0.059600 0.012900 0.012900 0.066300 0.094800 0.025600 0.083200 0.107300 0.026400 0.039500 0.000000 0.000000 0.054000 0.026000 0.054100 0.054100
Impala 0.052500 0.134100 0.054300 0.123100 0.051900 0.065900 0.039100 0.040200 0.054100 0.068500 0.065800 0.026400 0.026200 0.012200 0.065300 0.012900 0.012700 0.026000 0.052900 0.068300 0.026200 0.066100 0.094800 0.093600 0.067100 0.025900 0.026200 0.067800 0.026000 0.068300 0.068500 0.025800 0.052900 0.039700 0.026100 0.026400 0.065200 0.012900 0.012900 0.066300 0.094800 0.025600 0.083200 0.107300 0.026400 0.039500 0.000000 0.000000 0.054000 0.026000 0.054100 0.054100
Klipspring 0.110700 0.199000 0.115000 0.172400 0.109600 0.125200 0.096200 0.099200 0.114500 0.130800 0.125000 0.083800 0.082900 0.067200 0.124100 0.068300 0.067100 0.082200 0.111900 0.130200 0.054000 0.125800 0.157900 0.155700 0.127700 0.082100 0.082900 0.129000 0.082200 0.130200 0.130800 0.081700 0.111900 0.098000 0.082600 0.083800 0.123800 0.067800 0.067900 0.126200 0.157900 0.081100 0.147200 0.170500 0.083800 0.097400 0.054000 0.054000 0.000000 0.082300 0.114500 0.114500
ForestMusk 0.080000 0.134100 0.054400 0.123100 0.051900 0.093800 0.039100 0.068100 0.054100 0.068500 0.091800 0.026400 0.053200 0.038900 0.093000 0.039400 0.038800 0.026000 0.052900 0.068300 0.053300 0.094200 0.094800 0.093600 0.095600 0.025900 0.053200 0.067800 0.052800 0.068300 0.068500 0.025800 0.052900 0.039700 0.053000 0.026400 0.092800 0.039200 0.012900 0.066300 0.094800 0.025600 0.083200 0.107300 0.026400 0.053100 0.026000 0.026000 0.082300 0.000000 0.054100 0.054100
Bushbuck 0.110700 0.166900 0.000000 0.156100 0.081000 0.125200 0.067500 0.069400 0.000000 0.099700 0.122900 0.026900 0.083200 0.067400 0.124000 0.068400 0.067000 0.053800 0.082700 0.013300 0.083300 0.125800 0.126600 0.125400 0.112400 0.082000 0.083200 0.013200 0.082500 0.012700 0.099700 0.053700 0.082300 0.069000 0.082900 0.027000 0.124300 0.067700 0.067900 0.096600 0.126600 0.081400 0.115300 0.139800 0.027000 0.082500 0.054100 0.054100 0.114500 0.054100 0.000000 0.000000
GreaterKud 0.110700 0.166900 0.000000 0.156100 0.081000 0.125200 0.067500 0.069400 0.000000 0.099700 0.122900 0.026900 0.083200 0.067400 0.124000 0.068400 0.067000 0.053800 0.082700 0.013300 0.083300 0.125800 0.126600 0.125400 0.112400 0.082000 0.083200 0.013200 0.082500 0.013300 0.099700 0.053700 0.082300 0.069000 0.082900 0.027000 0.124300 0.067700 0.067900 0.096600 0.126600 0.081400 0.115300 0.139800 0.027000 0.082500 0.054100 0.054100 0.114500 0.054100 0.000000 0.000000
