1
52 1
Argali 0.000000 0.004900 0.004900 0.010400 0.000300 0.000000 0.004900 0.000100 0.004900 0.005000 0.000000 0.005000 0.000000 0.005000 0.004900 0.009800 0.005000 0.005000 0.000000 0.004900 0.005000 0.000100 0.015200 0.005000 0.000000 0.009900 0.000000 0.004900 0.000100 0.004900 0.005000 0.020200 0.004900 0.000000 0.000000 0.005000 0.000100 0.004800 0.005000 0.005000 0.005000 0.009900 0.005000 0.005000 0.005000 0.004900 0.004900 0.004900 0.004900 0.005000 0.004900 0.004900
LesserMous 0.004900 0.000000 0.009600 0.015400 0.004700 0.004900 0.009700 0.004900 0.009600 0.009800 0.004900 0.009800 0.004900 0.009900 0.009700 0.014400 0.009800 0.009800 0.004900 0.009600 0.009800 0.004800 0.014900 0.009900 0.004900 0.014600 0.004900 0.009600 0.004800 0.009600 0.009900 0.014800 0.009700 0.004900 0.004900 0.009800 0.004800 0.009500 0.009800 0.009900 0.009800 0.014600 0.009900 0.009900 0.009800 0.009700 0.009600 0.009600 0.009700 0.009900 0.009600 0.009600
LesserKudu 0.004900 0.009600 0.000000 0.005100 0.004800 0.004900 0.004900 0.004900 0.000000 0.000300 0.004900 0.000300 0.004900 0.000300 0.009800 0.004800 0.000400 0.000400 0.004900 0.000100 0.000300 0.004800 0.009900 0.000300 0.004900 0.004800 0.004900 0.000000 0.004800 0.000000 0.000300 0.025000 0.000300 0.004900 0.004900 0.000300 0.004900 0.009500 0.000300 0.000400 0.000400 0.004800 0.000300 0.000300 0.000300 0.000400 0.000400 0.000300 0.000300 0.000400 0.000000 0.000000
KillerWhal 0.010400 0.015400 0.005100 0.000000 0.010200 0.010400 0.010400 0.010400 0.005100 0.005200 0.010400 0.005200 0.010500 0.005200 0.015600 0.010200 0.005200 0.005200 0.010400 0.005100 0.005200 0.010300 0.015800 0.005200 0.010400 0.010300 0.010400 0.005100 0.010300 0.005100 0.005200 0.031900 0.005100 0.010400 0.010400 0.005200 0.010400 0.015300 0.005200 0.005200 0.005200 0.010300 0.005200 0.005200 0.005200 0.005100 0.005100 0.005100 0.005100 0.005200 0.005100 0.005100
DefassaWat 0.000300 0.004700 0.004800 0.010200 0.000000 0.000300 0.004800 0.000300 0.004700 0.004900 0.000300 0.004900 0.000400 0.004900 0.004800 0.009500 0.004900 0.004800 0.000300 0.004800 0.004900 0.000200 0.014800 0.004900 0.000300 0.009600 0.000300 0.004700 0.000200 0.004700 0.004900 0.019700 0.004800 0.000300 0.000300 0.004800 0.000200 0.004700 0.004800 0.004900 0.004800 0.009600 0.004900 0.004900 0.004800 0.004800 0.004700 0.004700 0.004800 0.004900 0.004700 0.004700
Sheep 0.000000 0.004900 0.004900 0.010400 0.000300 0.000000 0.004900 0.000100 0.004900 0.005000 0.000000 0.005000 0.000000 0.005000 0.004900 0.009800 0.005000 0.005000 0.000000 0.004900 0.005000 0.000100 0.015200 0.005000 0.000000 0.009900 0.000000 0.004900 0.000100 0.004900 0.005000 0.020200 0.004900 0.000000 0.000000 0.005000 0.000100 0.004800 0.005000 0.005000 0.005000 0.009900 0.005000 0.005000 0.005000 0.004900 0.004900 0.004900 0.004900 0.005000 0.004900 0.004900
MaxwellsDu 0.004900 0.009700 0.004900 0.010400 0.004800 0.004900 0.000000 0.004900 0.004800 0.005000 0.004900 0.005000 0.005000 0.005000 0.009900 0.009700 0.005000 0.005000 0.004900 0.004900 0.005000 0.004900 0.015100 0.005000 0.004900 0.009800 0.004900 0.004800 0.004900 0.004800 0.005000 0.025300 0.004900 0.005000 0.004900 0.005000 0.004900 0.009600 0.004900 0.005000 0.005000 0.009800 0.005000 0.005000 0.005000 0.004900 0.004800 0.004900 0.004900 0.005000 0.004800 0.004800
GazellaPrz 0.000100 0.004900 0.004900 0.010400 0.000300 0.000100 0.004900 0.000000 0.004900 0.005000 0.000100 0.005000 0.000200 0.005000 0.004900 0.009700 0.005000 0.005000 0.000000 0.004900 0.005000 0.000100 0.015100 0.005000 0.000100 0.009900 0.000100 0.004900 0.000100 0.004900 0.005000 0.020200 0.004900 0.000100 0.000100 0.005000 0.000100 0.004800 0.004900 0.005000 0.005000 0.009900 0.005000 0.005000 0.005000 0.004900 0.004900 0.004900 0.004900 0.005000 0.004900 0.004900
MountainNy 0.004900 0.009600 0.000000 0.005100 0.004700 0.004900 0.004800 0.004900 0.000000 0.000200 0.004800 0.000300 0.004900 0.000400 0.009700 0.004800 0.000300 0.000300 0.004900 0.000000 0.000300 0.004800 0.009900 0.000300 0.004800 0.004800 0.004900 0.000000 0.004800 0.000000 0.000300 0.024900 0.000300 0.004900 0.004900 0.000200 0.004800 0.009500 0.000300 0.000400 0.000300 0.004800 0.000300 0.000300 0.000200 0.000300 0.000400 0.000300 0.000300 0.000400 0.000000 0.000000
MuntiacusM 0.005000 0.009800 0.000300 0.005200 0.004900 0.005000 0.005000 0.005000 0.000200 0.000000 0.005000 0.000100 0.005000 0.000100 0.009900 0.004900 0.000100 0.000200 0.005000 0.000300 0.000100 0.004900 0.010100 0.000000 0.005000 0.004900 0.005000 0.000200 0.004900 0.000200 0.000000 0.025400 0.000200 0.005000 0.005000 0.000100 0.004900 0.009700 0.000100 0.000100 0.000100 0.004900 0.000000 0.000000 0.000100 0.000100 0.000300 0.000300 0.000100 0.000100 0.000200 0.000200
goat 0.000000 0.004900 0.004900 0.010400 0.000300 0.000000 0.004900 0.000100 0.004800 0.005000 0.000000 0.005000 0.000100 0.005000 0.004900 0.009700 0.005000 0.005000 0.000000 0.004900 0.005000 0.000000 0.015100 0.005000 0.000000 0.009800 0.000000 0.004800 0.000100 0.004800 0.005000 0.020100 0.004900 0.000000 0.000000 0.005000 0.000000 0.004800 0.004900 0.005000 0.005000 0.009800 0.005000 0.005000 0.005000 0.004900 0.004900 0.004900 0.004900 0.005000 0.004800 0.004800
AfricanBuf 0.005000 0.009800 0.000300 0.005200 0.004900 0.005000 0.005000 0.005000 0.000300 0.000100 0.005000 0.000000 0.005000 0.000200 0.009900 0.004900 0.000200 0.000200 0.005000 0.000300 0.000200 0.004900 0.010100 0.000200 0.005000 0.004900 0.005000 0.000300 0.004900 0.000300 0.000200 0.025400 0.000300 0.005000 0.005000 0.000100 0.004900 0.009700 0.000200 0.000200 0.000200 0.004900 0.000100 0.000200 0.000100 0.000200 0.000300 0.000400 0.000200 0.000200 0.000300 0.000300
Topi 0.000000 0.004900 0.004900 0.010500 0.000400 0.000000 0.005000 0.000200 0.004900 0.005000 0.000100 0.005000 0.000000 0.005100 0.005000 0.009800 0.005000 0.005000 0.000100 0.004900 0.005000 0.000100 0.015300 0.005000 0.000100 0.010000 0.000000 0.004900 0.000200 0.004900 0.005000 0.020400 0.004900 0.000000 0.000000 0.005000 0.000100 0.004900 0.005000 0.005100 0.005000 0.009900 0.005000 0.005000 0.005000 0.004900 0.004900 0.004900 0.004900 0.005100 0.004900 0.004900
CommonDuik 0.005000 0.009900 0.000300 0.005200 0.004900 0.005000 0.005000 0.005000 0.000400 0.000100 0.005000 0.000200 0.005100 0.000000 0.010000 0.004900 0.000100 0.000200 0.005000 0.000400 0.000100 0.005000 0.010200 0.000100 0.005000 0.005000 0.005000 0.000400 0.004900 0.000400 0.000100 0.025600 0.000300 0.005000 0.005000 0.000100 0.005000 0.009800 0.000100 0.000100 0.000100 0.005000 0.000100 0.000100 0.000100 0.000200 0.000300 0.000300 0.000200 0.000100 0.000400 0.000400
Suni 0.004900 0.009700 0.009800 0.015600 0.004800 0.004900 0.009900 0.004900 0.009700 0.009900 0.004900 0.009900 0.005000 0.010000 0.000000 0.014600 0.009900 0.009900 0.004900 0.009800 0.009900 0.004900 0.020200 0.010000 0.004900 0.014800 0.004900 0.009700 0.004900 0.009700 0.010000 0.025200 0.009800 0.005000 0.004900 0.009900 0.004900 0.009600 0.009900 0.010000 0.009900 0.014800 0.010000 0.010000 0.009900 0.009800 0.009700 0.009700 0.009800 0.010000 0.009700 0.009700
Springbuck 0.009800 0.014400 0.004800 0.010200 0.009500 0.009800 0.009700 0.009700 0.004800 0.004900 0.009700 0.004900 0.009800 0.004900 0.014600 0.000000 0.004900 0.004900 0.009700 0.004800 0.004900 0.009700 0.014800 0.004900 0.009700 0.000200 0.009800 0.004800 0.009600 0.004800 0.004900 0.029900 0.004800 0.009800 0.009800 0.004900 0.009700 0.014300 0.004900 0.004900 0.004900 0.000100 0.004900 0.004900 0.004900 0.004800 0.004800 0.004800 0.004800 0.004900 0.004800 0.004800
Okapi 0.005000 0.009800 0.000400 0.005200 0.004900 0.005000 0.005000 0.005000 0.000300 0.000100 0.005000 0.000200 0.005000 0.000100 0.009900 0.004900 0.000000 0.000000 0.005000 0.000400 0.000200 0.004900 0.010100 0.000100 0.005000 0.004900 0.005000 0.000300 0.004900 0.000300 0.000100 0.025400 0.000300 0.005000 0.005000 0.000200 0.004900 0.009700 0.000100 0.000100 0.000100 0.004900 0.000100 0.000100 0.000200 0.000200 0.000400 0.000300 0.000300 0.000100 0.000300 0.000300
Giraffe 0.005000 0.009800 0.000400 0.005200 0.004800 0.005000 0.005000 0.005000 0.000300 0.000200 0.005000 0.000200 0.005000 0.000200 0.009900 0.004900 0.000000 0.000000 0.005000 0.000400 0.000200 0.004900 0.010100 0.000100 0.005000 0.004900 0.005000 0.000300 0.004900 0.000300 0.000200 0.025400 0.000300 0.005000 0.005000 0.000200 0.004900 0.009700 0.000200 0.000200 0.000200 0.004900 0.000200 0.000100 0.000200 0.000300 0.000500 0.000300 0.000300 0.000200 0.000300 0.000300
TibetanAnt 0.000000 0.004900 0.004900 0.010400 0.000300 0.000000 0.004900 0.000000 0.004900 0.005000 0.000000 0.005000 0.000100 0.005000 0.004900 0.009700 0.005000 0.005000 0.000000 0.004900 0.005000 0.000100 0.015100 0.005000 0.000000 0.009900 0.000000 0.004900 0.000100 0.004900 0.005000 0.020200 0.004900 0.000100 0.000000 0.005000 0.000100 0.004800 0.005000 0.005000 0.005000 0.009900 0.005000 0.005000 0.005000 0.004900 0.004900 0.004900 0.004900 0.005000 0.004900 0.004900
Sitatunga 0.004900 0.009600 0.000100 0.005100 0.004800 0.004900 0.004900 0.004900 0.000000 0.000300 0.004900 0.000300 0.004900 0.000400 0.009800 0.004800 0.000400 0.000400 0.004900 0.000000 0.000300 0.004800 0.009900 0.000300 0.004900 0.004800 0.004900 0.000000 0.004800 0.000000 0.000300 0.024900 0.000300 0.004900 0.004900 0.000300 0.004900 0.009500 0.000300 0.000400 0.000400 0.004800 0.000300 0.000300 0.000300 0.000400 0.000400 0.000300 0.000300 0.000400 0.000000 0.000000
Oribi 0.005000 0.009800 0.000300 0.005200 0.004900 0.005000 0.005000 0.005000 0.000300 0.000100 0.005000 0.000200 0.005000 0.000100 0.009900 0.004900 0.000200 0.000200 0.005000 0.000300 0.000000 0.004900 0.010100 0.000100 0.005000 0.004900 0.005000 0.000300 0.004900 0.000300 0.000100 0.025400 0.000300 0.005000 0.005000 0.000200 0.004900 0.009700 0.000000 0.000100 0.000100 0.004900 0.000100 0.000100 0.000200 0.000200 0.000300 0.000200 0.000200 0.000100 0.000300 0.000300
BarbaryShe 0.000100 0.004800 0.004800 0.010300 0.000200 0.000100 0.004900 0.000100 0.004800 0.004900 0.000000 0.004900 0.000100 0.005000 0.004900 0.009700 0.004900 0.004900 0.000100 0.004800 0.004900 0.000000 0.015000 0.005000 0.000000 0.009800 0.000100 0.004800 0.000100 0.004800 0.005000 0.020000 0.004900 0.000100 0.000100 0.004900 0.000100 0.004800 0.004900 0.005000 0.004900 0.009800 0.005000 0.005000 0.004900 0.004900 0.004800 0.004800 0.004900 0.005000 0.004800 0.004800
Daviddeer 0.015200 0.014900 0.009900 0.015800 0.014800 0.015200 0.015100 0.015100 0.009900 0.010100 0.015100 0.010100 0.015300 0.010200 0.020200 0.014800 0.010100 0.010100 0.015100 0.009900 0.010100 0.015000 0.000000 0.010100 0.015100 0.015000 0.015200 0.009900 0.014900 0.009900 0.010100 0.025600 0.009900 0.015200 0.015200 0.010100 0.015000 0.019700 0.010000 0.010200 0.010100 0.015000 0.010100 0.010100 0.010100 0.009900 0.009900 0.009900 0.009900 0.010200 0.009900 0.009900
Reindeer 0.005000 0.009900 0.000300 0.005200 0.004900 0.005000 0.005000 0.005000 0.000300 0.000000 0.005000 0.000200 0.005000 0.000100 0.010000 0.004900 0.000100 0.000100 0.005000 0.000300 0.000100 0.005000 0.010100 0.000000 0.005000 0.005000 0.005000 0.000300 0.004900 0.000300 0.000000 0.025500 0.000200 0.005000 0.005000 0.000100 0.005000 0.009700 0.000000 0.000100 0.000000 0.004900 0.000000 0.000000 0.000100 0.000100 0.000300 0.000300 0.000200 0.000100 0.000300 0.000300
Ibex 0.000000 0.004900 0.004900 0.010400 0.000300 0.000000 0.004900 0.000100 0.004800 0.005000 0.000000 0.005000 0.000100 0.005000 0.004900 0.009700 0.005000 0.005000 0.000000 0.004900 0.005000 0.000000 0.015100 0.005000 0.000000 0.009800 0.000000 0.004800 0.000100 0.004800 0.005000 0.020100 0.004900 0.000000 0.000000 0.005000 0.000000 0.004800 0.004900 0.005000 0.005000 0.009800 0.005000 0.005000 0.005000 0.004900 0.004900 0.004900 0.004900 0.005000 0.004800 0.004800
GyrantGaze 0.009900 0.014600 0.004800 0.010300 0.009600 0.009900 0.009800 0.009900 0.004800 0.004900 0.009800 0.004900 0.010000 0.005000 0.014800 0.000200 0.004900 0.004900 0.009900 0.004800 0.004900 0.009800 0.015000 0.005000 0.009800 0.000000 0.009900 0.004800 0.009700 0.004800 0.005000 0.030300 0.004800 0.009900 0.009900 0.004900 0.009800 0.014400 0.004900 0.005000 0.004900 0.000100 0.005000 0.005000 0.004900 0.004900 0.004800 0.004800 0.004900 0.005000 0.004800 0.004800
Hartebeest 0.000000 0.004900 0.004900 0.010400 0.000300 0.000000 0.004900 0.000100 0.004900 0.005000 0.000000 0.005000 0.000000 0.005000 0.004900 0.009800 0.005000 0.005000 0.000000 0.004900 0.005000 0.000100 0.015200 0.005000 0.000000 0.009900 0.000000 0.004900 0.000100 0.004900 0.005000 0.020200 0.004900 0.000000 0.000000 0.005000 0.000100 0.004800 0.005000 0.005000 0.005000 0.009900 0.005000 0.005000 0.005000 0.004900 0.004900 0.004900 0.004900 0.005000 0.004900 0.004900
Bongo 0.004900 0.009600 0.000000 0.005100 0.004700 0.004900 0.004800 0.004900 0.000000 0.000200 0.004800 0.000300 0.004900 0.000400 0.009700 0.004800 0.000300 0.000300 0.004900 0.000000 0.000300 0.004800 0.009900 0.000300 0.004800 0.004800 0.004900 0.000000 0.004800 0.000000 0.000300 0.024900 0.000300 0.004900 0.004900 0.000200 0.004800 0.009500 0.000300 0.000400 0.000300 0.004800 0.000300 0.000300 0.000200 0.000300 0.000400 0.000300 0.000300 0.000400 0.000000 0.000000
Gerenuk 0.000100 0.004800 0.004800 0.010300 0.000200 0.000100 0.004900 0.000100 0.004800 0.004900 0.000100 0.004900 0.000200 0.004900 0.004900 0.009600 0.004900 0.004900 0.000100 0.004800 0.004900 0.000100 0.014900 0.004900 0.000100 0.009700 0.000100 0.004800 0.000000 0.004800 0.004900 0.019900 0.004800 0.000100 0.000100 0.004900 0.000100 0.004700 0.004900 0.004900 0.004900 0.009700 0.004900 0.004900 0.004900 0.004800 0.004800 0.004800 0.004800 0.004900 0.004800 0.004800
CommonElan 0.004900 0.009600 0.000000 0.005100 0.004700 0.004900 0.004800 0.004900 0.000000 0.000200 0.004800 0.000300 0.004900 0.000400 0.009700 0.004800 0.000300 0.000300 0.004900 0.000000 0.000300 0.004800 0.009900 0.000300 0.004800 0.004800 0.004900 0.000000 0.004800 0.000000 0.000300 0.024900 0.000300 0.004900 0.004900 0.000200 0.004800 0.009500 0.000300 0.000400 0.000300 0.004800 0.000300 0.000300 0.000200 0.000300 0.000400 0.000300 0.000300 0.000400 0.000000 0.000000
MuntiacusR 0.005000 0.009900 0.000300 0.005200 0.004900 0.005000 0.005000 0.005000 0.000300 0.000000 0.005000 0.000200 0.005000 0.000100 0.010000 0.004900 0.000100 0.000200 0.005000 0.000300 0.000100 0.005000 0.010100 0.000000 0.005000 0.005000 0.005000 0.000300 0.004900 0.000300 0.000000 0.025500 0.000200 0.005000 0.005000 0.000100 0.005000 0.009800 0.000100 0.000100 0.000100 0.004900 0.000000 0.000100 0.000100 0.000100 0.000300 0.000300 0.000200 0.000100 0.000300 0.000300
HarveysDui 0.020200 0.014800 0.025000 0.031900 0.019700 0.020200 0.025300 0.020200 0.024900 0.025400 0.020100 0.025400 0.020400 0.025600 0.025200 0.029900 0.025400 0.025400 0.020200 0.024900 0.025400 0.020000 0.025600 0.025500 0.020100 0.030300 0.020200 0.024900 0.019900 0.024900 0.025500 0.000000 0.025000 0.020300 0.020200 0.025400 0.020100 0.024600 0.025300 0.025600 0.025400 0.030300 0.025600 0.025600 0.025400 0.025000 0.024900 0.024900 0.025000 0.025600 0.024900 0.024900
Pronghorn 0.004900 0.009700 0.000300 0.005100 0.004800 0.004900 0.004900 0.004900 0.000300 0.000200 0.004900 0.000300 0.004900 0.000300 0.009800 0.004800 0.000300 0.000300 0.004900 0.000300 0.000300 0.004900 0.009900 0.000200 0.004900 0.004800 0.004900 0.000300 0.004800 0.000300 0.000200 0.025000 0.000000 0.004900 0.004900 0.000300 0.004900 0.009600 0.000300 0.000300 0.000300 0.004800 0.000200 0.000300 0.000300 0.000400 0.000500 0.000300 0.000300 0.000300 0.000300 0.000300
BlueWildeb 0.000000 0.004900 0.004900 0.010400 0.000300 0.000000 0.005000 0.000100 0.004900 0.005000 0.000000 0.005000 0.000000 0.005000 0.005000 0.009800 0.005000 0.005000 0.000100 0.004900 0.005000 0.000100 0.015200 0.005000 0.000000 0.009900 0.000000 0.004900 0.000100 0.004900 0.005000 0.020300 0.004900 0.000000 0.000000 0.005000 0.000100 0.004800 0.005000 0.005000 0.005000 0.009900 0.005000 0.005000 0.005000 0.004900 0.004900 0.004900 0.004900 0.005000 0.004900 0.004900
Gemsbok 0.000000 0.004900 0.004900 0.010400 0.000300 0.000000 0.004900 0.000100 0.004900 0.005000 0.000000 0.005000 0.000000 0.005000 0.004900 0.009800 0.005000 0.005000 0.000000 0.004900 0.005000 0.000100 0.015200 0.005000 0.000000 0.009900 0.000000 0.004900 0.000100 0.004900 0.005000 0.020200 0.004900 0.000000 0.000000 0.005000 0.000100 0.004800 0.005000 0.005000 0.005000 0.009900 0.005000 0.005000 0.005000 0.004900 0.004900 0.004900 0.004900 0.005000 0.004900 0.004900
Yak 0.005000 0.009800 0.000300 0.005200 0.004800 0.005000 0.005000 0.005000 0.000200 0.000100 0.005000 0.000100 0.005000 0.000100 0.009900 0.004900 0.000200 0.000200 0.005000 0.000300 0.000200 0.004900 0.010100 0.000100 0.005000 0.004900 0.005000 0.000200 0.004900 0.000200 0.000100 0.025400 0.000300 0.005000 0.005000 0.000000 0.004900 0.009700 0.000100 0.000200 0.000200 0.004900 0.000100 0.000100 0.000000 0.000200 0.000300 0.000400 0.000100 0.000100 0.000200 0.000200
BlueSheep 0.000100 0.004800 0.004900 0.010400 0.000200 0.000100 0.004900 0.000100 0.004800 0.004900 0.000000 0.004900 0.000100 0.005000 0.004900 0.009700 0.004900 0.004900 0.000100 0.004900 0.004900 0.000100 0.015000 0.005000 0.000000 0.009800 0.000100 0.004800 0.000100 0.004800 0.005000 0.020100 0.004900 0.000100 0.000100 0.004900 0.000000 0.004800 0.004900 0.005000 0.004900 0.009800 0.005000 0.005000 0.004900 0.004900 0.004800 0.004800 0.004900 0.005000 0.004800 0.004800
BohorReedb 0.004800 0.009500 0.009500 0.015300 0.004700 0.004800 0.009600 0.004800 0.009500 0.009700 0.004800 0.009700 0.004900 0.009800 0.009600 0.014300 0.009700 0.009700 0.004800 0.009500 0.009700 0.004800 0.019700 0.009700 0.004800 0.014400 0.004800 0.009500 0.004700 0.009500 0.009800 0.024600 0.009600 0.004800 0.004800 0.009700 0.004800 0.000000 0.009700 0.009800 0.009700 0.014400 0.009800 0.009800 0.009700 0.009600 0.009500 0.009500 0.009500 0.009800 0.009500 0.009500
KirksDik 0.005000 0.009800 0.000300 0.005200 0.004800 0.005000 0.004900 0.004900 0.000300 0.000100 0.004900 0.000200 0.005000 0.000100 0.009900 0.004900 0.000100 0.000200 0.005000 0.000300 0.000000 0.004900 0.010000 0.000000 0.004900 0.004900 0.005000 0.000300 0.004900 0.000300 0.000100 0.025300 0.000300 0.005000 0.005000 0.000100 0.004900 0.009700 0.000000 0.000100 0.000100 0.004900 0.000100 0.000100 0.000100 0.000100 0.000200 0.000200 0.000200 0.000100 0.000300 0.000300
RoeDeer 0.005000 0.009900 0.000400 0.005200 0.004900 0.005000 0.005000 0.005000 0.000400 0.000100 0.005000 0.000200 0.005100 0.000100 0.010000 0.004900 0.000100 0.000200 0.005000 0.000400 0.000100 0.005000 0.010200 0.000100 0.005000 0.005000 0.005000 0.000400 0.004900 0.000400 0.000100 0.025600 0.000300 0.005000 0.005000 0.000200 0.005000 0.009800 0.000100 0.000000 0.000100 0.005000 0.000100 0.000100 0.000200 0.000200 0.000400 0.000400 0.000300 0.000100 0.000400 0.000400
WhiteLippe 0.005000 0.009800 0.000400 0.005200 0.004800 0.005000 0.005000 0.005000 0.000300 0.000100 0.005000 0.000200 0.005000 0.000100 0.009900 0.004900 0.000100 0.000200 0.005000 0.000400 0.000100 0.004900 0.010100 0.000000 0.005000 0.004900 0.005000 0.000300 0.004900 0.000300 0.000100 0.025400 0.000300 0.005000 0.005000 0.000200 0.004900 0.009700 0.000100 0.000100 0.000000 0.004900 0.000100 0.000100 0.000200 0.000200 0.000400 0.000300 0.000200 0.000100 0.000300 0.000300
ThomsonGaz 0.009900 0.014600 0.004800 0.010300 0.009600 0.009900 0.009800 0.009900 0.004800 0.004900 0.009800 0.004900 0.009900 0.005000 0.014800 0.000100 0.004900 0.004900 0.009900 0.004800 0.004900 0.009800 0.015000 0.004900 0.009800 0.000100 0.009900 0.004800 0.009700 0.004800 0.004900 0.030300 0.004800 0.009900 0.009900 0.004900 0.009800 0.014400 0.004900 0.005000 0.004900 0.000000 0.005000 0.005000 0.004900 0.004900 0.004800 0.004800 0.004800 0.005000 0.004800 0.004800
MuntiacusC 0.005000 0.009900 0.000300 0.005200 0.004900 0.005000 0.005000 0.005000 0.000300 0.000000 0.005000 0.000100 0.005000 0.000100 0.010000 0.004900 0.000100 0.000200 0.005000 0.000300 0.000100 0.005000 0.010100 0.000000 0.005000 0.005000 0.005000 0.000300 0.004900 0.000300 0.000000 0.025600 0.000200 0.005000 0.005000 0.000100 0.005000 0.009800 0.000100 0.000100 0.000100 0.005000 0.000000 0.000100 0.000100 0.000100 0.000300 0.000300 0.000200 0.000100 0.000300 0.000300
WhiteTaile 0.005000 0.009900 0.000300 0.005200 0.004900 0.005000 0.005000 0.005000 0.000300 0.000000 0.005000 0.000200 0.005000 0.000100 0.010000 0.004900 0.000100 0.000100 0.005000 0.000300 0.000100 0.005000 0.010100 0.000000 0.005000 0.005000 0.005000 0.000300 0.004900 0.000300 0.000100 0.025600 0.000300 0.005000 0.005000 0.000100 0.005000 0.009800 0.000100 0.000100 0.000100 0.005000 0.000100 0.000000 0.000100 0.000200 0.000300 0.000300 0.000200 0.000100 0.000300 0.000300
Cattle 0.005000 0.009800 0.000300 0.005200 0.004800 0.005000 0.005000 0.005000 0.000200 0.000100 0.005000 0.000100 0.005000 0.000100 0.009900 0.004900 0.000200 0.000200 0.005000 0.000300 0.000200 0.004900 0.010100 0.000100 0.005000 0.004900 0.005000 0.000200 0.004900 0.000200 0.000100 0.025400 0.000300 0.005000 0.005000 0.000000 0.004900 0.009700 0.000100 0.000200 0.000200 0.004900 0.000100 0.000100 0.000000 0.000200 0.000300 0.000400 0.000100 0.000100 0.000200 0.000200
RoyalAntel 0.004900 0.009700 0.000400 0.005100 0.004800 0.004900 0.004900 0.004900 0.000300 0.000100 0.004900 0.000200 0.004900 0.000200 0.009800 0.004800 0.000200 0.000300 0.004900 0.000400 0.000200 0.004900 0.009900 0.000100 0.004900 0.004900 0.004900 0.000300 0.004800 0.000300 0.000100 0.025000 0.000400 0.004900 0.004900 0.000200 0.004900 0.009600 0.000100 0.000200 0.000200 0.004900 0.000100 0.000200 0.000200 0.000000 0.000300 0.000300 0.000200 0.000200 0.000300 0.000300
Steenbok 0.004900 0.009600 0.000400 0.005100 0.004700 0.004900 0.004800 0.004900 0.000400 0.000300 0.004900 0.000300 0.004900 0.000300 0.009700 0.004800 0.000400 0.000500 0.004900 0.000400 0.000300 0.004800 0.009900 0.000300 0.004900 0.004800 0.004900 0.000400 0.004800 0.000400 0.000300 0.024900 0.000500 0.004900 0.004900 0.000300 0.004800 0.009500 0.000200 0.000400 0.000400 0.004800 0.000300 0.000300 0.000300 0.000300 0.000000 0.000600 0.000300 0.000300 0.000400 0.000400
Impala 0.004900 0.009600 0.000300 0.005100 0.004700 0.004900 0.004900 0.004900 0.000300 0.000300 0.004900 0.000400 0.004900 0.000300 0.009700 0.004800 0.000300 0.000300 0.004900 0.000300 0.000200 0.004800 0.009900 0.000300 0.004900 0.004800 0.004900 0.000300 0.004800 0.000300 0.000300 0.024900 0.000300 0.004900 0.004900 0.000400 0.004800 0.009500 0.000200 0.000400 0.000300 0.004800 0.000300 0.000300 0.000400 0.000300 0.000600 0.000000 0.000400 0.000300 0.000300 0.000300
Klipspring 0.004900 0.009700 0.000300 0.005100 0.004800 0.004900 0.004900 0.004900 0.000300 0.000100 0.004900 0.000200 0.004900 0.000200 0.009800 0.004800 0.000300 0.000300 0.004900 0.000300 0.000200 0.004900 0.009900 0.000200 0.004900 0.004900 0.004900 0.000300 0.004800 0.000300 0.000200 0.025000 0.000300 0.004900 0.004900 0.000100 0.004900 0.009500 0.000200 0.000300 0.000200 0.004800 0.000200 0.000200 0.000100 0.000200 0.000300 0.000400 0.000000 0.000200 0.000300 0.000300
ForestMusk 0.005000 0.009900 0.000400 0.005200 0.004900 0.005000 0.005000 0.005000 0.000400 0.000100 0.005000 0.000200 0.005100 0.000100 0.010000 0.004900 0.000100 0.000200 0.005000 0.000400 0.000100 0.005000 0.010200 0.000100 0.005000 0.005000 0.005000 0.000400 0.004900 0.000400 0.000100 0.025600 0.000300 0.005000 0.005000 0.000100 0.005000 0.009800 0.000100 0.000100 0.000100 0.005000 0.000100 0.000100 0.000100 0.000200 0.000300 0.000300 0.000200 0.000000 0.000400 0.000400
Bushbuck 0.004900 0.009600 0.000000 0.005100 0.004700 0.004900 0.004800 0.004900 0.000000 0.000200 0.004800 0.000300 0.004900 0.000400 0.009700 0.004800 0.000300 0.000300 0.004900 0.000000 0.000300 0.004800 0.009900 0.000300 0.004800 0.004800 0.004900 0.000000 0.004800 0.000000 0.000300 0.024900 0.000300 0.004900 0.004900 0.000200 0.004800 0.009500 0.000300 0.000400 0.000300 0.004800 0.000300 0.000300 0.000200 0.000300 0.000400 0.000300 0.000300 0.000400 0.000000 0.000000
GreaterKud 0.004900 0.009600 0.000000 0.005100 0.004700 0.004900 0.004800 0.004900 0.000000 0.000200 0.004800 0.000300 0.004900 0.000400 0.009700 0.004800 0.000300 0.000300 0.004900 0.000000 0.000300 0.004800 0.009900 0.000300 0.004800 0.004800 0.004900 0.000000 0.004800 0.000000 0.000300 0.024900 0.000300 0.004900 0.004900 0.000200 0.004800 0.009500 0.000300 0.000400 0.000300 0.004800 0.000300 0.000300 0.000200 0.000300 0.000400 0.000300 0.000300 0.000400 0.000000 0.000000
