1
52 1
Argali 0.000000 0.005300 0.005300 0.016300 0.005400 0.000000 0.000100 0.005300 0.005300 0.005300 0.000000 0.000000 0.005300 0.021600 0.005300 0.005300 0.005300 0.005300 0.000000 0.005300 0.005300 0.000000 0.010800 0.005400 0.000000 0.005300 0.005300 0.005300 0.005300 0.005300 0.005400 0.000000 0.000000 0.005400 0.005400 0.005300 0.000000 0.005400 0.010800 0.005400 0.005400 0.005300 0.005400 0.005400 0.005300 0.005300 0.005300 0.005300 0.005300 0.005300 0.005300 0.005300
LesserMous 0.005300 0.000000 0.000200 0.021600 0.000200 0.005300 0.005300 0.000200 0.000200 0.000200 0.005300 0.005300 0.000200 0.026900 0.000200 0.000200 0.000200 0.000200 0.005300 0.000200 0.000200 0.005300 0.005300 0.000200 0.005300 0.000200 0.000200 0.000200 0.000200 0.000200 0.000200 0.005300 0.005300 0.000200 0.000200 0.000200 0.005300 0.000200 0.005400 0.000200 0.000200 0.000200 0.000200 0.000200 0.000200 0.000200 0.000200 0.000300 0.000200 0.000200 0.000200 0.000200
LesserKudu 0.005300 0.000200 0.000000 0.021800 0.000000 0.005300 0.005400 0.000000 0.000000 0.000000 0.005300 0.005300 0.000100 0.027200 0.000000 0.000000 0.000000 0.000000 0.005300 0.000000 0.000000 0.005300 0.005400 0.000000 0.005300 0.000000 0.000100 0.000000 0.000000 0.000000 0.000000 0.005400 0.005400 0.000100 0.000000 0.000000 0.005300 0.000000 0.005400 0.000000 0.000000 0.000000 0.000000 0.000000 0.000000 0.000000 0.000000 0.000000 0.000000 0.000000 0.000000 0.000000
KillerWhal 0.016300 0.021600 0.021800 0.000000 0.021900 0.016300 0.016400 0.021800 0.021800 0.021800 0.016300 0.016300 0.021800 0.038600 0.021700 0.021800 0.021800 0.021800 0.016300 0.021800 0.021800 0.016300 0.016400 0.021900 0.016300 0.021800 0.021800 0.021800 0.021800 0.021800 0.022000 0.016400 0.016300 0.021900 0.021800 0.021800 0.016300 0.021900 0.027600 0.021900 0.021900 0.021800 0.021900 0.021900 0.021800 0.021800 0.021800 0.021700 0.021800 0.021800 0.021800 0.021800
DefassaWat 0.005400 0.000200 0.000000 0.021900 0.000000 0.005400 0.005400 0.000000 0.000000 0.000100 0.005400 0.005400 0.000100 0.027300 0.000000 0.000000 0.000000 0.000000 0.005400 0.000000 0.000000 0.005400 0.005400 0.000000 0.005400 0.000000 0.000100 0.000000 0.000000 0.000000 0.000000 0.005400 0.005400 0.000100 0.000100 0.000000 0.005400 0.000000 0.005400 0.000000 0.000000 0.000000 0.000000 0.000000 0.000000 0.000000 0.000000 0.000100 0.000000 0.000000 0.000000 0.000000
Sheep 0.000000 0.005300 0.005300 0.016300 0.005400 0.000000 0.000100 0.005300 0.005300 0.005300 0.000000 0.000000 0.005300 0.021600 0.005300 0.005300 0.005300 0.005300 0.000000 0.005300 0.005300 0.000000 0.010800 0.005400 0.000000 0.005300 0.005300 0.005300 0.005300 0.005300 0.005400 0.000000 0.000000 0.005400 0.005400 0.005300 0.000000 0.005400 0.010800 0.005400 0.005400 0.005300 0.005400 0.005400 0.005300 0.005300 0.005300 0.005300 0.005300 0.005300 0.005300 0.005300
MaxwellsDu 0.000100 0.005300 0.005400 0.016400 0.005400 0.000100 0.000000 0.005400 0.005400 0.005400 0.000100 0.000100 0.005400 0.021800 0.005400 0.005400 0.005400 0.005400 0.000100 0.005400 0.005400 0.000100 0.010800 0.005400 0.000100 0.005400 0.005400 0.005400 0.005400 0.005400 0.005400 0.000000 0.000100 0.005400 0.005400 0.005400 0.000100 0.005400 0.010900 0.005400 0.005400 0.005400 0.005400 0.005400 0.005400 0.005400 0.005400 0.005400 0.005400 0.005400 0.005400 0.005400
GazellaPrz 0.005300 0.000200 0.000000 0.021800 0.000000 0.005300 0.005400 0.000000 0.000000 0.000000 0.005300 0.005300 0.000100 0.027200 0.000000 0.000000 0.000000 0.000000 0.005300 0.000000 0.000000 0.005300 0.005400 0.000000 0.005300 0.000000 0.000100 0.000000 0.000000 0.000000 0.000000 0.005400 0.005400 0.000100 0.000000 0.000000 0.005300 0.000000 0.005400 0.000000 0.000000 0.000000 0.000000 0.000000 0.000000 0.000000 0.000000 0.000000 0.000000 0.000000 0.000000 0.000000
MountainNy 0.005300 0.000200 0.000000 0.021800 0.000000 0.005300 0.005400 0.000000 0.000000 0.000000 0.005300 0.005300 0.000100 0.027200 0.000000 0.000000 0.000000 0.000000 0.005300 0.000000 0.000000 0.005300 0.005400 0.000000 0.005300 0.000000 0.000100 0.000000 0.000000 0.000000 0.000000 0.005400 0.005400 0.000100 0.000000 0.000000 0.005300 0.000000 0.005400 0.000000 0.000000 0.000000 0.000000 0.000000 0.000000 0.000000 0.000000 0.000000 0.000000 0.000000 0.000000 0.000000
MuntiacusM 0.005300 0.000200 0.000000 0.021800 0.000100 0.005300 0.005400 0.000000 0.000000 0.000000 0.005300 0.005300 0.000200 0.027200 0.000100 0.000000 0.000100 0.000100 0.005300 0.000000 0.000000 0.005300 0.005400 0.000000 0.005300 0.000000 0.000100 0.000000 0.000000 0.000000 0.000000 0.005400 0.005300 0.000100 0.000100 0.000000 0.005300 0.000100 0.005400 0.000000 0.000000 0.000000 0.000000 0.000000 0.000000 0.000000 0.000000 0.000100 0.000000 0.000000 0.000000 0.000000
goat 0.000000 0.005300 0.005300 0.016300 0.005400 0.000000 0.000100 0.005300 0.005300 0.005300 0.000000 0.000100 0.005300 0.021600 0.005300 0.005300 0.005300 0.005300 0.000000 0.005300 0.005300 0.000000 0.010800 0.005400 0.000000 0.005300 0.005300 0.005300 0.005300 0.005300 0.005400 0.000100 0.000100 0.005400 0.005300 0.005300 0.000000 0.005400 0.010800 0.005400 0.005400 0.005300 0.005400 0.005400 0.005300 0.005300 0.005300 0.005300 0.005300 0.005300 0.005300 0.005300
AfricanBuf 0.000000 0.005300 0.005300 0.016300 0.005400 0.000000 0.000100 0.005300 0.005300 0.005300 0.000100 0.000000 0.005300 0.021700 0.005300 0.005300 0.005400 0.005300 0.000000 0.005300 0.005300 0.000000 0.010800 0.005400 0.000000 0.005300 0.005400 0.005300 0.005300 0.005300 0.005400 0.000000 0.000000 0.005400 0.005400 0.005300 0.000000 0.005400 0.010900 0.005400 0.005400 0.005300 0.005400 0.005400 0.005300 0.005300 0.005300 0.005300 0.005300 0.005300 0.005300 0.005300
Topi 0.005300 0.000200 0.000100 0.021800 0.000100 0.005300 0.005400 0.000100 0.000100 0.000200 0.005300 0.005300 0.000000 0.027100 0.000100 0.000100 0.000100 0.000100 0.005300 0.000100 0.000100 0.005300 0.005400 0.000100 0.005300 0.000100 0.000000 0.000100 0.000100 0.000100 0.000200 0.005400 0.005300 0.000100 0.000100 0.000100 0.005300 0.000100 0.005400 0.000100 0.000100 0.000100 0.000100 0.000100 0.000100 0.000100 0.000100 0.000200 0.000100 0.000100 0.000100 0.000100
CommonDuik 0.021600 0.026900 0.027200 0.038600 0.027300 0.021600 0.021800 0.027200 0.027200 0.027200 0.021600 0.021700 0.027100 0.000000 0.027100 0.027200 0.027200 0.027100 0.021600 0.027200 0.027200 0.021600 0.032900 0.027300 0.021600 0.027200 0.027200 0.027200 0.027200 0.027200 0.027400 0.021700 0.021700 0.027300 0.027200 0.027200 0.021600 0.027200 0.033100 0.027300 0.027300 0.027200 0.027300 0.027300 0.027200 0.027200 0.027200 0.027100 0.027200 0.027200 0.027200 0.027200
Suni 0.005300 0.000200 0.000000 0.021700 0.000000 0.005300 0.005400 0.000000 0.000000 0.000100 0.005300 0.005300 0.000100 0.027100 0.000000 0.000000 0.000000 0.000000 0.005300 0.000000 0.000000 0.005300 0.005400 0.000000 0.005300 0.000000 0.000100 0.000000 0.000000 0.000000 0.000100 0.005400 0.005300 0.000100 0.000100 0.000000 0.005300 0.000000 0.005400 0.000000 0.000000 0.000000 0.000000 0.000000 0.000000 0.000000 0.000000 0.000000 0.000000 0.000000 0.000000 0.000000
Springbuck 0.005300 0.000200 0.000000 0.021800 0.000000 0.005300 0.005400 0.000000 0.000000 0.000000 0.005300 0.005300 0.000100 0.027200 0.000000 0.000000 0.000000 0.000000 0.005300 0.000000 0.000000 0.005300 0.005400 0.000000 0.005300 0.000000 0.000100 0.000000 0.000000 0.000000 0.000000 0.005400 0.005400 0.000100 0.000000 0.000000 0.005300 0.000000 0.005400 0.000000 0.000000 0.000000 0.000000 0.000000 0.000000 0.000000 0.000000 0.000000 0.000000 0.000000 0.000000 0.000000
Okapi 0.005300 0.000200 0.000000 0.021800 0.000000 0.005300 0.005400 0.000000 0.000000 0.000100 0.005300 0.005400 0.000100 0.027200 0.000000 0.000000 0.000000 0.000000 0.005300 0.000000 0.000000 0.005300 0.005400 0.000000 0.005300 0.000000 0.000100 0.000000 0.000000 0.000000 0.000100 0.005400 0.005400 0.000100 0.000000 0.000000 0.005300 0.000000 0.005400 0.000000 0.000000 0.000000 0.000000 0.000000 0.000000 0.000000 0.000000 0.000100 0.000000 0.000000 0.000000 0.000000
Giraffe 0.005300 0.000200 0.000000 0.021800 0.000000 0.005300 0.005400 0.000000 0.000000 0.000100 0.005300 0.005300 0.000100 0.027100 0.000000 0.000000 0.000000 0.000000 0.005300 0.000000 0.000000 0.005300 0.005400 0.000000 0.005300 0.000000 0.000000 0.000000 0.000000 0.000000 0.000100 0.005400 0.005300 0.000100 0.000000 0.000000 0.005300 0.000000 0.005400 0.000000 0.000000 0.000000 0.000000 0.000000 0.000000 0.000000 0.000000 0.000100 0.000000 0.000000 0.000000 0.000000
TibetanAnt 0.000000 0.005300 0.005300 0.016300 0.005400 0.000000 0.000100 0.005300 0.005300 0.005300 0.000000 0.000000 0.005300 0.021600 0.005300 0.005300 0.005300 0.005300 0.000000 0.005300 0.005300 0.000000 0.010800 0.005400 0.000000 0.005300 0.005300 0.005300 0.005300 0.005300 0.005400 0.000000 0.000000 0.005400 0.005400 0.005300 0.000000 0.005400 0.010800 0.005400 0.005400 0.005300 0.005400 0.005400 0.005300 0.005300 0.005300 0.005300 0.005300 0.005300 0.005300 0.005300
Sitatunga 0.005300 0.000200 0.000000 0.021800 0.000000 0.005300 0.005400 0.000000 0.000000 0.000000 0.005300 0.005300 0.000100 0.027200 0.000000 0.000000 0.000000 0.000000 0.005300 0.000000 0.000000 0.005300 0.005400 0.000000 0.005300 0.000000 0.000100 0.000000 0.000000 0.000000 0.000000 0.005400 0.005400 0.000100 0.000000 0.000000 0.005300 0.000000 0.005400 0.000000 0.000000 0.000000 0.000000 0.000000 0.000000 0.000000 0.000000 0.000000 0.000000 0.000000 0.000000 0.000000
Oribi 0.005300 0.000200 0.000000 0.021800 0.000000 0.005300 0.005400 0.000000 0.000000 0.000000 0.005300 0.005300 0.000100 0.027200 0.000000 0.000000 0.000000 0.000000 0.005300 0.000000 0.000000 0.005300 0.005400 0.000000 0.005300 0.000000 0.000100 0.000000 0.000000 0.000000 0.000000 0.005400 0.005400 0.000100 0.000000 0.000000 0.005300 0.000000 0.005400 0.000000 0.000000 0.000000 0.000000 0.000000 0.000000 0.000000 0.000000 0.000000 0.000000 0.000000 0.000000 0.000000
BarbaryShe 0.000000 0.005300 0.005300 0.016300 0.005400 0.000000 0.000100 0.005300 0.005300 0.005300 0.000000 0.000000 0.005300 0.021600 0.005300 0.005300 0.005300 0.005300 0.000000 0.005300 0.005300 0.000000 0.010800 0.005400 0.000000 0.005300 0.005300 0.005300 0.005300 0.005300 0.005400 0.000000 0.000000 0.005400 0.005400 0.005300 0.000000 0.005400 0.010800 0.005400 0.005400 0.005300 0.005400 0.005400 0.005300 0.005300 0.005300 0.005300 0.005300 0.005300 0.005300 0.005300
Daviddeer 0.010800 0.005300 0.005400 0.016400 0.005400 0.010800 0.010800 0.005400 0.005400 0.005400 0.010800 0.010800 0.005400 0.032900 0.005400 0.005400 0.005400 0.005400 0.010800 0.005400 0.005400 0.010800 0.000000 0.005400 0.010800 0.005400 0.005400 0.005400 0.005400 0.005400 0.005400 0.010800 0.010800 0.005400 0.005400 0.005400 0.010800 0.005400 0.010900 0.005400 0.005400 0.005400 0.005400 0.005400 0.005400 0.005400 0.005400 0.005400 0.005400 0.005400 0.005400 0.005400
Reindeer 0.005400 0.000200 0.000000 0.021900 0.000000 0.005400 0.005400 0.000000 0.000000 0.000000 0.005400 0.005400 0.000100 0.027300 0.000000 0.000000 0.000000 0.000000 0.005400 0.000000 0.000000 0.005400 0.005400 0.000000 0.005400 0.000000 0.000100 0.000000 0.000000 0.000000 0.000000 0.005400 0.005400 0.000100 0.000100 0.000000 0.005400 0.000000 0.005400 0.000000 0.000000 0.000000 0.000000 0.000000 0.000000 0.000000 0.000000 0.000100 0.000000 0.000000 0.000000 0.000000
Ibex 0.000000 0.005300 0.005300 0.016300 0.005400 0.000000 0.000100 0.005300 0.005300 0.005300 0.000000 0.000000 0.005300 0.021600 0.005300 0.005300 0.005300 0.005300 0.000000 0.005300 0.005300 0.000000 0.010800 0.005400 0.000000 0.005300 0.005300 0.005300 0.005300 0.005300 0.005400 0.000000 0.000000 0.005400 0.005400 0.005300 0.000000 0.005400 0.010800 0.005400 0.005400 0.005300 0.005400 0.005400 0.005300 0.005300 0.005300 0.005300 0.005300 0.005300 0.005300 0.005300
GyrantGaze 0.005300 0.000200 0.000000 0.021800 0.000000 0.005300 0.005400 0.000000 0.000000 0.000000 0.005300 0.005300 0.000100 0.027200 0.000000 0.000000 0.000000 0.000000 0.005300 0.000000 0.000000 0.005300 0.005400 0.000000 0.005300 0.000000 0.000100 0.000000 0.000000 0.000000 0.000000 0.005400 0.005400 0.000100 0.000000 0.000000 0.005300 0.000000 0.005400 0.000000 0.000000 0.000000 0.000000 0.000000 0.000000 0.000000 0.000000 0.000000 0.000000 0.000000 0.000000 0.000000
Hartebeest 0.005300 0.000200 0.000100 0.021800 0.000100 0.005300 0.005400 0.000100 0.000100 0.000100 0.005300 0.005400 0.000000 0.027200 0.000100 0.000100 0.000100 0.000000 0.005300 0.000100 0.000100 0.005300 0.005400 0.000100 0.005300 0.000100 0.000000 0.000100 0.000100 0.000100 0.000100 0.005400 0.005400 0.000000 0.000100 0.000100 0.005300 0.000100 0.005400 0.000100 0.000100 0.000100 0.000100 0.000100 0.000100 0.000100 0.000100 0.000100 0.000100 0.000100 0.000100 0.000100
Bongo 0.005300 0.000200 0.000000 0.021800 0.000000 0.005300 0.005400 0.000000 0.000000 0.000000 0.005300 0.005300 0.000100 0.027200 0.000000 0.000000 0.000000 0.000000 0.005300 0.000000 0.000000 0.005300 0.005400 0.000000 0.005300 0.000000 0.000100 0.000000 0.000000 0.000000 0.000000 0.005400 0.005400 0.000100 0.000000 0.000000 0.005300 0.000000 0.005400 0.000000 0.000000 0.000000 0.000000 0.000000 0.000000 0.000000 0.000000 0.000000 0.000000 0.000000 0.000000 0.000000
Gerenuk 0.005300 0.000200 0.000000 0.021800 0.000000 0.005300 0.005400 0.000000 0.000000 0.000000 0.005300 0.005300 0.000100 0.027200 0.000000 0.000000 0.000000 0.000000 0.005300 0.000000 0.000000 0.005300 0.005400 0.000000 0.005300 0.000000 0.000100 0.000000 0.000000 0.000000 0.000000 0.005400 0.005400 0.000100 0.000000 0.000000 0.005300 0.000000 0.005400 0.000000 0.000000 0.000000 0.000000 0.000000 0.000000 0.000000 0.000000 0.000000 0.000000 0.000000 0.000000 0.000000
CommonElan 0.005300 0.000200 0.000000 0.021800 0.000000 0.005300 0.005400 0.000000 0.000000 0.000000 0.005300 0.005300 0.000100 0.027200 0.000000 0.000000 0.000000 0.000000 0.005300 0.000000 0.000000 0.005300 0.005400 0.000000 0.005300 0.000000 0.000100 0.000000 0.000000 0.000000 0.000000 0.005400 0.005400 0.000100 0.000000 0.000000 0.005300 0.000000 0.005400 0.000000 0.000000 0.000000 0.000000 0.000000 0.000000 0.000000 0.000000 0.000000 0.000000 0.000000 0.000000 0.000000
MuntiacusR 0.005400 0.000200 0.000000 0.022000 0.000000 0.005400 0.005400 0.000000 0.000000 0.000000 0.005400 0.005400 0.000200 0.027400 0.000100 0.000000 0.000100 0.000100 0.005400 0.000000 0.000000 0.005400 0.005400 0.000000 0.005400 0.000000 0.000100 0.000000 0.000000 0.000000 0.000000 0.005400 0.005400 0.000100 0.000100 0.000000 0.005400 0.000100 0.005500 0.000000 0.000000 0.000000 0.000000 0.000000 0.000000 0.000000 0.000000 0.000100 0.000000 0.000000 0.000000 0.000000
HarveysDui 0.000000 0.005300 0.005400 0.016400 0.005400 0.000000 0.000000 0.005400 0.005400 0.005400 0.000100 0.000000 0.005400 0.021700 0.005400 0.005400 0.005400 0.005400 0.000000 0.005400 0.005400 0.000000 0.010800 0.005400 0.000000 0.005400 0.005400 0.005400 0.005400 0.005400 0.005400 0.000000 0.000100 0.005400 0.005400 0.005400 0.000000 0.005400 0.010900 0.005400 0.005400 0.005400 0.005400 0.005400 0.005400 0.005400 0.005400 0.005300 0.005400 0.005400 0.005400 0.005400
Pronghorn 0.000000 0.005300 0.005400 0.016300 0.005400 0.000000 0.000100 0.005400 0.005400 0.005300 0.000100 0.000000 0.005300 0.021700 0.005300 0.005400 0.005400 0.005300 0.000000 0.005400 0.005400 0.000000 0.010800 0.005400 0.000000 0.005400 0.005400 0.005400 0.005400 0.005400 0.005400 0.000100 0.000000 0.005400 0.005400 0.005400 0.000000 0.005400 0.010900 0.005400 0.005400 0.005400 0.005400 0.005400 0.005400 0.005400 0.005400 0.005300 0.005400 0.005400 0.005400 0.005400
BlueWildeb 0.005400 0.000200 0.000100 0.021900 0.000100 0.005400 0.005400 0.000100 0.000100 0.000100 0.005400 0.005400 0.000100 0.027300 0.000100 0.000100 0.000100 0.000100 0.005400 0.000100 0.000100 0.005400 0.005400 0.000100 0.005400 0.000100 0.000000 0.000100 0.000100 0.000100 0.000100 0.005400 0.005400 0.000000 0.000100 0.000100 0.005400 0.000100 0.005400 0.000100 0.000100 0.000100 0.000100 0.000100 0.000100 0.000100 0.000100 0.000100 0.000100 0.000100 0.000100 0.000100
Gemsbok 0.005400 0.000200 0.000000 0.021800 0.000100 0.005400 0.005400 0.000000 0.000000 0.000100 0.005300 0.005400 0.000100 0.027200 0.000100 0.000000 0.000000 0.000000 0.005400 0.000000 0.000000 0.005400 0.005400 0.000100 0.005400 0.000000 0.000100 0.000000 0.000000 0.000000 0.000100 0.005400 0.005400 0.000100 0.000000 0.000000 0.005400 0.000100 0.005400 0.000100 0.000100 0.000000 0.000100 0.000100 0.000000 0.000000 0.000000 0.000100 0.000000 0.000000 0.000000 0.000000
Yak 0.005300 0.000200 0.000000 0.021800 0.000000 0.005300 0.005400 0.000000 0.000000 0.000000 0.005300 0.005300 0.000100 0.027200 0.000000 0.000000 0.000000 0.000000 0.005300 0.000000 0.000000 0.005300 0.005400 0.000000 0.005300 0.000000 0.000100 0.000000 0.000000 0.000000 0.000000 0.005400 0.005400 0.000100 0.000000 0.000000 0.005300 0.000000 0.005400 0.000000 0.000000 0.000000 0.000000 0.000000 0.000000 0.000000 0.000000 0.000000 0.000000 0.000000 0.000000 0.000000
BlueSheep 0.000000 0.005300 0.005300 0.016300 0.005400 0.000000 0.000100 0.005300 0.005300 0.005300 0.000000 0.000000 0.005300 0.021600 0.005300 0.005300 0.005300 0.005300 0.000000 0.005300 0.005300 0.000000 0.010800 0.005400 0.000000 0.005300 0.005300 0.005300 0.005300 0.005300 0.005400 0.000000 0.000000 0.005400 0.005400 0.005300 0.000000 0.005400 0.010800 0.005400 0.005400 0.005300 0.005400 0.005400 0.005300 0.005300 0.005300 0.005300 0.005300 0.005300 0.005300 0.005300
BohorReedb 0.005400 0.000200 0.000000 0.021900 0.000000 0.005400 0.005400 0.000000 0.000000 0.000100 0.005400 0.005400 0.000100 0.027200 0.000000 0.000000 0.000000 0.000000 0.005400 0.000000 0.000000 0.005400 0.005400 0.000000 0.005400 0.000000 0.000100 0.000000 0.000000 0.000000 0.000100 0.005400 0.005400 0.000100 0.000100 0.000000 0.005400 0.000000 0.005400 0.000000 0.000000 0.000000 0.000000 0.000000 0.000000 0.000000 0.000000 0.000100 0.000000 0.000000 0.000000 0.000000
KirksDik 0.010800 0.005400 0.005400 0.027600 0.005400 0.010800 0.010900 0.005400 0.005400 0.005400 0.010800 0.010900 0.005400 0.033100 0.005400 0.005400 0.005400 0.005400 0.010800 0.005400 0.005400 0.010800 0.010900 0.005400 0.010800 0.005400 0.005400 0.005400 0.005400 0.005400 0.005500 0.010900 0.010900 0.005400 0.005400 0.005400 0.010800 0.005400 0.000000 0.005400 0.005400 0.005400 0.005400 0.005400 0.005400 0.005400 0.005400 0.005400 0.005400 0.005400 0.005400 0.005400
RoeDeer 0.005400 0.000200 0.000000 0.021900 0.000000 0.005400 0.005400 0.000000 0.000000 0.000000 0.005400 0.005400 0.000100 0.027300 0.000000 0.000000 0.000000 0.000000 0.005400 0.000000 0.000000 0.005400 0.005400 0.000000 0.005400 0.000000 0.000100 0.000000 0.000000 0.000000 0.000000 0.005400 0.005400 0.000100 0.000100 0.000000 0.005400 0.000000 0.005400 0.000000 0.000000 0.000000 0.000000 0.000000 0.000000 0.000000 0.000000 0.000100 0.000000 0.000000 0.000000 0.000000
WhiteLippe 0.005400 0.000200 0.000000 0.021900 0.000000 0.005400 0.005400 0.000000 0.000000 0.000000 0.005400 0.005400 0.000100 0.027300 0.000000 0.000000 0.000000 0.000000 0.005400 0.000000 0.000000 0.005400 0.005400 0.000000 0.005400 0.000000 0.000100 0.000000 0.000000 0.000000 0.000000 0.005400 0.005400 0.000100 0.000100 0.000000 0.005400 0.000000 0.005400 0.000000 0.000000 0.000000 0.000000 0.000000 0.000000 0.000000 0.000000 0.000100 0.000000 0.000000 0.000000 0.000000
ThomsonGaz 0.005300 0.000200 0.000000 0.021800 0.000000 0.005300 0.005400 0.000000 0.000000 0.000000 0.005300 0.005300 0.000100 0.027200 0.000000 0.000000 0.000000 0.000000 0.005300 0.000000 0.000000 0.005300 0.005400 0.000000 0.005300 0.000000 0.000100 0.000000 0.000000 0.000000 0.000000 0.005400 0.005400 0.000100 0.000000 0.000000 0.005300 0.000000 0.005400 0.000000 0.000000 0.000000 0.000000 0.000000 0.000000 0.000000 0.000000 0.000000 0.000000 0.000000 0.000000 0.000000
MuntiacusC 0.005400 0.000200 0.000000 0.021900 0.000000 0.005400 0.005400 0.000000 0.000000 0.000000 0.005400 0.005400 0.000100 0.027300 0.000000 0.000000 0.000000 0.000000 0.005400 0.000000 0.000000 0.005400 0.005400 0.000000 0.005400 0.000000 0.000100 0.000000 0.000000 0.000000 0.000000 0.005400 0.005400 0.000100 0.000100 0.000000 0.005400 0.000000 0.005400 0.000000 0.000000 0.000000 0.000000 0.000000 0.000000 0.000000 0.000000 0.000100 0.000000 0.000000 0.000000 0.000000
WhiteTaile 0.005400 0.000200 0.000000 0.021900 0.000000 0.005400 0.005400 0.000000 0.000000 0.000000 0.005400 0.005400 0.000100 0.027300 0.000000 0.000000 0.000000 0.000000 0.005400 0.000000 0.000000 0.005400 0.005400 0.000000 0.005400 0.000000 0.000100 0.000000 0.000000 0.000000 0.000000 0.005400 0.005400 0.000100 0.000100 0.000000 0.005400 0.000000 0.005400 0.000000 0.000000 0.000000 0.000000 0.000000 0.000000 0.000000 0.000000 0.000100 0.000000 0.000000 0.000000 0.000000
Cattle 0.005300 0.000200 0.000000 0.021800 0.000000 0.005300 0.005400 0.000000 0.000000 0.000000 0.005300 0.005300 0.000100 0.027200 0.000000 0.000000 0.000000 0.000000 0.005300 0.000000 0.000000 0.005300 0.005400 0.000000 0.005300 0.000000 0.000100 0.000000 0.000000 0.000000 0.000000 0.005400 0.005400 0.000100 0.000000 0.000000 0.005300 0.000000 0.005400 0.000000 0.000000 0.000000 0.000000 0.000000 0.000000 0.000000 0.000000 0.000000 0.000000 0.000000 0.000000 0.000000
RoyalAntel 0.005300 0.000200 0.000000 0.021800 0.000000 0.005300 0.005400 0.000000 0.000000 0.000000 0.005300 0.005300 0.000100 0.027200 0.000000 0.000000 0.000000 0.000000 0.005300 0.000000 0.000000 0.005300 0.005400 0.000000 0.005300 0.000000 0.000100 0.000000 0.000000 0.000000 0.000000 0.005400 0.005400 0.000100 0.000000 0.000000 0.005300 0.000000 0.005400 0.000000 0.000000 0.000000 0.000000 0.000000 0.000000 0.000000 0.000000 0.000000 0.000000 0.000000 0.000000 0.000000
Steenbok 0.005300 0.000200 0.000000 0.021800 0.000000 0.005300 0.005400 0.000000 0.000000 0.000000 0.005300 0.005300 0.000100 0.027200 0.000000 0.000000 0.000000 0.000000 0.005300 0.000000 0.000000 0.005300 0.005400 0.000000 0.005300 0.000000 0.000100 0.000000 0.000000 0.000000 0.000000 0.005400 0.005400 0.000100 0.000000 0.000000 0.005300 0.000000 0.005400 0.000000 0.000000 0.000000 0.000000 0.000000 0.000000 0.000000 0.000000 0.000000 0.000000 0.000000 0.000000 0.000000
Impala 0.005300 0.000300 0.000000 0.021700 0.000100 0.005300 0.005400 0.000000 0.000000 0.000100 0.005300 0.005300 0.000200 0.027100 0.000000 0.000000 0.000100 0.000100 0.005300 0.000000 0.000000 0.005300 0.005400 0.000100 0.005300 0.000000 0.000100 0.000000 0.000000 0.000000 0.000100 0.005300 0.005300 0.000100 0.000100 0.000000 0.005300 0.000100 0.005400 0.000100 0.000100 0.000000 0.000100 0.000100 0.000000 0.000000 0.000000 0.000000 0.000000 0.000000 0.000000 0.000000
Klipspring 0.005300 0.000200 0.000000 0.021800 0.000000 0.005300 0.005400 0.000000 0.000000 0.000000 0.005300 0.005300 0.000100 0.027200 0.000000 0.000000 0.000000 0.000000 0.005300 0.000000 0.000000 0.005300 0.005400 0.000000 0.005300 0.000000 0.000100 0.000000 0.000000 0.000000 0.000000 0.005400 0.005400 0.000100 0.000000 0.000000 0.005300 0.000000 0.005400 0.000000 0.000000 0.000000 0.000000 0.000000 0.000000 0.000000 0.000000 0.000000 0.000000 0.000000 0.000000 0.000000
ForestMusk 0.005300 0.000200 0.000000 0.021800 0.000000 0.005300 0.005400 0.000000 0.000000 0.000000 0.005300 0.005300 0.000100 0.027200 0.000000 0.000000 0.000000 0.000000 0.005300 0.000000 0.000000 0.005300 0.005400 0.000000 0.005300 0.000000 0.000100 0.000000 0.000000 0.000000 0.000000 0.005400 0.005400 0.000100 0.000000 0.000000 0.005300 0.000000 0.005400 0.000000 0.000000 0.000000 0.000000 0.000000 0.000000 0.000000 0.000000 0.000000 0.000000 0.000000 0.000000 0.000000
Bushbuck 0.005300 0.000200 0.000000 0.021800 0.000000 0.005300 0.005400 0.000000 0.000000 0.000000 0.005300 0.005300 0.000100 0.027200 0.000000 0.000000 0.000000 0.000000 0.005300 0.000000 0.000000 0.005300 0.005400 0.000000 0.005300 0.000000 0.000100 0.000000 0.000000 0.000000 0.000000 0.005400 0.005400 0.000100 0.000000 0.000000 0.005300 0.000000 0.005400 0.000000 0.000000 0.000000 0.000000 0.000000 0.000000 0.000000 0.000000 0.000000 0.000000 0.000000 0.000000 0.000000
GreaterKud 0.005300 0.000200 0.000000 0.021800 0.000000 0.005300 0.005400 0.000000 0.000000 0.000000 0.005300 0.005300 0.000100 0.027200 0.000000 0.000000 0.000000 0.000000 0.005300 0.000000 0.000000 0.005300 0.005400 0.000000 0.005300 0.000000 0.000100 0.000000 0.000000 0.000000 0.000000 0.005400 0.005400 0.000100 0.000000 0.000000 0.005300 0.000000 0.005400 0.000000 0.000000 0.000000 0.000000 0.000000 0.000000 0.000000 0.000000 0.000000 0.000000 0.000000 0.000000 0.000000
