1
52 1
Argali 0.000000 0.176100 0.037500 0.198700 0.026800 0.011000 0.054600 0.050200 0.026900 0.066800 0.026800 0.048600 0.066100 0.060100 0.088300 0.062200 0.054500 0.054900 0.021500 0.027600 0.067000 0.027000 0.067000 0.073000 0.042700 0.079200 0.066100 0.037900 0.080000 0.026900 0.055900 0.049500 0.097000 0.060600 0.027800 0.049700 0.021400 0.043900 0.061500 0.080700 0.061400 0.080000 0.055900 0.062000 0.048000 0.080600 0.050400 0.090600 0.078400 0.044700 0.037700 0.032500
LesserMous 0.176100 0.000000 0.168400 0.199100 0.143100 0.164700 0.189600 0.180700 0.156700 0.158400 0.157500 0.169000 0.203900 0.196100 0.202700 0.161400 0.174900 0.176300 0.151300 0.156700 0.185700 0.165300 0.172000 0.171900 0.187900 0.194100 0.203900 0.157200 0.196000 0.156700 0.160000 0.178400 0.193000 0.197600 0.170600 0.166800 0.163000 0.178600 0.202400 0.141500 0.165900 0.188800 0.160000 0.160200 0.166700 0.170000 0.166400 0.229600 0.178400 0.164300 0.168400 0.157600
LesserKudu 0.037500 0.168400 0.000000 0.191400 0.021300 0.027700 0.048700 0.044200 0.010600 0.060700 0.032300 0.042900 0.071500 0.054200 0.082100 0.056100 0.048700 0.049000 0.027100 0.010600 0.060900 0.033500 0.060900 0.066800 0.048200 0.072900 0.071500 0.022100 0.073600 0.011000 0.049900 0.049300 0.090600 0.066000 0.032300 0.042400 0.026800 0.049300 0.055400 0.074300 0.055400 0.073600 0.049900 0.055900 0.042400 0.080200 0.044400 0.096100 0.072200 0.038300 0.021300 0.016000
KillerWhal 0.198700 0.199100 0.191400 0.000000 0.172200 0.187400 0.199000 0.204500 0.186000 0.194700 0.180300 0.192000 0.234400 0.224900 0.232400 0.199100 0.191000 0.192500 0.187400 0.186000 0.202700 0.188600 0.188100 0.208500 0.184100 0.204300 0.234400 0.200100 0.220300 0.186000 0.196700 0.208300 0.215000 0.235500 0.200300 0.195800 0.185500 0.208500 0.219300 0.185700 0.195400 0.199100 0.196700 0.196900 0.182700 0.194600 0.183000 0.246700 0.215500 0.193800 0.197600 0.193600
DefassaWat 0.026800 0.143100 0.021300 0.172200 0.000000 0.016200 0.037800 0.033100 0.010700 0.049600 0.021600 0.032200 0.060300 0.043300 0.071300 0.044700 0.037800 0.038000 0.016200 0.010700 0.049700 0.021700 0.049700 0.055500 0.037500 0.061500 0.060300 0.021500 0.062100 0.010700 0.038700 0.038200 0.079100 0.054800 0.021500 0.031900 0.016000 0.038300 0.044300 0.062700 0.044200 0.062100 0.038700 0.044600 0.031800 0.068800 0.033200 0.084900 0.060900 0.027200 0.021300 0.016100
Sheep 0.011000 0.164700 0.027700 0.187400 0.016200 0.000000 0.043900 0.039200 0.016200 0.055900 0.016200 0.038000 0.055300 0.049400 0.077600 0.051100 0.043800 0.044100 0.011200 0.016200 0.056100 0.016800 0.056100 0.062000 0.033200 0.068200 0.055300 0.028100 0.068800 0.016700 0.044900 0.038700 0.086000 0.049800 0.016900 0.037500 0.010700 0.033100 0.050400 0.069500 0.050500 0.068800 0.044900 0.050900 0.037500 0.069200 0.039400 0.079600 0.067500 0.033000 0.027000 0.022400
MaxwellsDu 0.054600 0.189600 0.048700 0.199000 0.037800 0.043900 0.000000 0.050200 0.038000 0.078500 0.049300 0.048900 0.089300 0.037900 0.077200 0.074000 0.065900 0.066300 0.043900 0.038000 0.067100 0.049700 0.078700 0.073100 0.065500 0.079300 0.089300 0.049300 0.080100 0.038000 0.067600 0.032800 0.109200 0.083700 0.049300 0.059400 0.043500 0.066700 0.061200 0.092900 0.073100 0.080100 0.067600 0.073700 0.059300 0.086700 0.062000 0.103200 0.078500 0.055300 0.048800 0.043700
GazellaPrz 0.050200 0.180700 0.044200 0.204500 0.033100 0.039200 0.050200 0.000000 0.033300 0.074500 0.044800 0.055800 0.067800 0.055900 0.085100 0.034100 0.061600 0.062100 0.039200 0.033300 0.033700 0.045200 0.074600 0.068900 0.061300 0.039600 0.067800 0.044800 0.040000 0.033300 0.063300 0.050800 0.105800 0.062100 0.033400 0.055100 0.038800 0.062500 0.045600 0.082700 0.068900 0.040000 0.063300 0.069600 0.055100 0.076800 0.045800 0.099700 0.074500 0.050800 0.044200 0.039100
MountainNy 0.026900 0.156700 0.010600 0.186000 0.010700 0.016200 0.038000 0.033300 0.000000 0.049800 0.022300 0.032200 0.060600 0.043500 0.071300 0.045000 0.037900 0.038200 0.016200 0.000000 0.049900 0.022300 0.049900 0.055800 0.037600 0.061900 0.060600 0.011100 0.062400 0.000000 0.038900 0.038400 0.079400 0.055100 0.021600 0.031900 0.016100 0.038500 0.044200 0.063000 0.044400 0.062400 0.038900 0.044800 0.031900 0.068700 0.033400 0.085000 0.061300 0.027200 0.010700 0.005600
MuntiacusM 0.066800 0.158400 0.060700 0.194700 0.049600 0.055900 0.078500 0.074500 0.049800 0.000000 0.061500 0.072400 0.090700 0.084200 0.113900 0.080900 0.066400 0.067000 0.055900 0.049800 0.085600 0.062000 0.033000 0.050200 0.066400 0.098400 0.090700 0.061400 0.099300 0.049800 0.011200 0.079400 0.110200 0.096800 0.061500 0.060300 0.055400 0.079500 0.086400 0.057600 0.028200 0.099300 0.010900 0.033300 0.060200 0.100100 0.068700 0.117200 0.091600 0.050000 0.060800 0.055800
goat 0.026800 0.157500 0.032300 0.180300 0.021600 0.016200 0.049300 0.044800 0.022300 0.061500 0.000000 0.043400 0.072400 0.054900 0.083100 0.056800 0.049300 0.049700 0.016200 0.022300 0.050200 0.021700 0.050200 0.067700 0.037500 0.062200 0.072400 0.032600 0.074600 0.021600 0.050600 0.044200 0.091700 0.061200 0.032700 0.042900 0.016100 0.049900 0.056100 0.075300 0.056100 0.062800 0.050600 0.056600 0.032000 0.075100 0.045000 0.097300 0.073100 0.038500 0.032400 0.027200
AfricanBuf 0.048600 0.169000 0.042900 0.192000 0.032200 0.038000 0.048900 0.055800 0.032200 0.072400 0.043400 0.000000 0.083200 0.065600 0.082400 0.067900 0.060000 0.060400 0.038000 0.033100 0.072600 0.043700 0.072600 0.078600 0.059400 0.073200 0.083200 0.043300 0.085700 0.032200 0.061500 0.060800 0.102800 0.077600 0.043300 0.053400 0.037800 0.060800 0.067200 0.086500 0.067000 0.085700 0.061500 0.067600 0.053400 0.092700 0.056000 0.108300 0.084000 0.049200 0.043100 0.037900
Topi 0.066100 0.203900 0.071500 0.234400 0.060300 0.055300 0.089300 0.067800 0.060600 0.090700 0.072400 0.083200 0.000000 0.095000 0.124800 0.092200 0.089200 0.089900 0.066800 0.060600 0.090800 0.073000 0.090900 0.097200 0.077200 0.109600 0.000000 0.072300 0.110600 0.060600 0.079700 0.078700 0.134400 0.005400 0.038300 0.082200 0.066200 0.078600 0.097600 0.093300 0.085300 0.110600 0.079700 0.086000 0.082200 0.112100 0.085900 0.128100 0.114700 0.078700 0.071500 0.066700
CommonDuik 0.060100 0.196100 0.054200 0.224900 0.043300 0.049400 0.037900 0.055900 0.043500 0.084200 0.054900 0.065600 0.095000 0.000000 0.094500 0.079800 0.071400 0.072000 0.049400 0.043500 0.072800 0.055300 0.084400 0.078800 0.071000 0.085100 0.095000 0.054800 0.085900 0.043500 0.073300 0.038300 0.115100 0.089400 0.054900 0.064900 0.049000 0.072400 0.066300 0.098800 0.073100 0.085900 0.073300 0.079500 0.064800 0.092300 0.067700 0.096900 0.084300 0.060900 0.054300 0.049300
Suni 0.088300 0.202700 0.082100 0.232400 0.071300 0.077600 0.077200 0.085100 0.071300 0.113900 0.083100 0.082400 0.124800 0.094500 0.000000 0.097700 0.100300 0.101100 0.077600 0.071300 0.102200 0.083800 0.114200 0.108500 0.099200 0.115200 0.124800 0.071500 0.116200 0.071300 0.103000 0.078100 0.121200 0.119100 0.083100 0.092700 0.077200 0.101700 0.097200 0.129800 0.108500 0.116300 0.103000 0.109500 0.092700 0.124300 0.097400 0.114700 0.114000 0.089500 0.082500 0.077400
Springbuck 0.062200 0.161400 0.056100 0.199100 0.044700 0.051100 0.074000 0.034100 0.045000 0.080900 0.056800 0.067900 0.092200 0.079800 0.097700 0.000000 0.067900 0.068400 0.051100 0.045000 0.033800 0.057300 0.081200 0.087500 0.073500 0.028200 0.092200 0.045100 0.028400 0.045000 0.069700 0.063000 0.100200 0.086400 0.056800 0.067100 0.050700 0.074900 0.057700 0.089500 0.075400 0.028500 0.069700 0.076100 0.067000 0.096000 0.034300 0.125700 0.099400 0.057000 0.056100 0.051000
Okapi 0.054500 0.174900 0.048700 0.191000 0.037800 0.043800 0.065900 0.061600 0.037900 0.066400 0.049300 0.060000 0.089200 0.071400 0.100300 0.067900 0.000000 0.032400 0.043800 0.037900 0.072600 0.049700 0.066600 0.072600 0.065400 0.084900 0.089200 0.049200 0.085600 0.037900 0.055600 0.066600 0.084600 0.083600 0.049200 0.048200 0.043400 0.066600 0.073100 0.080200 0.061100 0.085700 0.055600 0.061600 0.048200 0.086200 0.056000 0.115100 0.090200 0.043700 0.048700 0.043700
Giraffe 0.054900 0.176300 0.049000 0.192500 0.038000 0.044100 0.066300 0.062100 0.038200 0.067000 0.049700 0.060400 0.089900 0.072000 0.101100 0.068400 0.032400 0.000000 0.044100 0.038200 0.073100 0.050100 0.067100 0.073100 0.054600 0.085500 0.089900 0.049600 0.086200 0.038200 0.056000 0.067100 0.085200 0.084200 0.049600 0.048600 0.043700 0.067200 0.067700 0.080800 0.061500 0.086300 0.056000 0.062100 0.048500 0.086900 0.050600 0.116100 0.090800 0.044000 0.049100 0.044000
TibetanAnt 0.021500 0.151300 0.027100 0.187400 0.016200 0.011200 0.043900 0.039200 0.016200 0.055900 0.016200 0.038000 0.066800 0.049400 0.077600 0.051100 0.043800 0.044100 0.000000 0.016800 0.056100 0.011200 0.056100 0.062000 0.032200 0.068200 0.066800 0.027400 0.068800 0.016200 0.044900 0.038700 0.086000 0.061300 0.027200 0.038500 0.010700 0.044400 0.050400 0.069500 0.050500 0.068800 0.044900 0.050900 0.037700 0.056900 0.039400 0.091600 0.061600 0.033000 0.027000 0.021700
Sitatunga 0.027600 0.156700 0.010600 0.186000 0.010700 0.016200 0.038000 0.033300 0.000000 0.049800 0.022300 0.033100 0.060600 0.043500 0.071300 0.045000 0.037900 0.038200 0.016800 0.000000 0.049900 0.021700 0.049900 0.055800 0.037600 0.061900 0.060600 0.010700 0.062400 0.000000 0.038900 0.038400 0.079400 0.055100 0.021600 0.032900 0.016100 0.038500 0.044200 0.063000 0.044400 0.062400 0.038900 0.044800 0.031900 0.068700 0.033400 0.085000 0.061300 0.027400 0.010700 0.005600
Oribi 0.067000 0.185700 0.060900 0.202700 0.049700 0.056100 0.067100 0.033700 0.049900 0.085600 0.050200 0.072600 0.090800 0.072800 0.102200 0.033800 0.072600 0.073100 0.056100 0.049900 0.000000 0.062200 0.074000 0.080100 0.078200 0.027900 0.090800 0.061600 0.039600 0.049900 0.074500 0.067900 0.117000 0.079300 0.061600 0.071700 0.055600 0.079600 0.051000 0.088000 0.080100 0.028100 0.074500 0.080800 0.060400 0.082200 0.039500 0.117500 0.091800 0.061900 0.060900 0.055900
BarbaryShe 0.027000 0.165300 0.033500 0.188600 0.021700 0.016800 0.049700 0.045200 0.022300 0.062000 0.021700 0.043700 0.073000 0.055300 0.083800 0.057300 0.049700 0.050100 0.011200 0.021700 0.062200 0.000000 0.062200 0.068200 0.037800 0.074500 0.073000 0.032900 0.075200 0.022000 0.051000 0.044600 0.086500 0.067400 0.034000 0.044300 0.016200 0.050400 0.056600 0.075900 0.056600 0.075200 0.051000 0.057100 0.043200 0.069500 0.045400 0.098100 0.061800 0.039600 0.032700 0.027400
Daviddeer 0.067000 0.172000 0.060900 0.188100 0.049700 0.056100 0.078700 0.074600 0.049900 0.033000 0.050200 0.072600 0.090900 0.084400 0.114200 0.081200 0.066600 0.067100 0.056100 0.049900 0.074000 0.062200 0.000000 0.050300 0.066600 0.086500 0.090900 0.061600 0.099500 0.049900 0.022100 0.079600 0.110500 0.091300 0.061600 0.071700 0.055600 0.079700 0.086600 0.057700 0.016400 0.087300 0.022100 0.039900 0.060400 0.100400 0.068800 0.129900 0.103900 0.055900 0.060900 0.055900
Reindeer 0.073000 0.171900 0.066800 0.208500 0.055500 0.062000 0.073100 0.068900 0.055800 0.050200 0.067700 0.078600 0.097200 0.078800 0.108500 0.087500 0.072600 0.073100 0.062000 0.055800 0.080100 0.068200 0.050300 0.000000 0.072500 0.092800 0.097200 0.067600 0.093700 0.055800 0.039400 0.074000 0.117000 0.103400 0.067600 0.077700 0.061500 0.085800 0.080800 0.040100 0.044800 0.093700 0.039200 0.022300 0.077600 0.081900 0.068800 0.111400 0.098200 0.061900 0.066800 0.061800
Ibex 0.042700 0.187900 0.048200 0.184100 0.037500 0.033200 0.065500 0.061300 0.037600 0.066400 0.037500 0.059400 0.077200 0.071000 0.099200 0.073500 0.065400 0.054600 0.032200 0.037600 0.078200 0.037800 0.066600 0.072500 0.000000 0.090500 0.077200 0.048700 0.091200 0.037600 0.055600 0.060400 0.108300 0.083100 0.049900 0.058700 0.032000 0.066200 0.067000 0.080200 0.061100 0.091400 0.055600 0.061600 0.058700 0.092200 0.044000 0.108100 0.089500 0.054600 0.048400 0.043200
GyrantGaze 0.079200 0.194100 0.072900 0.204300 0.061500 0.068200 0.079300 0.039600 0.061900 0.098400 0.062200 0.073200 0.109600 0.085100 0.115200 0.028200 0.084900 0.085500 0.068200 0.061900 0.027900 0.074500 0.086500 0.092800 0.090500 0.000000 0.109600 0.073800 0.034000 0.061900 0.087200 0.080300 0.130600 0.097900 0.073800 0.083900 0.067600 0.092300 0.063100 0.107400 0.092800 0.011200 0.087200 0.093700 0.072300 0.101500 0.051500 0.131100 0.104700 0.074200 0.073000 0.068000
Hartebeest 0.066100 0.203900 0.071500 0.234400 0.060300 0.055300 0.089300 0.067800 0.060600 0.090700 0.072400 0.083200 0.000000 0.095000 0.124800 0.092200 0.089200 0.089900 0.066800 0.060600 0.090800 0.073000 0.090900 0.097200 0.077200 0.109600 0.000000 0.072300 0.110600 0.060600 0.079700 0.078700 0.134400 0.005400 0.038300 0.082200 0.066200 0.078600 0.097600 0.093300 0.085300 0.110600 0.079700 0.086000 0.082200 0.112100 0.085900 0.128100 0.114700 0.078700 0.071500 0.066700
Bongo 0.037900 0.157200 0.022100 0.200100 0.021500 0.028100 0.049300 0.044800 0.011100 0.061400 0.032600 0.043300 0.072300 0.054800 0.071500 0.045100 0.049200 0.049600 0.027400 0.010700 0.061600 0.032900 0.061600 0.067600 0.048700 0.073800 0.072300 0.000000 0.074500 0.011100 0.050500 0.038600 0.079700 0.066800 0.032600 0.042900 0.027100 0.049900 0.056100 0.075200 0.056000 0.074500 0.050500 0.056500 0.042800 0.081300 0.044900 0.097200 0.073100 0.038400 0.021500 0.016200
Gerenuk 0.080000 0.196000 0.073600 0.220300 0.062100 0.068800 0.080100 0.040000 0.062400 0.099300 0.074600 0.085700 0.110600 0.085900 0.116200 0.028400 0.085600 0.086200 0.068800 0.062400 0.039600 0.075200 0.099500 0.093700 0.091200 0.034000 0.110600 0.074500 0.000000 0.062400 0.088000 0.081000 0.131900 0.104700 0.074500 0.084700 0.068200 0.093100 0.063800 0.108400 0.093700 0.034300 0.088000 0.094600 0.084600 0.102500 0.052000 0.132300 0.105700 0.074800 0.073600 0.068600
CommonElan 0.026900 0.156700 0.011000 0.186000 0.010700 0.016700 0.038000 0.033300 0.000000 0.049800 0.021600 0.032200 0.060600 0.043500 0.071300 0.045000 0.037900 0.038200 0.016200 0.000000 0.049900 0.022000 0.049900 0.055800 0.037600 0.061900 0.060600 0.011100 0.062400 0.000000 0.038900 0.038400 0.079400 0.055100 0.021600 0.031900 0.016100 0.038500 0.044200 0.063000 0.044400 0.062400 0.038900 0.044800 0.031900 0.068700 0.033400 0.085000 0.061300 0.028000 0.010700 0.005500
MuntiacusR 0.055900 0.160000 0.049900 0.196700 0.038700 0.044900 0.067600 0.063300 0.038900 0.011200 0.050600 0.061500 0.079700 0.073300 0.103000 0.069700 0.055600 0.056000 0.044900 0.038900 0.074500 0.051000 0.022100 0.039400 0.055600 0.087200 0.079700 0.050500 0.088000 0.038900 0.000000 0.068400 0.099100 0.085800 0.050500 0.060800 0.044500 0.068400 0.075100 0.046300 0.017000 0.088000 0.000000 0.022900 0.060800 0.088600 0.057500 0.118300 0.092500 0.039000 0.049900 0.044800
HarveysDui 0.049500 0.178400 0.049300 0.208300 0.038200 0.038700 0.032800 0.050800 0.038400 0.079400 0.044200 0.060800 0.078700 0.038300 0.078100 0.063000 0.066600 0.067100 0.038700 0.038400 0.067900 0.044600 0.079600 0.074000 0.060400 0.080300 0.078700 0.038600 0.081000 0.038400 0.068400 0.000000 0.098300 0.073000 0.049900 0.060100 0.038300 0.067500 0.061700 0.094000 0.074000 0.081000 0.068400 0.074600 0.060000 0.075100 0.062800 0.104500 0.079500 0.056000 0.049300 0.044300
Pronghorn 0.097000 0.193000 0.090600 0.215000 0.079100 0.086000 0.109200 0.105800 0.079400 0.110200 0.091700 0.102800 0.134400 0.115100 0.121200 0.100200 0.084600 0.085200 0.086000 0.079400 0.117000 0.086500 0.110500 0.117000 0.108300 0.130600 0.134400 0.079700 0.131900 0.079400 0.099100 0.098300 0.000000 0.128500 0.091700 0.089700 0.079500 0.104200 0.111400 0.126300 0.104700 0.118400 0.099100 0.105700 0.089600 0.126200 0.099800 0.163100 0.135900 0.085800 0.090600 0.085800
BlueWildeb 0.060600 0.197600 0.066000 0.235500 0.054800 0.049800 0.083700 0.062100 0.055100 0.096800 0.061200 0.077600 0.005400 0.089400 0.119100 0.086400 0.083600 0.084200 0.061300 0.055100 0.079300 0.067400 0.091300 0.103400 0.083100 0.097900 0.005400 0.066800 0.104700 0.055100 0.085800 0.073000 0.128500 0.000000 0.032800 0.076700 0.060700 0.072900 0.091600 0.099600 0.091400 0.098800 0.085800 0.092200 0.071200 0.105900 0.080200 0.122200 0.108900 0.073000 0.066000 0.061100
Gemsbok 0.027800 0.170600 0.032300 0.200300 0.021500 0.016900 0.049300 0.033400 0.021600 0.061500 0.032700 0.043300 0.038300 0.054900 0.083100 0.056800 0.049200 0.049600 0.027200 0.021600 0.061600 0.034000 0.061600 0.067600 0.049900 0.073800 0.038300 0.032600 0.074500 0.021600 0.050500 0.049900 0.091700 0.032800 0.000000 0.044200 0.027100 0.038600 0.056100 0.075200 0.056100 0.074500 0.050500 0.056600 0.042900 0.081300 0.045000 0.085200 0.073100 0.038400 0.032400 0.027100
Yak 0.049700 0.166800 0.042400 0.195800 0.031900 0.037500 0.059400 0.055100 0.031900 0.060300 0.042900 0.053400 0.082200 0.064900 0.092700 0.067100 0.048200 0.048600 0.038500 0.032900 0.071700 0.044300 0.071700 0.077700 0.058700 0.083900 0.082200 0.042900 0.084700 0.031900 0.060800 0.060100 0.089700 0.076700 0.044200 0.000000 0.037400 0.054600 0.066400 0.085400 0.066300 0.084700 0.060800 0.066800 0.021500 0.091600 0.055300 0.095300 0.071600 0.049700 0.042600 0.037400
BlueSheep 0.021400 0.163000 0.026800 0.185500 0.016000 0.010700 0.043500 0.038800 0.016100 0.055400 0.016100 0.037800 0.066200 0.049000 0.077200 0.050700 0.043400 0.043700 0.010700 0.016100 0.055600 0.016200 0.055600 0.061500 0.032000 0.067600 0.066200 0.027100 0.068200 0.016100 0.044500 0.038300 0.079500 0.060700 0.027100 0.037400 0.000000 0.044000 0.049700 0.068800 0.050000 0.068200 0.044500 0.050500 0.037400 0.068300 0.039000 0.091200 0.066900 0.032800 0.026800 0.021600
BohorReedb 0.043900 0.178600 0.049300 0.208500 0.038300 0.033100 0.066700 0.062500 0.038500 0.079500 0.049900 0.060800 0.078600 0.072400 0.101700 0.074900 0.066600 0.067200 0.044400 0.038500 0.079600 0.050400 0.079700 0.085800 0.066200 0.092300 0.078600 0.049900 0.093100 0.038500 0.068400 0.067500 0.104200 0.072900 0.038600 0.054600 0.044000 0.000000 0.074200 0.094100 0.074000 0.086900 0.068400 0.074700 0.060100 0.100600 0.062700 0.092200 0.091300 0.056000 0.049300 0.044300
KirksDik 0.061500 0.202400 0.055400 0.219300 0.044300 0.050400 0.061200 0.045600 0.044200 0.086400 0.056100 0.067200 0.097600 0.066300 0.097200 0.057700 0.073100 0.067700 0.050400 0.044200 0.051000 0.056600 0.086600 0.080800 0.067000 0.063100 0.097600 0.056100 0.063800 0.044200 0.075100 0.061700 0.111400 0.091600 0.056100 0.066400 0.049700 0.074200 0.000000 0.101400 0.080800 0.063700 0.075100 0.081600 0.066400 0.082500 0.045300 0.112500 0.086400 0.062400 0.055200 0.050200
RoeDeer 0.080700 0.141500 0.074300 0.185700 0.062700 0.069500 0.092900 0.082700 0.063000 0.057600 0.075300 0.086500 0.093300 0.098800 0.129800 0.089500 0.080200 0.080800 0.069500 0.063000 0.088000 0.075900 0.057700 0.040100 0.080200 0.107400 0.093300 0.075200 0.108400 0.063000 0.046300 0.094000 0.126300 0.099600 0.075200 0.085400 0.068800 0.094100 0.101400 0.000000 0.052000 0.108500 0.046300 0.028700 0.085400 0.057900 0.076600 0.126600 0.112800 0.069300 0.074300 0.069300
WhiteLippe 0.061400 0.165900 0.055400 0.195400 0.044200 0.050500 0.073100 0.068900 0.044400 0.028200 0.056100 0.067000 0.085300 0.073100 0.108500 0.075400 0.061100 0.061500 0.050500 0.044400 0.080100 0.056600 0.016400 0.044800 0.061100 0.092800 0.085300 0.056000 0.093700 0.044400 0.017000 0.074000 0.104700 0.091400 0.056100 0.066300 0.050000 0.074000 0.080800 0.052000 0.000000 0.093700 0.016600 0.033700 0.066200 0.094500 0.063100 0.124100 0.098200 0.050400 0.055400 0.050300
ThomsonGaz 0.080000 0.188800 0.073600 0.199100 0.062100 0.068800 0.080100 0.040000 0.062400 0.099300 0.062800 0.085700 0.110600 0.085900 0.116300 0.028500 0.085700 0.086300 0.068800 0.062400 0.028100 0.075200 0.087300 0.093700 0.091400 0.011200 0.110600 0.074500 0.034300 0.062400 0.088000 0.081000 0.118400 0.098800 0.074500 0.084700 0.068200 0.086900 0.063700 0.108500 0.093700 0.000000 0.088000 0.094600 0.073000 0.102500 0.052000 0.132300 0.105700 0.074800 0.073600 0.068600
MuntiacusC 0.055900 0.160000 0.049900 0.196700 0.038700 0.044900 0.067600 0.063300 0.038900 0.010900 0.050600 0.061500 0.079700 0.073300 0.103000 0.069700 0.055600 0.056000 0.044900 0.038900 0.074500 0.051000 0.022100 0.039200 0.055600 0.087200 0.079700 0.050500 0.088000 0.038900 0.000000 0.068400 0.099100 0.085800 0.050500 0.060800 0.044500 0.068400 0.075100 0.046300 0.016600 0.088000 0.000000 0.022300 0.060800 0.088600 0.057500 0.118300 0.092500 0.039000 0.049900 0.044800
WhiteTaile 0.062000 0.160200 0.055900 0.196900 0.044600 0.050900 0.073700 0.069600 0.044800 0.033300 0.056600 0.067600 0.086000 0.079500 0.109500 0.076100 0.061600 0.062100 0.050900 0.044800 0.080800 0.057100 0.039900 0.022300 0.061600 0.093700 0.086000 0.056500 0.094600 0.044800 0.022900 0.074600 0.105700 0.092200 0.056600 0.066800 0.050500 0.074700 0.081600 0.028700 0.033700 0.094600 0.022300 0.000000 0.066800 0.082600 0.057600 0.112500 0.099100 0.045000 0.055900 0.050800
Cattle 0.048000 0.166700 0.042400 0.182700 0.031800 0.037500 0.059300 0.055100 0.031900 0.060200 0.032000 0.053400 0.082200 0.064800 0.092700 0.067000 0.048200 0.048500 0.037700 0.031900 0.060400 0.043200 0.060400 0.077600 0.058700 0.072300 0.082200 0.042800 0.084600 0.031900 0.060800 0.060000 0.089600 0.071200 0.042900 0.021500 0.037400 0.060100 0.066400 0.085400 0.066200 0.073000 0.060800 0.066800 0.000000 0.091500 0.055300 0.095200 0.071600 0.048700 0.042600 0.037400
RoyalAntel 0.080600 0.170000 0.080200 0.194600 0.068800 0.069200 0.086700 0.076800 0.068700 0.100100 0.075100 0.092700 0.112100 0.092300 0.124300 0.096000 0.086200 0.086900 0.056900 0.068700 0.082200 0.069500 0.100400 0.081900 0.092200 0.101500 0.112100 0.081300 0.102500 0.068700 0.088600 0.075100 0.126200 0.105900 0.081300 0.091600 0.068300 0.100600 0.082500 0.057900 0.094500 0.102500 0.088600 0.082600 0.091500 0.000000 0.089500 0.114800 0.094500 0.075300 0.080100 0.075200
Steenbok 0.050400 0.166400 0.044400 0.183000 0.033200 0.039400 0.062000 0.045800 0.033400 0.068700 0.045000 0.056000 0.085900 0.067700 0.097400 0.034300 0.056000 0.050600 0.039400 0.033400 0.039500 0.045400 0.068800 0.068800 0.044000 0.051500 0.085900 0.044900 0.052000 0.033400 0.057500 0.062800 0.099800 0.080200 0.045000 0.055300 0.039000 0.062700 0.045300 0.076600 0.063100 0.052000 0.057500 0.057600 0.055300 0.089500 0.000000 0.112500 0.086800 0.045200 0.044400 0.039300
Impala 0.090600 0.229600 0.096100 0.246700 0.084900 0.079600 0.103200 0.099700 0.085000 0.117200 0.097300 0.108300 0.128100 0.096900 0.114700 0.125700 0.115100 0.116100 0.091600 0.085000 0.117500 0.098100 0.129900 0.111400 0.108100 0.131100 0.128100 0.097200 0.132300 0.085000 0.118300 0.104500 0.163100 0.122200 0.085200 0.095300 0.091200 0.092200 0.112500 0.126600 0.124100 0.132300 0.118300 0.112500 0.095200 0.114800 0.112500 0.000000 0.104800 0.104000 0.096500 0.093600
Klipspring 0.078400 0.178400 0.072200 0.215500 0.060900 0.067500 0.078500 0.074500 0.061300 0.091600 0.073100 0.084000 0.114700 0.084300 0.114000 0.099400 0.090200 0.090800 0.061600 0.061300 0.091800 0.061800 0.103900 0.098200 0.089500 0.104700 0.114700 0.073100 0.105700 0.061300 0.092500 0.079500 0.135900 0.108900 0.073100 0.071600 0.066900 0.091300 0.086400 0.112800 0.098200 0.105700 0.092500 0.099100 0.071600 0.094500 0.086800 0.104800 0.000000 0.079500 0.072200 0.067300
ForestMusk 0.044700 0.164300 0.038300 0.193800 0.027200 0.033000 0.055300 0.050800 0.027200 0.050000 0.038500 0.049200 0.078700 0.060900 0.089500 0.057000 0.043700 0.044000 0.033000 0.027400 0.061900 0.039600 0.055900 0.061900 0.054600 0.074200 0.078700 0.038400 0.074800 0.028000 0.039000 0.056000 0.085800 0.073000 0.038400 0.049700 0.032800 0.056000 0.062400 0.069300 0.050400 0.074800 0.039000 0.045000 0.048700 0.075300 0.045200 0.104000 0.079500 0.000000 0.038200 0.032900
Bushbuck 0.037700 0.168400 0.021300 0.197600 0.021300 0.027000 0.048800 0.044200 0.010700 0.060800 0.032400 0.043100 0.071500 0.054300 0.082500 0.056100 0.048700 0.049100 0.027000 0.010700 0.060900 0.032700 0.060900 0.066800 0.048400 0.073000 0.071500 0.021500 0.073600 0.010700 0.049900 0.049300 0.090600 0.066000 0.032400 0.042600 0.026800 0.049300 0.055200 0.074300 0.055400 0.073600 0.049900 0.055900 0.042600 0.080100 0.044400 0.096500 0.072200 0.038200 0.000000 0.016100
GreaterKud 0.032500 0.157600 0.016000 0.193600 0.016100 0.022400 0.043700 0.039100 0.005600 0.055800 0.027200 0.037900 0.066700 0.049300 0.077400 0.051000 0.043700 0.044000 0.021700 0.005600 0.055900 0.027400 0.055900 0.061800 0.043200 0.068000 0.066700 0.016200 0.068600 0.005500 0.044800 0.044300 0.085800 0.061100 0.027100 0.037400 0.021600 0.044300 0.050200 0.069300 0.050300 0.068600 0.044800 0.050800 0.037400 0.075200 0.039300 0.093600 0.067300 0.032900 0.016100 0.000000
