1
52 1
Argali 0.000000 0.390600 0.152700 0.373700 0.159300 0.000000 0.132300 0.127200 0.101100 0.104000 0.048500 0.124600 0.152000 0.153500 0.140000 0.101600 0.159300 0.162600 0.095800 0.121200 0.149700 0.048500 0.099000 0.073900 0.048500 0.231000 0.152500 0.090300 0.126600 0.100800 0.074400 0.154100 0.047700 0.102400 0.121800 0.133500 0.072400 0.157700 0.184500 0.097700 0.073900 0.147200 0.099000 0.074500 0.073900 0.124300 0.183400 0.248300 0.149800 0.100800 0.125600 0.100500
LesserMous 0.390600 0.000000 0.375700 0.563700 0.310400 0.390600 0.271300 0.343700 0.305100 0.236500 0.395900 0.332800 0.438400 0.379300 0.294200 0.306600 0.365800 0.376700 0.458200 0.347300 0.456200 0.395900 0.298600 0.263200 0.395900 0.439700 0.491700 0.377600 0.338700 0.303100 0.265300 0.384100 0.296200 0.411200 0.454400 0.270000 0.432800 0.306800 0.333100 0.292300 0.263200 0.401700 0.298600 0.266000 0.262500 0.293700 0.378500 0.343500 0.371800 0.305200 0.296900 0.302200
LesserKudu 0.152700 0.375700 0.000000 0.369000 0.101200 0.152700 0.075500 0.072800 0.048200 0.102300 0.099700 0.071400 0.151500 0.046800 0.109400 0.048500 0.128600 0.131200 0.147800 0.073400 0.147800 0.099700 0.097400 0.072800 0.099700 0.228000 0.097600 0.097300 0.072600 0.048100 0.073300 0.097800 0.097300 0.101900 0.128200 0.130900 0.124200 0.100100 0.023200 0.096200 0.072800 0.145400 0.097400 0.073400 0.072800 0.071200 0.071600 0.183200 0.095300 0.099500 0.071900 0.047900
KillerWhal 0.373700 0.563700 0.369000 0.000000 0.426300 0.373700 0.472400 0.374400 0.417700 0.356600 0.447500 0.446800 0.482700 0.451600 0.507200 0.418500 0.379800 0.387600 0.361200 0.455900 0.400100 0.447500 0.412000 0.376900 0.447500 0.558700 0.441400 0.408900 0.446600 0.414300 0.380300 0.494700 0.340000 0.461100 0.491100 0.479700 0.480600 0.422700 0.415000 0.404500 0.376900 0.432800 0.412000 0.381300 0.375600 0.405200 0.496600 0.545300 0.473600 0.347500 0.407500 0.413400
DefassaWat 0.159300 0.310400 0.101200 0.426300 0.000000 0.159300 0.078900 0.075900 0.050200 0.051800 0.103900 0.074300 0.157900 0.101700 0.144500 0.050500 0.136300 0.139000 0.153700 0.063200 0.153600 0.103900 0.101700 0.076000 0.103900 0.236400 0.158400 0.090500 0.075600 0.050300 0.076600 0.102000 0.101200 0.106400 0.121300 0.137300 0.129400 0.000100 0.130600 0.100200 0.076000 0.150900 0.101700 0.076600 0.076000 0.074100 0.129900 0.131800 0.099500 0.103700 0.074900 0.050000
Sheep 0.000000 0.390600 0.152700 0.373700 0.159300 0.000000 0.132300 0.127200 0.101100 0.104000 0.048500 0.124600 0.152000 0.153500 0.140000 0.101600 0.159300 0.162600 0.095800 0.121200 0.149700 0.048500 0.099000 0.073900 0.048500 0.231000 0.152500 0.090300 0.126600 0.100800 0.074400 0.154100 0.047700 0.102400 0.121800 0.133500 0.072400 0.157700 0.184500 0.097700 0.073900 0.147200 0.099000 0.074500 0.073900 0.124300 0.183400 0.248300 0.149800 0.100800 0.125600 0.100500
MaxwellsDu 0.132300 0.271300 0.075500 0.472400 0.078900 0.132300 0.000000 0.050100 0.025000 0.080000 0.077800 0.049300 0.131400 0.075400 0.114900 0.025100 0.168500 0.172100 0.127700 0.050900 0.126600 0.077800 0.075900 0.050500 0.077800 0.208300 0.131600 0.075600 0.050000 0.025000 0.050800 0.075700 0.075600 0.079600 0.107000 0.109300 0.103300 0.078000 0.103700 0.074900 0.050500 0.124600 0.075900 0.050900 0.050500 0.049300 0.103300 0.163400 0.074100 0.077400 0.049700 0.024900
GazellaPrz 0.127200 0.343700 0.072800 0.374400 0.075900 0.127200 0.050100 0.000000 0.024100 0.076900 0.074800 0.047600 0.126400 0.072800 0.110100 0.024200 0.161800 0.165100 0.123100 0.049000 0.071000 0.074800 0.073100 0.048600 0.074800 0.201000 0.126600 0.072900 0.044400 0.024100 0.048900 0.072900 0.072800 0.076500 0.102800 0.104900 0.099500 0.075100 0.099900 0.072200 0.048600 0.120400 0.073100 0.049000 0.048600 0.047500 0.099500 0.157000 0.071500 0.074500 0.047900 0.024000
MountainNy 0.101100 0.305100 0.048200 0.417700 0.050200 0.101100 0.025000 0.024100 0.000000 0.050800 0.049600 0.023600 0.100100 0.048400 0.082200 0.000100 0.133600 0.136500 0.097800 0.024400 0.097500 0.049600 0.048400 0.024100 0.049600 0.175200 0.100200 0.048300 0.024100 0.000100 0.024300 0.048500 0.048200 0.050800 0.076800 0.078300 0.074100 0.049600 0.074400 0.047700 0.024100 0.096000 0.048400 0.024300 0.024200 0.023600 0.074200 0.130100 0.047400 0.049300 0.023800 0.000100
MuntiacusM 0.104000 0.236500 0.102300 0.356600 0.051800 0.104000 0.080000 0.076900 0.050800 0.000000 0.105400 0.075200 0.160400 0.103000 0.084800 0.051200 0.079900 0.081600 0.155700 0.066400 0.155600 0.105400 0.049800 0.024800 0.105400 0.240300 0.160900 0.093800 0.076500 0.050800 0.025000 0.103300 0.049600 0.108100 0.124000 0.080600 0.131200 0.051200 0.132400 0.049100 0.024800 0.152900 0.049800 0.025000 0.024800 0.075000 0.131700 0.133700 0.100400 0.050700 0.075800 0.050600
goat 0.048500 0.395900 0.099700 0.447500 0.103900 0.048500 0.077800 0.074800 0.049600 0.105400 0.000000 0.073300 0.098900 0.100100 0.142500 0.049900 0.160700 0.164100 0.046800 0.075600 0.151500 0.000000 0.100300 0.075000 0.000000 0.234000 0.099000 0.100000 0.074700 0.049500 0.075500 0.100400 0.099900 0.050200 0.075900 0.135700 0.023700 0.102800 0.128600 0.099000 0.075000 0.149200 0.100300 0.075600 0.075000 0.073200 0.128000 0.188800 0.097900 0.102300 0.074000 0.049300
AfricanBuf 0.124600 0.332800 0.071400 0.446800 0.074300 0.124600 0.049300 0.047600 0.023600 0.075200 0.073300 0.000000 0.071500 0.071700 0.107700 0.023800 0.158200 0.161500 0.120700 0.048000 0.120600 0.073300 0.071600 0.047600 0.073300 0.198700 0.071500 0.071500 0.047500 0.023600 0.047900 0.071800 0.071400 0.024100 0.100800 0.102600 0.046900 0.073400 0.097800 0.070800 0.047600 0.118800 0.071600 0.047900 0.047600 0.046600 0.097500 0.154000 0.070200 0.072900 0.047000 0.023500
Topi 0.152000 0.438400 0.151500 0.482700 0.157900 0.152000 0.131400 0.126400 0.100100 0.160400 0.098900 0.071500 0.000000 0.152200 0.203600 0.101000 0.217600 0.222400 0.146100 0.128000 0.205500 0.098900 0.152600 0.126600 0.098900 0.229100 0.046400 0.152300 0.126200 0.100200 0.127600 0.152800 0.151800 0.048800 0.128600 0.193500 0.071400 0.156200 0.183100 0.150600 0.126600 0.145800 0.152600 0.127800 0.126500 0.071400 0.182300 0.248800 0.149200 0.155600 0.072100 0.099900
CommonDuik 0.153500 0.379300 0.046800 0.451600 0.101700 0.153500 0.075400 0.072800 0.048400 0.103000 0.100100 0.071700 0.152200 0.000000 0.138200 0.048500 0.129500 0.132000 0.148500 0.073700 0.147600 0.100100 0.097900 0.073200 0.100100 0.227900 0.152600 0.097600 0.072500 0.048300 0.073600 0.047300 0.097700 0.102400 0.128800 0.131600 0.124900 0.100600 0.072200 0.096700 0.073200 0.145300 0.097900 0.073700 0.073100 0.071500 0.071900 0.183900 0.095700 0.099800 0.072100 0.048100
Suni 0.140000 0.294200 0.109400 0.507200 0.144500 0.140000 0.114900 0.110100 0.082200 0.084800 0.142500 0.107700 0.203600 0.138200 0.000000 0.082600 0.179400 0.183600 0.195600 0.111600 0.194900 0.142500 0.080200 0.053300 0.142500 0.287000 0.203900 0.138000 0.109800 0.081900 0.053700 0.138800 0.079400 0.146300 0.177200 0.084800 0.170400 0.142600 0.171200 0.078900 0.053300 0.191800 0.080200 0.053600 0.053200 0.107600 0.170400 0.171800 0.134900 0.081300 0.108900 0.081700
Springbuck 0.101600 0.306600 0.048500 0.418500 0.050500 0.101600 0.025100 0.024200 0.000100 0.051200 0.049900 0.023800 0.101000 0.048500 0.082600 0.000000 0.134500 0.137300 0.098300 0.024500 0.097900 0.049900 0.048700 0.024300 0.049900 0.175300 0.101100 0.048600 0.024100 0.000100 0.024500 0.048600 0.048400 0.051000 0.077200 0.078800 0.074500 0.050000 0.074900 0.048100 0.024300 0.096200 0.048700 0.024400 0.024300 0.023800 0.074600 0.130800 0.047700 0.049600 0.024000 0.000100
Okapi 0.159300 0.365800 0.128600 0.379800 0.136300 0.159300 0.168500 0.161800 0.133600 0.079900 0.160700 0.158200 0.217600 0.129500 0.179400 0.134500 0.000000 0.051100 0.211900 0.162900 0.246600 0.160700 0.130300 0.103700 0.160700 0.341600 0.218600 0.188800 0.160700 0.133300 0.105100 0.190700 0.130700 0.164900 0.192800 0.170200 0.187000 0.134800 0.159800 0.129100 0.103700 0.242500 0.130300 0.105200 0.104200 0.157900 0.158800 0.225500 0.184700 0.134100 0.159300 0.132700
Giraffe 0.162600 0.376700 0.131200 0.387600 0.139000 0.162600 0.172100 0.165100 0.136500 0.081600 0.164100 0.161500 0.222400 0.132000 0.183600 0.137300 0.051100 0.000000 0.216300 0.166500 0.219300 0.164100 0.076900 0.106400 0.164100 0.312700 0.223400 0.192800 0.164100 0.136100 0.107200 0.194700 0.133400 0.168400 0.197000 0.174000 0.191000 0.137600 0.163100 0.131700 0.106400 0.215800 0.076900 0.107400 0.106300 0.161200 0.162200 0.230600 0.188600 0.136800 0.162700 0.135500
TibetanAnt 0.095800 0.458200 0.147800 0.361200 0.153700 0.095800 0.127700 0.123100 0.097800 0.155700 0.046800 0.120700 0.146100 0.148500 0.195600 0.098300 0.211900 0.216300 0.000000 0.124000 0.200100 0.046800 0.148500 0.123100 0.046800 0.283100 0.146500 0.147900 0.122500 0.097500 0.124000 0.149000 0.148700 0.098900 0.124200 0.186500 0.070200 0.152200 0.178000 0.146700 0.123100 0.196700 0.148500 0.124200 0.123100 0.120300 0.176900 0.238600 0.145000 0.097800 0.121400 0.097200
Sitatunga 0.121200 0.347300 0.073400 0.455900 0.063200 0.121200 0.050900 0.049000 0.024400 0.066400 0.075600 0.048000 0.128000 0.073700 0.111600 0.024500 0.162900 0.166500 0.124000 0.000000 0.123800 0.075600 0.073800 0.049100 0.075600 0.204200 0.128000 0.023600 0.049000 0.024300 0.049200 0.073900 0.073600 0.077400 0.050000 0.106200 0.100300 0.064700 0.100400 0.072800 0.049100 0.122100 0.073800 0.049500 0.049100 0.048000 0.100100 0.159200 0.072200 0.075200 0.048300 0.024200
Oribi 0.149700 0.456200 0.147800 0.400100 0.153600 0.149700 0.126600 0.071000 0.097500 0.155600 0.151500 0.120600 0.205500 0.147600 0.194900 0.097900 0.246600 0.219300 0.200100 0.123800 0.000000 0.151500 0.121500 0.122800 0.151500 0.164100 0.205900 0.095400 0.121800 0.097300 0.123600 0.148000 0.095300 0.154900 0.182000 0.185700 0.176600 0.152000 0.177600 0.146300 0.122800 0.090300 0.121500 0.123800 0.122700 0.120000 0.176700 0.239200 0.144800 0.150900 0.121300 0.096900
BarbaryShe 0.048500 0.395900 0.099700 0.447500 0.103900 0.048500 0.077800 0.074800 0.049600 0.105400 0.000000 0.073300 0.098900 0.100100 0.142500 0.049900 0.160700 0.164100 0.046800 0.075600 0.151500 0.000000 0.100300 0.075000 0.000000 0.234000 0.099000 0.100000 0.074700 0.049500 0.075500 0.100400 0.099900 0.050200 0.075900 0.135700 0.023700 0.102800 0.128600 0.099000 0.075000 0.149200 0.100300 0.075600 0.075000 0.073200 0.128000 0.188800 0.097900 0.102300 0.074000 0.049300
Daviddeer 0.099000 0.298600 0.097400 0.412000 0.101700 0.099000 0.075900 0.073100 0.048400 0.049800 0.100300 0.071600 0.152600 0.097900 0.080200 0.048700 0.130300 0.076900 0.148500 0.073800 0.121500 0.100300 0.000000 0.023500 0.100300 0.199700 0.152900 0.097700 0.072900 0.048400 0.023800 0.098200 0.047300 0.102600 0.129200 0.076500 0.124800 0.100600 0.125700 0.046800 0.023500 0.119600 0.000000 0.023800 0.023600 0.071500 0.125100 0.184500 0.095700 0.048300 0.072200 0.048200
Reindeer 0.073900 0.263200 0.072800 0.376900 0.076000 0.073900 0.050500 0.048600 0.024100 0.024800 0.075000 0.047600 0.126600 0.073200 0.053300 0.024300 0.103700 0.106400 0.123100 0.049100 0.122800 0.075000 0.023500 0.000000 0.075000 0.202000 0.126800 0.073000 0.048500 0.024100 0.000100 0.073400 0.023500 0.076700 0.103100 0.050900 0.099500 0.075100 0.100100 0.023300 0.000000 0.121000 0.023500 0.000100 0.000100 0.047500 0.099700 0.157500 0.071600 0.024000 0.048000 0.024000
Ibex 0.048500 0.395900 0.099700 0.447500 0.103900 0.048500 0.077800 0.074800 0.049600 0.105400 0.000000 0.073300 0.098900 0.100100 0.142500 0.049900 0.160700 0.164100 0.046800 0.075600 0.151500 0.000000 0.100300 0.075000 0.000000 0.234000 0.099000 0.100000 0.074700 0.049500 0.075500 0.100400 0.099900 0.050200 0.075900 0.135700 0.023700 0.102800 0.128600 0.099000 0.075000 0.149200 0.100300 0.075600 0.075000 0.073200 0.128000 0.188800 0.097900 0.102300 0.074000 0.049300
GyrantGaze 0.231000 0.439700 0.228000 0.558700 0.236400 0.231000 0.208300 0.201000 0.175200 0.240300 0.234000 0.198700 0.229100 0.227900 0.287000 0.175300 0.341600 0.312700 0.283100 0.204200 0.164100 0.234000 0.199700 0.202000 0.234000 0.000000 0.294500 0.171300 0.200600 0.174600 0.203400 0.228900 0.170700 0.240000 0.270200 0.275300 0.260300 0.234100 0.262500 0.225600 0.202000 0.064300 0.199700 0.203800 0.201600 0.142100 0.261100 0.263500 0.166900 0.233000 0.143700 0.174100
Hartebeest 0.152500 0.491700 0.097600 0.441400 0.158400 0.152500 0.131600 0.126600 0.100200 0.160900 0.099000 0.071500 0.046400 0.152600 0.203900 0.101100 0.218600 0.223400 0.146500 0.128000 0.205900 0.099000 0.152900 0.126800 0.099000 0.294500 0.000000 0.152400 0.126300 0.100300 0.127800 0.153200 0.152300 0.048900 0.128400 0.193700 0.071500 0.156700 0.125900 0.151000 0.126800 0.203100 0.152900 0.128000 0.126700 0.123900 0.182600 0.248500 0.149300 0.156100 0.125100 0.099900
Bongo 0.090300 0.377600 0.097300 0.408900 0.090500 0.090300 0.075600 0.072900 0.048300 0.093800 0.100000 0.071500 0.152300 0.097600 0.138000 0.048600 0.188800 0.192800 0.147900 0.023600 0.095400 0.100000 0.097700 0.073000 0.100000 0.171300 0.152400 0.000000 0.072800 0.048300 0.073200 0.097900 0.047200 0.102200 0.074200 0.131400 0.124500 0.091500 0.124600 0.096400 0.073000 0.093900 0.097700 0.073600 0.073000 0.071400 0.124100 0.184000 0.095600 0.099500 0.071800 0.047900
Gerenuk 0.126600 0.338700 0.072600 0.446600 0.075600 0.126600 0.050000 0.044400 0.024100 0.076500 0.074700 0.047500 0.126200 0.072500 0.109800 0.024100 0.160700 0.164100 0.122500 0.049000 0.121800 0.074700 0.072900 0.048500 0.074700 0.200600 0.126300 0.072800 0.000000 0.024100 0.048800 0.072700 0.072600 0.076400 0.102900 0.104700 0.099100 0.074700 0.099600 0.071900 0.048500 0.120100 0.072900 0.048900 0.048500 0.047400 0.099200 0.156800 0.071400 0.074200 0.047900 0.024000
CommonElan 0.100800 0.303100 0.048100 0.414300 0.050300 0.100800 0.025000 0.024100 0.000100 0.050800 0.049500 0.023600 0.100200 0.048300 0.081900 0.000100 0.133300 0.136100 0.097500 0.024300 0.097300 0.049500 0.048400 0.024100 0.049500 0.174600 0.100300 0.048300 0.024100 0.000000 0.024300 0.048400 0.048100 0.050600 0.076600 0.078100 0.073900 0.049700 0.074300 0.047700 0.024100 0.095800 0.048400 0.024300 0.024100 0.023600 0.074000 0.129700 0.047200 0.049200 0.023800 0.000100
MuntiacusR 0.074400 0.265300 0.073300 0.380300 0.076600 0.074400 0.050800 0.048900 0.024300 0.025000 0.075500 0.047900 0.127600 0.073600 0.053700 0.024500 0.105100 0.107200 0.124000 0.049200 0.123600 0.075500 0.023800 0.000100 0.075500 0.203400 0.127800 0.073200 0.048800 0.024300 0.000000 0.073800 0.023600 0.077300 0.103900 0.051300 0.100300 0.075700 0.100400 0.023500 0.000100 0.121700 0.023800 0.000100 0.000100 0.047900 0.099900 0.158600 0.072100 0.024200 0.048200 0.024100
HarveysDui 0.154100 0.384100 0.097800 0.494700 0.102000 0.154100 0.075700 0.072900 0.048500 0.103300 0.100400 0.071800 0.152800 0.047300 0.138800 0.048600 0.190700 0.194700 0.149000 0.073900 0.148000 0.100400 0.098200 0.073400 0.100400 0.228900 0.153200 0.097900 0.072700 0.048400 0.073800 0.000000 0.097900 0.102700 0.129400 0.132100 0.125200 0.100900 0.125900 0.097000 0.073400 0.145700 0.098200 0.073900 0.073300 0.071700 0.125400 0.184800 0.096000 0.100200 0.072300 0.048200
Pronghorn 0.047700 0.296200 0.097300 0.340000 0.101200 0.047700 0.075600 0.072800 0.048200 0.049600 0.099900 0.071400 0.151800 0.097700 0.079400 0.048400 0.130700 0.133400 0.148700 0.073600 0.095300 0.099900 0.047300 0.023500 0.099900 0.170700 0.152300 0.047200 0.072600 0.048100 0.023600 0.097900 0.000000 0.102100 0.128500 0.064800 0.124500 0.100200 0.125300 0.046600 0.023500 0.093800 0.047300 0.023800 0.023400 0.071100 0.124700 0.182900 0.095400 0.048400 0.072000 0.048000
BlueWildeb 0.102400 0.411200 0.101900 0.461100 0.106400 0.102400 0.079600 0.076500 0.050800 0.108100 0.050200 0.024100 0.048800 0.102400 0.146300 0.051000 0.164900 0.168400 0.098900 0.077400 0.154900 0.050200 0.102600 0.076700 0.050200 0.240000 0.048900 0.102200 0.076400 0.050600 0.077300 0.102700 0.102100 0.000000 0.077400 0.139100 0.024100 0.105300 0.131700 0.101300 0.076700 0.152600 0.102600 0.077400 0.076700 0.074900 0.131100 0.193700 0.100200 0.104700 0.075600 0.050400
Gemsbok 0.121800 0.454400 0.128200 0.491100 0.121300 0.121800 0.107000 0.102800 0.076800 0.124000 0.075900 0.100800 0.128600 0.128800 0.177200 0.077200 0.192800 0.197000 0.124200 0.050000 0.182000 0.075900 0.129200 0.103100 0.075900 0.270200 0.128400 0.074200 0.102900 0.076600 0.103900 0.129400 0.128500 0.077400 0.000000 0.169900 0.100600 0.121200 0.159100 0.127400 0.103100 0.179900 0.129200 0.104100 0.103700 0.100900 0.158500 0.224200 0.126400 0.131700 0.101900 0.076300
Yak 0.133500 0.270000 0.130900 0.479700 0.137300 0.133500 0.109300 0.104900 0.078300 0.080600 0.135700 0.102600 0.193500 0.131600 0.084800 0.078800 0.170200 0.174000 0.186500 0.106200 0.185700 0.135700 0.076500 0.050900 0.135700 0.275300 0.193700 0.131400 0.104700 0.078100 0.051300 0.132100 0.064800 0.139100 0.169900 0.000000 0.162000 0.135600 0.132200 0.075500 0.050900 0.183200 0.076500 0.040100 0.050700 0.102800 0.103600 0.194800 0.128700 0.067100 0.103800 0.077900
BlueSheep 0.072400 0.432800 0.124200 0.480600 0.129400 0.072400 0.103300 0.099500 0.074100 0.131200 0.023700 0.046900 0.071400 0.124900 0.170400 0.074500 0.187000 0.191000 0.070200 0.100300 0.176600 0.023700 0.124800 0.099500 0.023700 0.260300 0.071500 0.124500 0.099100 0.073900 0.100300 0.125200 0.124500 0.024100 0.100600 0.162000 0.000000 0.128100 0.154000 0.123300 0.099500 0.173800 0.124800 0.100400 0.099400 0.097300 0.153200 0.215300 0.122000 0.127600 0.098200 0.073600
BohorReedb 0.157700 0.306800 0.100100 0.422700 0.000100 0.157700 0.078000 0.075100 0.049600 0.051200 0.102800 0.073400 0.156200 0.100600 0.142600 0.050000 0.134800 0.137600 0.152200 0.064700 0.152000 0.102800 0.100600 0.075100 0.102800 0.234100 0.156700 0.091500 0.074700 0.049700 0.075700 0.100900 0.100200 0.105300 0.121200 0.135600 0.128100 0.000000 0.129100 0.099100 0.075100 0.149300 0.100600 0.075700 0.075200 0.073200 0.128500 0.130100 0.098500 0.102600 0.074000 0.049400
KirksDik 0.184500 0.333100 0.023200 0.415000 0.130600 0.184500 0.103700 0.099900 0.074400 0.132400 0.128600 0.097800 0.183100 0.072200 0.171200 0.074900 0.159800 0.163100 0.178000 0.100400 0.177600 0.128600 0.125700 0.100100 0.128600 0.262500 0.125900 0.124600 0.099600 0.074300 0.100400 0.125900 0.125300 0.131700 0.159100 0.132200 0.154000 0.129100 0.000000 0.124100 0.100100 0.174900 0.125700 0.101000 0.100100 0.097700 0.071800 0.216700 0.122600 0.128200 0.098300 0.073700
RoeDeer 0.097700 0.292300 0.096200 0.404500 0.100200 0.097700 0.074900 0.072200 0.047700 0.049100 0.099000 0.070800 0.150600 0.096700 0.078900 0.048100 0.129100 0.131700 0.146700 0.072800 0.146300 0.099000 0.046800 0.023300 0.099000 0.225600 0.151000 0.096400 0.071900 0.047700 0.023500 0.097000 0.046600 0.101300 0.127400 0.075500 0.123300 0.099100 0.124100 0.000000 0.023300 0.144000 0.046800 0.023500 0.023300 0.070600 0.123500 0.181900 0.094500 0.047600 0.071300 0.047500
WhiteLippe 0.073900 0.263200 0.072800 0.376900 0.076000 0.073900 0.050500 0.048600 0.024100 0.024800 0.075000 0.047600 0.126600 0.073200 0.053300 0.024300 0.103700 0.106400 0.123100 0.049100 0.122800 0.075000 0.023500 0.000000 0.075000 0.202000 0.126800 0.073000 0.048500 0.024100 0.000100 0.073400 0.023500 0.076700 0.103100 0.050900 0.099500 0.075100 0.100100 0.023300 0.000000 0.121000 0.023500 0.000100 0.000100 0.047500 0.099700 0.157500 0.071600 0.024000 0.048000 0.024000
ThomsonGaz 0.147200 0.401700 0.145400 0.432800 0.150900 0.147200 0.124600 0.120400 0.096000 0.152900 0.149200 0.118800 0.145800 0.145300 0.191800 0.096200 0.242500 0.215800 0.196700 0.122100 0.090300 0.149200 0.119600 0.121000 0.149200 0.064300 0.203100 0.093900 0.120100 0.095800 0.121700 0.145700 0.093800 0.152600 0.179900 0.183200 0.173800 0.149300 0.174900 0.144000 0.121000 0.000000 0.119600 0.121900 0.120900 0.068400 0.174100 0.236100 0.142900 0.148500 0.069200 0.095500
MuntiacusC 0.099000 0.298600 0.097400 0.412000 0.101700 0.099000 0.075900 0.073100 0.048400 0.049800 0.100300 0.071600 0.152600 0.097900 0.080200 0.048700 0.130300 0.076900 0.148500 0.073800 0.121500 0.100300 0.000000 0.023500 0.100300 0.199700 0.152900 0.097700 0.072900 0.048400 0.023800 0.098200 0.047300 0.102600 0.129200 0.076500 0.124800 0.100600 0.125700 0.046800 0.023500 0.119600 0.000000 0.023800 0.023600 0.071500 0.125100 0.184500 0.095700 0.048300 0.072200 0.048200
WhiteTaile 0.074500 0.266000 0.073400 0.381300 0.076600 0.074500 0.050900 0.049000 0.024300 0.025000 0.075600 0.047900 0.127800 0.073700 0.053600 0.024400 0.105200 0.107400 0.124200 0.049500 0.123800 0.075600 0.023800 0.000100 0.075600 0.203800 0.128000 0.073600 0.048900 0.024300 0.000100 0.073900 0.023800 0.077400 0.104100 0.040100 0.100400 0.075700 0.101000 0.023500 0.000100 0.121900 0.023800 0.000000 0.000200 0.047900 0.100500 0.158600 0.072100 0.024200 0.048400 0.024200
Cattle 0.073900 0.262500 0.072800 0.375600 0.076000 0.073900 0.050500 0.048600 0.024200 0.024800 0.075000 0.047600 0.126500 0.073100 0.053200 0.024300 0.104200 0.106300 0.123100 0.049100 0.122700 0.075000 0.023600 0.000100 0.075000 0.201600 0.126700 0.073000 0.048500 0.024100 0.000100 0.073300 0.023400 0.076700 0.103700 0.050700 0.099400 0.075200 0.100100 0.023300 0.000100 0.120900 0.023600 0.000200 0.000000 0.047500 0.099700 0.157300 0.071600 0.024000 0.048000 0.024000
RoyalAntel 0.124300 0.293700 0.071200 0.405200 0.074100 0.124300 0.049300 0.047500 0.023600 0.075000 0.073200 0.046600 0.071400 0.071500 0.107600 0.023800 0.157900 0.161200 0.120300 0.048000 0.120000 0.073200 0.071500 0.047500 0.073200 0.142100 0.123900 0.071400 0.047400 0.023600 0.047900 0.071700 0.071100 0.074900 0.100900 0.102800 0.097300 0.073200 0.097700 0.070600 0.047500 0.068400 0.071500 0.047900 0.047500 0.000000 0.097400 0.153900 0.070100 0.072700 0.000200 0.023500
Steenbok 0.183400 0.378500 0.071600 0.496600 0.129900 0.183400 0.103300 0.099500 0.074200 0.131700 0.128000 0.097500 0.182300 0.071900 0.170400 0.074600 0.158800 0.162200 0.176900 0.100100 0.176700 0.128000 0.125100 0.099700 0.128000 0.261100 0.182600 0.124100 0.099200 0.074000 0.099900 0.125400 0.124700 0.131100 0.158500 0.103600 0.153200 0.128500 0.071800 0.123500 0.099700 0.174100 0.125100 0.100500 0.099700 0.097400 0.000000 0.215900 0.122200 0.127600 0.097900 0.073400
Impala 0.248300 0.343500 0.183200 0.545300 0.131800 0.248300 0.163400 0.157000 0.130100 0.133700 0.188800 0.154000 0.248800 0.183900 0.171800 0.130800 0.225500 0.230600 0.238600 0.159200 0.239200 0.188800 0.184500 0.157500 0.188800 0.263500 0.248500 0.184000 0.156800 0.129700 0.158600 0.184800 0.182900 0.193700 0.224200 0.194800 0.215300 0.130100 0.216700 0.181900 0.157500 0.236100 0.184500 0.158600 0.157300 0.153900 0.215900 0.000000 0.180000 0.187300 0.155600 0.129300
Klipspring 0.149800 0.371800 0.095300 0.473600 0.099500 0.149800 0.074100 0.071500 0.047400 0.100400 0.097900 0.070200 0.149200 0.095700 0.134900 0.047700 0.184700 0.188600 0.145000 0.072200 0.144800 0.097900 0.095700 0.071600 0.097900 0.166900 0.149300 0.095600 0.071400 0.047200 0.072100 0.096000 0.095400 0.100200 0.126400 0.128700 0.122000 0.098500 0.122600 0.094500 0.071600 0.142900 0.095700 0.072100 0.071600 0.070100 0.122200 0.180000 0.000000 0.097600 0.070700 0.047100
ForestMusk 0.100800 0.305200 0.099500 0.347500 0.103700 0.100800 0.077400 0.074500 0.049300 0.050700 0.102300 0.072900 0.155600 0.099800 0.081300 0.049600 0.134100 0.136800 0.097800 0.075200 0.150900 0.102300 0.048300 0.024000 0.102300 0.233000 0.156100 0.099500 0.074200 0.049200 0.024200 0.100200 0.048400 0.104700 0.131700 0.067100 0.127600 0.102600 0.128200 0.047600 0.024000 0.148500 0.048300 0.024200 0.024000 0.072700 0.127600 0.187300 0.097600 0.000000 0.073600 0.049100
Bushbuck 0.125600 0.296900 0.071900 0.407500 0.074900 0.125600 0.049700 0.047900 0.023800 0.075800 0.074000 0.047000 0.072100 0.072100 0.108900 0.024000 0.159300 0.162700 0.121400 0.048300 0.121300 0.074000 0.072200 0.048000 0.074000 0.143700 0.125100 0.071800 0.047900 0.023800 0.048200 0.072300 0.072000 0.075600 0.101900 0.103800 0.098200 0.074000 0.098300 0.071300 0.048000 0.069200 0.072200 0.048400 0.048000 0.000200 0.097900 0.155600 0.070700 0.073600 0.000000 0.023600
GreaterKud 0.100500 0.302200 0.047900 0.413400 0.050000 0.100500 0.024900 0.024000 0.000100 0.050600 0.049300 0.023500 0.099900 0.048100 0.081700 0.000100 0.132700 0.135500 0.097200 0.024200 0.096900 0.049300 0.048200 0.024000 0.049300 0.174100 0.099900 0.047900 0.024000 0.000100 0.024100 0.048200 0.048000 0.050400 0.076300 0.077900 0.073600 0.049400 0.073700 0.047500 0.024000 0.095500 0.048200 0.024200 0.024000 0.023500 0.073400 0.129300 0.047100 0.049100 0.023600 0.000000
