1
52 1
Argali 0.000000 0.080500 0.044700 0.161300 0.022100 0.000000 0.033100 0.033100 0.044700 0.169800 0.021700 0.044900 0.044000 0.044400 0.021900 0.055700 0.067800 0.033200 0.010900 0.056600 0.044300 0.000000 0.129300 0.155100 0.032700 0.067400 0.021900 0.044700 0.033000 0.056400 0.155700 0.055800 0.056700 0.033100 0.021100 0.056300 0.021800 0.033400 0.044200 0.116000 0.129400 0.044300 0.168600 0.104300 0.056300 0.067600 0.044300 0.044400 0.079400 0.044800 0.056600 0.044700
LesserMous 0.080500 0.000000 0.115700 0.174000 0.080600 0.080500 0.092100 0.092000 0.115700 0.223600 0.104700 0.116100 0.105000 0.104100 0.080100 0.116400 0.115300 0.079000 0.068100 0.129100 0.104000 0.080500 0.180500 0.208000 0.117200 0.128900 0.080100 0.115700 0.091900 0.128500 0.208400 0.129200 0.104200 0.092300 0.080100 0.128300 0.079900 0.092800 0.079700 0.166200 0.180600 0.103900 0.222000 0.154000 0.128200 0.080100 0.103900 0.104500 0.129400 0.115700 0.129100 0.115700
LesserKudu 0.044700 0.115700 0.000000 0.172200 0.022100 0.044700 0.033100 0.033100 0.000000 0.166900 0.067800 0.044000 0.044600 0.044300 0.021900 0.055700 0.065800 0.055100 0.033100 0.010800 0.044300 0.044700 0.127100 0.152800 0.079600 0.067200 0.021900 0.000000 0.033000 0.010800 0.153000 0.067400 0.055500 0.033100 0.021900 0.032700 0.044400 0.033300 0.044200 0.114200 0.127200 0.044200 0.165800 0.102500 0.032800 0.067400 0.044200 0.044500 0.067500 0.044000 0.010800 0.000000
KillerWhal 0.161300 0.174000 0.172200 0.000000 0.134300 0.161300 0.146500 0.119800 0.172200 0.228600 0.188400 0.172700 0.161200 0.159500 0.133400 0.173100 0.171100 0.158000 0.146700 0.187300 0.133100 0.161300 0.199800 0.228900 0.202600 0.186700 0.133400 0.172200 0.146200 0.186400 0.229400 0.187200 0.144500 0.147000 0.133400 0.186100 0.160000 0.147700 0.159100 0.212600 0.199900 0.159300 0.226900 0.185900 0.186000 0.160100 0.159300 0.133800 0.187800 0.157300 0.187300 0.172200
DefassaWat 0.022100 0.080600 0.022100 0.134300 0.000000 0.022100 0.010900 0.010900 0.022100 0.143200 0.033300 0.022100 0.022000 0.021900 0.000000 0.033000 0.033200 0.033200 0.010900 0.033500 0.021900 0.022100 0.104100 0.129300 0.044700 0.044300 0.000000 0.022100 0.010800 0.033400 0.129700 0.044300 0.033500 0.010900 0.000000 0.033300 0.010900 0.010800 0.021800 0.091400 0.104200 0.021800 0.142200 0.079900 0.033300 0.044400 0.021800 0.022000 0.055900 0.022000 0.033500 0.022100
Sheep 0.000000 0.080500 0.044700 0.161300 0.022100 0.000000 0.033100 0.033100 0.044700 0.169800 0.021000 0.044900 0.044600 0.044400 0.021900 0.055700 0.067800 0.033200 0.010900 0.056600 0.044300 0.000000 0.129300 0.155100 0.032700 0.067400 0.021900 0.044700 0.033000 0.056400 0.155700 0.055800 0.056700 0.033100 0.021900 0.056300 0.021800 0.033400 0.044200 0.116000 0.129400 0.044300 0.168600 0.104300 0.056300 0.067600 0.044300 0.044400 0.079400 0.044800 0.056600 0.044700
MaxwellsDu 0.033100 0.092100 0.033100 0.146500 0.010900 0.033100 0.000000 0.021700 0.033100 0.155200 0.055800 0.033200 0.033100 0.010700 0.010800 0.043800 0.055600 0.044300 0.021800 0.044600 0.032700 0.033100 0.091000 0.141000 0.067400 0.055100 0.010800 0.033100 0.021700 0.044500 0.141500 0.032600 0.044700 0.021800 0.010800 0.044400 0.032900 0.021900 0.032600 0.102800 0.091100 0.032800 0.154100 0.091300 0.044400 0.055300 0.032600 0.032900 0.066800 0.033100 0.044600 0.033100
GazellaPrz 0.033100 0.092000 0.033100 0.119800 0.010900 0.033100 0.021700 0.000000 0.033100 0.155100 0.055700 0.033200 0.033000 0.032700 0.010800 0.040700 0.055600 0.044300 0.021800 0.044600 0.032700 0.033100 0.115600 0.141100 0.067300 0.050900 0.010800 0.033100 0.021700 0.044400 0.141400 0.055200 0.044700 0.021800 0.010800 0.044400 0.032900 0.021900 0.032600 0.102800 0.115700 0.032700 0.154100 0.091200 0.044400 0.055300 0.032600 0.032900 0.066800 0.033100 0.044600 0.033100
MountainNy 0.044700 0.115700 0.000000 0.172200 0.022100 0.044700 0.033100 0.033100 0.000000 0.166900 0.067800 0.044000 0.044600 0.044300 0.021900 0.055700 0.066400 0.055100 0.033100 0.010400 0.044300 0.044700 0.127100 0.152800 0.079600 0.067200 0.021900 0.000000 0.033000 0.010800 0.153000 0.067400 0.055500 0.033100 0.021900 0.032700 0.044400 0.033300 0.044200 0.114200 0.127200 0.044200 0.165800 0.102500 0.032800 0.067400 0.044200 0.044500 0.067500 0.044000 0.010800 0.000000
MuntiacusM 0.169800 0.223600 0.166900 0.228600 0.143200 0.169800 0.155200 0.155100 0.166900 0.000000 0.196200 0.167300 0.169300 0.167900 0.142300 0.181200 0.166100 0.153500 0.155300 0.181500 0.167900 0.169800 0.079200 0.079100 0.210200 0.194500 0.142300 0.166900 0.154800 0.180700 0.044300 0.195000 0.154900 0.129400 0.142300 0.180300 0.168400 0.156300 0.167400 0.090900 0.079200 0.168100 0.000000 0.055800 0.180200 0.195400 0.167700 0.168700 0.168100 0.152600 0.181500 0.166900
goat 0.021700 0.104700 0.067800 0.188400 0.033300 0.021000 0.055800 0.055700 0.067800 0.196200 0.000000 0.068000 0.067500 0.044300 0.044200 0.055700 0.067600 0.055900 0.032900 0.080100 0.044200 0.021700 0.154600 0.181300 0.032700 0.067200 0.044200 0.067800 0.033000 0.079800 0.181500 0.055700 0.080200 0.051300 0.044200 0.079600 0.021800 0.044700 0.044100 0.140900 0.154700 0.044200 0.194900 0.128800 0.079600 0.091100 0.044200 0.067200 0.103100 0.067800 0.080100 0.067800
AfricanBuf 0.044900 0.116100 0.044000 0.172700 0.022100 0.044900 0.033200 0.033200 0.044000 0.167300 0.068000 0.000000 0.044800 0.044400 0.022000 0.055800 0.066600 0.055200 0.033200 0.055700 0.044400 0.044900 0.127400 0.152900 0.079900 0.067400 0.022000 0.044000 0.033100 0.051300 0.153600 0.067500 0.051800 0.033300 0.022000 0.055400 0.044600 0.033400 0.044300 0.114300 0.127500 0.044300 0.166200 0.102800 0.055500 0.067700 0.044300 0.044600 0.067700 0.044200 0.055700 0.044000
Topi 0.044000 0.105000 0.044600 0.161200 0.022000 0.044600 0.033100 0.033000 0.044600 0.169300 0.067500 0.044800 0.000000 0.044300 0.021800 0.055600 0.067600 0.056100 0.033000 0.056500 0.044300 0.044600 0.128900 0.154700 0.079300 0.067200 0.021800 0.044600 0.033000 0.056300 0.155400 0.067300 0.056600 0.033000 0.021800 0.056200 0.044300 0.033300 0.044100 0.115700 0.129000 0.044200 0.168100 0.104000 0.056200 0.067400 0.044200 0.044300 0.079300 0.044700 0.056500 0.044600
CommonDuik 0.044400 0.104100 0.044300 0.159500 0.021900 0.044400 0.010700 0.032700 0.044300 0.167900 0.044300 0.044400 0.044300 0.000000 0.021700 0.032600 0.067000 0.055600 0.032800 0.056100 0.021600 0.044400 0.102900 0.153600 0.079000 0.043800 0.021700 0.044300 0.010800 0.055800 0.153900 0.021600 0.056100 0.032900 0.021700 0.055700 0.044000 0.033000 0.021600 0.114800 0.103000 0.021700 0.166700 0.103100 0.055700 0.066700 0.021600 0.044100 0.078300 0.044300 0.056100 0.044300
Suni 0.021900 0.080100 0.021900 0.133400 0.000000 0.021900 0.010800 0.010800 0.021900 0.142300 0.044200 0.022000 0.021800 0.021700 0.000000 0.032800 0.044200 0.033000 0.010800 0.033300 0.021700 0.021000 0.103400 0.128300 0.055600 0.044000 0.000000 0.021900 0.010800 0.033100 0.128900 0.044000 0.033300 0.010800 0.000000 0.033100 0.021700 0.010900 0.021700 0.090800 0.103500 0.021700 0.141300 0.079300 0.033100 0.044100 0.021700 0.021800 0.055500 0.021900 0.033300 0.021900
Springbuck 0.055700 0.116400 0.055700 0.173100 0.033000 0.055700 0.043800 0.040700 0.055700 0.181200 0.055700 0.055800 0.055600 0.032600 0.032800 0.000000 0.078600 0.067100 0.044000 0.067700 0.032600 0.055700 0.140400 0.166800 0.090800 0.032600 0.032800 0.055700 0.021700 0.067400 0.166800 0.050800 0.067700 0.044000 0.032800 0.067300 0.055300 0.044300 0.030300 0.127200 0.140500 0.010700 0.180000 0.115300 0.067300 0.055100 0.032600 0.055400 0.090000 0.055700 0.067700 0.055700
Okapi 0.067800 0.115300 0.065800 0.171100 0.033200 0.067800 0.055600 0.055600 0.066400 0.166100 0.067600 0.066600 0.067600 0.067000 0.044200 0.078600 0.000000 0.032500 0.055700 0.078500 0.067000 0.067800 0.126700 0.152100 0.079500 0.090500 0.044200 0.066400 0.055500 0.078100 0.152300 0.090700 0.055400 0.055700 0.044200 0.078000 0.044300 0.044500 0.066800 0.113800 0.126800 0.066900 0.165000 0.102200 0.078200 0.090800 0.066900 0.067200 0.090700 0.066600 0.078500 0.066400
Giraffe 0.033200 0.079000 0.055100 0.158000 0.033200 0.033200 0.044300 0.044300 0.055100 0.153500 0.055900 0.055200 0.056100 0.055600 0.033000 0.067100 0.032500 0.000000 0.021800 0.066900 0.055600 0.033200 0.114600 0.139600 0.067500 0.078800 0.033000 0.055100 0.044200 0.066600 0.139900 0.078900 0.044100 0.044400 0.033000 0.066500 0.032900 0.044600 0.055400 0.101900 0.114600 0.055500 0.152400 0.090300 0.066700 0.079000 0.055500 0.055800 0.079000 0.055200 0.066900 0.055100
TibetanAnt 0.010900 0.068100 0.033100 0.146700 0.010900 0.010900 0.021800 0.021800 0.033100 0.155300 0.032900 0.033200 0.033000 0.032800 0.010800 0.044000 0.055700 0.021800 0.000000 0.044700 0.032800 0.010900 0.115800 0.141100 0.044100 0.055400 0.010800 0.033100 0.021700 0.044500 0.141700 0.055500 0.044800 0.021800 0.010800 0.044400 0.010800 0.022000 0.032700 0.102900 0.115900 0.032800 0.154200 0.091400 0.044400 0.055600 0.032800 0.032900 0.067100 0.033100 0.044700 0.033100
Sitatunga 0.056600 0.129100 0.010800 0.187300 0.033500 0.056600 0.044600 0.044600 0.010400 0.181500 0.080100 0.055700 0.056500 0.056100 0.033300 0.067700 0.078500 0.066900 0.044700 0.000000 0.056100 0.056600 0.140600 0.153700 0.092200 0.079500 0.033300 0.010800 0.044600 0.021800 0.167000 0.079600 0.067500 0.044700 0.033300 0.044100 0.056200 0.044900 0.055900 0.114800 0.140700 0.056000 0.180200 0.115400 0.044200 0.067800 0.056000 0.056300 0.079700 0.055700 0.000000 0.010800
Oribi 0.044300 0.104000 0.044300 0.133100 0.021900 0.044300 0.032700 0.032700 0.044300 0.167900 0.044200 0.044400 0.044300 0.021600 0.021700 0.032600 0.067000 0.055600 0.032800 0.056100 0.000000 0.044300 0.127700 0.153600 0.078800 0.043800 0.021700 0.044300 0.010800 0.055800 0.153900 0.043800 0.056100 0.032900 0.021700 0.055800 0.044000 0.033000 0.021600 0.114700 0.127800 0.021700 0.166700 0.103100 0.055800 0.066600 0.021600 0.021800 0.078300 0.044300 0.056100 0.044300
BarbaryShe 0.000000 0.080500 0.044700 0.161300 0.022100 0.000000 0.033100 0.033100 0.044700 0.169800 0.021700 0.044900 0.044600 0.044400 0.021000 0.055700 0.067800 0.033200 0.010900 0.056600 0.044300 0.000000 0.129300 0.155100 0.032700 0.067400 0.021900 0.044700 0.033000 0.056400 0.155700 0.055800 0.056700 0.033100 0.021900 0.056300 0.021800 0.033400 0.044200 0.116000 0.129400 0.044300 0.168600 0.104300 0.056300 0.067600 0.044300 0.044400 0.079400 0.044800 0.056600 0.044700
Daviddeer 0.129300 0.180500 0.127100 0.199800 0.104100 0.129300 0.091000 0.115600 0.127100 0.079200 0.154600 0.127400 0.128900 0.102900 0.103400 0.140400 0.126700 0.114600 0.115800 0.140600 0.127700 0.129300 0.000000 0.067000 0.167900 0.153200 0.103400 0.127100 0.115400 0.140000 0.067000 0.127800 0.115500 0.091200 0.103400 0.139700 0.128300 0.116600 0.127400 0.078300 0.000000 0.127600 0.078600 0.021700 0.139600 0.153800 0.127600 0.128300 0.127900 0.127000 0.140600 0.127100
Reindeer 0.155100 0.208000 0.152800 0.228900 0.129300 0.155100 0.141000 0.141100 0.152800 0.079100 0.181300 0.152900 0.154700 0.153600 0.128300 0.166800 0.152100 0.139600 0.141100 0.153700 0.153600 0.155100 0.067000 0.000000 0.194900 0.179700 0.128300 0.152800 0.140800 0.166300 0.090600 0.180300 0.127800 0.115800 0.128300 0.165800 0.153900 0.142100 0.153400 0.055000 0.067000 0.153800 0.078600 0.044000 0.165700 0.153400 0.153500 0.154100 0.153700 0.152300 0.153700 0.152800
Ibex 0.032700 0.117200 0.079600 0.202600 0.044700 0.032700 0.067400 0.067300 0.079600 0.210200 0.032700 0.079900 0.079300 0.079000 0.055600 0.090800 0.079500 0.067500 0.044100 0.092200 0.078800 0.032700 0.167900 0.194900 0.000000 0.102800 0.055600 0.079600 0.067200 0.091800 0.195100 0.090900 0.092300 0.067200 0.055600 0.091600 0.032900 0.056200 0.078700 0.153800 0.168000 0.078800 0.208700 0.141600 0.091600 0.103200 0.078800 0.078800 0.115400 0.079600 0.092200 0.079600
GyrantGaze 0.067400 0.128900 0.067200 0.186700 0.044300 0.067400 0.055100 0.050900 0.067200 0.194500 0.067200 0.067400 0.067200 0.043800 0.044000 0.032600 0.090500 0.078800 0.055400 0.079500 0.043800 0.067400 0.153200 0.179700 0.102800 0.000000 0.044000 0.067200 0.032700 0.079100 0.179900 0.066600 0.079500 0.055400 0.044000 0.079000 0.066900 0.055700 0.043700 0.139600 0.153300 0.021600 0.193100 0.127700 0.079000 0.090000 0.043700 0.066900 0.102000 0.067200 0.079500 0.067200
Hartebeest 0.021900 0.080100 0.021900 0.133400 0.000000 0.021900 0.010800 0.010800 0.021900 0.142300 0.044200 0.022000 0.021800 0.021700 0.000000 0.032800 0.044200 0.033000 0.010800 0.033300 0.021700 0.021900 0.103400 0.128300 0.055600 0.044000 0.000000 0.021900 0.010800 0.033100 0.128900 0.044000 0.033300 0.010800 0.000000 0.033100 0.021700 0.010900 0.021700 0.090800 0.103500 0.021700 0.141300 0.079300 0.033100 0.044100 0.021700 0.021800 0.055500 0.021900 0.033300 0.021900
Bongo 0.044700 0.115700 0.000000 0.172200 0.022100 0.044700 0.033100 0.033100 0.000000 0.166900 0.067800 0.044000 0.044600 0.044300 0.021900 0.055700 0.066400 0.055100 0.033100 0.010800 0.044300 0.044700 0.127100 0.152800 0.079600 0.067200 0.021900 0.000000 0.033000 0.010800 0.153000 0.067400 0.055500 0.033100 0.021900 0.032700 0.044400 0.033300 0.044200 0.114200 0.127200 0.044200 0.165800 0.102500 0.032800 0.067400 0.044200 0.044500 0.067500 0.044000 0.010400 0.000000
Gerenuk 0.033000 0.091900 0.033000 0.146200 0.010800 0.033000 0.021700 0.021700 0.033000 0.154800 0.033000 0.033100 0.033000 0.010800 0.010800 0.021700 0.055500 0.044200 0.021700 0.044600 0.010800 0.033000 0.115400 0.140800 0.067200 0.032700 0.010800 0.033000 0.000000 0.044400 0.141100 0.032800 0.044600 0.021800 0.010800 0.044300 0.032800 0.021900 0.010800 0.102600 0.115500 0.010800 0.153700 0.091000 0.044300 0.055400 0.010800 0.032900 0.066900 0.032900 0.044600 0.033000
CommonElan 0.056400 0.128500 0.010800 0.186400 0.033400 0.056400 0.044500 0.044400 0.010800 0.180700 0.079800 0.051300 0.056300 0.055800 0.033100 0.067400 0.078100 0.066600 0.044500 0.021800 0.055800 0.056400 0.140000 0.166300 0.091800 0.079100 0.033100 0.010800 0.044400 0.000000 0.166300 0.079300 0.067200 0.044500 0.033100 0.043900 0.056000 0.044800 0.055700 0.126800 0.140100 0.055700 0.179400 0.114900 0.044000 0.079400 0.055700 0.056000 0.079400 0.055500 0.020900 0.010400
MuntiacusR 0.155700 0.208400 0.153000 0.229400 0.129700 0.155700 0.141500 0.141400 0.153000 0.044300 0.181500 0.153600 0.155400 0.153900 0.128900 0.166800 0.152300 0.139900 0.141700 0.167000 0.153900 0.155700 0.067000 0.090600 0.195100 0.179900 0.128900 0.153000 0.141100 0.166300 0.000000 0.180200 0.141400 0.116300 0.128900 0.166100 0.154400 0.142500 0.153300 0.102200 0.067100 0.154100 0.044200 0.044100 0.166000 0.180800 0.153600 0.154800 0.154100 0.140200 0.167000 0.153000
HarveysDui 0.055800 0.129200 0.067400 0.187200 0.044300 0.055800 0.032600 0.055200 0.067400 0.195000 0.055700 0.067500 0.067300 0.021600 0.044000 0.050800 0.090700 0.078900 0.055500 0.079600 0.043800 0.055800 0.127800 0.180300 0.090900 0.066600 0.044000 0.067400 0.032800 0.079300 0.180200 0.000000 0.079600 0.055500 0.044000 0.079100 0.067000 0.055800 0.043700 0.140000 0.127800 0.043900 0.193600 0.127900 0.079100 0.090200 0.043800 0.067000 0.102100 0.067300 0.079600 0.067400
Pronghorn 0.056700 0.104200 0.055500 0.144500 0.033500 0.056700 0.044700 0.044700 0.055500 0.154900 0.080200 0.051800 0.056600 0.056100 0.033300 0.067700 0.055400 0.044100 0.044800 0.067500 0.056100 0.056700 0.115500 0.127800 0.092300 0.079500 0.033300 0.055500 0.044600 0.067200 0.141400 0.079600 0.000000 0.044800 0.033300 0.067100 0.056300 0.045000 0.055900 0.090500 0.115600 0.056000 0.153800 0.091200 0.067300 0.079800 0.056000 0.056400 0.079800 0.055800 0.067500 0.051500
BlueWildeb 0.033100 0.092300 0.033100 0.147000 0.010900 0.033100 0.021800 0.021800 0.033100 0.129400 0.051300 0.033300 0.033000 0.032900 0.010800 0.044000 0.055700 0.044400 0.021800 0.044700 0.032900 0.033100 0.091200 0.115800 0.067200 0.055400 0.010800 0.033100 0.021800 0.044500 0.116300 0.055500 0.044800 0.000000 0.010800 0.044500 0.032800 0.022000 0.032800 0.103000 0.091300 0.032800 0.128500 0.067500 0.044500 0.055600 0.032800 0.032900 0.044100 0.033200 0.044700 0.033100
Gemsbok 0.021100 0.080100 0.021900 0.133400 0.000000 0.021900 0.010800 0.010800 0.021900 0.142300 0.044200 0.022000 0.021800 0.021700 0.000000 0.032800 0.044200 0.033000 0.010800 0.033300 0.021700 0.021900 0.103400 0.128300 0.055600 0.044000 0.000000 0.021900 0.010800 0.033100 0.128900 0.044000 0.033300 0.010800 0.000000 0.033100 0.021700 0.010900 0.021700 0.090800 0.103500 0.021700 0.141300 0.079300 0.033100 0.044100 0.021700 0.020900 0.055500 0.021900 0.033300 0.021900
Yak 0.056300 0.128300 0.032700 0.186100 0.033300 0.056300 0.044400 0.044400 0.032700 0.180300 0.079600 0.055400 0.056200 0.055700 0.033100 0.067300 0.078000 0.066500 0.044400 0.044100 0.055800 0.056300 0.139700 0.165800 0.091600 0.079000 0.033100 0.032700 0.044300 0.043900 0.166100 0.079100 0.067100 0.044500 0.033100 0.000000 0.055900 0.044700 0.055600 0.126500 0.139800 0.055700 0.179100 0.114700 0.000000 0.079300 0.055700 0.056000 0.079300 0.055500 0.044100 0.032700
BlueSheep 0.021800 0.079900 0.044400 0.160000 0.010900 0.021800 0.032900 0.032900 0.044400 0.168400 0.021800 0.044600 0.044300 0.044000 0.021700 0.055300 0.044300 0.032900 0.010800 0.056200 0.044000 0.021800 0.128300 0.153900 0.032900 0.066900 0.021700 0.044400 0.032800 0.056000 0.154400 0.067000 0.056300 0.032800 0.021700 0.055900 0.000000 0.022000 0.043900 0.115200 0.128400 0.044000 0.167200 0.103500 0.055900 0.067100 0.043900 0.044000 0.078800 0.044400 0.056200 0.044400
BohorReedb 0.033400 0.092800 0.033300 0.147700 0.010800 0.033400 0.021900 0.021900 0.033300 0.156300 0.044700 0.033400 0.033300 0.033000 0.010900 0.044300 0.044500 0.044600 0.022000 0.044900 0.033000 0.033400 0.116600 0.142100 0.056200 0.055700 0.010900 0.033300 0.021900 0.044800 0.142500 0.055800 0.045000 0.022000 0.010900 0.044700 0.022000 0.000000 0.032900 0.103600 0.116700 0.033000 0.155200 0.091900 0.044700 0.055900 0.033000 0.033100 0.067500 0.033300 0.044900 0.033300
KirksDik 0.044200 0.079700 0.044200 0.159100 0.021800 0.044200 0.032600 0.032600 0.044200 0.167400 0.044100 0.044300 0.044100 0.021600 0.021700 0.030300 0.066800 0.055400 0.032700 0.055900 0.021600 0.044200 0.127400 0.153400 0.078700 0.043700 0.021700 0.044200 0.010800 0.055700 0.153300 0.043700 0.055900 0.032800 0.021700 0.055600 0.043900 0.032900 0.000000 0.114600 0.127500 0.021600 0.166200 0.102800 0.055600 0.066500 0.021600 0.044000 0.078100 0.044100 0.055900 0.044200
RoeDeer 0.116000 0.166200 0.114200 0.212600 0.091400 0.116000 0.102800 0.102800 0.114200 0.090900 0.140900 0.114300 0.115700 0.114800 0.090800 0.127200 0.113800 0.101900 0.102900 0.114800 0.114700 0.116000 0.078300 0.055000 0.153800 0.139600 0.090800 0.114200 0.102600 0.126800 0.102200 0.140000 0.090500 0.103000 0.090800 0.126500 0.115200 0.103600 0.114600 0.000000 0.078400 0.114600 0.090300 0.055100 0.126400 0.114700 0.114700 0.115100 0.140100 0.113900 0.114800 0.114200
WhiteLippe 0.129400 0.180600 0.127200 0.199900 0.104200 0.129400 0.091100 0.115700 0.127200 0.079200 0.154700 0.127500 0.129000 0.103000 0.103500 0.140500 0.126800 0.114600 0.115900 0.140700 0.127800 0.129400 0.000000 0.067000 0.168000 0.153300 0.103500 0.127200 0.115500 0.140100 0.067100 0.127800 0.115600 0.091300 0.103500 0.139800 0.128400 0.116700 0.127500 0.078400 0.000000 0.127700 0.078700 0.020900 0.139700 0.153900 0.127700 0.128400 0.128000 0.127100 0.140700 0.127200
ThomsonGaz 0.044300 0.103900 0.044200 0.159300 0.021800 0.044300 0.032800 0.032700 0.044200 0.168100 0.044200 0.044300 0.044200 0.021700 0.021700 0.010700 0.066900 0.055500 0.032800 0.056000 0.021700 0.044300 0.127600 0.153800 0.078800 0.021600 0.021700 0.044200 0.010800 0.055700 0.154100 0.043900 0.056000 0.032800 0.021700 0.055700 0.044000 0.033000 0.021600 0.114600 0.127700 0.000000 0.166900 0.102900 0.055600 0.066800 0.021600 0.044000 0.078500 0.044200 0.056000 0.044200
MuntiacusC 0.168600 0.222000 0.165800 0.226900 0.142200 0.168600 0.154100 0.154100 0.165800 0.000000 0.194900 0.166200 0.168100 0.166700 0.141300 0.180000 0.165000 0.152400 0.154200 0.180200 0.166700 0.168600 0.078600 0.078600 0.208700 0.193100 0.141300 0.165800 0.153700 0.179400 0.044200 0.193600 0.153800 0.128500 0.141300 0.179100 0.167200 0.155200 0.166200 0.090300 0.078700 0.166900 0.000000 0.055400 0.178900 0.194000 0.166500 0.167500 0.166900 0.151500 0.180200 0.165800
WhiteTaile 0.104300 0.154000 0.102500 0.185900 0.079900 0.104300 0.091300 0.091200 0.102500 0.055800 0.128800 0.102800 0.104000 0.103100 0.079300 0.115300 0.102200 0.090300 0.091400 0.115400 0.103100 0.104300 0.021700 0.044000 0.141600 0.127700 0.079300 0.102500 0.091000 0.114900 0.044100 0.127900 0.091200 0.067500 0.079300 0.114700 0.103500 0.091900 0.102800 0.055100 0.020900 0.102900 0.055400 0.000000 0.114700 0.128200 0.102900 0.103500 0.103200 0.102500 0.115400 0.102500
Cattle 0.056300 0.128200 0.032800 0.186000 0.033300 0.056300 0.044400 0.044400 0.032800 0.180200 0.079600 0.055500 0.056200 0.055700 0.033100 0.067300 0.078200 0.066700 0.044400 0.044200 0.055800 0.056300 0.139600 0.165700 0.091600 0.079000 0.033100 0.032800 0.044300 0.044000 0.166000 0.079100 0.067300 0.044500 0.033100 0.000000 0.055900 0.044700 0.055600 0.126400 0.139700 0.055600 0.178900 0.114700 0.000000 0.079200 0.055600 0.056000 0.079300 0.055400 0.044200 0.032800
RoyalAntel 0.067600 0.080100 0.067400 0.160100 0.044400 0.067600 0.055300 0.055300 0.067400 0.195400 0.091100 0.067700 0.067400 0.066700 0.044100 0.055100 0.090800 0.079000 0.055600 0.067800 0.066600 0.067600 0.153800 0.153400 0.103200 0.090000 0.044100 0.067400 0.055400 0.079400 0.180800 0.090200 0.079800 0.055600 0.044100 0.079300 0.067100 0.055900 0.066500 0.114700 0.153900 0.066800 0.194000 0.128200 0.079200 0.000000 0.066500 0.067100 0.102300 0.067500 0.067800 0.067400
Steenbok 0.044300 0.103900 0.044200 0.159300 0.021800 0.044300 0.032600 0.032600 0.044200 0.167700 0.044200 0.044300 0.044200 0.021600 0.021700 0.032600 0.066900 0.055500 0.032800 0.056000 0.021600 0.044300 0.127600 0.153500 0.078800 0.043700 0.021700 0.044200 0.010800 0.055700 0.153600 0.043800 0.056000 0.032800 0.021700 0.055700 0.043900 0.033000 0.021600 0.114700 0.127700 0.021600 0.166500 0.102900 0.055600 0.066500 0.000000 0.044000 0.055100 0.044200 0.056000 0.044200
Impala 0.044400 0.104500 0.044500 0.133800 0.022000 0.044400 0.032900 0.032900 0.044500 0.168700 0.067200 0.044600 0.044300 0.044100 0.021800 0.055400 0.067200 0.055800 0.032900 0.056300 0.021800 0.044400 0.128300 0.154100 0.078800 0.066900 0.021800 0.044500 0.032900 0.056000 0.154800 0.067000 0.056400 0.032900 0.020900 0.056000 0.044000 0.033100 0.044000 0.115100 0.128400 0.044000 0.167500 0.103500 0.056000 0.067100 0.044000 0.000000 0.079000 0.044600 0.056300 0.044500
Klipspring 0.079400 0.129400 0.067500 0.187800 0.055900 0.079400 0.066800 0.066800 0.067500 0.168100 0.103100 0.067700 0.079300 0.078300 0.055500 0.090000 0.090700 0.079000 0.067100 0.079700 0.078300 0.079400 0.127900 0.153700 0.115400 0.102000 0.055500 0.067500 0.066900 0.079400 0.154100 0.102100 0.079800 0.044100 0.055500 0.079300 0.078800 0.067500 0.078100 0.140100 0.128000 0.078500 0.166900 0.103200 0.079300 0.102300 0.055100 0.079000 0.000000 0.067600 0.079700 0.067500
ForestMusk 0.044800 0.115700 0.044000 0.157300 0.022000 0.044800 0.033100 0.033100 0.044000 0.152600 0.067800 0.044200 0.044700 0.044300 0.021900 0.055700 0.066600 0.055200 0.033100 0.055700 0.044300 0.044800 0.127000 0.152300 0.079600 0.067200 0.021900 0.044000 0.032900 0.055500 0.140200 0.067300 0.055800 0.033200 0.021900 0.055500 0.044400 0.033300 0.044100 0.113900 0.127100 0.044200 0.151500 0.102500 0.055400 0.067500 0.044200 0.044600 0.067600 0.000000 0.055700 0.044000
Bushbuck 0.056600 0.129100 0.010800 0.187300 0.033500 0.056600 0.044600 0.044600 0.010800 0.181500 0.080100 0.055700 0.056500 0.056100 0.033300 0.067700 0.078500 0.066900 0.044700 0.000000 0.056100 0.056600 0.140600 0.153700 0.092200 0.079500 0.033300 0.010400 0.044600 0.020900 0.167000 0.079600 0.067500 0.044700 0.033300 0.044100 0.056200 0.044900 0.055900 0.114800 0.140700 0.056000 0.180200 0.115400 0.044200 0.067800 0.056000 0.056300 0.079700 0.055700 0.000000 0.010500
GreaterKud 0.044700 0.115700 0.000000 0.172200 0.022100 0.044700 0.033100 0.033100 0.000000 0.166900 0.067800 0.044000 0.044600 0.044300 0.021900 0.055700 0.066400 0.055100 0.033100 0.010800 0.044300 0.044700 0.127100 0.152800 0.079600 0.067200 0.021900 0.000000 0.033000 0.010400 0.153000 0.067400 0.051500 0.033100 0.021900 0.032700 0.044400 0.033300 0.044200 0.114200 0.127200 0.044200 0.165800 0.102500 0.032800 0.067400 0.044200 0.044500 0.067500 0.044000 0.010500 0.000000
