1
52 1
Argali 0.000000 0.032400 0.003800 0.015500 0.003900 0.000000 0.007700 0.019400 0.003800 0.011600 0.003800 0.007700 0.007700 0.007700 0.011600 0.003800 0.008300 0.012500 0.000000 0.003800 0.003900 0.000000 0.011700 0.011600 0.000000 0.011600 0.007700 0.003800 0.011600 0.003800 0.011600 0.003800 0.011600 0.015600 0.007700 0.000100 0.003800 0.003900 0.003800 0.011600 0.015600 0.011600 0.011600 0.011600 0.000100 0.011700 0.007700 0.007700 0.003800 0.015500 0.003800 0.000000
LesserMous 0.032400 0.000000 0.028100 0.024200 0.028200 0.032400 0.024200 0.044300 0.028100 0.020600 0.028200 0.024100 0.040600 0.024100 0.028500 0.028200 0.024200 0.020100 0.032300 0.028100 0.028400 0.032400 0.020300 0.020200 0.032400 0.028200 0.040600 0.028100 0.028200 0.028100 0.020600 0.028100 0.020000 0.040700 0.032400 0.032500 0.036500 0.028200 0.028000 0.020000 0.024400 0.028200 0.020500 0.020200 0.032500 0.027400 0.024100 0.024200 0.028300 0.024100 0.028000 0.032300
LesserKudu 0.003800 0.028100 0.000000 0.019300 0.000100 0.003800 0.003800 0.015400 0.000000 0.007700 0.007700 0.003800 0.011600 0.003800 0.007700 0.007700 0.003800 0.007700 0.003800 0.000000 0.007700 0.003800 0.007700 0.007700 0.003800 0.007700 0.011600 0.000000 0.007700 0.000000 0.007700 0.000000 0.007700 0.019400 0.011600 0.003800 0.007700 0.000100 0.000100 0.007700 0.011600 0.007700 0.007700 0.007700 0.003800 0.007700 0.003800 0.003800 0.000000 0.011600 0.000000 0.003800
KillerWhal 0.015500 0.024200 0.019300 0.000000 0.019400 0.015500 0.023300 0.035200 0.019300 0.020200 0.019400 0.023400 0.023300 0.023300 0.028000 0.019400 0.016000 0.012000 0.015500 0.019300 0.019400 0.015500 0.019500 0.019400 0.015500 0.027300 0.023400 0.019300 0.027400 0.019300 0.020200 0.019400 0.019400 0.031300 0.023300 0.015500 0.019400 0.019500 0.019300 0.019400 0.023400 0.027300 0.020100 0.019400 0.015500 0.027400 0.023300 0.023300 0.019400 0.023300 0.019300 0.015400
DefassaWat 0.003900 0.028200 0.000100 0.019400 0.000000 0.003900 0.003900 0.015500 0.000100 0.007800 0.007700 0.003900 0.011600 0.003900 0.007700 0.007700 0.003900 0.007700 0.003900 0.000100 0.007800 0.003900 0.007800 0.007800 0.003900 0.007700 0.011700 0.000100 0.007800 0.000100 0.007800 0.000100 0.007700 0.019500 0.011600 0.003900 0.007700 0.000000 0.000100 0.007700 0.011700 0.007700 0.007800 0.007800 0.003900 0.007800 0.003900 0.003900 0.000100 0.011700 0.000100 0.003800
Sheep 0.000000 0.032400 0.003800 0.015500 0.003900 0.000000 0.007700 0.019400 0.003800 0.011600 0.003800 0.007700 0.007700 0.007700 0.011600 0.003800 0.008300 0.012500 0.000000 0.003800 0.003900 0.000000 0.011700 0.011600 0.000000 0.011600 0.007700 0.003800 0.011600 0.003800 0.011600 0.003800 0.011600 0.015600 0.007700 0.000100 0.003800 0.003900 0.003800 0.011600 0.015600 0.011600 0.011600 0.011600 0.000100 0.011700 0.007700 0.007700 0.003800 0.015500 0.003800 0.000000
MaxwellsDu 0.007700 0.024200 0.003800 0.023300 0.003900 0.007700 0.000000 0.019400 0.003800 0.003900 0.011600 0.000000 0.015500 0.000000 0.003900 0.003900 0.007700 0.011600 0.007700 0.003800 0.003900 0.007700 0.003900 0.003900 0.007700 0.003900 0.015600 0.003800 0.003900 0.003800 0.003900 0.003800 0.003900 0.015600 0.007700 0.007700 0.011600 0.003900 0.003800 0.003900 0.007700 0.003900 0.003900 0.003900 0.007700 0.003900 0.000000 0.007700 0.003900 0.015500 0.003800 0.007700
GazellaPrz 0.019400 0.044300 0.015400 0.035200 0.015500 0.019400 0.019400 0.000000 0.015400 0.023400 0.023400 0.019400 0.027300 0.019400 0.023300 0.023300 0.019400 0.023300 0.019400 0.015400 0.023400 0.019400 0.023500 0.023400 0.019400 0.023400 0.027400 0.015400 0.023400 0.015400 0.023400 0.015400 0.023300 0.035400 0.027300 0.019400 0.023300 0.015500 0.015400 0.023300 0.027300 0.023400 0.023400 0.023400 0.019400 0.023500 0.019400 0.019400 0.015500 0.027300 0.015400 0.019300
MountainNy 0.003800 0.028100 0.000000 0.019300 0.000100 0.003800 0.003800 0.015400 0.000000 0.007700 0.007700 0.003800 0.011600 0.003800 0.007700 0.007700 0.003800 0.007700 0.003800 0.000000 0.007700 0.003800 0.007700 0.007700 0.003800 0.007700 0.011600 0.000000 0.007700 0.000000 0.007700 0.000000 0.007700 0.019400 0.011600 0.003800 0.007700 0.000100 0.000000 0.007700 0.011600 0.007700 0.007700 0.007700 0.003800 0.007700 0.003800 0.003800 0.000000 0.011600 0.000000 0.003800
MuntiacusM 0.011600 0.020600 0.007700 0.020200 0.007800 0.011600 0.003900 0.023400 0.007700 0.000000 0.015600 0.003900 0.019500 0.003900 0.007700 0.007700 0.003900 0.008200 0.011600 0.007700 0.007800 0.011600 0.000100 0.000000 0.011600 0.007800 0.019600 0.007700 0.007800 0.007700 0.000000 0.007700 0.000100 0.019500 0.011700 0.011600 0.015600 0.007800 0.007700 0.000000 0.003900 0.007800 0.000000 0.000000 0.011600 0.007800 0.003900 0.011600 0.007700 0.011700 0.007700 0.011600
goat 0.003800 0.028200 0.007700 0.019400 0.007700 0.003800 0.011600 0.023400 0.007700 0.015600 0.000000 0.011600 0.011700 0.011600 0.015500 0.007700 0.012000 0.016000 0.003900 0.007700 0.007800 0.003800 0.015600 0.015600 0.003800 0.015600 0.011700 0.007700 0.015600 0.007700 0.015600 0.007700 0.015500 0.019600 0.011600 0.003900 0.007700 0.007800 0.007700 0.015500 0.019500 0.015600 0.015600 0.015600 0.003900 0.015600 0.011600 0.003900 0.007700 0.011600 0.007700 0.003800
AfricanBuf 0.007700 0.024100 0.003800 0.023400 0.003900 0.007700 0.000000 0.019400 0.003800 0.003900 0.011600 0.000000 0.015600 0.000000 0.003900 0.003900 0.007700 0.011600 0.007700 0.003800 0.003900 0.007700 0.003900 0.003900 0.007700 0.003900 0.015600 0.003800 0.003900 0.003800 0.003900 0.003900 0.003900 0.015600 0.007700 0.007700 0.011600 0.003900 0.003800 0.003900 0.007700 0.003900 0.003900 0.003900 0.007700 0.003900 0.000000 0.007700 0.003900 0.015600 0.003800 0.007700
Topi 0.007700 0.040600 0.011600 0.023300 0.011600 0.007700 0.015500 0.027300 0.011600 0.019500 0.011700 0.015600 0.000000 0.015500 0.019500 0.011600 0.016500 0.020600 0.007700 0.011600 0.011600 0.007700 0.019600 0.019500 0.007700 0.019500 0.000000 0.011600 0.019500 0.011600 0.019500 0.011600 0.019400 0.007700 0.007700 0.007700 0.011600 0.011700 0.011600 0.019400 0.023500 0.019500 0.019500 0.019500 0.007700 0.019600 0.015500 0.015500 0.011600 0.023400 0.011600 0.007700
CommonDuik 0.007700 0.024100 0.003800 0.023300 0.003900 0.007700 0.000000 0.019400 0.003800 0.003900 0.011600 0.000000 0.015500 0.000000 0.003800 0.003800 0.007700 0.011600 0.007700 0.003800 0.003900 0.007700 0.003900 0.003900 0.007700 0.003900 0.015600 0.003800 0.003900 0.003800 0.003900 0.003800 0.003800 0.015500 0.007700 0.007700 0.011600 0.003900 0.003800 0.003800 0.007700 0.003900 0.003900 0.003900 0.007700 0.003900 0.000000 0.007700 0.003800 0.015500 0.003800 0.007700
Suni 0.011600 0.028500 0.007700 0.028000 0.007700 0.011600 0.003900 0.023300 0.007700 0.007700 0.015500 0.003900 0.019500 0.003800 0.000000 0.007700 0.011600 0.016000 0.011600 0.007700 0.007700 0.011600 0.007800 0.007700 0.011600 0.007700 0.019500 0.007700 0.007700 0.007700 0.007700 0.007700 0.007700 0.019500 0.011600 0.011600 0.015500 0.007700 0.007700 0.007700 0.011600 0.007700 0.007700 0.007700 0.011600 0.007800 0.003800 0.011600 0.007700 0.019500 0.007700 0.011600
Springbuck 0.003800 0.028200 0.007700 0.019400 0.007700 0.003800 0.003900 0.023300 0.007700 0.007700 0.007700 0.003900 0.011600 0.003800 0.007700 0.000000 0.012400 0.016500 0.003800 0.007700 0.000000 0.003800 0.007800 0.007700 0.003800 0.007700 0.011600 0.007700 0.007700 0.007700 0.007700 0.007700 0.007700 0.011600 0.003900 0.003800 0.007700 0.007700 0.007700 0.007700 0.011600 0.007700 0.007700 0.007700 0.003800 0.007800 0.003800 0.011600 0.007700 0.019500 0.007700 0.003800
Okapi 0.008300 0.024200 0.003800 0.016000 0.003900 0.008300 0.007700 0.019400 0.003800 0.003900 0.012000 0.007700 0.016500 0.007700 0.011600 0.012400 0.000000 0.003800 0.008100 0.003800 0.012400 0.008300 0.003900 0.003900 0.008300 0.011600 0.016400 0.003800 0.011700 0.003800 0.003900 0.003800 0.003900 0.024800 0.016600 0.008400 0.012500 0.003900 0.003800 0.003900 0.007700 0.011600 0.003900 0.003900 0.008400 0.011700 0.007700 0.007700 0.003900 0.007700 0.003800 0.008400
Giraffe 0.012500 0.020100 0.007700 0.012000 0.007700 0.012500 0.011600 0.023300 0.007700 0.008200 0.016000 0.011600 0.020600 0.011600 0.016000 0.016500 0.003800 0.000000 0.012200 0.007700 0.016500 0.012500 0.007800 0.007700 0.012500 0.015500 0.020500 0.007700 0.015600 0.007700 0.008200 0.007700 0.007700 0.028900 0.020700 0.012500 0.016600 0.007700 0.007700 0.007700 0.011600 0.015500 0.008100 0.007700 0.012500 0.015600 0.011600 0.011600 0.007700 0.011600 0.007700 0.012600
TibetanAnt 0.000000 0.032300 0.003800 0.015500 0.003900 0.000000 0.007700 0.019400 0.003800 0.011600 0.003900 0.007700 0.007700 0.007700 0.011600 0.003800 0.008100 0.012200 0.000000 0.003800 0.003900 0.000000 0.011700 0.011600 0.000000 0.011600 0.007700 0.003800 0.011600 0.003800 0.011600 0.003800 0.011600 0.015600 0.007700 0.000100 0.003900 0.003900 0.003800 0.011600 0.015600 0.011600 0.011600 0.011600 0.000100 0.011700 0.007700 0.007700 0.003800 0.015500 0.003800 0.000100
Sitatunga 0.003800 0.028100 0.000000 0.019300 0.000100 0.003800 0.003800 0.015400 0.000000 0.007700 0.007700 0.003800 0.011600 0.003800 0.007700 0.007700 0.003800 0.007700 0.003800 0.000000 0.007700 0.003800 0.007700 0.007700 0.003800 0.007700 0.011600 0.000000 0.007700 0.000000 0.007700 0.000000 0.007700 0.019400 0.011600 0.003800 0.007700 0.000100 0.000000 0.007700 0.011600 0.007700 0.007700 0.007700 0.003800 0.007700 0.003800 0.003800 0.000000 0.011600 0.000000 0.003800
Oribi 0.003900 0.028400 0.007700 0.019400 0.007800 0.003900 0.003900 0.023400 0.007700 0.007800 0.007800 0.003900 0.011600 0.003900 0.007700 0.000000 0.012400 0.016500 0.003900 0.007700 0.000000 0.003900 0.007800 0.007800 0.003900 0.007700 0.011700 0.007700 0.007800 0.007700 0.007800 0.007700 0.007700 0.011700 0.003900 0.003900 0.007700 0.007800 0.007700 0.007700 0.011700 0.007700 0.007700 0.007800 0.003900 0.007800 0.003900 0.011600 0.007700 0.019500 0.007700 0.003800
BarbaryShe 0.000000 0.032400 0.003800 0.015500 0.003900 0.000000 0.007700 0.019400 0.003800 0.011600 0.003800 0.007700 0.007700 0.007700 0.011600 0.003800 0.008300 0.012500 0.000000 0.003800 0.003900 0.000000 0.011700 0.011600 0.000000 0.011600 0.007700 0.003800 0.011600 0.003800 0.011600 0.003800 0.011600 0.015600 0.007700 0.000100 0.003800 0.003900 0.003800 0.011600 0.015600 0.011600 0.011600 0.011600 0.000100 0.011700 0.007700 0.007700 0.003800 0.015500 0.003800 0.000000
Daviddeer 0.011700 0.020300 0.007700 0.019500 0.007800 0.011700 0.003900 0.023500 0.007700 0.000100 0.015600 0.003900 0.019600 0.003900 0.007800 0.007800 0.003900 0.007800 0.011700 0.007700 0.007800 0.011700 0.000000 0.000100 0.011700 0.007800 0.019600 0.007700 0.007800 0.007700 0.000100 0.007800 0.000100 0.019600 0.011700 0.011700 0.015600 0.007800 0.007700 0.000100 0.003900 0.007800 0.000100 0.000100 0.011700 0.007800 0.003900 0.011700 0.007800 0.011700 0.007700 0.011600
Reindeer 0.011600 0.020200 0.007700 0.019400 0.007800 0.011600 0.003900 0.023400 0.007700 0.000000 0.015600 0.003900 0.019500 0.003900 0.007700 0.007700 0.003900 0.007700 0.011600 0.007700 0.007800 0.011600 0.000100 0.000000 0.011600 0.007800 0.019600 0.007700 0.007800 0.007700 0.000000 0.007700 0.000100 0.019500 0.011600 0.011600 0.015600 0.007800 0.007700 0.000000 0.003900 0.007800 0.000000 0.000000 0.011600 0.007800 0.003900 0.011600 0.007700 0.011700 0.007700 0.011600
Ibex 0.000000 0.032400 0.003800 0.015500 0.003900 0.000000 0.007700 0.019400 0.003800 0.011600 0.003800 0.007700 0.007700 0.007700 0.011600 0.003800 0.008300 0.012500 0.000000 0.003800 0.003900 0.000000 0.011700 0.011600 0.000000 0.011600 0.007700 0.003800 0.011600 0.003800 0.011600 0.003800 0.011600 0.015600 0.007700 0.000100 0.003800 0.003900 0.003800 0.011600 0.015600 0.011600 0.011600 0.011600 0.000100 0.011700 0.007700 0.007700 0.003800 0.015500 0.003800 0.000000
GyrantGaze 0.011600 0.028200 0.007700 0.027300 0.007700 0.011600 0.003900 0.023400 0.007700 0.007800 0.015600 0.003900 0.019500 0.003900 0.007700 0.007700 0.011600 0.015500 0.011600 0.007700 0.007700 0.011600 0.007800 0.007800 0.011600 0.000000 0.019500 0.007700 0.000000 0.007700 0.007800 0.007700 0.007700 0.019500 0.011600 0.011600 0.015500 0.007800 0.007700 0.007700 0.011700 0.000000 0.007700 0.007800 0.011600 0.007800 0.003900 0.011600 0.007700 0.019500 0.007700 0.011600
Hartebeest 0.007700 0.040600 0.011600 0.023400 0.011700 0.007700 0.015600 0.027400 0.011600 0.019600 0.011700 0.015600 0.000000 0.015600 0.019500 0.011600 0.016400 0.020500 0.007700 0.011600 0.011700 0.007700 0.019600 0.019600 0.007700 0.019500 0.000000 0.011600 0.019600 0.011600 0.019600 0.011600 0.019500 0.007800 0.007800 0.007700 0.011600 0.011700 0.011600 0.019500 0.023500 0.019500 0.019500 0.019600 0.007700 0.019600 0.015600 0.015600 0.011600 0.023500 0.011600 0.007700
Bongo 0.003800 0.028100 0.000000 0.019300 0.000100 0.003800 0.003800 0.015400 0.000000 0.007700 0.007700 0.003800 0.011600 0.003800 0.007700 0.007700 0.003800 0.007700 0.003800 0.000000 0.007700 0.003800 0.007700 0.007700 0.003800 0.007700 0.011600 0.000000 0.007700 0.000000 0.007700 0.000000 0.007700 0.019400 0.011600 0.003800 0.007700 0.000100 0.000000 0.007700 0.011600 0.007700 0.007700 0.007700 0.003800 0.007700 0.003800 0.003800 0.000000 0.011600 0.000000 0.003800
Gerenuk 0.011600 0.028200 0.007700 0.027400 0.007800 0.011600 0.003900 0.023400 0.007700 0.007800 0.015600 0.003900 0.019500 0.003900 0.007700 0.007700 0.011700 0.015600 0.011600 0.007700 0.007800 0.011600 0.007800 0.007800 0.011600 0.000000 0.019600 0.007700 0.000000 0.007700 0.007800 0.007700 0.007700 0.019600 0.011700 0.011600 0.015600 0.007800 0.007700 0.007700 0.011700 0.000000 0.007800 0.007800 0.011600 0.007800 0.003900 0.011600 0.007700 0.019500 0.007700 0.011600
CommonElan 0.003800 0.028100 0.000000 0.019300 0.000100 0.003800 0.003800 0.015400 0.000000 0.007700 0.007700 0.003800 0.011600 0.003800 0.007700 0.007700 0.003800 0.007700 0.003800 0.000000 0.007700 0.003800 0.007700 0.007700 0.003800 0.007700 0.011600 0.000000 0.007700 0.000000 0.007700 0.000000 0.007700 0.019400 0.011600 0.003800 0.007700 0.000100 0.000000 0.007700 0.011600 0.007700 0.007700 0.007700 0.003800 0.007700 0.003800 0.003800 0.000000 0.011600 0.000000 0.003800
MuntiacusR 0.011600 0.020600 0.007700 0.020200 0.007800 0.011600 0.003900 0.023400 0.007700 0.000000 0.015600 0.003900 0.019500 0.003900 0.007700 0.007700 0.003900 0.008200 0.011600 0.007700 0.007800 0.011600 0.000100 0.000000 0.011600 0.007800 0.019600 0.007700 0.007800 0.007700 0.000000 0.007700 0.000100 0.019500 0.011700 0.011600 0.015600 0.007800 0.007700 0.000000 0.003900 0.007800 0.000000 0.000000 0.011600 0.007800 0.003900 0.011600 0.007700 0.011700 0.007700 0.011600
HarveysDui 0.003800 0.028100 0.000000 0.019400 0.000100 0.003800 0.003800 0.015400 0.000000 0.007700 0.007700 0.003900 0.011600 0.003800 0.007700 0.007700 0.003800 0.007700 0.003800 0.000000 0.007700 0.003800 0.007800 0.007700 0.003800 0.007700 0.011600 0.000000 0.007700 0.000000 0.007700 0.000000 0.007700 0.019500 0.011600 0.003800 0.007700 0.000000 0.000000 0.007700 0.011600 0.007700 0.007700 0.007700 0.003800 0.007800 0.003800 0.003800 0.000000 0.011600 0.000100 0.003800
Pronghorn 0.011600 0.020000 0.007700 0.019400 0.007700 0.011600 0.003900 0.023300 0.007700 0.000100 0.015500 0.003900 0.019400 0.003800 0.007700 0.007700 0.003900 0.007700 0.011600 0.007700 0.007700 0.011600 0.000100 0.000100 0.011600 0.007700 0.019500 0.007700 0.007700 0.007700 0.000100 0.007700 0.000000 0.019500 0.011600 0.011600 0.015500 0.007700 0.007700 0.000100 0.003900 0.007700 0.000100 0.000100 0.011600 0.007800 0.003800 0.011600 0.007700 0.011600 0.007700 0.011600
BlueWildeb 0.015600 0.040700 0.019400 0.031300 0.019500 0.015600 0.015600 0.035400 0.019400 0.019500 0.019600 0.015600 0.007700 0.015500 0.019500 0.011600 0.024800 0.028900 0.015600 0.019400 0.011700 0.015600 0.019600 0.019500 0.015600 0.019500 0.007800 0.019400 0.019600 0.019400 0.019500 0.019500 0.019500 0.000000 0.007700 0.015500 0.019500 0.019600 0.019400 0.019500 0.023500 0.019500 0.019500 0.019500 0.015500 0.019600 0.015500 0.023500 0.019500 0.031500 0.019400 0.015500
Gemsbok 0.007700 0.032400 0.011600 0.023300 0.011600 0.007700 0.007700 0.027300 0.011600 0.011700 0.011600 0.007700 0.007700 0.007700 0.011600 0.003900 0.016600 0.020700 0.007700 0.011600 0.003900 0.007700 0.011700 0.011600 0.007700 0.011600 0.007800 0.011600 0.011700 0.011600 0.011700 0.011600 0.011600 0.007700 0.000000 0.007700 0.011600 0.011700 0.011600 0.011600 0.015600 0.011600 0.011600 0.011600 0.007700 0.011700 0.007700 0.015500 0.011600 0.023500 0.011600 0.007700
Yak 0.000100 0.032500 0.003800 0.015500 0.003900 0.000100 0.007700 0.019400 0.003800 0.011600 0.003900 0.007700 0.007700 0.007700 0.011600 0.003800 0.008400 0.012500 0.000100 0.003800 0.003900 0.000100 0.011700 0.011600 0.000100 0.011600 0.007700 0.003800 0.011600 0.003800 0.011600 0.003800 0.011600 0.015500 0.007700 0.000000 0.003800 0.003900 0.003800 0.011600 0.015500 0.011600 0.011600 0.011600 0.000000 0.011700 0.007700 0.007700 0.003800 0.015500 0.003800 0.000000
BlueSheep 0.003800 0.036500 0.007700 0.019400 0.007700 0.003800 0.011600 0.023300 0.007700 0.015600 0.007700 0.011600 0.011600 0.011600 0.015500 0.007700 0.012500 0.016600 0.003900 0.007700 0.007700 0.003800 0.015600 0.015600 0.003800 0.015500 0.011600 0.007700 0.015600 0.007700 0.015600 0.007700 0.015500 0.019500 0.011600 0.003800 0.000000 0.007700 0.007700 0.015500 0.019500 0.015500 0.015500 0.015600 0.003800 0.015600 0.011600 0.011600 0.007700 0.019500 0.007700 0.003800
BohorReedb 0.003900 0.028200 0.000100 0.019500 0.000000 0.003900 0.003900 0.015500 0.000100 0.007800 0.007800 0.003900 0.011700 0.003900 0.007700 0.007700 0.003900 0.007700 0.003900 0.000100 0.007800 0.003900 0.007800 0.007800 0.003900 0.007800 0.011700 0.000100 0.007800 0.000100 0.007800 0.000000 0.007700 0.019600 0.011700 0.003900 0.007700 0.000000 0.000000 0.007700 0.011700 0.007800 0.007800 0.007800 0.003900 0.007800 0.003900 0.003900 0.000000 0.011700 0.000100 0.003900
KirksDik 0.003800 0.028000 0.000100 0.019300 0.000100 0.003800 0.003800 0.015400 0.000000 0.007700 0.007700 0.003800 0.011600 0.003800 0.007700 0.007700 0.003800 0.007700 0.003800 0.000000 0.007700 0.003800 0.007700 0.007700 0.003800 0.007700 0.011600 0.000000 0.007700 0.000000 0.007700 0.000000 0.007700 0.019400 0.011600 0.003800 0.007700 0.000000 0.000000 0.007700 0.011600 0.007700 0.007700 0.007700 0.003800 0.007700 0.003800 0.003800 0.000000 0.011600 0.000100 0.003800
RoeDeer 0.011600 0.020000 0.007700 0.019400 0.007700 0.011600 0.003900 0.023300 0.007700 0.000000 0.015500 0.003900 0.019400 0.003800 0.007700 0.007700 0.003900 0.007700 0.011600 0.007700 0.007700 0.011600 0.000100 0.000000 0.011600 0.007700 0.019500 0.007700 0.007700 0.007700 0.000000 0.007700 0.000100 0.019500 0.011600 0.011600 0.015500 0.007700 0.007700 0.000000 0.003900 0.007700 0.000100 0.000000 0.011600 0.007800 0.003800 0.011600 0.007700 0.011600 0.007700 0.011600
WhiteLippe 0.015600 0.024400 0.011600 0.023400 0.011700 0.015600 0.007700 0.027300 0.011600 0.003900 0.019500 0.007700 0.023500 0.007700 0.011600 0.011600 0.007700 0.011600 0.015600 0.011600 0.011700 0.015600 0.003900 0.003900 0.015600 0.011700 0.023500 0.011600 0.011700 0.011600 0.003900 0.011600 0.003900 0.023500 0.015600 0.015500 0.019500 0.011700 0.011600 0.003900 0.000000 0.011700 0.003900 0.003900 0.015500 0.011700 0.007700 0.015500 0.011600 0.015600 0.011600 0.015500
ThomsonGaz 0.011600 0.028200 0.007700 0.027300 0.007700 0.011600 0.003900 0.023400 0.007700 0.007800 0.015600 0.003900 0.019500 0.003900 0.007700 0.007700 0.011600 0.015500 0.011600 0.007700 0.007700 0.011600 0.007800 0.007800 0.011600 0.000000 0.019500 0.007700 0.000000 0.007700 0.007800 0.007700 0.007700 0.019500 0.011600 0.011600 0.015500 0.007800 0.007700 0.007700 0.011700 0.000000 0.007700 0.007800 0.011600 0.007800 0.003900 0.011600 0.007700 0.019500 0.007700 0.011600
MuntiacusC 0.011600 0.020500 0.007700 0.020100 0.007800 0.011600 0.003900 0.023400 0.007700 0.000000 0.015600 0.003900 0.019500 0.003900 0.007700 0.007700 0.003900 0.008100 0.011600 0.007700 0.007700 0.011600 0.000100 0.000000 0.011600 0.007700 0.019500 0.007700 0.007800 0.007700 0.000000 0.007700 0.000100 0.019500 0.011600 0.011600 0.015500 0.007800 0.007700 0.000100 0.003900 0.007700 0.000000 0.000000 0.011600 0.007800 0.003900 0.011600 0.007700 0.011600 0.007700 0.011600
WhiteTaile 0.011600 0.020200 0.007700 0.019400 0.007800 0.011600 0.003900 0.023400 0.007700 0.000000 0.015600 0.003900 0.019500 0.003900 0.007700 0.007700 0.003900 0.007700 0.011600 0.007700 0.007800 0.011600 0.000100 0.000000 0.011600 0.007800 0.019600 0.007700 0.007800 0.007700 0.000000 0.007700 0.000100 0.019500 0.011600 0.011600 0.015600 0.007800 0.007700 0.000000 0.003900 0.007800 0.000000 0.000000 0.011600 0.007800 0.003900 0.011600 0.007700 0.011700 0.007700 0.011600
Cattle 0.000100 0.032500 0.003800 0.015500 0.003900 0.000100 0.007700 0.019400 0.003800 0.011600 0.003900 0.007700 0.007700 0.007700 0.011600 0.003800 0.008400 0.012500 0.000100 0.003800 0.003900 0.000100 0.011700 0.011600 0.000100 0.011600 0.007700 0.003800 0.011600 0.003800 0.011600 0.003800 0.011600 0.015500 0.007700 0.000000 0.003800 0.003900 0.003800 0.011600 0.015500 0.011600 0.011600 0.011600 0.000000 0.011700 0.007700 0.007700 0.003800 0.015500 0.003800 0.000000
RoyalAntel 0.011700 0.027400 0.007700 0.027400 0.007800 0.011700 0.003900 0.023500 0.007700 0.007800 0.015600 0.003900 0.019600 0.003900 0.007800 0.007800 0.011700 0.015600 0.011700 0.007700 0.007800 0.011700 0.007800 0.007800 0.011700 0.007800 0.019600 0.007700 0.007800 0.007700 0.007800 0.007800 0.007800 0.019600 0.011700 0.011700 0.015600 0.007800 0.007700 0.007800 0.011700 0.007800 0.007800 0.007800 0.011700 0.000000 0.003900 0.011700 0.007800 0.019600 0.007700 0.011600
Steenbok 0.007700 0.024100 0.003800 0.023300 0.003900 0.007700 0.000000 0.019400 0.003800 0.003900 0.011600 0.000000 0.015500 0.000000 0.003800 0.003800 0.007700 0.011600 0.007700 0.003800 0.003900 0.007700 0.003900 0.003900 0.007700 0.003900 0.015600 0.003800 0.003900 0.003800 0.003900 0.003800 0.003800 0.015500 0.007700 0.007700 0.011600 0.003900 0.003800 0.003800 0.007700 0.003900 0.003900 0.003900 0.007700 0.003900 0.000000 0.007700 0.003800 0.015500 0.003800 0.007700
Impala 0.007700 0.024200 0.003800 0.023300 0.003900 0.007700 0.007700 0.019400 0.003800 0.011600 0.003900 0.007700 0.015500 0.007700 0.011600 0.011600 0.007700 0.011600 0.007700 0.003800 0.011600 0.007700 0.011700 0.011600 0.007700 0.011600 0.015600 0.003800 0.011600 0.003800 0.011600 0.003800 0.011600 0.023500 0.015500 0.007700 0.011600 0.003900 0.003800 0.011600 0.015500 0.011600 0.011600 0.011600 0.007700 0.011700 0.007700 0.000000 0.003800 0.007700 0.003800 0.007700
Klipspring 0.003800 0.028300 0.000000 0.019400 0.000100 0.003800 0.003900 0.015500 0.000000 0.007700 0.007700 0.003900 0.011600 0.003800 0.007700 0.007700 0.003900 0.007700 0.003800 0.000000 0.007700 0.003800 0.007800 0.007700 0.003800 0.007700 0.011600 0.000000 0.007700 0.000000 0.007700 0.000000 0.007700 0.019500 0.011600 0.003800 0.007700 0.000000 0.000000 0.007700 0.011600 0.007700 0.007700 0.007700 0.003800 0.007800 0.003800 0.003800 0.000000 0.011600 0.000100 0.003800
ForestMusk 0.015500 0.024100 0.011600 0.023300 0.011700 0.015500 0.015500 0.027300 0.011600 0.011700 0.011600 0.015600 0.023400 0.015500 0.019500 0.019500 0.007700 0.011600 0.015500 0.011600 0.019500 0.015500 0.011700 0.011700 0.015500 0.019500 0.023500 0.011600 0.019500 0.011600 0.011700 0.011600 0.011600 0.031500 0.023500 0.015500 0.019500 0.011700 0.011600 0.011600 0.015600 0.019500 0.011600 0.011700 0.015500 0.019600 0.015500 0.007700 0.011600 0.000000 0.011600 0.015500
Bushbuck 0.003800 0.028000 0.000000 0.019300 0.000100 0.003800 0.003800 0.015400 0.000000 0.007700 0.007700 0.003800 0.011600 0.003800 0.007700 0.007700 0.003800 0.007700 0.003800 0.000000 0.007700 0.003800 0.007700 0.007700 0.003800 0.007700 0.011600 0.000000 0.007700 0.000000 0.007700 0.000100 0.007700 0.019400 0.011600 0.003800 0.007700 0.000100 0.000100 0.007700 0.011600 0.007700 0.007700 0.007700 0.003800 0.007700 0.003800 0.003800 0.000100 0.011600 0.000000 0.003800
GreaterKud 0.000000 0.032300 0.003800 0.015400 0.003800 0.000000 0.007700 0.019300 0.003800 0.011600 0.003800 0.007700 0.007700 0.007700 0.011600 0.003800 0.008400 0.012600 0.000100 0.003800 0.003800 0.000000 0.011600 0.011600 0.000000 0.011600 0.007700 0.003800 0.011600 0.003800 0.011600 0.003800 0.011600 0.015500 0.007700 0.000000 0.003800 0.003900 0.003800 0.011600 0.015500 0.011600 0.011600 0.011600 0.000000 0.011600 0.007700 0.007700 0.003800 0.015500 0.003800 0.000000
