1
52 1
Argali 0.000000 0.414200 0.155400 0.297000 0.082200 0.000000 0.064800 0.083000 0.134800 0.115500 0.048700 0.100200 0.096800 0.032400 0.159100 0.097000 0.190800 0.170900 0.132300 0.134800 0.081000 0.048000 0.133600 0.097900 0.066200 0.064600 0.032400 0.134800 0.112300 0.152000 0.082100 0.048600 0.217900 0.048200 0.048500 0.099500 0.082100 0.032300 0.128700 0.118000 0.117900 0.080300 0.098800 0.134000 0.082800 0.116900 0.113900 0.082900 0.096500 0.119900 0.134800 0.153100
LesserMous 0.414200 0.000000 0.403600 0.344100 0.318200 0.414200 0.382300 0.320100 0.420400 0.402800 0.418900 0.345100 0.427200 0.347000 0.380600 0.353600 0.415600 0.371700 0.476600 0.420400 0.357900 0.415100 0.361600 0.360400 0.395700 0.314700 0.346400 0.420400 0.369200 0.443500 0.365900 0.366800 0.441300 0.316000 0.366700 0.341300 0.470500 0.346500 0.345200 0.422200 0.345700 0.331500 0.380100 0.387400 0.320900 0.445300 0.398000 0.368800 0.372900 0.430300 0.420400 0.447500
LesserKudu 0.155400 0.403600 0.000000 0.307300 0.096500 0.155400 0.135300 0.168400 0.015100 0.134100 0.174700 0.150100 0.179300 0.114400 0.171900 0.110500 0.203400 0.185000 0.227100 0.014800 0.164500 0.173700 0.147000 0.146500 0.196300 0.112400 0.114900 0.014800 0.125300 0.030000 0.131000 0.131300 0.153500 0.130300 0.131000 0.148300 0.212400 0.114600 0.176300 0.131800 0.131700 0.127700 0.117100 0.112500 0.131500 0.112500 0.198400 0.096500 0.179600 0.152000 0.015100 0.030600
KillerWhal 0.297000 0.344100 0.307300 0.000000 0.222600 0.297000 0.270700 0.279600 0.282200 0.288900 0.318400 0.244000 0.314900 0.286800 0.315000 0.288600 0.303500 0.241600 0.377800 0.282200 0.271300 0.362800 0.279000 0.279900 0.298800 0.294500 0.286500 0.282200 0.304200 0.259100 0.304200 0.262700 0.336600 0.262100 0.263500 0.283200 0.317400 0.286100 0.243200 0.264000 0.263800 0.270300 0.313700 0.202000 0.264500 0.346100 0.352600 0.223600 0.313300 0.311700 0.282200 0.261300
DefassaWat 0.082200 0.318200 0.096500 0.222600 0.000000 0.082200 0.064400 0.096300 0.078600 0.080400 0.099700 0.046800 0.109400 0.047000 0.134100 0.076900 0.164900 0.145300 0.149300 0.078600 0.094100 0.099200 0.111300 0.077700 0.118600 0.078200 0.047000 0.078600 0.091700 0.094600 0.062500 0.062700 0.189300 0.062200 0.062500 0.046500 0.134600 0.046700 0.140500 0.096100 0.096100 0.093300 0.064200 0.078200 0.030900 0.129200 0.126100 0.062900 0.076500 0.097700 0.078600 0.095200
Sheep 0.000000 0.414200 0.155400 0.297000 0.082200 0.000000 0.064800 0.083000 0.134800 0.115500 0.048700 0.100200 0.096800 0.032400 0.159100 0.097000 0.190800 0.170900 0.132300 0.134800 0.081000 0.048400 0.133600 0.097900 0.066200 0.064600 0.032400 0.134800 0.112300 0.152000 0.082100 0.048600 0.217900 0.048200 0.048500 0.099500 0.082100 0.032300 0.128700 0.118000 0.117900 0.080300 0.098800 0.134000 0.082800 0.116900 0.113900 0.082900 0.096500 0.119900 0.134800 0.153100
MaxwellsDu 0.064800 0.382300 0.135300 0.270700 0.064400 0.064800 0.000000 0.065100 0.115600 0.047400 0.081900 0.048200 0.046600 0.015900 0.138600 0.079300 0.170100 0.150100 0.096500 0.115600 0.031200 0.081400 0.114700 0.080000 0.100600 0.047600 0.015900 0.115600 0.094500 0.097200 0.064400 0.000100 0.156300 0.031500 0.031700 0.081400 0.115900 0.015900 0.077400 0.064700 0.099100 0.063000 0.064400 0.114900 0.064900 0.098200 0.095900 0.065000 0.078900 0.065700 0.115600 0.097900
GazellaPrz 0.083000 0.320100 0.168400 0.279600 0.096300 0.083000 0.065100 0.000000 0.148000 0.115700 0.100700 0.079600 0.110500 0.047500 0.134900 0.076000 0.166000 0.146500 0.151200 0.148000 0.060700 0.100100 0.111900 0.111600 0.119700 0.045100 0.047500 0.148000 0.090100 0.165000 0.096200 0.063400 0.230500 0.062800 0.063100 0.079000 0.135700 0.047300 0.105900 0.131700 0.096700 0.060100 0.098900 0.112100 0.063100 0.130500 0.091500 0.063400 0.110100 0.133700 0.148000 0.166200
MountainNy 0.134800 0.420400 0.015100 0.282200 0.078600 0.134800 0.115600 0.148000 0.000000 0.114600 0.153400 0.130300 0.159400 0.095800 0.151000 0.092700 0.182100 0.163700 0.204500 0.000000 0.144700 0.152600 0.127800 0.127400 0.174000 0.094200 0.096300 0.000000 0.107400 0.014800 0.112000 0.112300 0.169300 0.111500 0.112000 0.128800 0.190000 0.096000 0.156900 0.112600 0.112600 0.109400 0.098000 0.094300 0.111500 0.094300 0.177800 0.078600 0.159900 0.132000 0.000000 0.015000
MuntiacusM 0.115500 0.402800 0.134100 0.288900 0.080400 0.115500 0.047400 0.115700 0.114600 0.000000 0.133500 0.062600 0.094400 0.064400 0.155700 0.128900 0.149500 0.167800 0.111200 0.114600 0.079000 0.132800 0.096000 0.062600 0.153300 0.096500 0.064500 0.114600 0.143900 0.096400 0.047200 0.047300 0.173200 0.079900 0.080300 0.097500 0.169000 0.064300 0.092400 0.047400 0.080700 0.111900 0.015100 0.096400 0.081000 0.079900 0.146100 0.115400 0.128100 0.048300 0.114600 0.096000
goat 0.048700 0.418900 0.174700 0.318400 0.099700 0.048700 0.081900 0.100700 0.153400 0.133500 0.000000 0.118300 0.114100 0.049100 0.160100 0.114300 0.210600 0.190900 0.150500 0.153400 0.098200 0.031300 0.115900 0.080900 0.016100 0.081600 0.049100 0.153400 0.129700 0.170800 0.099500 0.065500 0.239000 0.065000 0.065300 0.117400 0.031900 0.049000 0.146400 0.136400 0.100200 0.097300 0.116600 0.152400 0.100400 0.135100 0.131500 0.100500 0.113700 0.138600 0.153400 0.172100
AfricanBuf 0.100200 0.345100 0.150100 0.244000 0.046800 0.100200 0.048200 0.079600 0.130300 0.062600 0.118300 0.000000 0.093400 0.063700 0.153600 0.127500 0.183400 0.165200 0.131100 0.130300 0.078200 0.117600 0.128500 0.093900 0.137900 0.095300 0.063700 0.130300 0.142400 0.112000 0.078500 0.046800 0.171300 0.079000 0.079400 0.030700 0.153900 0.063500 0.123300 0.078800 0.113200 0.110600 0.080300 0.128900 0.015300 0.147300 0.144500 0.114000 0.093200 0.081000 0.130300 0.112200
Topi 0.096800 0.427200 0.179300 0.314900 0.109400 0.096800 0.046600 0.110500 0.159400 0.094400 0.114100 0.093400 0.000000 0.061300 0.183500 0.123500 0.214700 0.196600 0.127800 0.159400 0.075800 0.113500 0.158900 0.124200 0.132900 0.092300 0.061600 0.159400 0.138000 0.140900 0.109200 0.045300 0.201800 0.076400 0.076800 0.125700 0.148400 0.061400 0.120700 0.109700 0.144000 0.107200 0.112100 0.159400 0.109600 0.142300 0.140000 0.109700 0.122800 0.110900 0.159400 0.142600
CommonDuik 0.032400 0.347000 0.114400 0.286800 0.047000 0.032400 0.015900 0.047500 0.095800 0.064400 0.049100 0.063700 0.061300 0.000000 0.117000 0.061800 0.148500 0.129300 0.098000 0.095800 0.046400 0.048900 0.095500 0.062200 0.066800 0.030800 0.000000 0.095800 0.076600 0.112000 0.046900 0.015500 0.172100 0.015300 0.015400 0.063000 0.082800 0.000000 0.092200 0.080200 0.080200 0.046000 0.048200 0.095700 0.045900 0.079200 0.077700 0.047200 0.061500 0.081100 0.095800 0.113300
Suni 0.159100 0.380600 0.171900 0.315000 0.134100 0.159100 0.138600 0.134900 0.151000 0.155700 0.160100 0.153600 0.183500 0.117000 0.000000 0.147900 0.170000 0.150800 0.233100 0.151000 0.131700 0.159100 0.097600 0.132400 0.181700 0.114800 0.117600 0.151000 0.163100 0.168200 0.134000 0.134400 0.236700 0.133400 0.133900 0.151800 0.198200 0.117200 0.180200 0.135000 0.082000 0.130400 0.138000 0.114800 0.134500 0.169200 0.165600 0.098500 0.183600 0.174200 0.151000 0.170300
Springbuck 0.097000 0.353600 0.110500 0.288600 0.076900 0.097000 0.079300 0.076000 0.092700 0.128900 0.114300 0.127500 0.123500 0.061800 0.147900 0.000000 0.178100 0.127200 0.128200 0.092700 0.074500 0.113700 0.124900 0.124600 0.133100 0.029100 0.061800 0.092700 0.014000 0.108500 0.109500 0.077200 0.202700 0.076700 0.077000 0.093000 0.148700 0.061600 0.087400 0.144500 0.110000 0.043500 0.112400 0.092200 0.110400 0.109300 0.073500 0.045600 0.123200 0.146800 0.092700 0.109200
Okapi 0.190800 0.415600 0.203400 0.303500 0.164900 0.190800 0.170100 0.166000 0.182100 0.149500 0.210600 0.183400 0.214700 0.148500 0.170000 0.178100 0.000000 0.073900 0.223600 0.182100 0.162300 0.209200 0.110300 0.144100 0.232900 0.145200 0.148500 0.182100 0.192900 0.199500 0.128800 0.165000 0.186400 0.163700 0.164600 0.183400 0.248800 0.148100 0.173900 0.129700 0.095300 0.160500 0.132400 0.110600 0.166000 0.163600 0.196100 0.129800 0.213600 0.166300 0.182100 0.199700
Giraffe 0.170900 0.371700 0.185000 0.241600 0.145300 0.170900 0.150100 0.146500 0.163700 0.167800 0.190900 0.165200 0.196600 0.129300 0.150800 0.127200 0.073900 0.000000 0.206800 0.163700 0.143100 0.189600 0.126800 0.126900 0.213300 0.125600 0.128400 0.163700 0.142000 0.181400 0.146500 0.146200 0.166700 0.144900 0.109300 0.130800 0.189900 0.128100 0.155600 0.147600 0.111300 0.106600 0.149900 0.090600 0.147100 0.182300 0.144200 0.110400 0.194500 0.147300 0.163700 0.181900
TibetanAnt 0.132300 0.476600 0.227100 0.377800 0.149300 0.132300 0.096500 0.151200 0.204500 0.111200 0.150500 0.131100 0.127800 0.098000 0.233100 0.128200 0.223600 0.206800 0.000000 0.204500 0.112400 0.113800 0.165100 0.128800 0.170400 0.130500 0.098000 0.204500 0.143100 0.183900 0.113400 0.080000 0.251200 0.113400 0.114000 0.131400 0.148900 0.097800 0.125100 0.114100 0.149900 0.146000 0.129400 0.165800 0.150400 0.148800 0.111400 0.150800 0.162500 0.152300 0.204500 0.184300
Sitatunga 0.134800 0.420400 0.014800 0.282200 0.078600 0.134800 0.115600 0.148000 0.000000 0.114600 0.153400 0.130300 0.159400 0.095800 0.151000 0.092700 0.182100 0.163700 0.204500 0.000000 0.144700 0.152600 0.127800 0.127400 0.174000 0.094200 0.096300 0.000000 0.107400 0.014500 0.112000 0.112300 0.169300 0.111500 0.112000 0.128800 0.190000 0.096000 0.156900 0.112600 0.112600 0.109400 0.098000 0.094300 0.112400 0.094300 0.177800 0.078600 0.159900 0.132000 0.000000 0.015000
Oribi 0.081000 0.357900 0.164500 0.271300 0.094100 0.081000 0.031200 0.060700 0.144700 0.079000 0.098200 0.078200 0.075800 0.046400 0.131700 0.074500 0.162300 0.143100 0.112400 0.144700 0.000000 0.097700 0.109400 0.109100 0.116800 0.044400 0.046400 0.144700 0.088400 0.126400 0.094000 0.030400 0.186000 0.061400 0.061700 0.110900 0.132500 0.046300 0.072800 0.094500 0.094500 0.058900 0.096500 0.109700 0.094800 0.127600 0.089700 0.062000 0.107900 0.095900 0.144700 0.127300
BarbaryShe 0.048000 0.415100 0.173700 0.362800 0.099200 0.048400 0.081400 0.100100 0.152600 0.132800 0.031300 0.117600 0.113500 0.048900 0.159100 0.113700 0.209200 0.189600 0.113800 0.152600 0.097700 0.000000 0.115300 0.080500 0.049000 0.081200 0.048900 0.152600 0.129100 0.170000 0.099000 0.065100 0.237500 0.064700 0.065000 0.116700 0.031800 0.048700 0.145600 0.135600 0.099600 0.096900 0.116000 0.151600 0.099900 0.134300 0.130700 0.099900 0.113300 0.137900 0.152600 0.171200
Daviddeer 0.133600 0.361600 0.147000 0.279000 0.111300 0.133600 0.114700 0.111900 0.127800 0.096000 0.115900 0.128500 0.158900 0.095500 0.097600 0.124900 0.110300 0.126800 0.165100 0.127800 0.109400 0.115300 0.000000 0.060500 0.135100 0.093400 0.095500 0.127800 0.139500 0.144200 0.077400 0.111300 0.205600 0.110500 0.111200 0.128400 0.150800 0.095300 0.121900 0.077800 0.014800 0.108400 0.079800 0.061000 0.112000 0.110400 0.141500 0.078200 0.158500 0.149000 0.127800 0.144400
Reindeer 0.097900 0.360400 0.146500 0.279900 0.077700 0.097900 0.080000 0.111600 0.127400 0.062600 0.080900 0.093900 0.124200 0.062200 0.132400 0.124600 0.144100 0.126900 0.128800 0.127400 0.109100 0.080500 0.060500 0.000000 0.099000 0.093200 0.062300 0.127400 0.139300 0.143700 0.045400 0.077700 0.204700 0.077200 0.045900 0.094100 0.080600 0.062100 0.089900 0.077500 0.045700 0.076100 0.046800 0.061100 0.078200 0.110000 0.141100 0.111300 0.124100 0.113200 0.127400 0.144000
Ibex 0.066200 0.395700 0.196300 0.298800 0.118600 0.066200 0.100600 0.119700 0.174000 0.153300 0.016100 0.137900 0.132900 0.066800 0.181700 0.133100 0.232900 0.213300 0.170400 0.174000 0.116800 0.049000 0.135100 0.099000 0.000000 0.099800 0.066800 0.174000 0.148700 0.191900 0.118500 0.083400 0.263200 0.082900 0.083200 0.136900 0.048800 0.066600 0.165800 0.156600 0.119200 0.115700 0.136000 0.172900 0.119500 0.155000 0.150700 0.119600 0.132500 0.159300 0.174000 0.193300
GyrantGaze 0.064600 0.314700 0.112400 0.294500 0.078200 0.064600 0.047600 0.045100 0.094200 0.096500 0.081600 0.095300 0.092300 0.030800 0.114800 0.029100 0.145200 0.125600 0.130500 0.094200 0.044400 0.081200 0.093400 0.093200 0.099800 0.000000 0.030900 0.094200 0.043200 0.110300 0.078100 0.046300 0.168400 0.045900 0.046200 0.094700 0.115600 0.030800 0.058000 0.112100 0.078400 0.014200 0.080200 0.093700 0.078700 0.077900 0.074400 0.046400 0.092200 0.113900 0.094200 0.111000
Hartebeest 0.032400 0.346400 0.114900 0.286500 0.047000 0.032400 0.015900 0.047500 0.096300 0.064500 0.049100 0.063700 0.061600 0.000000 0.117600 0.061800 0.148500 0.128400 0.098000 0.096300 0.046400 0.048900 0.095500 0.062300 0.066800 0.030900 0.000000 0.096300 0.076700 0.112600 0.047000 0.015500 0.172100 0.015300 0.015400 0.063300 0.082800 0.000100 0.092200 0.080200 0.080200 0.046000 0.048200 0.095700 0.047400 0.079600 0.077700 0.047400 0.061500 0.081500 0.096300 0.113300
Bongo 0.134800 0.420400 0.014800 0.282200 0.078600 0.134800 0.115600 0.148000 0.000000 0.114600 0.153400 0.130300 0.159400 0.095800 0.151000 0.092700 0.182100 0.163700 0.204500 0.000000 0.144700 0.152600 0.127800 0.127400 0.174000 0.094200 0.096300 0.000000 0.107400 0.014800 0.112000 0.112300 0.169300 0.111500 0.112000 0.128400 0.190000 0.096000 0.156900 0.112600 0.112600 0.109400 0.098000 0.094300 0.112400 0.094300 0.177800 0.078600 0.159900 0.132000 0.000000 0.015000
Gerenuk 0.112300 0.369200 0.125300 0.304200 0.091700 0.112300 0.094500 0.090100 0.107400 0.143900 0.129700 0.142400 0.138000 0.076600 0.163100 0.014000 0.192900 0.142000 0.143100 0.107400 0.088400 0.129100 0.139500 0.139300 0.148700 0.043200 0.076700 0.107400 0.000000 0.123100 0.124300 0.092000 0.217800 0.091300 0.091800 0.107800 0.164100 0.076500 0.101300 0.159300 0.124800 0.057400 0.127500 0.106800 0.125300 0.124100 0.087300 0.060400 0.137900 0.162000 0.107400 0.124000
CommonElan 0.152000 0.443500 0.030000 0.259100 0.094600 0.152000 0.097200 0.165000 0.014800 0.096400 0.170800 0.112000 0.140900 0.112000 0.168200 0.108500 0.199500 0.181400 0.183900 0.014500 0.126400 0.170000 0.144200 0.143700 0.191900 0.110300 0.112600 0.014800 0.123100 0.000000 0.128300 0.094500 0.149500 0.127800 0.128400 0.145400 0.207700 0.112300 0.138800 0.094800 0.129100 0.125400 0.114600 0.110300 0.128800 0.110300 0.194900 0.094500 0.176300 0.113200 0.014500 0.000000
MuntiacusR 0.082100 0.365900 0.131000 0.304200 0.062500 0.082100 0.064400 0.096200 0.112000 0.047200 0.099500 0.078500 0.109200 0.046900 0.134000 0.109500 0.128800 0.146500 0.113400 0.112000 0.094000 0.099000 0.077400 0.045400 0.118500 0.078100 0.047000 0.112000 0.124300 0.128300 0.000000 0.062500 0.188700 0.062100 0.062400 0.078800 0.134400 0.046800 0.106900 0.062400 0.062400 0.093200 0.031400 0.078000 0.062900 0.094800 0.126000 0.095900 0.109000 0.097500 0.112000 0.128500
HarveysDui 0.048600 0.366800 0.131300 0.262700 0.062700 0.048600 0.000100 0.063400 0.112300 0.047300 0.065500 0.046800 0.045300 0.015500 0.134400 0.077200 0.165000 0.146200 0.080000 0.112300 0.030400 0.065100 0.111300 0.077700 0.083400 0.046300 0.015500 0.112300 0.092000 0.094500 0.062500 0.000000 0.151400 0.030700 0.030800 0.079100 0.099300 0.015400 0.075400 0.062900 0.096200 0.061300 0.064200 0.111700 0.063100 0.095500 0.093300 0.063200 0.076700 0.063800 0.112300 0.095200
Pronghorn 0.217900 0.441300 0.153500 0.336600 0.189300 0.217900 0.156300 0.230500 0.169300 0.173200 0.239000 0.171300 0.201800 0.172100 0.236700 0.202700 0.186400 0.166700 0.251200 0.169300 0.186000 0.237500 0.205600 0.204700 0.263200 0.168400 0.172100 0.169300 0.217800 0.149500 0.188700 0.151400 0.000000 0.187800 0.189000 0.208700 0.279600 0.171700 0.197600 0.152000 0.190000 0.184200 0.194300 0.206700 0.190700 0.187900 0.261300 0.190300 0.201400 0.152600 0.169300 0.150500
BlueWildeb 0.048200 0.316000 0.130300 0.262100 0.062200 0.048200 0.031500 0.062800 0.111500 0.079900 0.065000 0.079000 0.076400 0.015300 0.133400 0.076700 0.163700 0.144900 0.113400 0.111500 0.061400 0.064700 0.110500 0.077200 0.082900 0.045900 0.015300 0.111500 0.091300 0.127800 0.062100 0.030700 0.187800 0.000000 0.030600 0.078500 0.098700 0.015300 0.075100 0.095400 0.095400 0.060900 0.063800 0.110900 0.062600 0.094800 0.092600 0.062700 0.076400 0.097000 0.111500 0.128600
Gemsbok 0.048500 0.366700 0.131000 0.263500 0.062500 0.048500 0.031700 0.063100 0.112000 0.080300 0.065300 0.079400 0.076800 0.015400 0.133900 0.077000 0.164600 0.109300 0.114000 0.112000 0.061700 0.065000 0.111200 0.045900 0.083200 0.046200 0.015400 0.112000 0.091800 0.128400 0.062400 0.030800 0.189000 0.030600 0.000000 0.078800 0.065000 0.015400 0.075600 0.096000 0.096000 0.030200 0.064100 0.078300 0.062900 0.095200 0.093000 0.063000 0.076700 0.097500 0.112000 0.129300
Yak 0.099500 0.341300 0.148300 0.283200 0.046500 0.099500 0.081400 0.079000 0.128800 0.097500 0.117400 0.030700 0.125700 0.063000 0.151800 0.093000 0.183400 0.130800 0.131400 0.128800 0.110900 0.116700 0.128400 0.094100 0.136900 0.094700 0.063300 0.128400 0.107800 0.145400 0.078800 0.079100 0.208700 0.078500 0.078800 0.000000 0.152800 0.063100 0.157700 0.113300 0.113200 0.109900 0.081000 0.128700 0.014900 0.146100 0.109300 0.112700 0.092600 0.114500 0.128800 0.147100
BlueSheep 0.082100 0.470500 0.212400 0.317400 0.134600 0.082100 0.115900 0.135700 0.190000 0.169000 0.031900 0.153900 0.148400 0.082800 0.198200 0.148700 0.248800 0.189900 0.148900 0.190000 0.132500 0.031800 0.150800 0.080600 0.048800 0.115600 0.082800 0.190000 0.164100 0.207700 0.134400 0.099300 0.279600 0.098700 0.065000 0.152800 0.000000 0.082600 0.145800 0.172600 0.135200 0.096900 0.151800 0.151800 0.135500 0.170900 0.166300 0.135500 0.148100 0.175600 0.190000 0.209300
BohorReedb 0.032300 0.346500 0.114600 0.286100 0.046700 0.032300 0.015900 0.047300 0.096000 0.064300 0.049000 0.063500 0.061400 0.000000 0.117200 0.061600 0.148100 0.128100 0.097800 0.096000 0.046300 0.048700 0.095300 0.062100 0.066600 0.030800 0.000100 0.096000 0.076500 0.112300 0.046800 0.015400 0.171700 0.015300 0.015400 0.063100 0.082600 0.000000 0.092000 0.080000 0.080000 0.045900 0.048100 0.095500 0.047200 0.079300 0.077500 0.047300 0.061300 0.081300 0.096000 0.113100
KirksDik 0.128700 0.345200 0.176300 0.243200 0.140500 0.128700 0.077400 0.105900 0.156900 0.092400 0.146400 0.123300 0.120700 0.092200 0.180200 0.087400 0.173900 0.155600 0.125100 0.156900 0.072800 0.145600 0.121900 0.089900 0.165800 0.058000 0.092200 0.156900 0.101300 0.138800 0.106900 0.075400 0.197600 0.075100 0.075600 0.157700 0.145800 0.092000 0.000000 0.107400 0.107300 0.042700 0.109600 0.090300 0.141400 0.106800 0.134600 0.107900 0.153700 0.143200 0.156900 0.138700
RoeDeer 0.118000 0.422200 0.131800 0.264000 0.096100 0.118000 0.064700 0.131700 0.112600 0.047400 0.136400 0.078800 0.109700 0.080200 0.135000 0.144500 0.129700 0.147600 0.114100 0.112600 0.094500 0.135600 0.077800 0.077500 0.156600 0.112100 0.080200 0.112600 0.159300 0.094800 0.062400 0.062900 0.152000 0.095400 0.096000 0.113300 0.172600 0.080000 0.107400 0.000000 0.062800 0.127400 0.064400 0.078400 0.096800 0.095300 0.161700 0.096600 0.143600 0.097900 0.112600 0.094600
WhiteLippe 0.117900 0.345700 0.131700 0.263800 0.096100 0.117900 0.099100 0.096700 0.112600 0.080700 0.100200 0.113200 0.144000 0.080200 0.082000 0.110000 0.095300 0.111300 0.149900 0.112600 0.094500 0.099600 0.014800 0.045700 0.119200 0.078400 0.080200 0.112600 0.124800 0.129100 0.062400 0.096200 0.190000 0.095400 0.096000 0.113200 0.135200 0.080000 0.107300 0.062800 0.000000 0.093600 0.064400 0.046100 0.096800 0.095300 0.126600 0.063100 0.143600 0.133400 0.112600 0.129200
ThomsonGaz 0.080300 0.331500 0.127700 0.270300 0.093300 0.080300 0.063000 0.060100 0.109400 0.111900 0.097300 0.110600 0.107200 0.046000 0.130400 0.043500 0.160500 0.106600 0.146000 0.109400 0.058900 0.096900 0.108400 0.076100 0.115700 0.014200 0.046000 0.109400 0.057400 0.125400 0.093200 0.061300 0.184200 0.060900 0.030200 0.109900 0.096900 0.045900 0.042700 0.127400 0.093600 0.000000 0.095600 0.076500 0.093900 0.093000 0.088800 0.061400 0.107100 0.129500 0.109400 0.126200
MuntiacusC 0.098800 0.380100 0.117100 0.313700 0.064200 0.098800 0.064400 0.098900 0.098000 0.015100 0.116600 0.080300 0.112100 0.048200 0.138000 0.112400 0.132400 0.149900 0.129400 0.098000 0.096500 0.116000 0.079800 0.046800 0.136000 0.080200 0.048200 0.098000 0.127500 0.114600 0.031400 0.064200 0.194300 0.063800 0.064100 0.081000 0.151800 0.048100 0.109600 0.064400 0.064400 0.095600 0.000000 0.080100 0.064600 0.063800 0.129300 0.098700 0.111800 0.065600 0.098000 0.114400
WhiteTaile 0.134000 0.387400 0.112500 0.202000 0.078200 0.134000 0.114900 0.112100 0.094300 0.096400 0.152400 0.128900 0.159400 0.095700 0.114800 0.092200 0.110600 0.090600 0.165800 0.094300 0.109700 0.151600 0.061000 0.061100 0.172900 0.093700 0.095700 0.094300 0.106800 0.110300 0.078000 0.111700 0.206700 0.110900 0.078300 0.128700 0.151800 0.095500 0.090300 0.078400 0.046100 0.076500 0.080100 0.000000 0.112300 0.110700 0.141900 0.046200 0.158900 0.149400 0.094300 0.110300
Cattle 0.082800 0.320900 0.131500 0.264500 0.030900 0.082800 0.064900 0.063100 0.111500 0.081000 0.100400 0.015300 0.109600 0.045900 0.134500 0.110400 0.166000 0.147100 0.150400 0.112400 0.094800 0.099900 0.112000 0.078200 0.119500 0.078700 0.047400 0.112400 0.125300 0.128800 0.062900 0.063100 0.190700 0.062600 0.062900 0.014900 0.135500 0.047200 0.141400 0.096800 0.096800 0.093900 0.064600 0.112300 0.000000 0.129500 0.127000 0.096300 0.077000 0.097800 0.112400 0.130300
RoyalAntel 0.116900 0.445300 0.112500 0.346100 0.129200 0.116900 0.098200 0.130500 0.094300 0.079900 0.135100 0.147300 0.142300 0.079200 0.169200 0.109300 0.163600 0.182300 0.148800 0.094300 0.127600 0.134300 0.110400 0.110000 0.155000 0.077900 0.079600 0.094300 0.124100 0.110300 0.094800 0.095500 0.187900 0.094800 0.095200 0.146100 0.170900 0.079300 0.106800 0.095300 0.095300 0.093000 0.063800 0.110700 0.129500 0.000000 0.160500 0.095200 0.142600 0.131400 0.094300 0.111100
Steenbok 0.113900 0.398000 0.198400 0.352600 0.126100 0.113900 0.095900 0.091500 0.177800 0.146100 0.131500 0.144500 0.140000 0.077700 0.165600 0.073500 0.196100 0.144200 0.111400 0.177800 0.089700 0.130700 0.141500 0.141100 0.150700 0.074400 0.077700 0.177800 0.087300 0.194900 0.126000 0.093300 0.261300 0.092600 0.093000 0.109300 0.166300 0.077500 0.134600 0.161700 0.126600 0.088800 0.129300 0.141900 0.127000 0.160500 0.000000 0.093500 0.139500 0.164300 0.177800 0.196300
Impala 0.082900 0.368800 0.096500 0.223600 0.062900 0.082900 0.065000 0.063400 0.078600 0.115400 0.100500 0.114000 0.109700 0.047200 0.098500 0.045600 0.129800 0.110400 0.150800 0.078600 0.062000 0.099900 0.078200 0.111300 0.119600 0.046400 0.047400 0.078600 0.060400 0.094500 0.095900 0.063200 0.190300 0.062700 0.063000 0.112700 0.135500 0.047300 0.107900 0.096600 0.063100 0.061400 0.098700 0.046200 0.096300 0.095200 0.093500 0.000000 0.109900 0.132800 0.078600 0.095600
Klipspring 0.096500 0.372900 0.179600 0.313300 0.076500 0.096500 0.078900 0.110100 0.159900 0.128100 0.113700 0.093200 0.122800 0.061500 0.183600 0.123200 0.213600 0.194500 0.162500 0.159900 0.107900 0.113300 0.158500 0.124100 0.132500 0.092200 0.061500 0.159900 0.137900 0.176300 0.109000 0.076700 0.201400 0.076400 0.076700 0.092600 0.148100 0.061300 0.153700 0.143600 0.143600 0.107100 0.111800 0.158900 0.077000 0.142600 0.139500 0.109900 0.000000 0.146100 0.159900 0.177600
ForestMusk 0.119900 0.430300 0.152000 0.311700 0.097700 0.119900 0.065700 0.133700 0.132000 0.048300 0.138600 0.081000 0.110900 0.081100 0.174200 0.146800 0.166300 0.147300 0.152300 0.132000 0.095900 0.137900 0.149000 0.113200 0.159300 0.113900 0.081500 0.132000 0.162000 0.113200 0.097500 0.063800 0.152600 0.097000 0.097500 0.114500 0.175600 0.081300 0.143200 0.097900 0.133400 0.129500 0.065600 0.149400 0.097800 0.131400 0.164300 0.132800 0.146100 0.000000 0.132000 0.114600
Bushbuck 0.134800 0.420400 0.015100 0.282200 0.078600 0.134800 0.115600 0.148000 0.000000 0.114600 0.153400 0.130300 0.159400 0.095800 0.151000 0.092700 0.182100 0.163700 0.204500 0.000000 0.144700 0.152600 0.127800 0.127400 0.174000 0.094200 0.096300 0.000000 0.107400 0.014500 0.112000 0.112300 0.169300 0.111500 0.112000 0.128800 0.190000 0.096000 0.156900 0.112600 0.112600 0.109400 0.098000 0.094300 0.112400 0.094300 0.177800 0.078600 0.159900 0.132000 0.000000 0.015000
GreaterKud 0.153100 0.447500 0.030600 0.261300 0.095200 0.153100 0.097900 0.166200 0.015000 0.096000 0.172100 0.112200 0.142600 0.113300 0.170300 0.109200 0.199700 0.181900 0.184300 0.015000 0.127300 0.171200 0.144400 0.144000 0.193300 0.111000 0.113300 0.015000 0.124000 0.000000 0.128500 0.095200 0.150500 0.128600 0.129300 0.147100 0.209300 0.113100 0.138700 0.094600 0.129200 0.126200 0.114400 0.110300 0.130300 0.111100 0.196300 0.095600 0.177600 0.114600 0.015000 0.000000
