1
52 1
Argali 0.000000 0.079200 0.071300 0.000600 0.082100 0.000000 0.000300 0.000600 0.071300 0.069800 0.000000 0.000000 0.000300 0.000000 0.000000 0.076400 0.000600 0.000600 0.000000 0.000000 0.094100 0.000000 0.069800 0.000300 0.000000 0.076400 0.000300 0.000000 0.076400 0.000000 0.069800 0.000300 0.070400 0.000300 0.000300 0.000000 0.000000 0.082100 0.000600 0.000300 0.069800 0.076400 0.069800 0.000300 0.000000 0.164500 0.082900 0.000300 0.000000 0.162000 0.000000 0.000000
LesserMous 0.079200 0.000000 0.164300 0.084300 0.182900 0.079200 0.081300 0.085000 0.164300 0.161700 0.079200 0.079200 0.082000 0.079200 0.079200 0.175000 0.084000 0.084000 0.079200 0.079200 0.218700 0.079200 0.161700 0.081700 0.079200 0.172500 0.082000 0.079200 0.172500 0.079200 0.161700 0.076700 0.160400 0.082000 0.076700 0.079200 0.079200 0.182900 0.083700 0.081700 0.161700 0.172500 0.161700 0.081700 0.079200 0.384100 0.182500 0.077600 0.079200 0.280200 0.079200 0.079200
LesserKudu 0.071300 0.164300 0.000000 0.075500 0.165500 0.071300 0.073900 0.078100 0.000000 0.000700 0.071300 0.071300 0.073500 0.071300 0.071600 0.159300 0.075100 0.075100 0.071300 0.071300 0.195700 0.071300 0.000700 0.072900 0.071300 0.159000 0.073500 0.071300 0.159000 0.071300 0.000700 0.069400 0.142500 0.073500 0.069400 0.071300 0.071300 0.165500 0.075900 0.072900 0.000700 0.159000 0.000700 0.072900 0.071300 0.164900 0.167700 0.070200 0.071300 0.246800 0.071300 0.071300
KillerWhal 0.000600 0.084300 0.075500 0.000000 0.087000 0.000600 0.001000 0.001300 0.075500 0.073200 0.000600 0.000600 0.000900 0.000600 0.000600 0.077500 0.000600 0.000600 0.000600 0.000600 0.099700 0.000600 0.073200 0.000300 0.000600 0.077400 0.000900 0.000600 0.077400 0.000600 0.073200 0.001000 0.075400 0.000900 0.001000 0.000600 0.000600 0.087000 0.001300 0.000300 0.073200 0.077400 0.073200 0.000300 0.000600 0.175600 0.085700 0.000900 0.000600 0.176500 0.000600 0.000600
DefassaWat 0.082100 0.182900 0.165500 0.087000 0.000000 0.082100 0.085200 0.091900 0.165500 0.164000 0.082100 0.082100 0.082100 0.082100 0.082100 0.184100 0.086800 0.086800 0.082100 0.082100 0.239500 0.082100 0.164000 0.083800 0.082100 0.184300 0.082100 0.082100 0.184300 0.082100 0.164000 0.079800 0.165000 0.082100 0.079800 0.082100 0.082100 0.000000 0.089300 0.083800 0.164000 0.184300 0.164000 0.083800 0.082100 0.172900 0.198300 0.081000 0.082100 0.279300 0.082100 0.082100
Sheep 0.000000 0.079200 0.071300 0.000600 0.082100 0.000000 0.000300 0.000600 0.071300 0.069800 0.000000 0.000000 0.000300 0.000000 0.000000 0.076400 0.000600 0.000600 0.000000 0.000000 0.094100 0.000000 0.069800 0.000300 0.000000 0.076400 0.000300 0.000000 0.076400 0.000000 0.069800 0.000300 0.070400 0.000300 0.000300 0.000000 0.000000 0.082100 0.000600 0.000300 0.069800 0.076400 0.069800 0.000300 0.000000 0.164500 0.082900 0.000300 0.000000 0.162000 0.000000 0.000000
MaxwellsDu 0.000300 0.081300 0.073900 0.001000 0.085200 0.000300 0.000000 0.000300 0.073900 0.071600 0.000300 0.000300 0.000600 0.000300 0.000300 0.078700 0.000300 0.000300 0.000300 0.000300 0.096300 0.000300 0.071600 0.000600 0.000300 0.077800 0.000600 0.000300 0.077800 0.000300 0.071600 0.000300 0.072600 0.000600 0.000300 0.000300 0.000300 0.085200 0.001000 0.000600 0.071600 0.077800 0.071600 0.000600 0.000300 0.175800 0.085500 0.000600 0.000300 0.168100 0.000300 0.000300
GazellaPrz 0.000600 0.085000 0.078100 0.001300 0.091900 0.000600 0.000300 0.000000 0.078100 0.074600 0.000600 0.000600 0.001000 0.000600 0.000600 0.081200 0.000600 0.000600 0.000600 0.000600 0.095700 0.000600 0.074600 0.001000 0.000600 0.079000 0.001000 0.000600 0.079000 0.000600 0.074600 0.000600 0.075400 0.001000 0.000600 0.000600 0.000600 0.091900 0.000600 0.001000 0.074600 0.079000 0.074600 0.001000 0.000600 0.200600 0.088500 0.000600 0.000600 0.180600 0.000600 0.000600
MountainNy 0.071300 0.164300 0.000000 0.075500 0.165500 0.071300 0.073900 0.078100 0.000000 0.000700 0.071300 0.071300 0.073500 0.071300 0.071300 0.159300 0.075100 0.075100 0.071300 0.071300 0.195700 0.071300 0.000700 0.072900 0.071300 0.159000 0.073500 0.071300 0.159000 0.071300 0.000700 0.069400 0.142500 0.073500 0.069400 0.071300 0.071300 0.165500 0.075900 0.072900 0.000700 0.159000 0.000700 0.072900 0.071300 0.164900 0.167700 0.070200 0.071300 0.246800 0.071300 0.071300
MuntiacusM 0.069800 0.161700 0.000700 0.073200 0.164000 0.069800 0.071600 0.074600 0.000700 0.000000 0.069800 0.069800 0.071100 0.069800 0.069800 0.154600 0.072400 0.072400 0.069800 0.069800 0.191800 0.069800 0.000000 0.070700 0.069800 0.154400 0.071100 0.069800 0.154400 0.069800 0.000000 0.067200 0.138100 0.071100 0.067200 0.069800 0.069800 0.164000 0.073100 0.070700 0.000000 0.154400 0.000000 0.070700 0.069800 0.168000 0.161100 0.067300 0.069800 0.242100 0.069800 0.069800
goat 0.000000 0.079200 0.071300 0.000600 0.082100 0.000000 0.000300 0.000600 0.071300 0.069800 0.000000 0.000000 0.000300 0.000000 0.000000 0.076400 0.000600 0.000600 0.000000 0.000000 0.094100 0.000000 0.069800 0.000300 0.000000 0.076400 0.000300 0.000000 0.076400 0.000000 0.069800 0.000300 0.070400 0.000300 0.000300 0.000000 0.000000 0.082100 0.000600 0.000300 0.069800 0.076400 0.069800 0.000300 0.000000 0.164500 0.082900 0.000300 0.000000 0.162000 0.000000 0.000000
AfricanBuf 0.000000 0.079200 0.071300 0.000600 0.082100 0.000000 0.000300 0.000600 0.071300 0.069800 0.000000 0.000000 0.000300 0.000000 0.000000 0.076400 0.000600 0.000600 0.000000 0.000000 0.094100 0.000000 0.069800 0.000300 0.000000 0.076400 0.000300 0.000000 0.076400 0.000000 0.069800 0.000300 0.070400 0.000300 0.000300 0.000000 0.000000 0.082100 0.000600 0.000300 0.069800 0.076400 0.069800 0.000300 0.000000 0.164500 0.082900 0.000300 0.000000 0.162000 0.000000 0.000000
Topi 0.000300 0.082000 0.073500 0.000900 0.082100 0.000300 0.000600 0.001000 0.073500 0.071100 0.000300 0.000300 0.000000 0.000300 0.000300 0.076900 0.001000 0.001000 0.000300 0.000300 0.096100 0.000300 0.071100 0.000600 0.000300 0.076800 0.000000 0.000300 0.076800 0.000300 0.071100 0.000600 0.069300 0.000000 0.000600 0.000300 0.000300 0.082100 0.001000 0.000600 0.071100 0.076800 0.071100 0.000600 0.000300 0.092800 0.083400 0.000600 0.000300 0.167300 0.000300 0.000300
CommonDuik 0.000000 0.079200 0.071300 0.000600 0.082100 0.000000 0.000300 0.000600 0.071300 0.069800 0.000000 0.000000 0.000300 0.000000 0.000000 0.076400 0.000600 0.000600 0.000000 0.000000 0.094100 0.000000 0.069800 0.000300 0.000000 0.076400 0.000300 0.000000 0.076400 0.000000 0.069800 0.000300 0.070400 0.000300 0.000300 0.000000 0.000000 0.082100 0.000600 0.000300 0.069800 0.076400 0.069800 0.000300 0.000000 0.164500 0.082900 0.000300 0.000000 0.162000 0.000000 0.000000
Suni 0.000000 0.079200 0.071600 0.000600 0.082100 0.000000 0.000300 0.000600 0.071300 0.069800 0.000000 0.000000 0.000300 0.000000 0.000000 0.076400 0.000600 0.000600 0.000000 0.000000 0.094100 0.000000 0.069800 0.000300 0.000000 0.076400 0.000300 0.000000 0.076400 0.000000 0.069800 0.000300 0.070400 0.000300 0.000300 0.000000 0.000000 0.082100 0.000600 0.000300 0.069800 0.076400 0.069800 0.000300 0.000000 0.164500 0.082900 0.000300 0.000000 0.162000 0.000000 0.000000
Springbuck 0.076400 0.175000 0.159300 0.077500 0.184100 0.076400 0.078700 0.081200 0.159300 0.154600 0.076400 0.076400 0.076900 0.076400 0.076400 0.000000 0.079300 0.079300 0.076400 0.076400 0.108800 0.076400 0.154600 0.076700 0.076400 0.000300 0.076900 0.076400 0.000300 0.076400 0.154600 0.073000 0.152900 0.076900 0.073000 0.076400 0.076400 0.184100 0.078900 0.076700 0.154600 0.000300 0.154600 0.076700 0.076400 0.305200 0.175000 0.073100 0.076400 0.273400 0.076400 0.076400
Okapi 0.000600 0.084000 0.075100 0.000600 0.086800 0.000600 0.000300 0.000600 0.075100 0.072400 0.000600 0.000600 0.001000 0.000600 0.000600 0.079300 0.000000 0.000000 0.000600 0.000600 0.098000 0.000600 0.072400 0.000300 0.000600 0.078400 0.001000 0.000600 0.078400 0.000600 0.072400 0.000600 0.073800 0.001000 0.000600 0.000600 0.000600 0.086800 0.001300 0.000300 0.072400 0.078400 0.072400 0.000300 0.000600 0.179500 0.086500 0.001000 0.000600 0.174500 0.000600 0.000600
Giraffe 0.000600 0.084000 0.075100 0.000600 0.086800 0.000600 0.000300 0.000600 0.075100 0.072400 0.000600 0.000600 0.001000 0.000600 0.000600 0.079300 0.000000 0.000000 0.000600 0.000600 0.098000 0.000600 0.072400 0.000300 0.000600 0.078400 0.001000 0.000600 0.078400 0.000600 0.072400 0.000600 0.073800 0.001000 0.000600 0.000600 0.000600 0.086800 0.001300 0.000300 0.072400 0.078400 0.072400 0.000300 0.000600 0.179500 0.086500 0.001000 0.000600 0.174500 0.000600 0.000600
TibetanAnt 0.000000 0.079200 0.071300 0.000600 0.082100 0.000000 0.000300 0.000600 0.071300 0.069800 0.000000 0.000000 0.000300 0.000000 0.000000 0.076400 0.000600 0.000600 0.000000 0.000000 0.094100 0.000000 0.069800 0.000300 0.000000 0.076400 0.000300 0.000000 0.076400 0.000000 0.069800 0.000300 0.070400 0.000300 0.000300 0.000000 0.000000 0.082100 0.000600 0.000300 0.069800 0.076400 0.069800 0.000300 0.000000 0.164500 0.082900 0.000300 0.000000 0.162000 0.000000 0.000000
Sitatunga 0.000000 0.079200 0.071300 0.000600 0.082100 0.000000 0.000300 0.000600 0.071300 0.069800 0.000000 0.000000 0.000300 0.000000 0.000000 0.076400 0.000600 0.000600 0.000000 0.000000 0.094100 0.000000 0.069800 0.000300 0.000000 0.076400 0.000300 0.000000 0.076400 0.000000 0.069800 0.000300 0.070400 0.000300 0.000300 0.000000 0.000000 0.082100 0.000600 0.000300 0.069800 0.076400 0.069800 0.000300 0.000000 0.164500 0.082900 0.000300 0.000000 0.162000 0.000000 0.000000
Oribi 0.094100 0.218700 0.195700 0.099700 0.239500 0.094100 0.096300 0.095700 0.195700 0.191800 0.094100 0.094100 0.096100 0.094100 0.094100 0.108800 0.098000 0.098000 0.094100 0.094100 0.000000 0.094100 0.191800 0.095800 0.094100 0.196800 0.096100 0.094100 0.196800 0.094100 0.191800 0.089100 0.188900 0.096100 0.089100 0.094100 0.094100 0.239500 0.094600 0.095800 0.191800 0.196800 0.191800 0.095800 0.094100 0.452100 0.111400 0.089700 0.094100 0.357100 0.094100 0.094100
BarbaryShe 0.000000 0.079200 0.071300 0.000600 0.082100 0.000000 0.000300 0.000600 0.071300 0.069800 0.000000 0.000000 0.000300 0.000000 0.000000 0.076400 0.000600 0.000600 0.000000 0.000000 0.094100 0.000000 0.069800 0.000300 0.000000 0.076400 0.000300 0.000000 0.076400 0.000000 0.069800 0.000300 0.070400 0.000300 0.000300 0.000000 0.000000 0.082100 0.000600 0.000300 0.069800 0.076400 0.069800 0.000300 0.000000 0.164500 0.082900 0.000300 0.000000 0.162000 0.000000 0.000000
Daviddeer 0.069800 0.161700 0.000700 0.073200 0.164000 0.069800 0.071600 0.074600 0.000700 0.000000 0.069800 0.069800 0.071100 0.069800 0.069800 0.154600 0.072400 0.072400 0.069800 0.069800 0.191800 0.069800 0.000000 0.070700 0.069800 0.154400 0.071100 0.069800 0.154400 0.069800 0.000000 0.067200 0.138100 0.071100 0.067200 0.069800 0.069800 0.164000 0.073100 0.070700 0.000000 0.154400 0.000000 0.070700 0.069800 0.168000 0.161100 0.067300 0.069800 0.242100 0.069800 0.069800
Reindeer 0.000300 0.081700 0.072900 0.000300 0.083800 0.000300 0.000600 0.001000 0.072900 0.070700 0.000300 0.000300 0.000600 0.000300 0.000300 0.076700 0.000300 0.000300 0.000300 0.000300 0.095800 0.000300 0.070700 0.000000 0.000300 0.076600 0.000600 0.000300 0.076600 0.000300 0.070700 0.000600 0.071700 0.000600 0.000600 0.000300 0.000300 0.083800 0.001000 0.000000 0.070700 0.076600 0.070700 0.000000 0.000300 0.168800 0.083400 0.000600 0.000300 0.167500 0.000300 0.000300
Ibex 0.000000 0.079200 0.071300 0.000600 0.082100 0.000000 0.000300 0.000600 0.071300 0.069800 0.000000 0.000000 0.000300 0.000000 0.000000 0.076400 0.000600 0.000600 0.000000 0.000000 0.094100 0.000000 0.069800 0.000300 0.000000 0.076400 0.000300 0.000000 0.076400 0.000000 0.069800 0.000300 0.070400 0.000300 0.000300 0.000000 0.000000 0.082100 0.000600 0.000300 0.069800 0.076400 0.069800 0.000300 0.000000 0.164500 0.082900 0.000300 0.000000 0.162000 0.000000 0.000000
GyrantGaze 0.076400 0.172500 0.159000 0.077400 0.184300 0.076400 0.077800 0.079000 0.159000 0.154400 0.076400 0.076400 0.076800 0.076400 0.076400 0.000300 0.078400 0.078400 0.076400 0.076400 0.196800 0.076400 0.154400 0.076600 0.076400 0.000000 0.076800 0.076400 0.000000 0.076400 0.154400 0.073000 0.151000 0.076800 0.073000 0.076400 0.076400 0.184300 0.078600 0.076600 0.154400 0.000000 0.154400 0.076600 0.076400 0.319000 0.175100 0.073000 0.076400 0.274700 0.076400 0.076400
Hartebeest 0.000300 0.082000 0.073500 0.000900 0.082100 0.000300 0.000600 0.001000 0.073500 0.071100 0.000300 0.000300 0.000000 0.000300 0.000300 0.076900 0.001000 0.001000 0.000300 0.000300 0.096100 0.000300 0.071100 0.000600 0.000300 0.076800 0.000000 0.000300 0.076800 0.000300 0.071100 0.000600 0.069300 0.000000 0.000600 0.000300 0.000300 0.082100 0.001000 0.000600 0.071100 0.076800 0.071100 0.000600 0.000300 0.092800 0.083400 0.000600 0.000300 0.167300 0.000300 0.000300
Bongo 0.000000 0.079200 0.071300 0.000600 0.082100 0.000000 0.000300 0.000600 0.071300 0.069800 0.000000 0.000000 0.000300 0.000000 0.000000 0.076400 0.000600 0.000600 0.000000 0.000000 0.094100 0.000000 0.069800 0.000300 0.000000 0.076400 0.000300 0.000000 0.076400 0.000000 0.069800 0.000300 0.070400 0.000300 0.000300 0.000000 0.000000 0.082100 0.000600 0.000300 0.069800 0.076400 0.069800 0.000300 0.000000 0.164500 0.082900 0.000300 0.000000 0.162000 0.000000 0.000000
Gerenuk 0.076400 0.172500 0.159000 0.077400 0.184300 0.076400 0.077800 0.079000 0.159000 0.154400 0.076400 0.076400 0.076800 0.076400 0.076400 0.000300 0.078400 0.078400 0.076400 0.076400 0.196800 0.076400 0.154400 0.076600 0.076400 0.000000 0.076800 0.076400 0.000000 0.076400 0.154400 0.073000 0.151000 0.076800 0.073000 0.076400 0.076400 0.184300 0.078600 0.076600 0.154400 0.000000 0.154400 0.076600 0.076400 0.319000 0.175100 0.073000 0.076400 0.274700 0.076400 0.076400
CommonElan 0.000000 0.079200 0.071300 0.000600 0.082100 0.000000 0.000300 0.000600 0.071300 0.069800 0.000000 0.000000 0.000300 0.000000 0.000000 0.076400 0.000600 0.000600 0.000000 0.000000 0.094100 0.000000 0.069800 0.000300 0.000000 0.076400 0.000300 0.000000 0.076400 0.000000 0.069800 0.000300 0.070400 0.000300 0.000300 0.000000 0.000000 0.082100 0.000600 0.000300 0.069800 0.076400 0.069800 0.000300 0.000000 0.164500 0.082900 0.000300 0.000000 0.162000 0.000000 0.000000
MuntiacusR 0.069800 0.161700 0.000700 0.073200 0.164000 0.069800 0.071600 0.074600 0.000700 0.000000 0.069800 0.069800 0.071100 0.069800 0.069800 0.154600 0.072400 0.072400 0.069800 0.069800 0.191800 0.069800 0.000000 0.070700 0.069800 0.154400 0.071100 0.069800 0.154400 0.069800 0.000000 0.067200 0.138100 0.071100 0.067200 0.069800 0.069800 0.164000 0.073100 0.070700 0.000000 0.154400 0.000000 0.070700 0.069800 0.168000 0.161100 0.067300 0.069800 0.242100 0.069800 0.069800
HarveysDui 0.000300 0.076700 0.069400 0.001000 0.079800 0.000300 0.000300 0.000600 0.069400 0.067200 0.000300 0.000300 0.000600 0.000300 0.000300 0.073000 0.000600 0.000600 0.000300 0.000300 0.089100 0.000300 0.067200 0.000600 0.000300 0.073000 0.000600 0.000300 0.073000 0.000300 0.067200 0.000000 0.068100 0.000600 0.000000 0.000300 0.000300 0.079800 0.001000 0.000600 0.067200 0.073000 0.067200 0.000600 0.000300 0.167500 0.078900 0.000600 0.000300 0.158700 0.000300 0.000300
Pronghorn 0.070400 0.160400 0.142500 0.075400 0.165000 0.070400 0.072600 0.075400 0.142500 0.138100 0.070400 0.070400 0.069300 0.070400 0.070400 0.152900 0.073800 0.073800 0.070400 0.070400 0.188900 0.070400 0.138100 0.071700 0.070400 0.151000 0.069300 0.070400 0.151000 0.070400 0.138100 0.068100 0.000000 0.069300 0.068100 0.070400 0.070400 0.165000 0.074000 0.071700 0.138100 0.151000 0.138100 0.071700 0.070400 0.243300 0.166600 0.067300 0.070400 0.249800 0.070400 0.070400
BlueWildeb 0.000300 0.082000 0.073500 0.000900 0.082100 0.000300 0.000600 0.001000 0.073500 0.071100 0.000300 0.000300 0.000000 0.000300 0.000300 0.076900 0.001000 0.001000 0.000300 0.000300 0.096100 0.000300 0.071100 0.000600 0.000300 0.076800 0.000000 0.000300 0.076800 0.000300 0.071100 0.000600 0.069300 0.000000 0.000600 0.000300 0.000300 0.082100 0.001000 0.000600 0.071100 0.076800 0.071100 0.000600 0.000300 0.092800 0.083400 0.000600 0.000300 0.167300 0.000300 0.000300
Gemsbok 0.000300 0.076700 0.069400 0.001000 0.079800 0.000300 0.000300 0.000600 0.069400 0.067200 0.000300 0.000300 0.000600 0.000300 0.000300 0.073000 0.000600 0.000600 0.000300 0.000300 0.089100 0.000300 0.067200 0.000600 0.000300 0.073000 0.000600 0.000300 0.073000 0.000300 0.067200 0.000000 0.068100 0.000600 0.000000 0.000300 0.000300 0.079800 0.001000 0.000600 0.067200 0.073000 0.067200 0.000600 0.000300 0.167500 0.078900 0.000600 0.000300 0.158700 0.000300 0.000300
Yak 0.000000 0.079200 0.071300 0.000600 0.082100 0.000000 0.000300 0.000600 0.071300 0.069800 0.000000 0.000000 0.000300 0.000000 0.000000 0.076400 0.000600 0.000600 0.000000 0.000000 0.094100 0.000000 0.069800 0.000300 0.000000 0.076400 0.000300 0.000000 0.076400 0.000000 0.069800 0.000300 0.070400 0.000300 0.000300 0.000000 0.000000 0.082100 0.000600 0.000300 0.069800 0.076400 0.069800 0.000300 0.000000 0.164500 0.082900 0.000300 0.000000 0.162000 0.000000 0.000000
BlueSheep 0.000000 0.079200 0.071300 0.000600 0.082100 0.000000 0.000300 0.000600 0.071300 0.069800 0.000000 0.000000 0.000300 0.000000 0.000000 0.076400 0.000600 0.000600 0.000000 0.000000 0.094100 0.000000 0.069800 0.000300 0.000000 0.076400 0.000300 0.000000 0.076400 0.000000 0.069800 0.000300 0.070400 0.000300 0.000300 0.000000 0.000000 0.082100 0.000600 0.000300 0.069800 0.076400 0.069800 0.000300 0.000000 0.164500 0.082900 0.000300 0.000000 0.162000 0.000000 0.000000
BohorReedb 0.082100 0.182900 0.165500 0.087000 0.000000 0.082100 0.085200 0.091900 0.165500 0.164000 0.082100 0.082100 0.082100 0.082100 0.082100 0.184100 0.086800 0.086800 0.082100 0.082100 0.239500 0.082100 0.164000 0.083800 0.082100 0.184300 0.082100 0.082100 0.184300 0.082100 0.164000 0.079800 0.165000 0.082100 0.079800 0.082100 0.082100 0.000000 0.089300 0.083800 0.164000 0.184300 0.164000 0.083800 0.082100 0.172900 0.198300 0.081000 0.082100 0.279300 0.082100 0.082100
KirksDik 0.000600 0.083700 0.075900 0.001300 0.089300 0.000600 0.001000 0.000600 0.075900 0.073100 0.000600 0.000600 0.001000 0.000600 0.000600 0.078900 0.001300 0.001300 0.000600 0.000600 0.094600 0.000600 0.073100 0.001000 0.000600 0.078600 0.001000 0.000600 0.078600 0.000600 0.073100 0.001000 0.074000 0.001000 0.001000 0.000600 0.000600 0.089300 0.000000 0.001000 0.073100 0.078600 0.073100 0.001000 0.000600 0.180800 0.085600 0.000600 0.000600 0.174400 0.000600 0.000600
RoeDeer 0.000300 0.081700 0.072900 0.000300 0.083800 0.000300 0.000600 0.001000 0.072900 0.070700 0.000300 0.000300 0.000600 0.000300 0.000300 0.076700 0.000300 0.000300 0.000300 0.000300 0.095800 0.000300 0.070700 0.000000 0.000300 0.076600 0.000600 0.000300 0.076600 0.000300 0.070700 0.000600 0.071700 0.000600 0.000600 0.000300 0.000300 0.083800 0.001000 0.000000 0.070700 0.076600 0.070700 0.000000 0.000300 0.168800 0.083400 0.000600 0.000300 0.167500 0.000300 0.000300
WhiteLippe 0.069800 0.161700 0.000700 0.073200 0.164000 0.069800 0.071600 0.074600 0.000700 0.000000 0.069800 0.069800 0.071100 0.069800 0.069800 0.154600 0.072400 0.072400 0.069800 0.069800 0.191800 0.069800 0.000000 0.070700 0.069800 0.154400 0.071100 0.069800 0.154400 0.069800 0.000000 0.067200 0.138100 0.071100 0.067200 0.069800 0.069800 0.164000 0.073100 0.070700 0.000000 0.154400 0.000000 0.070700 0.069800 0.168000 0.161100 0.067300 0.069800 0.242100 0.069800 0.069800
ThomsonGaz 0.076400 0.172500 0.159000 0.077400 0.184300 0.076400 0.077800 0.079000 0.159000 0.154400 0.076400 0.076400 0.076800 0.076400 0.076400 0.000300 0.078400 0.078400 0.076400 0.076400 0.196800 0.076400 0.154400 0.076600 0.076400 0.000000 0.076800 0.076400 0.000000 0.076400 0.154400 0.073000 0.151000 0.076800 0.073000 0.076400 0.076400 0.184300 0.078600 0.076600 0.154400 0.000000 0.154400 0.076600 0.076400 0.319000 0.175100 0.073000 0.076400 0.274700 0.076400 0.076400
MuntiacusC 0.069800 0.161700 0.000700 0.073200 0.164000 0.069800 0.071600 0.074600 0.000700 0.000000 0.069800 0.069800 0.071100 0.069800 0.069800 0.154600 0.072400 0.072400 0.069800 0.069800 0.191800 0.069800 0.000000 0.070700 0.069800 0.154400 0.071100 0.069800 0.154400 0.069800 0.000000 0.067200 0.138100 0.071100 0.067200 0.069800 0.069800 0.164000 0.073100 0.070700 0.000000 0.154400 0.000000 0.070700 0.069800 0.168000 0.161100 0.067300 0.069800 0.242100 0.069800 0.069800
WhiteTaile 0.000300 0.081700 0.072900 0.000300 0.083800 0.000300 0.000600 0.001000 0.072900 0.070700 0.000300 0.000300 0.000600 0.000300 0.000300 0.076700 0.000300 0.000300 0.000300 0.000300 0.095800 0.000300 0.070700 0.000000 0.000300 0.076600 0.000600 0.000300 0.076600 0.000300 0.070700 0.000600 0.071700 0.000600 0.000600 0.000300 0.000300 0.083800 0.001000 0.000000 0.070700 0.076600 0.070700 0.000000 0.000300 0.168800 0.083400 0.000600 0.000300 0.167500 0.000300 0.000300
Cattle 0.000000 0.079200 0.071300 0.000600 0.082100 0.000000 0.000300 0.000600 0.071300 0.069800 0.000000 0.000000 0.000300 0.000000 0.000000 0.076400 0.000600 0.000600 0.000000 0.000000 0.094100 0.000000 0.069800 0.000300 0.000000 0.076400 0.000300 0.000000 0.076400 0.000000 0.069800 0.000300 0.070400 0.000300 0.000300 0.000000 0.000000 0.082100 0.000600 0.000300 0.069800 0.076400 0.069800 0.000300 0.000000 0.164500 0.082900 0.000300 0.000000 0.162000 0.000000 0.000000
RoyalAntel 0.164500 0.384100 0.164900 0.175600 0.172900 0.164500 0.175800 0.200600 0.164900 0.168000 0.164500 0.164500 0.092800 0.164500 0.164500 0.305200 0.179500 0.179500 0.164500 0.164500 0.452100 0.164500 0.168000 0.168800 0.164500 0.319000 0.092800 0.164500 0.319000 0.164500 0.168000 0.167500 0.243300 0.092800 0.167500 0.164500 0.164500 0.172900 0.180800 0.168800 0.168000 0.319000 0.168000 0.168800 0.164500 0.000000 0.311000 0.165300 0.164500 0.372200 0.164500 0.164500
Steenbok 0.082900 0.182500 0.167700 0.085700 0.198300 0.082900 0.085500 0.088500 0.167700 0.161100 0.082900 0.082900 0.083400 0.082900 0.082900 0.175000 0.086500 0.086500 0.082900 0.082900 0.111400 0.082900 0.161100 0.083400 0.082900 0.175100 0.083400 0.082900 0.175100 0.082900 0.161100 0.078900 0.166600 0.083400 0.078900 0.082900 0.082900 0.198300 0.085600 0.083400 0.161100 0.175100 0.161100 0.083400 0.082900 0.311000 0.000000 0.079200 0.082900 0.297100 0.082900 0.082900
Impala 0.000300 0.077600 0.070200 0.000900 0.081000 0.000300 0.000600 0.000600 0.070200 0.067300 0.000300 0.000300 0.000600 0.000300 0.000300 0.073100 0.001000 0.001000 0.000300 0.000300 0.089700 0.000300 0.067300 0.000600 0.000300 0.073000 0.000600 0.000300 0.073000 0.000300 0.067300 0.000600 0.067300 0.000600 0.000600 0.000300 0.000300 0.081000 0.000600 0.000600 0.067300 0.073000 0.067300 0.000600 0.000300 0.165300 0.079200 0.000000 0.000300 0.158900 0.000300 0.000300
Klipspring 0.000000 0.079200 0.071300 0.000600 0.082100 0.000000 0.000300 0.000600 0.071300 0.069800 0.000000 0.000000 0.000300 0.000000 0.000000 0.076400 0.000600 0.000600 0.000000 0.000000 0.094100 0.000000 0.069800 0.000300 0.000000 0.076400 0.000300 0.000000 0.076400 0.000000 0.069800 0.000300 0.070400 0.000300 0.000300 0.000000 0.000000 0.082100 0.000600 0.000300 0.069800 0.076400 0.069800 0.000300 0.000000 0.164500 0.082900 0.000300 0.000000 0.162000 0.000000 0.000000
ForestMusk 0.162000 0.280200 0.246800 0.176500 0.279300 0.162000 0.168100 0.180600 0.246800 0.242100 0.162000 0.162000 0.167300 0.162000 0.162000 0.273400 0.174500 0.174500 0.162000 0.162000 0.357100 0.162000 0.242100 0.167500 0.162000 0.274700 0.167300 0.162000 0.274700 0.162000 0.242100 0.158700 0.249800 0.167300 0.158700 0.162000 0.162000 0.279300 0.174400 0.167500 0.242100 0.274700 0.242100 0.167500 0.162000 0.372200 0.297100 0.158900 0.162000 0.000000 0.162000 0.162000
Bushbuck 0.000000 0.079200 0.071300 0.000600 0.082100 0.000000 0.000300 0.000600 0.071300 0.069800 0.000000 0.000000 0.000300 0.000000 0.000000 0.076400 0.000600 0.000600 0.000000 0.000000 0.094100 0.000000 0.069800 0.000300 0.000000 0.076400 0.000300 0.000000 0.076400 0.000000 0.069800 0.000300 0.070400 0.000300 0.000300 0.000000 0.000000 0.082100 0.000600 0.000300 0.069800 0.076400 0.069800 0.000300 0.000000 0.164500 0.082900 0.000300 0.000000 0.162000 0.000000 0.000000
GreaterKud 0.000000 0.079200 0.071300 0.000600 0.082100 0.000000 0.000300 0.000600 0.071300 0.069800 0.000000 0.000000 0.000300 0.000000 0.000000 0.076400 0.000600 0.000600 0.000000 0.000000 0.094100 0.000000 0.069800 0.000300 0.000000 0.076400 0.000300 0.000000 0.076400 0.000000 0.069800 0.000300 0.070400 0.000300 0.000300 0.000000 0.000000 0.082100 0.000600 0.000300 0.069800 0.076400 0.069800 0.000300 0.000000 0.164500 0.082900 0.000300 0.000000 0.162000 0.000000 0.000000
