1
52 1
Argali 0.000000 0.032700 0.006000 0.046100 0.020300 0.004000 0.012100 0.020300 0.008100 0.018300 0.008100 0.010100 0.012100 0.010100 0.012100 0.016200 0.018300 0.012100 0.006000 0.012100 0.020300 0.006000 0.014100 0.012100 0.008100 0.016200 0.010100 0.008100 0.018200 0.006000 0.020400 0.020300 0.018300 0.010100 0.006000 0.014100 0.006000 0.020300 0.018300 0.016200 0.016200 0.016200 0.018300 0.012100 0.010100 0.010500 0.016300 0.020300 0.014600 0.014200 0.014200 0.006100
LesserMous 0.032700 0.000000 0.026300 0.055600 0.030700 0.028400 0.028200 0.028200 0.028400 0.038800 0.028400 0.026200 0.032600 0.026300 0.026200 0.026300 0.030400 0.032400 0.026300 0.028400 0.030300 0.026400 0.030300 0.028300 0.028400 0.026300 0.030500 0.028400 0.028300 0.026300 0.040900 0.032400 0.026400 0.030500 0.026400 0.026200 0.026400 0.030700 0.032500 0.030300 0.028300 0.026300 0.038800 0.028400 0.022100 0.032500 0.030500 0.030300 0.028300 0.030400 0.026300 0.026300
LesserKudu 0.006000 0.026300 0.000000 0.041600 0.014100 0.006000 0.006000 0.014100 0.002000 0.012100 0.006000 0.004000 0.010100 0.004000 0.006000 0.010100 0.012100 0.006000 0.004000 0.006000 0.014100 0.004000 0.008000 0.006000 0.006000 0.010000 0.008100 0.002000 0.012100 0.000000 0.014200 0.014100 0.012100 0.008100 0.004000 0.008000 0.004000 0.014100 0.012100 0.012100 0.010000 0.010000 0.012100 0.006000 0.004000 0.006000 0.010100 0.014100 0.010100 0.008000 0.008000 0.000000
KillerWhal 0.046100 0.055600 0.041600 0.000000 0.048000 0.043800 0.041200 0.047900 0.043800 0.054900 0.043800 0.044000 0.048100 0.039500 0.043700 0.050600 0.052300 0.048000 0.041600 0.048100 0.050100 0.041700 0.048200 0.046000 0.043700 0.046100 0.046000 0.043900 0.052600 0.041600 0.057100 0.049900 0.052400 0.046000 0.041700 0.045200 0.041700 0.048000 0.052300 0.048300 0.050400 0.046200 0.054900 0.046100 0.043200 0.048000 0.050300 0.047900 0.050200 0.048000 0.050200 0.041700
DefassaWat 0.020300 0.030700 0.014100 0.048000 0.000000 0.016200 0.012000 0.024200 0.016100 0.024300 0.016200 0.014000 0.020200 0.010000 0.016100 0.020200 0.022200 0.020200 0.014100 0.020200 0.020100 0.014100 0.018100 0.016100 0.016100 0.016100 0.018200 0.016200 0.022200 0.014100 0.026400 0.020100 0.018200 0.018200 0.014100 0.018100 0.014100 0.000000 0.022200 0.022200 0.020100 0.016100 0.024400 0.016100 0.014000 0.020200 0.020300 0.022900 0.020200 0.018200 0.022300 0.014100
Sheep 0.004000 0.028400 0.006000 0.043800 0.016200 0.000000 0.008000 0.016100 0.008100 0.018300 0.004000 0.006000 0.008000 0.006000 0.008000 0.012100 0.014100 0.012100 0.002000 0.012100 0.016200 0.002000 0.010100 0.008000 0.004000 0.012100 0.006000 0.008100 0.014100 0.006000 0.020400 0.016100 0.014200 0.006000 0.002000 0.010100 0.002000 0.016200 0.014100 0.012100 0.012100 0.012100 0.018300 0.008100 0.006000 0.012100 0.012100 0.016100 0.012100 0.010100 0.014200 0.006000
MaxwellsDu 0.012100 0.028200 0.006000 0.041200 0.012000 0.008000 0.000000 0.016000 0.008000 0.018100 0.008000 0.006000 0.012100 0.002000 0.008000 0.012000 0.014000 0.012000 0.006000 0.012000 0.012000 0.006000 0.010000 0.008000 0.008000 0.008000 0.010000 0.008000 0.014000 0.006000 0.020200 0.012000 0.014100 0.010000 0.006000 0.010000 0.006000 0.012000 0.014000 0.014000 0.012000 0.008000 0.018100 0.008000 0.006000 0.012000 0.012100 0.016000 0.012000 0.010000 0.014100 0.006000
GazellaPrz 0.020300 0.028200 0.014100 0.047900 0.024200 0.016100 0.016000 0.000000 0.016100 0.026300 0.016100 0.014000 0.020200 0.014100 0.012000 0.006000 0.018100 0.020100 0.014100 0.016100 0.012000 0.014100 0.018100 0.016100 0.016100 0.008000 0.018200 0.016100 0.010000 0.014100 0.028400 0.024200 0.022300 0.018200 0.014100 0.014000 0.014100 0.024300 0.014000 0.022200 0.016000 0.008000 0.026300 0.016100 0.010000 0.016100 0.012100 0.020100 0.012000 0.018100 0.022200 0.014100
MountainNy 0.008100 0.028400 0.002000 0.043800 0.016100 0.008100 0.008000 0.016100 0.000000 0.014100 0.008100 0.006000 0.012100 0.006000 0.008000 0.012100 0.014100 0.008000 0.006000 0.004000 0.016100 0.006000 0.010000 0.008000 0.008000 0.012100 0.010100 0.000000 0.014100 0.002000 0.016200 0.016100 0.014200 0.010100 0.006000 0.010000 0.006000 0.016200 0.014100 0.014100 0.012100 0.012100 0.014100 0.008000 0.006000 0.008000 0.012100 0.016100 0.012100 0.010100 0.006000 0.002000
MuntiacusM 0.018300 0.038800 0.012100 0.054900 0.024300 0.018300 0.018100 0.026300 0.014100 0.000000 0.018300 0.016100 0.022400 0.016200 0.018200 0.022300 0.024400 0.018200 0.016200 0.018200 0.026400 0.016200 0.008000 0.010000 0.018200 0.022300 0.020300 0.014200 0.020200 0.012100 0.002000 0.026400 0.018300 0.020300 0.016200 0.020200 0.016200 0.024400 0.024400 0.016100 0.010000 0.022300 0.000000 0.010000 0.016100 0.018200 0.018300 0.026400 0.022300 0.020300 0.020300 0.012100
goat 0.008100 0.028400 0.006000 0.043800 0.016200 0.004000 0.008000 0.016100 0.008100 0.018300 0.000000 0.006000 0.008000 0.006000 0.008000 0.012100 0.014100 0.012100 0.002000 0.012100 0.016100 0.002000 0.010100 0.008000 0.004000 0.012100 0.006000 0.008100 0.014100 0.006000 0.020300 0.016100 0.014200 0.006000 0.002000 0.010100 0.002000 0.016200 0.014100 0.012100 0.012100 0.012100 0.018300 0.008100 0.006000 0.012100 0.012100 0.016100 0.012100 0.010100 0.014200 0.006000
AfricanBuf 0.010100 0.026200 0.004000 0.044000 0.014000 0.006000 0.006000 0.014000 0.006000 0.016100 0.006000 0.000000 0.010000 0.004000 0.006000 0.010000 0.008000 0.006000 0.004000 0.010000 0.014000 0.004000 0.008000 0.006000 0.006000 0.010000 0.008000 0.006000 0.012000 0.004000 0.018200 0.014000 0.012100 0.008000 0.004000 0.008000 0.004000 0.014100 0.008000 0.012000 0.010000 0.010000 0.016100 0.006000 0.004000 0.010000 0.010100 0.014000 0.010000 0.008000 0.012100 0.004000
Topi 0.012100 0.032600 0.010100 0.048100 0.020200 0.008000 0.012100 0.020200 0.012100 0.022400 0.008000 0.010000 0.000000 0.010100 0.012100 0.016200 0.018200 0.016100 0.006000 0.016200 0.020200 0.006000 0.014100 0.012100 0.008000 0.016200 0.002000 0.012100 0.018200 0.010100 0.024500 0.020200 0.018300 0.002000 0.006000 0.014100 0.006000 0.020300 0.018200 0.016200 0.016100 0.016200 0.022400 0.012100 0.010000 0.016200 0.016200 0.020200 0.016200 0.014100 0.018200 0.010100
CommonDuik 0.010100 0.026300 0.004000 0.039500 0.010000 0.006000 0.002000 0.014100 0.006000 0.016200 0.006000 0.004000 0.010100 0.000000 0.006000 0.010100 0.012100 0.010000 0.004000 0.010100 0.010000 0.004000 0.008000 0.006000 0.006000 0.006000 0.008100 0.006000 0.012000 0.004000 0.018200 0.010000 0.012100 0.008100 0.004000 0.008000 0.004000 0.010100 0.012100 0.012100 0.010000 0.006000 0.016200 0.006000 0.004000 0.010000 0.010100 0.014100 0.010000 0.008000 0.012100 0.004000
Suni 0.012100 0.026200 0.006000 0.043700 0.016100 0.008000 0.008000 0.012000 0.008000 0.018200 0.008000 0.006000 0.012100 0.006000 0.000000 0.012100 0.010000 0.008000 0.006000 0.012100 0.016100 0.006000 0.010000 0.008000 0.008000 0.012100 0.010100 0.008000 0.014100 0.006000 0.020300 0.016100 0.014100 0.010100 0.006000 0.010000 0.006000 0.016100 0.014100 0.014100 0.012000 0.012000 0.018200 0.008000 0.006000 0.012100 0.012100 0.012000 0.012100 0.010000 0.014100 0.006000
Springbuck 0.016200 0.026300 0.010100 0.050600 0.020200 0.012100 0.012000 0.006000 0.012100 0.022300 0.012100 0.010000 0.016200 0.010100 0.012100 0.000000 0.014100 0.016100 0.010100 0.012100 0.008000 0.010100 0.014100 0.012100 0.012100 0.004000 0.014200 0.012100 0.006000 0.010100 0.024400 0.020200 0.018300 0.014200 0.010100 0.010000 0.010100 0.020200 0.010100 0.018200 0.012100 0.004000 0.022300 0.012100 0.006000 0.012100 0.008100 0.020200 0.008000 0.014100 0.018200 0.010100
Okapi 0.018300 0.030400 0.012100 0.052300 0.022200 0.014100 0.014000 0.018100 0.014100 0.024400 0.014100 0.008000 0.018200 0.012100 0.010000 0.014100 0.000000 0.006000 0.012100 0.014100 0.018100 0.012100 0.016100 0.014100 0.014100 0.014100 0.016200 0.014100 0.016100 0.012100 0.026500 0.020200 0.020300 0.016200 0.012100 0.012000 0.012100 0.022300 0.016100 0.020200 0.014100 0.014100 0.024400 0.014100 0.008000 0.018200 0.018200 0.022200 0.014100 0.016100 0.020200 0.012100
Giraffe 0.012100 0.032400 0.006000 0.048000 0.020200 0.012100 0.012000 0.020100 0.008000 0.018200 0.012100 0.006000 0.016100 0.010000 0.008000 0.016100 0.006000 0.000000 0.010100 0.012100 0.020200 0.010100 0.014000 0.012000 0.012100 0.016100 0.014100 0.008000 0.018100 0.006000 0.020200 0.018100 0.018200 0.014100 0.010100 0.014000 0.010100 0.020200 0.014100 0.018100 0.016100 0.016100 0.018200 0.012100 0.010000 0.012000 0.016200 0.020100 0.016100 0.014100 0.014100 0.006000
TibetanAnt 0.006000 0.026300 0.004000 0.041600 0.014100 0.002000 0.006000 0.014100 0.006000 0.016200 0.002000 0.004000 0.006000 0.004000 0.006000 0.010100 0.012100 0.010100 0.000000 0.010100 0.014100 0.000000 0.008000 0.006000 0.002000 0.010100 0.004000 0.006000 0.012100 0.004000 0.018300 0.014100 0.012100 0.004000 0.000000 0.008000 0.000000 0.014100 0.012100 0.010100 0.010000 0.010100 0.016200 0.006000 0.004000 0.010100 0.010100 0.014100 0.010100 0.008000 0.012100 0.004000
Sitatunga 0.012100 0.028400 0.006000 0.048100 0.020200 0.012100 0.012000 0.016100 0.004000 0.018200 0.012100 0.010000 0.016200 0.010100 0.012100 0.012100 0.014100 0.012100 0.010100 0.000000 0.016100 0.010100 0.014100 0.012100 0.012100 0.012100 0.014200 0.004000 0.014100 0.006000 0.020300 0.020200 0.018300 0.014200 0.010100 0.010000 0.010100 0.020300 0.018200 0.018200 0.012100 0.012100 0.018200 0.012100 0.006000 0.012100 0.016200 0.020200 0.012100 0.014100 0.010100 0.006000
Oribi 0.020300 0.030300 0.014100 0.050100 0.020100 0.016200 0.012000 0.012000 0.016100 0.026400 0.016100 0.014000 0.020200 0.010000 0.016100 0.008000 0.018100 0.020200 0.014100 0.016100 0.000000 0.014100 0.018100 0.016100 0.016100 0.004000 0.018200 0.016200 0.010000 0.014100 0.028500 0.020100 0.022300 0.018200 0.014100 0.014000 0.014100 0.020200 0.014100 0.022200 0.016100 0.004000 0.026400 0.016100 0.010000 0.016100 0.012100 0.022200 0.012000 0.018100 0.022300 0.014100
BarbaryShe 0.006000 0.026400 0.004000 0.041700 0.014100 0.002000 0.006000 0.014100 0.006000 0.016200 0.002000 0.004000 0.006000 0.004000 0.006000 0.010100 0.012100 0.010100 0.000000 0.010100 0.014100 0.000000 0.008000 0.006000 0.002000 0.010100 0.004000 0.006000 0.012100 0.004000 0.018300 0.014100 0.012100 0.004000 0.000000 0.008000 0.000000 0.014100 0.012100 0.010100 0.010100 0.010100 0.016200 0.006000 0.004000 0.010100 0.010100 0.014100 0.010100 0.008100 0.012100 0.004000
Daviddeer 0.014100 0.030300 0.008000 0.048200 0.018100 0.010100 0.010000 0.018100 0.010000 0.008000 0.010100 0.008000 0.014100 0.008000 0.010000 0.014100 0.016100 0.014000 0.008000 0.014100 0.018100 0.008000 0.000000 0.006000 0.010000 0.014100 0.012100 0.010100 0.016100 0.008000 0.010000 0.018100 0.016200 0.012100 0.008000 0.012000 0.008000 0.018100 0.016100 0.012000 0.002000 0.014000 0.008000 0.006000 0.008000 0.014100 0.014100 0.018100 0.014100 0.012000 0.016100 0.008000
Reindeer 0.012100 0.028300 0.006000 0.046000 0.016100 0.008000 0.008000 0.016100 0.008000 0.010000 0.008000 0.006000 0.012100 0.006000 0.008000 0.012100 0.014100 0.012000 0.006000 0.012100 0.016100 0.006000 0.006000 0.000000 0.008000 0.012000 0.010100 0.008000 0.014100 0.006000 0.012100 0.016100 0.010100 0.010100 0.006000 0.010000 0.006000 0.016100 0.014100 0.006000 0.008000 0.012000 0.010000 0.000000 0.006000 0.012100 0.012100 0.016100 0.012100 0.010000 0.014100 0.006000
Ibex 0.008100 0.028400 0.006000 0.043700 0.016100 0.004000 0.008000 0.016100 0.008000 0.018200 0.004000 0.006000 0.008000 0.006000 0.008000 0.012100 0.014100 0.012100 0.002000 0.012100 0.016100 0.002000 0.010000 0.008000 0.000000 0.012100 0.006000 0.008100 0.014100 0.006000 0.020300 0.016100 0.014200 0.006000 0.002000 0.010000 0.002000 0.016200 0.014100 0.012100 0.012100 0.012100 0.018200 0.008000 0.006000 0.012100 0.012100 0.016100 0.012100 0.010100 0.014100 0.006000
GyrantGaze 0.016200 0.026300 0.010000 0.046100 0.016100 0.012100 0.008000 0.008000 0.012100 0.022300 0.012100 0.010000 0.016200 0.006000 0.012100 0.004000 0.014100 0.016100 0.010100 0.012100 0.004000 0.010100 0.014100 0.012000 0.012100 0.000000 0.014100 0.012100 0.006000 0.010000 0.024400 0.016100 0.018200 0.014100 0.010100 0.010000 0.010100 0.016100 0.010000 0.018100 0.012000 0.000000 0.022300 0.012100 0.006000 0.012000 0.008000 0.020100 0.008000 0.014100 0.018200 0.010100
Hartebeest 0.010100 0.030500 0.008100 0.046000 0.018200 0.006000 0.010000 0.018200 0.010100 0.020300 0.006000 0.008000 0.002000 0.008100 0.010100 0.014200 0.016200 0.014100 0.004000 0.014200 0.018200 0.004000 0.012100 0.010100 0.006000 0.014100 0.000000 0.010100 0.016100 0.008000 0.022400 0.018200 0.016200 0.000000 0.004000 0.012100 0.004000 0.018200 0.016200 0.014100 0.014100 0.014100 0.020300 0.010100 0.008000 0.014100 0.014200 0.018200 0.014100 0.012100 0.016200 0.008100
Bongo 0.008100 0.028400 0.002000 0.043900 0.016200 0.008100 0.008000 0.016100 0.000000 0.014200 0.008100 0.006000 0.012100 0.006000 0.008000 0.012100 0.014100 0.008000 0.006000 0.004000 0.016200 0.006000 0.010100 0.008000 0.008100 0.012100 0.010100 0.000000 0.014100 0.002000 0.016200 0.016200 0.014200 0.010100 0.006000 0.010100 0.006000 0.016200 0.014100 0.014100 0.012100 0.012100 0.014200 0.008100 0.006000 0.008100 0.012200 0.016100 0.012100 0.010100 0.006000 0.002000
Gerenuk 0.018200 0.028300 0.012100 0.052600 0.022200 0.014100 0.014000 0.010000 0.014100 0.020200 0.014100 0.012000 0.018200 0.012000 0.014100 0.006000 0.016100 0.018100 0.012100 0.014100 0.010000 0.012100 0.016100 0.014100 0.014100 0.006000 0.016100 0.014100 0.000000 0.012000 0.022300 0.022200 0.020200 0.016200 0.012100 0.012000 0.012100 0.022200 0.012000 0.020100 0.014000 0.006000 0.020200 0.014100 0.008000 0.014000 0.006000 0.022200 0.010000 0.016100 0.020200 0.012100
CommonElan 0.006000 0.026300 0.000000 0.041600 0.014100 0.006000 0.006000 0.014100 0.002000 0.012100 0.006000 0.004000 0.010100 0.004000 0.006000 0.010100 0.012100 0.006000 0.004000 0.006000 0.014100 0.004000 0.008000 0.006000 0.006000 0.010000 0.008000 0.002000 0.012000 0.000000 0.014100 0.014100 0.012100 0.008100 0.004000 0.008000 0.004000 0.014100 0.012100 0.012100 0.010000 0.010000 0.012100 0.006000 0.004000 0.006000 0.010100 0.014100 0.010000 0.008000 0.008000 0.000000
MuntiacusR 0.020400 0.040900 0.014200 0.057100 0.026400 0.020400 0.020200 0.028400 0.016200 0.002000 0.020300 0.018200 0.024500 0.018200 0.020300 0.024400 0.026500 0.020200 0.018300 0.020300 0.028500 0.018300 0.010000 0.012100 0.020300 0.024400 0.022400 0.016200 0.022300 0.014100 0.000000 0.028500 0.020300 0.022400 0.018300 0.022300 0.018300 0.026500 0.026500 0.018200 0.012100 0.024400 0.002000 0.012100 0.018200 0.020300 0.020300 0.028500 0.024400 0.018200 0.022400 0.014200
HarveysDui 0.020300 0.032400 0.014100 0.049900 0.020100 0.016100 0.012000 0.024200 0.016100 0.026400 0.016100 0.014000 0.020200 0.010000 0.016100 0.020200 0.020200 0.018100 0.014100 0.020200 0.020100 0.014100 0.018100 0.016100 0.016100 0.016100 0.018200 0.016200 0.022200 0.014100 0.028500 0.000000 0.018200 0.018200 0.014100 0.018100 0.014100 0.020200 0.022200 0.018100 0.020100 0.016100 0.026400 0.016100 0.014000 0.020200 0.020200 0.024200 0.020200 0.018100 0.022200 0.014100
Pronghorn 0.018300 0.026400 0.012100 0.052400 0.018200 0.014200 0.014100 0.022300 0.014200 0.018300 0.014200 0.012100 0.018300 0.012100 0.014100 0.018300 0.020300 0.018200 0.012100 0.018300 0.022300 0.012100 0.016200 0.010100 0.014200 0.018200 0.016200 0.014200 0.020200 0.012100 0.020300 0.018200 0.000000 0.016200 0.012100 0.016200 0.012100 0.018200 0.020300 0.012100 0.018200 0.018200 0.018300 0.010100 0.012100 0.018200 0.018300 0.022300 0.018200 0.016200 0.020300 0.012100
BlueWildeb 0.010100 0.030500 0.008100 0.046000 0.018200 0.006000 0.010000 0.018200 0.010100 0.020300 0.006000 0.008000 0.002000 0.008100 0.010100 0.014200 0.016200 0.014100 0.004000 0.014200 0.018200 0.004000 0.012100 0.010100 0.006000 0.014100 0.000000 0.010100 0.016200 0.008100 0.022400 0.018200 0.016200 0.000000 0.004000 0.012100 0.004000 0.018200 0.016200 0.014100 0.014100 0.014100 0.020300 0.010100 0.008000 0.014100 0.014200 0.018200 0.014100 0.012100 0.016200 0.008100
Gemsbok 0.006000 0.026400 0.004000 0.041700 0.014100 0.002000 0.006000 0.014100 0.006000 0.016200 0.002000 0.004000 0.006000 0.004000 0.006000 0.010100 0.012100 0.010100 0.000000 0.010100 0.014100 0.000000 0.008000 0.006000 0.002000 0.010100 0.004000 0.006000 0.012100 0.004000 0.018300 0.014100 0.012100 0.004000 0.000000 0.008000 0.000000 0.014100 0.012100 0.010100 0.010000 0.010100 0.016200 0.006000 0.004000 0.010100 0.010100 0.014100 0.010100 0.008100 0.012100 0.004000
Yak 0.014100 0.026200 0.008000 0.045200 0.018100 0.010100 0.010000 0.014000 0.010000 0.020200 0.010100 0.008000 0.014100 0.008000 0.010000 0.010000 0.012000 0.014000 0.008000 0.010000 0.014000 0.008000 0.012000 0.010000 0.010000 0.010000 0.012100 0.010100 0.012000 0.008000 0.022300 0.018100 0.016200 0.012100 0.008000 0.000000 0.008000 0.018100 0.016100 0.016100 0.010000 0.010000 0.020200 0.010000 0.004000 0.014100 0.014100 0.018100 0.010000 0.012000 0.016100 0.008000
BlueSheep 0.006000 0.026400 0.004000 0.041700 0.014100 0.002000 0.006000 0.014100 0.006000 0.016200 0.002000 0.004000 0.006000 0.004000 0.006000 0.010100 0.012100 0.010100 0.000000 0.010100 0.014100 0.000000 0.008000 0.006000 0.002000 0.010100 0.004000 0.006000 0.012100 0.004000 0.018300 0.014100 0.012100 0.004000 0.000000 0.008000 0.000000 0.014100 0.012100 0.010100 0.010000 0.010100 0.016200 0.006000 0.004000 0.010100 0.010100 0.014100 0.010100 0.008100 0.012100 0.004000
BohorReedb 0.020300 0.030700 0.014100 0.048000 0.000000 0.016200 0.012000 0.024300 0.016200 0.024400 0.016200 0.014100 0.020300 0.010100 0.016100 0.020200 0.022300 0.020200 0.014100 0.020300 0.020200 0.014100 0.018100 0.016100 0.016200 0.016100 0.018200 0.016200 0.022200 0.014100 0.026500 0.020200 0.018200 0.018200 0.014100 0.018100 0.014100 0.000000 0.022300 0.022300 0.020200 0.016100 0.024400 0.016200 0.014100 0.020200 0.020300 0.022900 0.020200 0.018200 0.022300 0.014100
KirksDik 0.018300 0.032500 0.012100 0.052300 0.022200 0.014100 0.014000 0.014000 0.014100 0.024400 0.014100 0.008000 0.018200 0.012100 0.014100 0.010100 0.016100 0.014100 0.012100 0.018200 0.014100 0.012100 0.016100 0.014100 0.014100 0.010000 0.016200 0.014100 0.012000 0.012100 0.026500 0.022200 0.020300 0.016200 0.012100 0.016100 0.012100 0.022300 0.000000 0.020200 0.018100 0.010000 0.024400 0.014100 0.012000 0.014100 0.006000 0.022200 0.014100 0.016100 0.020200 0.012100
RoeDeer 0.016200 0.030300 0.012100 0.048300 0.022200 0.012100 0.014000 0.022200 0.014100 0.016100 0.012100 0.012000 0.016200 0.012100 0.014100 0.018200 0.020200 0.018100 0.010100 0.018200 0.022200 0.010100 0.012000 0.006000 0.012100 0.018100 0.014100 0.014100 0.020100 0.012100 0.018200 0.018100 0.012100 0.014100 0.010100 0.016100 0.010100 0.022300 0.020200 0.000000 0.014000 0.018100 0.016100 0.006000 0.012000 0.018100 0.018200 0.022200 0.018100 0.016100 0.020200 0.012100
WhiteLippe 0.016200 0.028300 0.010000 0.050400 0.020100 0.012100 0.012000 0.016000 0.012100 0.010000 0.012100 0.010000 0.016100 0.010000 0.012000 0.012100 0.014100 0.016100 0.010000 0.012100 0.016100 0.010100 0.002000 0.008000 0.012100 0.012000 0.014100 0.012100 0.014000 0.010000 0.012100 0.020100 0.018200 0.014100 0.010000 0.010000 0.010000 0.020200 0.018100 0.014000 0.000000 0.012000 0.010000 0.008000 0.006000 0.016100 0.016100 0.020100 0.012000 0.014100 0.018100 0.010000
ThomsonGaz 0.016200 0.026300 0.010000 0.046200 0.016100 0.012100 0.008000 0.008000 0.012100 0.022300 0.012100 0.010000 0.016200 0.006000 0.012000 0.004000 0.014100 0.016100 0.010100 0.012100 0.004000 0.010100 0.014000 0.012000 0.012100 0.000000 0.014100 0.012100 0.006000 0.010000 0.024400 0.016100 0.018200 0.014100 0.010100 0.010000 0.010100 0.016100 0.010000 0.018100 0.012000 0.000000 0.022300 0.012100 0.006000 0.012000 0.008000 0.020100 0.008000 0.014100 0.018200 0.010100
MuntiacusC 0.018300 0.038800 0.012100 0.054900 0.024400 0.018300 0.018100 0.026300 0.014100 0.000000 0.018300 0.016100 0.022400 0.016200 0.018200 0.022300 0.024400 0.018200 0.016200 0.018200 0.026400 0.016200 0.008000 0.010000 0.018200 0.022300 0.020300 0.014200 0.020200 0.012100 0.002000 0.026400 0.018300 0.020300 0.016200 0.020200 0.016200 0.024400 0.024400 0.016100 0.010000 0.022300 0.000000 0.010100 0.016100 0.018200 0.018300 0.026400 0.022300 0.020300 0.020300 0.012100
WhiteTaile 0.012100 0.028400 0.006000 0.046100 0.016100 0.008100 0.008000 0.016100 0.008000 0.010000 0.008100 0.006000 0.012100 0.006000 0.008000 0.012100 0.014100 0.012100 0.006000 0.012100 0.016100 0.006000 0.006000 0.000000 0.008000 0.012100 0.010100 0.008100 0.014100 0.006000 0.012100 0.016100 0.010100 0.010100 0.006000 0.010000 0.006000 0.016200 0.014100 0.006000 0.008000 0.012100 0.010100 0.000000 0.006000 0.012100 0.012100 0.016100 0.012100 0.010100 0.014100 0.006000
Cattle 0.010100 0.022100 0.004000 0.043200 0.014000 0.006000 0.006000 0.010000 0.006000 0.016100 0.006000 0.004000 0.010000 0.004000 0.006000 0.006000 0.008000 0.010000 0.004000 0.006000 0.010000 0.004000 0.008000 0.006000 0.006000 0.006000 0.008000 0.006000 0.008000 0.004000 0.018200 0.014000 0.012100 0.008000 0.004000 0.004000 0.004000 0.014100 0.012000 0.012000 0.006000 0.006000 0.016100 0.006000 0.000000 0.010000 0.010100 0.014000 0.006000 0.008000 0.012100 0.004000
RoyalAntel 0.010500 0.032500 0.006000 0.048000 0.020200 0.012100 0.012000 0.016100 0.008000 0.018200 0.012100 0.010000 0.016200 0.010000 0.012100 0.012100 0.018200 0.012000 0.010100 0.012100 0.016100 0.010100 0.014100 0.012100 0.012100 0.012000 0.014100 0.008100 0.014000 0.006000 0.020300 0.020200 0.018200 0.014100 0.010100 0.014100 0.010100 0.020200 0.014100 0.018100 0.016100 0.012000 0.018200 0.012100 0.010000 0.000000 0.012100 0.020200 0.008000 0.014100 0.014100 0.006000
Steenbok 0.016300 0.030500 0.010100 0.050300 0.020300 0.012100 0.012100 0.012100 0.012100 0.018300 0.012100 0.010100 0.016200 0.010100 0.012100 0.008100 0.018200 0.016200 0.010100 0.016200 0.012100 0.010100 0.014100 0.012100 0.012100 0.008000 0.014200 0.012200 0.006000 0.010100 0.020300 0.020200 0.018300 0.014200 0.010100 0.014100 0.010100 0.020300 0.006000 0.018200 0.016100 0.008000 0.018300 0.012100 0.010100 0.012100 0.000000 0.020200 0.012100 0.014100 0.018300 0.010100
Impala 0.020300 0.030300 0.014100 0.047900 0.022900 0.016100 0.016000 0.020100 0.016100 0.026400 0.016100 0.014000 0.020200 0.014100 0.012000 0.020200 0.022200 0.020100 0.014100 0.020200 0.022200 0.014100 0.018100 0.016100 0.016100 0.020100 0.018200 0.016100 0.022200 0.014100 0.028500 0.024200 0.022300 0.018200 0.014100 0.018100 0.014100 0.022900 0.022200 0.022200 0.020100 0.020100 0.026400 0.016100 0.014000 0.020200 0.020200 0.000000 0.020200 0.018100 0.022200 0.014100
Klipspring 0.014600 0.028300 0.010100 0.050200 0.020200 0.012100 0.012000 0.012000 0.012100 0.022300 0.012100 0.010000 0.016200 0.010000 0.012100 0.008000 0.014100 0.016100 0.010100 0.012100 0.012000 0.010100 0.014100 0.012100 0.012100 0.008000 0.014100 0.012100 0.010000 0.010000 0.024400 0.020200 0.018200 0.014100 0.010100 0.010000 0.010100 0.020200 0.014100 0.018100 0.012000 0.008000 0.022300 0.012100 0.006000 0.008000 0.012100 0.020200 0.000000 0.014100 0.018200 0.010100
ForestMusk 0.014200 0.030400 0.008000 0.048000 0.018200 0.010100 0.010000 0.018100 0.010100 0.020300 0.010100 0.008000 0.014100 0.008000 0.010000 0.014100 0.016100 0.014100 0.008000 0.014100 0.018100 0.008100 0.012000 0.010000 0.010100 0.014100 0.012100 0.010100 0.016100 0.008000 0.018200 0.018100 0.016200 0.012100 0.008100 0.012000 0.008100 0.018200 0.016100 0.016100 0.014100 0.014100 0.020300 0.010100 0.008000 0.014100 0.014100 0.018100 0.014100 0.000000 0.016200 0.008000
Bushbuck 0.014200 0.026300 0.008000 0.050200 0.022300 0.014200 0.014100 0.022200 0.006000 0.020300 0.014200 0.012100 0.018200 0.012100 0.014100 0.018200 0.020200 0.014100 0.012100 0.010100 0.022300 0.012100 0.016100 0.014100 0.014100 0.018200 0.016200 0.006000 0.020200 0.008000 0.022400 0.022200 0.020300 0.016200 0.012100 0.016100 0.012100 0.022300 0.020200 0.020200 0.018100 0.018200 0.020300 0.014100 0.012100 0.014100 0.018300 0.022200 0.018200 0.016200 0.000000 0.008100
GreaterKud 0.006100 0.026300 0.000000 0.041700 0.014100 0.006000 0.006000 0.014100 0.002000 0.012100 0.006000 0.004000 0.010100 0.004000 0.006000 0.010100 0.012100 0.006000 0.004000 0.006000 0.014100 0.004000 0.008000 0.006000 0.006000 0.010100 0.008100 0.002000 0.012100 0.000000 0.014200 0.014100 0.012100 0.008100 0.004000 0.008000 0.004000 0.014100 0.012100 0.012100 0.010000 0.010100 0.012100 0.006000 0.004000 0.006000 0.010100 0.014100 0.010100 0.008000 0.008100 0.000000
