1
52 1
Argali 0.000000 0.044100 0.000000 0.034100 0.000000 0.000000 0.000000 0.000100 0.000100 0.012900 0.000000 0.000000 0.000000 0.000000 0.000100 0.000000 0.012800 0.012800 0.000000 0.000000 0.000000 0.000000 0.026100 0.012800 0.000000 0.000000 0.000000 0.000000 0.000000 0.000000 0.012800 0.000000 0.012700 0.000000 0.000100 0.000000 0.000000 0.000000 0.000000 0.026200 0.012900 0.000000 0.012900 0.012800 0.000000 0.000000 0.000000 0.000000 0.000000 0.012900 0.000000 0.000000
LesserMous 0.044100 0.000000 0.044800 0.013100 0.044100 0.043200 0.043500 0.046000 0.043800 0.069000 0.043400 0.044800 0.044100 0.044100 0.043200 0.044900 0.026100 0.026100 0.044100 0.044800 0.044100 0.044100 0.077200 0.066400 0.043400 0.044100 0.044100 0.044800 0.044900 0.044800 0.072000 0.044100 0.057600 0.044100 0.042500 0.044800 0.044100 0.044100 0.044100 0.080600 0.064200 0.044100 0.069000 0.066400 0.044800 0.043200 0.044900 0.043600 0.044100 0.059400 0.044800 0.044800
LesserKudu 0.000000 0.044800 0.000000 0.036500 0.000000 0.000100 0.000100 0.000000 0.000000 0.012800 0.000100 0.000000 0.000000 0.000000 0.000100 0.000100 0.012800 0.012800 0.000000 0.000000 0.000000 0.000000 0.026100 0.012800 0.000100 0.000000 0.000000 0.000000 0.000100 0.000000 0.012800 0.000000 0.012700 0.000000 0.000100 0.000000 0.000000 0.000000 0.000000 0.026200 0.012900 0.000000 0.012800 0.012800 0.000000 0.000100 0.000100 0.000100 0.000000 0.012900 0.000000 0.000000
KillerWhal 0.034100 0.013100 0.036500 0.000000 0.034100 0.032400 0.032400 0.034700 0.034400 0.051000 0.032600 0.036500 0.034100 0.034100 0.031800 0.036100 0.012800 0.012800 0.034100 0.036500 0.034100 0.034100 0.061700 0.049400 0.032600 0.034100 0.034100 0.036500 0.036100 0.036500 0.052300 0.034100 0.048700 0.034100 0.030900 0.036500 0.034100 0.034100 0.034100 0.064200 0.048300 0.034100 0.051000 0.049400 0.036500 0.032400 0.036100 0.032700 0.034100 0.050600 0.036500 0.036500
DefassaWat 0.000000 0.044100 0.000000 0.034100 0.000000 0.000000 0.000000 0.000100 0.000100 0.012900 0.000000 0.000000 0.000000 0.000000 0.000100 0.000000 0.012800 0.012800 0.000000 0.000000 0.000000 0.000000 0.026100 0.012800 0.000000 0.000000 0.000000 0.000000 0.000000 0.000000 0.012800 0.000000 0.012700 0.000000 0.000100 0.000000 0.000000 0.000000 0.000000 0.026200 0.012900 0.000000 0.012900 0.012800 0.000000 0.000000 0.000000 0.000000 0.000000 0.012900 0.000000 0.000000
Sheep 0.000000 0.043200 0.000100 0.032400 0.000000 0.000000 0.000100 0.000100 0.000100 0.012800 0.000100 0.000100 0.000000 0.000000 0.000100 0.000100 0.012800 0.012800 0.000000 0.000100 0.000000 0.000000 0.026200 0.012800 0.000100 0.000000 0.000000 0.000100 0.000100 0.000100 0.012800 0.000000 0.012700 0.000000 0.000100 0.000100 0.000000 0.000000 0.000000 0.026200 0.013000 0.000000 0.012800 0.012800 0.000100 0.000100 0.000100 0.000100 0.000000 0.012900 0.000100 0.000100
MaxwellsDu 0.000000 0.043500 0.000100 0.032400 0.000000 0.000100 0.000000 0.000100 0.000100 0.012800 0.000100 0.000100 0.000000 0.000000 0.000100 0.000100 0.012800 0.012800 0.000000 0.000100 0.000000 0.000000 0.026100 0.012800 0.000100 0.000000 0.000000 0.000100 0.000100 0.000100 0.012800 0.000000 0.012700 0.000000 0.000100 0.000100 0.000000 0.000000 0.000000 0.026200 0.012900 0.000000 0.012800 0.012800 0.000100 0.000100 0.000100 0.000100 0.000000 0.012900 0.000100 0.000100
GazellaPrz 0.000100 0.046000 0.000000 0.034700 0.000100 0.000100 0.000100 0.000000 0.000100 0.012900 0.000100 0.000000 0.000100 0.000100 0.000100 0.000100 0.012900 0.012900 0.000100 0.000000 0.000100 0.000100 0.026000 0.012900 0.000100 0.000100 0.000100 0.000000 0.000100 0.000000 0.012900 0.000100 0.012800 0.000100 0.000100 0.000000 0.000100 0.000100 0.000100 0.026300 0.012900 0.000100 0.012900 0.012900 0.000000 0.000100 0.000100 0.000100 0.000100 0.012900 0.000000 0.000000
MountainNy 0.000100 0.043800 0.000000 0.034400 0.000100 0.000100 0.000100 0.000100 0.000000 0.012800 0.000100 0.000000 0.000100 0.000100 0.000100 0.000100 0.012800 0.012800 0.000100 0.000000 0.000100 0.000100 0.026100 0.012800 0.000100 0.000100 0.000100 0.000000 0.000100 0.000000 0.012700 0.000100 0.012700 0.000100 0.000100 0.000000 0.000100 0.000100 0.000100 0.026100 0.012900 0.000100 0.012800 0.012800 0.000000 0.000100 0.000100 0.000100 0.000100 0.012900 0.000000 0.000000
MuntiacusM 0.012900 0.069000 0.012800 0.051000 0.012900 0.012800 0.012800 0.012900 0.012800 0.000000 0.012900 0.012800 0.012900 0.012900 0.012900 0.012800 0.025900 0.025900 0.012900 0.012800 0.012900 0.012900 0.012900 0.000000 0.012900 0.012900 0.012900 0.012800 0.012800 0.012800 0.000000 0.012900 0.025700 0.012900 0.012700 0.012800 0.012900 0.012900 0.012900 0.013000 0.000200 0.012900 0.000000 0.000000 0.012800 0.012800 0.012800 0.012900 0.012900 0.025900 0.012800 0.012800
goat 0.000000 0.043400 0.000100 0.032600 0.000000 0.000100 0.000100 0.000100 0.000100 0.012900 0.000000 0.000100 0.000000 0.000000 0.000100 0.000100 0.012800 0.012800 0.000000 0.000100 0.000000 0.000000 0.026100 0.012900 0.000000 0.000000 0.000000 0.000100 0.000100 0.000100 0.012900 0.000000 0.012700 0.000000 0.000100 0.000100 0.000000 0.000000 0.000000 0.026200 0.012900 0.000000 0.012900 0.012900 0.000100 0.000100 0.000100 0.000100 0.000000 0.012900 0.000100 0.000100
AfricanBuf 0.000000 0.044800 0.000000 0.036500 0.000000 0.000100 0.000100 0.000000 0.000000 0.012800 0.000100 0.000000 0.000000 0.000000 0.000100 0.000100 0.012800 0.012800 0.000000 0.000000 0.000000 0.000000 0.026100 0.012800 0.000100 0.000000 0.000000 0.000000 0.000100 0.000000 0.012800 0.000000 0.012700 0.000000 0.000100 0.000000 0.000000 0.000000 0.000000 0.026200 0.012900 0.000000 0.012800 0.012800 0.000000 0.000100 0.000100 0.000100 0.000000 0.012900 0.000000 0.000000
Topi 0.000000 0.044100 0.000000 0.034100 0.000000 0.000000 0.000000 0.000100 0.000100 0.012900 0.000000 0.000000 0.000000 0.000000 0.000100 0.000000 0.012800 0.012800 0.000000 0.000000 0.000000 0.000000 0.026100 0.012800 0.000000 0.000000 0.000000 0.000000 0.000000 0.000000 0.012800 0.000000 0.012700 0.000000 0.000100 0.000000 0.000000 0.000000 0.000000 0.026200 0.012900 0.000000 0.012900 0.012800 0.000000 0.000000 0.000000 0.000000 0.000000 0.012900 0.000000 0.000000
CommonDuik 0.000000 0.044100 0.000000 0.034100 0.000000 0.000000 0.000000 0.000100 0.000100 0.012900 0.000000 0.000000 0.000000 0.000000 0.000100 0.000000 0.012800 0.012800 0.000000 0.000000 0.000000 0.000000 0.026100 0.012800 0.000000 0.000000 0.000000 0.000000 0.000000 0.000000 0.012800 0.000000 0.012700 0.000000 0.000100 0.000000 0.000000 0.000000 0.000000 0.026200 0.012900 0.000000 0.012900 0.012800 0.000000 0.000000 0.000000 0.000000 0.000000 0.012900 0.000000 0.000000
Suni 0.000100 0.043200 0.000100 0.031800 0.000100 0.000100 0.000100 0.000100 0.000100 0.012900 0.000100 0.000100 0.000100 0.000100 0.000000 0.000100 0.012900 0.012900 0.000100 0.000100 0.000100 0.000100 0.026000 0.012900 0.000100 0.000100 0.000100 0.000100 0.000100 0.000100 0.012900 0.000100 0.012800 0.000100 0.000100 0.000100 0.000100 0.000100 0.000100 0.026300 0.012900 0.000100 0.012900 0.012900 0.000100 0.000100 0.000100 0.000100 0.000100 0.013000 0.000100 0.000100
Springbuck 0.000000 0.044900 0.000100 0.036100 0.000000 0.000100 0.000100 0.000100 0.000100 0.012800 0.000100 0.000100 0.000000 0.000000 0.000100 0.000000 0.012800 0.012800 0.000000 0.000100 0.000000 0.000000 0.026100 0.012800 0.000100 0.000000 0.000000 0.000100 0.000000 0.000100 0.012800 0.000000 0.012700 0.000000 0.000100 0.000100 0.000000 0.000000 0.000000 0.026100 0.012900 0.000000 0.012800 0.012800 0.000100 0.000100 0.000000 0.000100 0.000000 0.012800 0.000100 0.000100
Okapi 0.012800 0.026100 0.012800 0.012800 0.012800 0.012800 0.012800 0.012900 0.012800 0.025900 0.012800 0.012800 0.012800 0.012800 0.012900 0.012800 0.000000 0.000000 0.012800 0.012800 0.012800 0.012800 0.039500 0.025800 0.012800 0.012800 0.012800 0.012800 0.012800 0.012800 0.025800 0.012800 0.025500 0.012800 0.012700 0.012800 0.012800 0.012800 0.012800 0.039600 0.026100 0.012800 0.025900 0.025800 0.012800 0.012800 0.012800 0.012900 0.012800 0.025900 0.012800 0.012800
Giraffe 0.012800 0.026100 0.012800 0.012800 0.012800 0.012800 0.012800 0.012900 0.012800 0.025900 0.012800 0.012800 0.012800 0.012800 0.012900 0.012800 0.000000 0.000000 0.012800 0.012800 0.012800 0.012800 0.039500 0.025800 0.012800 0.012800 0.012800 0.012800 0.012800 0.012800 0.025800 0.012800 0.025500 0.012800 0.012700 0.012800 0.012800 0.012800 0.012800 0.039600 0.026100 0.012800 0.025900 0.025800 0.012800 0.012800 0.012800 0.012900 0.012800 0.025900 0.012800 0.012800
TibetanAnt 0.000000 0.044100 0.000000 0.034100 0.000000 0.000000 0.000000 0.000100 0.000100 0.012900 0.000000 0.000000 0.000000 0.000000 0.000100 0.000000 0.012800 0.012800 0.000000 0.000000 0.000000 0.000000 0.026100 0.012800 0.000000 0.000000 0.000000 0.000000 0.000000 0.000000 0.012800 0.000000 0.012700 0.000000 0.000100 0.000000 0.000000 0.000000 0.000000 0.026200 0.012900 0.000000 0.012900 0.012800 0.000000 0.000000 0.000000 0.000000 0.000000 0.012900 0.000000 0.000000
Sitatunga 0.000000 0.044800 0.000000 0.036500 0.000000 0.000100 0.000100 0.000000 0.000000 0.012800 0.000100 0.000000 0.000000 0.000000 0.000100 0.000100 0.012800 0.012800 0.000000 0.000000 0.000000 0.000000 0.026100 0.012800 0.000100 0.000000 0.000000 0.000000 0.000100 0.000000 0.012800 0.000000 0.012700 0.000000 0.000100 0.000000 0.000000 0.000000 0.000000 0.026200 0.012900 0.000000 0.012800 0.012800 0.000000 0.000100 0.000100 0.000100 0.000000 0.012900 0.000000 0.000000
Oribi 0.000000 0.044100 0.000000 0.034100 0.000000 0.000000 0.000000 0.000100 0.000100 0.012900 0.000000 0.000000 0.000000 0.000000 0.000100 0.000000 0.012800 0.012800 0.000000 0.000000 0.000000 0.000000 0.026100 0.012800 0.000000 0.000000 0.000000 0.000000 0.000000 0.000000 0.012800 0.000000 0.012700 0.000000 0.000100 0.000000 0.000000 0.000000 0.000000 0.026200 0.012900 0.000000 0.012900 0.012800 0.000000 0.000000 0.000000 0.000000 0.000000 0.012900 0.000000 0.000000
BarbaryShe 0.000000 0.044100 0.000000 0.034100 0.000000 0.000000 0.000000 0.000100 0.000100 0.012900 0.000000 0.000000 0.000000 0.000000 0.000100 0.000000 0.012800 0.012800 0.000000 0.000000 0.000000 0.000000 0.026100 0.012800 0.000000 0.000000 0.000000 0.000000 0.000000 0.000000 0.012800 0.000000 0.012700 0.000000 0.000100 0.000000 0.000000 0.000000 0.000000 0.026200 0.012900 0.000000 0.012900 0.012800 0.000000 0.000000 0.000000 0.000000 0.000000 0.012900 0.000000 0.000000
Daviddeer 0.026100 0.077200 0.026100 0.061700 0.026100 0.026200 0.026100 0.026000 0.026100 0.012900 0.026100 0.026100 0.026100 0.026100 0.026000 0.026100 0.039500 0.039500 0.026100 0.026100 0.026100 0.026100 0.000000 0.013000 0.026100 0.026100 0.026100 0.026100 0.026100 0.026100 0.012900 0.026100 0.039100 0.026100 0.026100 0.026100 0.026100 0.026100 0.026100 0.026200 0.012600 0.026100 0.012900 0.013000 0.026100 0.026200 0.026100 0.026000 0.026100 0.039400 0.026100 0.026100
Reindeer 0.012800 0.066400 0.012800 0.049400 0.012800 0.012800 0.012800 0.012900 0.012800 0.000000 0.012900 0.012800 0.012800 0.012800 0.012900 0.012800 0.025800 0.025800 0.012800 0.012800 0.012800 0.012800 0.013000 0.000000 0.012900 0.012800 0.012800 0.012800 0.012800 0.012800 0.000100 0.012800 0.025600 0.012800 0.012700 0.012800 0.012800 0.012800 0.012800 0.013000 0.000200 0.012800 0.000000 0.000000 0.012800 0.012800 0.012800 0.012900 0.012800 0.025900 0.012800 0.012800
Ibex 0.000000 0.043400 0.000100 0.032600 0.000000 0.000100 0.000100 0.000100 0.000100 0.012900 0.000000 0.000100 0.000000 0.000000 0.000100 0.000100 0.012800 0.012800 0.000000 0.000100 0.000000 0.000000 0.026100 0.012900 0.000000 0.000000 0.000000 0.000100 0.000100 0.000100 0.012900 0.000000 0.012700 0.000000 0.000100 0.000100 0.000000 0.000000 0.000000 0.026200 0.012900 0.000000 0.012900 0.012900 0.000100 0.000100 0.000100 0.000100 0.000000 0.012900 0.000100 0.000100
GyrantGaze 0.000000 0.044100 0.000000 0.034100 0.000000 0.000000 0.000000 0.000100 0.000100 0.012900 0.000000 0.000000 0.000000 0.000000 0.000100 0.000000 0.012800 0.012800 0.000000 0.000000 0.000000 0.000000 0.026100 0.012800 0.000000 0.000000 0.000000 0.000000 0.000000 0.000000 0.012800 0.000000 0.012700 0.000000 0.000100 0.000000 0.000000 0.000000 0.000000 0.026200 0.012900 0.000000 0.012900 0.012800 0.000000 0.000000 0.000000 0.000000 0.000000 0.012900 0.000000 0.000000
Hartebeest 0.000000 0.044100 0.000000 0.034100 0.000000 0.000000 0.000000 0.000100 0.000100 0.012900 0.000000 0.000000 0.000000 0.000000 0.000100 0.000000 0.012800 0.012800 0.000000 0.000000 0.000000 0.000000 0.026100 0.012800 0.000000 0.000000 0.000000 0.000000 0.000000 0.000000 0.012800 0.000000 0.012700 0.000000 0.000100 0.000000 0.000000 0.000000 0.000000 0.026200 0.012900 0.000000 0.012900 0.012800 0.000000 0.000000 0.000000 0.000000 0.000000 0.012900 0.000000 0.000000
Bongo 0.000000 0.044800 0.000000 0.036500 0.000000 0.000100 0.000100 0.000000 0.000000 0.012800 0.000100 0.000000 0.000000 0.000000 0.000100 0.000100 0.012800 0.012800 0.000000 0.000000 0.000000 0.000000 0.026100 0.012800 0.000100 0.000000 0.000000 0.000000 0.000100 0.000000 0.012800 0.000000 0.012700 0.000000 0.000100 0.000000 0.000000 0.000000 0.000000 0.026200 0.012900 0.000000 0.012800 0.012800 0.000000 0.000100 0.000100 0.000100 0.000000 0.012900 0.000000 0.000000
Gerenuk 0.000000 0.044900 0.000100 0.036100 0.000000 0.000100 0.000100 0.000100 0.000100 0.012800 0.000100 0.000100 0.000000 0.000000 0.000100 0.000000 0.012800 0.012800 0.000000 0.000100 0.000000 0.000000 0.026100 0.012800 0.000100 0.000000 0.000000 0.000100 0.000000 0.000100 0.012800 0.000000 0.012700 0.000000 0.000100 0.000100 0.000000 0.000000 0.000000 0.026100 0.012900 0.000000 0.012800 0.012800 0.000100 0.000100 0.000000 0.000100 0.000000 0.012800 0.000100 0.000100
CommonElan 0.000000 0.044800 0.000000 0.036500 0.000000 0.000100 0.000100 0.000000 0.000000 0.012800 0.000100 0.000000 0.000000 0.000000 0.000100 0.000100 0.012800 0.012800 0.000000 0.000000 0.000000 0.000000 0.026100 0.012800 0.000100 0.000000 0.000000 0.000000 0.000100 0.000000 0.012800 0.000000 0.012700 0.000000 0.000100 0.000000 0.000000 0.000000 0.000000 0.026200 0.012900 0.000000 0.012800 0.012800 0.000000 0.000100 0.000100 0.000100 0.000000 0.012900 0.000000 0.000000
MuntiacusR 0.012800 0.072000 0.012800 0.052300 0.012800 0.012800 0.012800 0.012900 0.012700 0.000000 0.012900 0.012800 0.012800 0.012800 0.012900 0.012800 0.025800 0.025800 0.012800 0.012800 0.012800 0.012800 0.012900 0.000100 0.012900 0.012800 0.012800 0.012800 0.012800 0.012800 0.000000 0.012800 0.025600 0.012800 0.012700 0.012800 0.012800 0.012800 0.012800 0.012900 0.000200 0.012800 0.000000 0.000100 0.012800 0.012800 0.012800 0.012900 0.012800 0.025800 0.012800 0.012800
HarveysDui 0.000000 0.044100 0.000000 0.034100 0.000000 0.000000 0.000000 0.000100 0.000100 0.012900 0.000000 0.000000 0.000000 0.000000 0.000100 0.000000 0.012800 0.012800 0.000000 0.000000 0.000000 0.000000 0.026100 0.012800 0.000000 0.000000 0.000000 0.000000 0.000000 0.000000 0.012800 0.000000 0.012700 0.000000 0.000100 0.000000 0.000000 0.000000 0.000000 0.026200 0.012900 0.000000 0.012900 0.012800 0.000000 0.000000 0.000000 0.000000 0.000000 0.012900 0.000000 0.000000
Pronghorn 0.012700 0.057600 0.012700 0.048700 0.012700 0.012700 0.012700 0.012800 0.012700 0.025700 0.012700 0.012700 0.012700 0.012700 0.012800 0.012700 0.025500 0.025500 0.012700 0.012700 0.012700 0.012700 0.039100 0.025600 0.012700 0.012700 0.012700 0.012700 0.012700 0.012700 0.025600 0.012700 0.000000 0.012700 0.012600 0.012700 0.012700 0.012700 0.012700 0.039200 0.025900 0.012700 0.025700 0.025600 0.012700 0.012600 0.012700 0.012800 0.012700 0.025700 0.012700 0.012700
BlueWildeb 0.000000 0.044100 0.000000 0.034100 0.000000 0.000000 0.000000 0.000100 0.000100 0.012900 0.000000 0.000000 0.000000 0.000000 0.000100 0.000000 0.012800 0.012800 0.000000 0.000000 0.000000 0.000000 0.026100 0.012800 0.000000 0.000000 0.000000 0.000000 0.000000 0.000000 0.012800 0.000000 0.012700 0.000000 0.000100 0.000000 0.000000 0.000000 0.000000 0.026200 0.012900 0.000000 0.012900 0.012800 0.000000 0.000000 0.000000 0.000000 0.000000 0.012900 0.000000 0.000000
Gemsbok 0.000100 0.042500 0.000100 0.030900 0.000100 0.000100 0.000100 0.000100 0.000100 0.012700 0.000100 0.000100 0.000100 0.000100 0.000100 0.000100 0.012700 0.012700 0.000100 0.000100 0.000100 0.000100 0.026100 0.012700 0.000100 0.000100 0.000100 0.000100 0.000100 0.000100 0.012700 0.000100 0.012600 0.000100 0.000000 0.000100 0.000100 0.000100 0.000100 0.025900 0.012900 0.000100 0.012700 0.012700 0.000100 0.000100 0.000100 0.000100 0.000100 0.012800 0.000100 0.000100
Yak 0.000000 0.044800 0.000000 0.036500 0.000000 0.000100 0.000100 0.000000 0.000000 0.012800 0.000100 0.000000 0.000000 0.000000 0.000100 0.000100 0.012800 0.012800 0.000000 0.000000 0.000000 0.000000 0.026100 0.012800 0.000100 0.000000 0.000000 0.000000 0.000100 0.000000 0.012800 0.000000 0.012700 0.000000 0.000100 0.000000 0.000000 0.000000 0.000000 0.026200 0.012900 0.000000 0.012800 0.012800 0.000000 0.000100 0.000100 0.000100 0.000000 0.012900 0.000000 0.000000
BlueSheep 0.000000 0.044100 0.000000 0.034100 0.000000 0.000000 0.000000 0.000100 0.000100 0.012900 0.000000 0.000000 0.000000 0.000000 0.000100 0.000000 0.012800 0.012800 0.000000 0.000000 0.000000 0.000000 0.026100 0.012800 0.000000 0.000000 0.000000 0.000000 0.000000 0.000000 0.012800 0.000000 0.012700 0.000000 0.000100 0.000000 0.000000 0.000000 0.000000 0.026200 0.012900 0.000000 0.012900 0.012800 0.000000 0.000000 0.000000 0.000000 0.000000 0.012900 0.000000 0.000000
BohorReedb 0.000000 0.044100 0.000000 0.034100 0.000000 0.000000 0.000000 0.000100 0.000100 0.012900 0.000000 0.000000 0.000000 0.000000 0.000100 0.000000 0.012800 0.012800 0.000000 0.000000 0.000000 0.000000 0.026100 0.012800 0.000000 0.000000 0.000000 0.000000 0.000000 0.000000 0.012800 0.000000 0.012700 0.000000 0.000100 0.000000 0.000000 0.000000 0.000000 0.026200 0.012900 0.000000 0.012900 0.012800 0.000000 0.000000 0.000000 0.000000 0.000000 0.012900 0.000000 0.000000
KirksDik 0.000000 0.044100 0.000000 0.034100 0.000000 0.000000 0.000000 0.000100 0.000100 0.012900 0.000000 0.000000 0.000000 0.000000 0.000100 0.000000 0.012800 0.012800 0.000000 0.000000 0.000000 0.000000 0.026100 0.012800 0.000000 0.000000 0.000000 0.000000 0.000000 0.000000 0.012800 0.000000 0.012700 0.000000 0.000100 0.000000 0.000000 0.000000 0.000000 0.026200 0.012900 0.000000 0.012900 0.012800 0.000000 0.000000 0.000000 0.000000 0.000000 0.012900 0.000000 0.000000
RoeDeer 0.026200 0.080600 0.026200 0.064200 0.026200 0.026200 0.026200 0.026300 0.026100 0.013000 0.026200 0.026200 0.026200 0.026200 0.026300 0.026100 0.039600 0.039600 0.026200 0.026200 0.026200 0.026200 0.026200 0.013000 0.026200 0.026200 0.026200 0.026200 0.026100 0.026200 0.012900 0.026200 0.039200 0.026200 0.025900 0.026200 0.026200 0.026200 0.026200 0.000000 0.013000 0.026200 0.013000 0.013000 0.026200 0.026100 0.026100 0.026300 0.026200 0.039700 0.026200 0.026200
WhiteLippe 0.012900 0.064200 0.012900 0.048300 0.012900 0.013000 0.012900 0.012900 0.012900 0.000200 0.012900 0.012900 0.012900 0.012900 0.012900 0.012900 0.026100 0.026100 0.012900 0.012900 0.012900 0.012900 0.012600 0.000200 0.012900 0.012900 0.012900 0.012900 0.012900 0.012900 0.000200 0.012900 0.025900 0.012900 0.012900 0.012900 0.012900 0.012900 0.012900 0.013000 0.000000 0.012900 0.000200 0.000200 0.012900 0.013000 0.012900 0.012900 0.012900 0.026000 0.012900 0.012900
ThomsonGaz 0.000000 0.044100 0.000000 0.034100 0.000000 0.000000 0.000000 0.000100 0.000100 0.012900 0.000000 0.000000 0.000000 0.000000 0.000100 0.000000 0.012800 0.012800 0.000000 0.000000 0.000000 0.000000 0.026100 0.012800 0.000000 0.000000 0.000000 0.000000 0.000000 0.000000 0.012800 0.000000 0.012700 0.000000 0.000100 0.000000 0.000000 0.000000 0.000000 0.026200 0.012900 0.000000 0.012900 0.012800 0.000000 0.000000 0.000000 0.000000 0.000000 0.012900 0.000000 0.000000
MuntiacusC 0.012900 0.069000 0.012800 0.051000 0.012900 0.012800 0.012800 0.012900 0.012800 0.000000 0.012900 0.012800 0.012900 0.012900 0.012900 0.012800 0.025900 0.025900 0.012900 0.012800 0.012900 0.012900 0.012900 0.000000 0.012900 0.012900 0.012900 0.012800 0.012800 0.012800 0.000000 0.012900 0.025700 0.012900 0.012700 0.012800 0.012900 0.012900 0.012900 0.013000 0.000200 0.012900 0.000000 0.000000 0.012800 0.012800 0.012800 0.012900 0.012900 0.025900 0.012800 0.012800
WhiteTaile 0.012800 0.066400 0.012800 0.049400 0.012800 0.012800 0.012800 0.012900 0.012800 0.000000 0.012900 0.012800 0.012800 0.012800 0.012900 0.012800 0.025800 0.025800 0.012800 0.012800 0.012800 0.012800 0.013000 0.000000 0.012900 0.012800 0.012800 0.012800 0.012800 0.012800 0.000100 0.012800 0.025600 0.012800 0.012700 0.012800 0.012800 0.012800 0.012800 0.013000 0.000200 0.012800 0.000000 0.000000 0.012800 0.012800 0.012800 0.012900 0.012800 0.025900 0.012800 0.012800
Cattle 0.000000 0.044800 0.000000 0.036500 0.000000 0.000100 0.000100 0.000000 0.000000 0.012800 0.000100 0.000000 0.000000 0.000000 0.000100 0.000100 0.012800 0.012800 0.000000 0.000000 0.000000 0.000000 0.026100 0.012800 0.000100 0.000000 0.000000 0.000000 0.000100 0.000000 0.012800 0.000000 0.012700 0.000000 0.000100 0.000000 0.000000 0.000000 0.000000 0.026200 0.012900 0.000000 0.012800 0.012800 0.000000 0.000100 0.000100 0.000100 0.000000 0.012900 0.000000 0.000000
RoyalAntel 0.000000 0.043200 0.000100 0.032400 0.000000 0.000100 0.000100 0.000100 0.000100 0.012800 0.000100 0.000100 0.000000 0.000000 0.000100 0.000100 0.012800 0.012800 0.000000 0.000100 0.000000 0.000000 0.026200 0.012800 0.000100 0.000000 0.000000 0.000100 0.000100 0.000100 0.012800 0.000000 0.012600 0.000000 0.000100 0.000100 0.000000 0.000000 0.000000 0.026100 0.013000 0.000000 0.012800 0.012800 0.000100 0.000000 0.000100 0.000100 0.000000 0.012900 0.000100 0.000100
Steenbok 0.000000 0.044900 0.000100 0.036100 0.000000 0.000100 0.000100 0.000100 0.000100 0.012800 0.000100 0.000100 0.000000 0.000000 0.000100 0.000000 0.012800 0.012800 0.000000 0.000100 0.000000 0.000000 0.026100 0.012800 0.000100 0.000000 0.000000 0.000100 0.000000 0.000100 0.012800 0.000000 0.012700 0.000000 0.000100 0.000100 0.000000 0.000000 0.000000 0.026100 0.012900 0.000000 0.012800 0.012800 0.000100 0.000100 0.000000 0.000100 0.000000 0.012800 0.000100 0.000100
Impala 0.000000 0.043600 0.000100 0.032700 0.000000 0.000100 0.000100 0.000100 0.000100 0.012900 0.000100 0.000100 0.000000 0.000000 0.000100 0.000100 0.012900 0.012900 0.000000 0.000100 0.000000 0.000000 0.026000 0.012900 0.000100 0.000000 0.000000 0.000100 0.000100 0.000100 0.012900 0.000000 0.012800 0.000000 0.000100 0.000100 0.000000 0.000000 0.000000 0.026300 0.012900 0.000000 0.012900 0.012900 0.000100 0.000100 0.000100 0.000000 0.000000 0.012900 0.000100 0.000100
Klipspring 0.000000 0.044100 0.000000 0.034100 0.000000 0.000000 0.000000 0.000100 0.000100 0.012900 0.000000 0.000000 0.000000 0.000000 0.000100 0.000000 0.012800 0.012800 0.000000 0.000000 0.000000 0.000000 0.026100 0.012800 0.000000 0.000000 0.000000 0.000000 0.000000 0.000000 0.012800 0.000000 0.012700 0.000000 0.000100 0.000000 0.000000 0.000000 0.000000 0.026200 0.012900 0.000000 0.012900 0.012800 0.000000 0.000000 0.000000 0.000000 0.000000 0.012900 0.000000 0.000000
ForestMusk 0.012900 0.059400 0.012900 0.050600 0.012900 0.012900 0.012900 0.012900 0.012900 0.025900 0.012900 0.012900 0.012900 0.012900 0.013000 0.012800 0.025900 0.025900 0.012900 0.012900 0.012900 0.012900 0.039400 0.025900 0.012900 0.012900 0.012900 0.012900 0.012800 0.012900 0.025800 0.012900 0.025700 0.012900 0.012800 0.012900 0.012900 0.012900 0.012900 0.039700 0.026000 0.012900 0.025900 0.025900 0.012900 0.012900 0.012800 0.012900 0.012900 0.000000 0.012900 0.012900
Bushbuck 0.000000 0.044800 0.000000 0.036500 0.000000 0.000100 0.000100 0.000000 0.000000 0.012800 0.000100 0.000000 0.000000 0.000000 0.000100 0.000100 0.012800 0.012800 0.000000 0.000000 0.000000 0.000000 0.026100 0.012800 0.000100 0.000000 0.000000 0.000000 0.000100 0.000000 0.012800 0.000000 0.012700 0.000000 0.000100 0.000000 0.000000 0.000000 0.000000 0.026200 0.012900 0.000000 0.012800 0.012800 0.000000 0.000100 0.000100 0.000100 0.000000 0.012900 0.000000 0.000000
GreaterKud 0.000000 0.044800 0.000000 0.036500 0.000000 0.000100 0.000100 0.000000 0.000000 0.012800 0.000100 0.000000 0.000000 0.000000 0.000100 0.000100 0.012800 0.012800 0.000000 0.000000 0.000000 0.000000 0.026100 0.012800 0.000100 0.000000 0.000000 0.000000 0.000100 0.000000 0.012800 0.000000 0.012700 0.000000 0.000100 0.000000 0.000000 0.000000 0.000000 0.026200 0.012900 0.000000 0.012800 0.012800 0.000000 0.000100 0.000100 0.000100 0.000000 0.012900 0.000000 0.000000
