1
52 1
Argali 0.000000 0.011200 0.000000 0.039400 0.000000 0.000000 0.005500 0.000000 0.000000 0.000000 0.000000 0.000000 0.000000 0.000000 0.000000 0.000100 0.000000 0.000000 0.000000 0.000000 0.000000 0.000000 0.000000 0.000000 0.000000 0.000000 0.000000 0.000000 0.000000 0.000000 0.000000 0.000000 0.005500 0.005600 0.005500 0.000000 0.000000 0.000000 0.000100 0.011000 0.000000 0.000000 0.000000 0.000000 0.000000 0.000000 0.000000 0.005500 0.000000 0.000100 0.000000 0.000000
LesserMous 0.011200 0.000000 0.011100 0.052000 0.011200 0.011200 0.016900 0.011200 0.011100 0.011200 0.011200 0.011200 0.011200 0.011300 0.011300 0.011200 0.011200 0.011200 0.011200 0.011100 0.011200 0.011200 0.011200 0.011200 0.011200 0.011200 0.011200 0.011100 0.011200 0.011100 0.011200 0.011200 0.017000 0.017300 0.017000 0.011200 0.011200 0.011200 0.011200 0.011200 0.011200 0.011200 0.011200 0.011200 0.011200 0.011200 0.011200 0.017000 0.011200 0.011300 0.011100 0.011100
LesserKudu 0.000000 0.011100 0.000000 0.039200 0.000000 0.000000 0.005500 0.000000 0.000000 0.000000 0.000000 0.000000 0.000000 0.000100 0.000000 0.000100 0.000000 0.000100 0.000100 0.000000 0.000000 0.000000 0.000000 0.000000 0.000000 0.000000 0.000000 0.000000 0.000100 0.000000 0.000000 0.000000 0.005500 0.005600 0.005500 0.000000 0.000000 0.000000 0.000100 0.011000 0.000000 0.000000 0.000000 0.000000 0.000000 0.000000 0.000000 0.005500 0.000000 0.000100 0.000000 0.000000
KillerWhal 0.039400 0.052000 0.039200 0.000000 0.039400 0.039400 0.045300 0.039500 0.039200 0.039400 0.039400 0.039400 0.039400 0.039600 0.039600 0.039500 0.039400 0.039300 0.039400 0.039200 0.039500 0.039400 0.039400 0.039400 0.039400 0.039500 0.039400 0.039200 0.039400 0.039200 0.039400 0.039500 0.045700 0.034500 0.045500 0.039400 0.039400 0.039400 0.039500 0.051200 0.039400 0.039500 0.039400 0.039400 0.039400 0.039500 0.039500 0.040300 0.039500 0.039600 0.039200 0.039200
DefassaWat 0.000000 0.011200 0.000000 0.039400 0.000000 0.000000 0.005500 0.000000 0.000000 0.000000 0.000000 0.000000 0.000000 0.000000 0.000000 0.000100 0.000000 0.000000 0.000000 0.000000 0.000000 0.000000 0.000000 0.000000 0.000000 0.000000 0.000000 0.000000 0.000000 0.000000 0.000000 0.000000 0.005500 0.005600 0.005500 0.000000 0.000000 0.000000 0.000100 0.011000 0.000000 0.000000 0.000000 0.000000 0.000000 0.000000 0.000000 0.005500 0.000000 0.000100 0.000000 0.000000
Sheep 0.000000 0.011200 0.000000 0.039400 0.000000 0.000000 0.005500 0.000000 0.000000 0.000000 0.000000 0.000000 0.000000 0.000000 0.000000 0.000100 0.000000 0.000000 0.000000 0.000000 0.000000 0.000000 0.000000 0.000000 0.000000 0.000000 0.000000 0.000000 0.000000 0.000000 0.000000 0.000000 0.005500 0.005600 0.005500 0.000000 0.000000 0.000000 0.000100 0.011000 0.000000 0.000000 0.000000 0.000000 0.000000 0.000000 0.000000 0.005500 0.000000 0.000100 0.000000 0.000000
MaxwellsDu 0.005500 0.016900 0.005500 0.045300 0.005500 0.005500 0.000000 0.005500 0.005500 0.005500 0.005500 0.005500 0.005500 0.005500 0.005500 0.005500 0.005500 0.005500 0.005500 0.005500 0.005500 0.005500 0.005500 0.005500 0.005500 0.005500 0.005500 0.005500 0.005500 0.005500 0.005500 0.005500 0.011100 0.011300 0.011100 0.005500 0.005500 0.005500 0.005500 0.016600 0.005500 0.005500 0.005500 0.005500 0.005500 0.005500 0.005500 0.011100 0.005500 0.005500 0.005500 0.005500
GazellaPrz 0.000000 0.011200 0.000000 0.039500 0.000000 0.000000 0.005500 0.000000 0.000000 0.000000 0.000000 0.000000 0.000000 0.000000 0.000000 0.000000 0.000000 0.000100 0.000100 0.000000 0.000000 0.000000 0.000000 0.000000 0.000000 0.000000 0.000000 0.000000 0.000000 0.000000 0.000000 0.000000 0.005500 0.005600 0.005500 0.000000 0.000000 0.000000 0.000000 0.011000 0.000000 0.000000 0.000000 0.000000 0.000000 0.000000 0.000000 0.005500 0.000000 0.000100 0.000000 0.000000
MountainNy 0.000000 0.011100 0.000000 0.039200 0.000000 0.000000 0.005500 0.000000 0.000000 0.000000 0.000000 0.000000 0.000000 0.000100 0.000000 0.000100 0.000000 0.000100 0.000100 0.000000 0.000000 0.000000 0.000000 0.000000 0.000000 0.000000 0.000000 0.000000 0.000100 0.000000 0.000000 0.000000 0.005500 0.005600 0.005500 0.000000 0.000000 0.000000 0.000100 0.011000 0.000000 0.000000 0.000000 0.000000 0.000000 0.000000 0.000000 0.005500 0.000000 0.000100 0.000000 0.000000
MuntiacusM 0.000000 0.011200 0.000000 0.039400 0.000000 0.000000 0.005500 0.000000 0.000000 0.000000 0.000000 0.000000 0.000000 0.000000 0.000000 0.000100 0.000000 0.000000 0.000000 0.000000 0.000000 0.000000 0.000000 0.000000 0.000000 0.000000 0.000000 0.000000 0.000000 0.000000 0.000000 0.000000 0.005500 0.005600 0.005500 0.000000 0.000000 0.000000 0.000100 0.011000 0.000000 0.000000 0.000000 0.000000 0.000000 0.000000 0.000000 0.005500 0.000000 0.000100 0.000000 0.000000
goat 0.000000 0.011200 0.000000 0.039400 0.000000 0.000000 0.005500 0.000000 0.000000 0.000000 0.000000 0.000000 0.000000 0.000000 0.000000 0.000100 0.000000 0.000000 0.000000 0.000000 0.000000 0.000000 0.000000 0.000000 0.000000 0.000000 0.000000 0.000000 0.000000 0.000000 0.000000 0.000000 0.005500 0.005600 0.005500 0.000000 0.000000 0.000000 0.000100 0.011000 0.000000 0.000000 0.000000 0.000000 0.000000 0.000000 0.000000 0.005500 0.000000 0.000100 0.000000 0.000000
AfricanBuf 0.000000 0.011200 0.000000 0.039400 0.000000 0.000000 0.005500 0.000000 0.000000 0.000000 0.000000 0.000000 0.000000 0.000000 0.000000 0.000100 0.000000 0.000000 0.000000 0.000000 0.000000 0.000000 0.000000 0.000000 0.000000 0.000000 0.000000 0.000000 0.000000 0.000000 0.000000 0.000000 0.005500 0.005600 0.005500 0.000000 0.000000 0.000000 0.000100 0.011000 0.000000 0.000000 0.000000 0.000000 0.000000 0.000000 0.000000 0.005500 0.000000 0.000100 0.000000 0.000000
Topi 0.000000 0.011200 0.000000 0.039400 0.000000 0.000000 0.005500 0.000000 0.000000 0.000000 0.000000 0.000000 0.000000 0.000000 0.000000 0.000100 0.000000 0.000000 0.000000 0.000000 0.000000 0.000000 0.000000 0.000000 0.000000 0.000000 0.000000 0.000000 0.000000 0.000000 0.000000 0.000000 0.005500 0.005600 0.005500 0.000000 0.000000 0.000000 0.000100 0.011000 0.000000 0.000000 0.000000 0.000000 0.000000 0.000000 0.000000 0.005500 0.000000 0.000100 0.000000 0.000000
CommonDuik 0.000000 0.011300 0.000100 0.039600 0.000000 0.000000 0.005500 0.000000 0.000100 0.000000 0.000000 0.000000 0.000000 0.000000 0.000100 0.000100 0.000000 0.000100 0.000100 0.000100 0.000000 0.000000 0.000000 0.000000 0.000000 0.000000 0.000000 0.000100 0.000000 0.000100 0.000000 0.000000 0.005600 0.005700 0.005600 0.000000 0.000000 0.000000 0.000100 0.011100 0.000100 0.000000 0.000000 0.000000 0.000000 0.000000 0.000000 0.005500 0.000000 0.000100 0.000100 0.000100
Suni 0.000000 0.011300 0.000000 0.039600 0.000000 0.000000 0.005500 0.000000 0.000000 0.000000 0.000000 0.000000 0.000000 0.000100 0.000000 0.000100 0.000000 0.000100 0.000100 0.000000 0.000000 0.000000 0.000000 0.000000 0.000000 0.000000 0.000000 0.000000 0.000100 0.000000 0.000000 0.000000 0.005600 0.005600 0.005500 0.000000 0.000000 0.000000 0.000100 0.011100 0.000000 0.000000 0.000000 0.000000 0.000000 0.000000 0.000000 0.005500 0.000000 0.000100 0.000000 0.000000
Springbuck 0.000100 0.011200 0.000100 0.039500 0.000100 0.000100 0.005500 0.000000 0.000100 0.000100 0.000100 0.000100 0.000100 0.000100 0.000100 0.000000 0.000100 0.000100 0.000100 0.000100 0.000000 0.000100 0.000100 0.000100 0.000100 0.000000 0.000100 0.000100 0.000000 0.000100 0.000100 0.000000 0.005500 0.005600 0.005500 0.000100 0.000100 0.000100 0.000100 0.011000 0.000100 0.000000 0.000100 0.000100 0.000100 0.000000 0.000000 0.005500 0.000000 0.000200 0.000100 0.000100
Okapi 0.000000 0.011200 0.000000 0.039400 0.000000 0.000000 0.005500 0.000000 0.000000 0.000000 0.000000 0.000000 0.000000 0.000000 0.000000 0.000100 0.000000 0.000000 0.000000 0.000000 0.000000 0.000000 0.000000 0.000000 0.000000 0.000000 0.000000 0.000000 0.000000 0.000000 0.000000 0.000000 0.005500 0.005600 0.005500 0.000000 0.000000 0.000000 0.000100 0.011000 0.000000 0.000000 0.000000 0.000000 0.000000 0.000000 0.000000 0.005500 0.000000 0.000100 0.000000 0.000000
Giraffe 0.000000 0.011200 0.000100 0.039300 0.000000 0.000000 0.005500 0.000100 0.000100 0.000000 0.000000 0.000000 0.000000 0.000100 0.000100 0.000100 0.000000 0.000000 0.000100 0.000100 0.000100 0.000000 0.000000 0.000000 0.000000 0.000100 0.000000 0.000100 0.000100 0.000100 0.000000 0.000100 0.005500 0.005600 0.005500 0.000000 0.000000 0.000000 0.000100 0.011000 0.000100 0.000100 0.000000 0.000000 0.000000 0.000100 0.000100 0.005500 0.000100 0.000100 0.000100 0.000100
TibetanAnt 0.000000 0.011200 0.000100 0.039400 0.000000 0.000000 0.005500 0.000100 0.000100 0.000000 0.000000 0.000000 0.000000 0.000100 0.000100 0.000100 0.000000 0.000100 0.000000 0.000100 0.000100 0.000000 0.000000 0.000000 0.000000 0.000100 0.000000 0.000100 0.000100 0.000100 0.000000 0.000100 0.005500 0.005600 0.005500 0.000000 0.000000 0.000000 0.000100 0.011000 0.000100 0.000100 0.000000 0.000000 0.000000 0.000100 0.000100 0.005500 0.000100 0.000100 0.000100 0.000100
Sitatunga 0.000000 0.011100 0.000000 0.039200 0.000000 0.000000 0.005500 0.000000 0.000000 0.000000 0.000000 0.000000 0.000000 0.000100 0.000000 0.000100 0.000000 0.000100 0.000100 0.000000 0.000000 0.000000 0.000000 0.000000 0.000000 0.000000 0.000000 0.000000 0.000100 0.000000 0.000000 0.000000 0.005500 0.005600 0.005500 0.000000 0.000000 0.000000 0.000100 0.011000 0.000000 0.000000 0.000000 0.000000 0.000000 0.000000 0.000000 0.005500 0.000000 0.000100 0.000000 0.000000
Oribi 0.000000 0.011200 0.000000 0.039500 0.000000 0.000000 0.005500 0.000000 0.000000 0.000000 0.000000 0.000000 0.000000 0.000000 0.000000 0.000000 0.000000 0.000100 0.000100 0.000000 0.000000 0.000000 0.000000 0.000000 0.000000 0.000000 0.000000 0.000000 0.000000 0.000000 0.000000 0.000000 0.005500 0.005600 0.005500 0.000000 0.000000 0.000000 0.000000 0.011000 0.000000 0.000000 0.000000 0.000000 0.000000 0.000000 0.000000 0.005500 0.000000 0.000100 0.000000 0.000000
BarbaryShe 0.000000 0.011200 0.000000 0.039400 0.000000 0.000000 0.005500 0.000000 0.000000 0.000000 0.000000 0.000000 0.000000 0.000000 0.000000 0.000100 0.000000 0.000000 0.000000 0.000000 0.000000 0.000000 0.000000 0.000000 0.000000 0.000000 0.000000 0.000000 0.000000 0.000000 0.000000 0.000000 0.005500 0.005600 0.005500 0.000000 0.000000 0.000000 0.000100 0.011000 0.000000 0.000000 0.000000 0.000000 0.000000 0.000000 0.000000 0.005500 0.000000 0.000100 0.000000 0.000000
Daviddeer 0.000000 0.011200 0.000000 0.039400 0.000000 0.000000 0.005500 0.000000 0.000000 0.000000 0.000000 0.000000 0.000000 0.000000 0.000000 0.000100 0.000000 0.000000 0.000000 0.000000 0.000000 0.000000 0.000000 0.000000 0.000000 0.000000 0.000000 0.000000 0.000000 0.000000 0.000000 0.000000 0.005500 0.005600 0.005500 0.000000 0.000000 0.000000 0.000100 0.011000 0.000000 0.000000 0.000000 0.000000 0.000000 0.000000 0.000000 0.005500 0.000000 0.000100 0.000000 0.000000
Reindeer 0.000000 0.011200 0.000000 0.039400 0.000000 0.000000 0.005500 0.000000 0.000000 0.000000 0.000000 0.000000 0.000000 0.000000 0.000000 0.000100 0.000000 0.000000 0.000000 0.000000 0.000000 0.000000 0.000000 0.000000 0.000000 0.000000 0.000000 0.000000 0.000000 0.000000 0.000000 0.000000 0.005500 0.005600 0.005500 0.000000 0.000000 0.000000 0.000100 0.011000 0.000000 0.000000 0.000000 0.000000 0.000000 0.000000 0.000000 0.005500 0.000000 0.000100 0.000000 0.000000
Ibex 0.000000 0.011200 0.000000 0.039400 0.000000 0.000000 0.005500 0.000000 0.000000 0.000000 0.000000 0.000000 0.000000 0.000000 0.000000 0.000100 0.000000 0.000000 0.000000 0.000000 0.000000 0.000000 0.000000 0.000000 0.000000 0.000000 0.000000 0.000000 0.000000 0.000000 0.000000 0.000000 0.005500 0.005600 0.005500 0.000000 0.000000 0.000000 0.000100 0.011000 0.000000 0.000000 0.000000 0.000000 0.000000 0.000000 0.000000 0.005500 0.000000 0.000100 0.000000 0.000000
GyrantGaze 0.000000 0.011200 0.000000 0.039500 0.000000 0.000000 0.005500 0.000000 0.000000 0.000000 0.000000 0.000000 0.000000 0.000000 0.000000 0.000000 0.000000 0.000100 0.000100 0.000000 0.000000 0.000000 0.000000 0.000000 0.000000 0.000000 0.000000 0.000000 0.000000 0.000000 0.000000 0.000000 0.005500 0.005600 0.005500 0.000000 0.000000 0.000000 0.000000 0.011000 0.000000 0.000000 0.000000 0.000000 0.000000 0.000000 0.000000 0.005500 0.000000 0.000100 0.000000 0.000000
Hartebeest 0.000000 0.011200 0.000000 0.039400 0.000000 0.000000 0.005500 0.000000 0.000000 0.000000 0.000000 0.000000 0.000000 0.000000 0.000000 0.000100 0.000000 0.000000 0.000000 0.000000 0.000000 0.000000 0.000000 0.000000 0.000000 0.000000 0.000000 0.000000 0.000000 0.000000 0.000000 0.000000 0.005500 0.005600 0.005500 0.000000 0.000000 0.000000 0.000100 0.011000 0.000000 0.000000 0.000000 0.000000 0.000000 0.000000 0.000000 0.005500 0.000000 0.000100 0.000000 0.000000
Bongo 0.000000 0.011100 0.000000 0.039200 0.000000 0.000000 0.005500 0.000000 0.000000 0.000000 0.000000 0.000000 0.000000 0.000100 0.000000 0.000100 0.000000 0.000100 0.000100 0.000000 0.000000 0.000000 0.000000 0.000000 0.000000 0.000000 0.000000 0.000000 0.000100 0.000000 0.000000 0.000000 0.005500 0.005600 0.005500 0.000000 0.000000 0.000000 0.000100 0.011000 0.000000 0.000000 0.000000 0.000000 0.000000 0.000000 0.000000 0.005500 0.000000 0.000100 0.000000 0.000000
Gerenuk 0.000000 0.011200 0.000100 0.039400 0.000000 0.000000 0.005500 0.000000 0.000100 0.000000 0.000000 0.000000 0.000000 0.000000 0.000100 0.000000 0.000000 0.000100 0.000100 0.000100 0.000000 0.000000 0.000000 0.000000 0.000000 0.000000 0.000000 0.000100 0.000000 0.000100 0.000000 0.000000 0.005500 0.005600 0.005500 0.000000 0.000000 0.000000 0.000100 0.011000 0.000100 0.000000 0.000000 0.000000 0.000000 0.000000 0.000000 0.005500 0.000000 0.000100 0.000100 0.000100
CommonElan 0.000000 0.011100 0.000000 0.039200 0.000000 0.000000 0.005500 0.000000 0.000000 0.000000 0.000000 0.000000 0.000000 0.000100 0.000000 0.000100 0.000000 0.000100 0.000100 0.000000 0.000000 0.000000 0.000000 0.000000 0.000000 0.000000 0.000000 0.000000 0.000100 0.000000 0.000000 0.000000 0.005500 0.005600 0.005500 0.000000 0.000000 0.000000 0.000100 0.011000 0.000000 0.000000 0.000000 0.000000 0.000000 0.000000 0.000000 0.005500 0.000000 0.000100 0.000000 0.000000
MuntiacusR 0.000000 0.011200 0.000000 0.039400 0.000000 0.000000 0.005500 0.000000 0.000000 0.000000 0.000000 0.000000 0.000000 0.000000 0.000000 0.000100 0.000000 0.000000 0.000000 0.000000 0.000000 0.000000 0.000000 0.000000 0.000000 0.000000 0.000000 0.000000 0.000000 0.000000 0.000000 0.000000 0.005500 0.005600 0.005500 0.000000 0.000000 0.000000 0.000100 0.011000 0.000000 0.000000 0.000000 0.000000 0.000000 0.000000 0.000000 0.005500 0.000000 0.000100 0.000000 0.000000
HarveysDui 0.000000 0.011200 0.000000 0.039500 0.000000 0.000000 0.005500 0.000000 0.000000 0.000000 0.000000 0.000000 0.000000 0.000000 0.000000 0.000000 0.000000 0.000100 0.000100 0.000000 0.000000 0.000000 0.000000 0.000000 0.000000 0.000000 0.000000 0.000000 0.000000 0.000000 0.000000 0.000000 0.005500 0.005600 0.005500 0.000000 0.000000 0.000000 0.000000 0.011000 0.000000 0.000000 0.000000 0.000000 0.000000 0.000000 0.000000 0.005500 0.000000 0.000100 0.000000 0.000000
Pronghorn 0.005500 0.017000 0.005500 0.045700 0.005500 0.005500 0.011100 0.005500 0.005500 0.005500 0.005500 0.005500 0.005500 0.005600 0.005600 0.005500 0.005500 0.005500 0.005500 0.005500 0.005500 0.005500 0.005500 0.005500 0.005500 0.005500 0.005500 0.005500 0.005500 0.005500 0.005500 0.005500 0.000000 0.011400 0.011200 0.005500 0.005500 0.005500 0.005500 0.016800 0.005500 0.005500 0.005500 0.005500 0.005500 0.005500 0.005500 0.011200 0.005500 0.005600 0.005500 0.005500
BlueWildeb 0.005600 0.017300 0.005600 0.034500 0.005600 0.005600 0.011300 0.005600 0.005600 0.005600 0.005600 0.005600 0.005600 0.005700 0.005600 0.005600 0.005600 0.005600 0.005600 0.005600 0.005600 0.005600 0.005600 0.005600 0.005600 0.005600 0.005600 0.005600 0.005600 0.005600 0.005600 0.005600 0.011400 0.000000 0.011400 0.005600 0.005600 0.005600 0.005600 0.017000 0.005600 0.005600 0.005600 0.005600 0.005600 0.005600 0.005600 0.011300 0.005600 0.005600 0.005600 0.005600
Gemsbok 0.005500 0.017000 0.005500 0.045500 0.005500 0.005500 0.011100 0.005500 0.005500 0.005500 0.005500 0.005500 0.005500 0.005600 0.005500 0.005500 0.005500 0.005500 0.005500 0.005500 0.005500 0.005500 0.005500 0.005500 0.005500 0.005500 0.005500 0.005500 0.005500 0.005500 0.005500 0.005500 0.011200 0.011400 0.000000 0.005500 0.005500 0.005500 0.005500 0.016700 0.005500 0.005500 0.005500 0.005500 0.005500 0.005500 0.005500 0.011100 0.005500 0.005500 0.005500 0.005500
Yak 0.000000 0.011200 0.000000 0.039400 0.000000 0.000000 0.005500 0.000000 0.000000 0.000000 0.000000 0.000000 0.000000 0.000000 0.000000 0.000100 0.000000 0.000000 0.000000 0.000000 0.000000 0.000000 0.000000 0.000000 0.000000 0.000000 0.000000 0.000000 0.000000 0.000000 0.000000 0.000000 0.005500 0.005600 0.005500 0.000000 0.000000 0.000000 0.000100 0.011000 0.000000 0.000000 0.000000 0.000000 0.000000 0.000000 0.000000 0.005500 0.000000 0.000100 0.000000 0.000000
BlueSheep 0.000000 0.011200 0.000000 0.039400 0.000000 0.000000 0.005500 0.000000 0.000000 0.000000 0.000000 0.000000 0.000000 0.000000 0.000000 0.000100 0.000000 0.000000 0.000000 0.000000 0.000000 0.000000 0.000000 0.000000 0.000000 0.000000 0.000000 0.000000 0.000000 0.000000 0.000000 0.000000 0.005500 0.005600 0.005500 0.000000 0.000000 0.000000 0.000100 0.011000 0.000000 0.000000 0.000000 0.000000 0.000000 0.000000 0.000000 0.005500 0.000000 0.000100 0.000000 0.000000
BohorReedb 0.000000 0.011200 0.000000 0.039400 0.000000 0.000000 0.005500 0.000000 0.000000 0.000000 0.000000 0.000000 0.000000 0.000000 0.000000 0.000100 0.000000 0.000000 0.000000 0.000000 0.000000 0.000000 0.000000 0.000000 0.000000 0.000000 0.000000 0.000000 0.000000 0.000000 0.000000 0.000000 0.005500 0.005600 0.005500 0.000000 0.000000 0.000000 0.000100 0.011000 0.000000 0.000000 0.000000 0.000000 0.000000 0.000000 0.000000 0.005500 0.000000 0.000100 0.000000 0.000000
KirksDik 0.000100 0.011200 0.000100 0.039500 0.000100 0.000100 0.005500 0.000000 0.000100 0.000100 0.000100 0.000100 0.000100 0.000100 0.000100 0.000100 0.000100 0.000100 0.000100 0.000100 0.000000 0.000100 0.000100 0.000100 0.000100 0.000000 0.000100 0.000100 0.000100 0.000100 0.000100 0.000000 0.005500 0.005600 0.005500 0.000100 0.000100 0.000100 0.000000 0.011000 0.000100 0.000000 0.000100 0.000100 0.000100 0.000000 0.000000 0.005500 0.000000 0.000200 0.000100 0.000100
RoeDeer 0.011000 0.011200 0.011000 0.051200 0.011000 0.011000 0.016600 0.011000 0.011000 0.011000 0.011000 0.011000 0.011000 0.011100 0.011100 0.011000 0.011000 0.011000 0.011000 0.011000 0.011000 0.011000 0.011000 0.011000 0.011000 0.011000 0.011000 0.011000 0.011000 0.011000 0.011000 0.011000 0.016800 0.017000 0.016700 0.011000 0.011000 0.011000 0.011000 0.000000 0.011000 0.011000 0.011000 0.011000 0.011000 0.011000 0.011000 0.016700 0.011000 0.011100 0.011000 0.011000
WhiteLippe 0.000000 0.011200 0.000000 0.039400 0.000000 0.000000 0.005500 0.000000 0.000000 0.000000 0.000000 0.000000 0.000000 0.000100 0.000000 0.000100 0.000000 0.000100 0.000100 0.000000 0.000000 0.000000 0.000000 0.000000 0.000000 0.000000 0.000000 0.000000 0.000100 0.000000 0.000000 0.000000 0.005500 0.005600 0.005500 0.000000 0.000000 0.000000 0.000100 0.011000 0.000000 0.000000 0.000000 0.000000 0.000000 0.000000 0.000000 0.005500 0.000000 0.000100 0.000000 0.000000
ThomsonGaz 0.000000 0.011200 0.000000 0.039500 0.000000 0.000000 0.005500 0.000000 0.000000 0.000000 0.000000 0.000000 0.000000 0.000000 0.000000 0.000000 0.000000 0.000100 0.000100 0.000000 0.000000 0.000000 0.000000 0.000000 0.000000 0.000000 0.000000 0.000000 0.000000 0.000000 0.000000 0.000000 0.005500 0.005600 0.005500 0.000000 0.000000 0.000000 0.000000 0.011000 0.000000 0.000000 0.000000 0.000000 0.000000 0.000000 0.000000 0.005500 0.000000 0.000100 0.000000 0.000000
MuntiacusC 0.000000 0.011200 0.000000 0.039400 0.000000 0.000000 0.005500 0.000000 0.000000 0.000000 0.000000 0.000000 0.000000 0.000000 0.000000 0.000100 0.000000 0.000000 0.000000 0.000000 0.000000 0.000000 0.000000 0.000000 0.000000 0.000000 0.000000 0.000000 0.000000 0.000000 0.000000 0.000000 0.005500 0.005600 0.005500 0.000000 0.000000 0.000000 0.000100 0.011000 0.000000 0.000000 0.000000 0.000000 0.000000 0.000000 0.000000 0.005500 0.000000 0.000100 0.000000 0.000000
WhiteTaile 0.000000 0.011200 0.000000 0.039400 0.000000 0.000000 0.005500 0.000000 0.000000 0.000000 0.000000 0.000000 0.000000 0.000000 0.000000 0.000100 0.000000 0.000000 0.000000 0.000000 0.000000 0.000000 0.000000 0.000000 0.000000 0.000000 0.000000 0.000000 0.000000 0.000000 0.000000 0.000000 0.005500 0.005600 0.005500 0.000000 0.000000 0.000000 0.000100 0.011000 0.000000 0.000000 0.000000 0.000000 0.000000 0.000000 0.000000 0.005500 0.000000 0.000100 0.000000 0.000000
Cattle 0.000000 0.011200 0.000000 0.039400 0.000000 0.000000 0.005500 0.000000 0.000000 0.000000 0.000000 0.000000 0.000000 0.000000 0.000000 0.000100 0.000000 0.000000 0.000000 0.000000 0.000000 0.000000 0.000000 0.000000 0.000000 0.000000 0.000000 0.000000 0.000000 0.000000 0.000000 0.000000 0.005500 0.005600 0.005500 0.000000 0.000000 0.000000 0.000100 0.011000 0.000000 0.000000 0.000000 0.000000 0.000000 0.000000 0.000000 0.005500 0.000000 0.000100 0.000000 0.000000
RoyalAntel 0.000000 0.011200 0.000000 0.039500 0.000000 0.000000 0.005500 0.000000 0.000000 0.000000 0.000000 0.000000 0.000000 0.000000 0.000000 0.000000 0.000000 0.000100 0.000100 0.000000 0.000000 0.000000 0.000000 0.000000 0.000000 0.000000 0.000000 0.000000 0.000000 0.000000 0.000000 0.000000 0.005500 0.005600 0.005500 0.000000 0.000000 0.000000 0.000000 0.011000 0.000000 0.000000 0.000000 0.000000 0.000000 0.000000 0.000000 0.005500 0.000000 0.000100 0.000000 0.000000
Steenbok 0.000000 0.011200 0.000000 0.039500 0.000000 0.000000 0.005500 0.000000 0.000000 0.000000 0.000000 0.000000 0.000000 0.000000 0.000000 0.000000 0.000000 0.000100 0.000100 0.000000 0.000000 0.000000 0.000000 0.000000 0.000000 0.000000 0.000000 0.000000 0.000000 0.000000 0.000000 0.000000 0.005500 0.005600 0.005500 0.000000 0.000000 0.000000 0.000000 0.011000 0.000000 0.000000 0.000000 0.000000 0.000000 0.000000 0.000000 0.005500 0.000000 0.000100 0.000000 0.000000
Impala 0.005500 0.017000 0.005500 0.040300 0.005500 0.005500 0.011100 0.005500 0.005500 0.005500 0.005500 0.005500 0.005500 0.005500 0.005500 0.005500 0.005500 0.005500 0.005500 0.005500 0.005500 0.005500 0.005500 0.005500 0.005500 0.005500 0.005500 0.005500 0.005500 0.005500 0.005500 0.005500 0.011200 0.011300 0.011100 0.005500 0.005500 0.005500 0.005500 0.016700 0.005500 0.005500 0.005500 0.005500 0.005500 0.005500 0.005500 0.000000 0.005500 0.005500 0.005500 0.005500
Klipspring 0.000000 0.011200 0.000000 0.039500 0.000000 0.000000 0.005500 0.000000 0.000000 0.000000 0.000000 0.000000 0.000000 0.000000 0.000000 0.000000 0.000000 0.000100 0.000100 0.000000 0.000000 0.000000 0.000000 0.000000 0.000000 0.000000 0.000000 0.000000 0.000000 0.000000 0.000000 0.000000 0.005500 0.005600 0.005500 0.000000 0.000000 0.000000 0.000000 0.011000 0.000000 0.000000 0.000000 0.000000 0.000000 0.000000 0.000000 0.005500 0.000000 0.000100 0.000000 0.000000
ForestMusk 0.000100 0.011300 0.000100 0.039600 0.000100 0.000100 0.005500 0.000100 0.000100 0.000100 0.000100 0.000100 0.000100 0.000100 0.000100 0.000200 0.000100 0.000100 0.000100 0.000100 0.000100 0.000100 0.000100 0.000100 0.000100 0.000100 0.000100 0.000100 0.000100 0.000100 0.000100 0.000100 0.005600 0.005600 0.005500 0.000100 0.000100 0.000100 0.000200 0.011100 0.000100 0.000100 0.000100 0.000100 0.000100 0.000100 0.000100 0.005500 0.000100 0.000000 0.000100 0.000100
Bushbuck 0.000000 0.011100 0.000000 0.039200 0.000000 0.000000 0.005500 0.000000 0.000000 0.000000 0.000000 0.000000 0.000000 0.000100 0.000000 0.000100 0.000000 0.000100 0.000100 0.000000 0.000000 0.000000 0.000000 0.000000 0.000000 0.000000 0.000000 0.000000 0.000100 0.000000 0.000000 0.000000 0.005500 0.005600 0.005500 0.000000 0.000000 0.000000 0.000100 0.011000 0.000000 0.000000 0.000000 0.000000 0.000000 0.000000 0.000000 0.005500 0.000000 0.000100 0.000000 0.000000
GreaterKud 0.000000 0.011100 0.000000 0.039200 0.000000 0.000000 0.005500 0.000000 0.000000 0.000000 0.000000 0.000000 0.000000 0.000100 0.000000 0.000100 0.000000 0.000100 0.000100 0.000000 0.000000 0.000000 0.000000 0.000000 0.000000 0.000000 0.000000 0.000000 0.000100 0.000000 0.000000 0.000000 0.005500 0.005600 0.005500 0.000000 0.000000 0.000000 0.000100 0.011000 0.000000 0.000000 0.000000 0.000000 0.000000 0.000000 0.000000 0.005500 0.000000 0.000100 0.000000 0.000000
