1
52 1
Argali 0.000000 0.239000 0.072500 0.240700 0.023300 0.023200 0.054000 0.035300 0.078900 0.065700 0.029200 0.053600 0.029400 0.023400 0.035300 0.035200 0.092500 0.099200 0.023300 0.072500 0.047700 0.011600 0.072100 0.072000 0.035100 0.029300 0.011600 0.053300 0.041200 0.059500 0.065700 0.041400 0.104800 0.011600 0.023400 0.072500 0.011600 0.023300 0.041400 0.078800 0.065500 0.047300 0.065700 0.091300 0.072500 0.047500 0.065900 0.029200 0.035300 0.072400 0.072600 0.066300
LesserMous 0.239000 0.000000 0.224100 0.299000 0.216700 0.262500 0.266000 0.246600 0.224700 0.216200 0.254800 0.218000 0.264000 0.231900 0.239500 0.240000 0.281600 0.249900 0.231500 0.209700 0.241500 0.255000 0.246900 0.240400 0.262700 0.247900 0.239900 0.216900 0.247700 0.232900 0.216200 0.239100 0.263300 0.239800 0.255500 0.215600 0.239300 0.216600 0.248600 0.241100 0.238700 0.255800 0.216200 0.246600 0.223100 0.231900 0.233200 0.223600 0.232700 0.225500 0.240200 0.231600
LesserKudu 0.072500 0.224100 0.000000 0.226400 0.072800 0.085200 0.093200 0.079100 0.041600 0.041700 0.072700 0.041900 0.079700 0.054100 0.060300 0.085800 0.073500 0.080100 0.066400 0.029500 0.086500 0.072500 0.066400 0.060500 0.079100 0.079500 0.060400 0.017600 0.092200 0.023600 0.041700 0.073100 0.085700 0.060400 0.073100 0.060200 0.060300 0.072800 0.086100 0.060700 0.060100 0.098700 0.041700 0.079300 0.060100 0.098700 0.119000 0.072800 0.073100 0.073400 0.029600 0.029800
KillerWhal 0.240700 0.299000 0.226400 0.000000 0.232900 0.272600 0.283400 0.263400 0.219100 0.233700 0.256000 0.234800 0.265100 0.233100 0.256800 0.272500 0.261300 0.253700 0.232800 0.226800 0.273900 0.256900 0.249300 0.242800 0.263700 0.264700 0.241100 0.218600 0.264500 0.234900 0.233700 0.226400 0.292400 0.241000 0.256500 0.241100 0.240600 0.232700 0.265300 0.251200 0.241200 0.256600 0.233700 0.242100 0.225600 0.249600 0.281500 0.224500 0.234300 0.235800 0.242200 0.233300
DefassaWat 0.023300 0.216700 0.072800 0.232900 0.000000 0.047200 0.053900 0.047400 0.079300 0.066400 0.041100 0.054300 0.041400 0.023300 0.035200 0.047300 0.092600 0.099300 0.035100 0.073000 0.060000 0.035200 0.072500 0.072800 0.047100 0.041300 0.023300 0.054200 0.053400 0.060300 0.066400 0.041300 0.105000 0.023300 0.035300 0.072800 0.023300 0.000000 0.053600 0.079600 0.066100 0.059500 0.066400 0.079000 0.072800 0.059700 0.078500 0.029200 0.035300 0.060400 0.073100 0.067100
Sheep 0.023200 0.262500 0.085200 0.272600 0.047200 0.000000 0.053900 0.047300 0.078700 0.078400 0.029100 0.066300 0.041400 0.035200 0.047300 0.047200 0.105500 0.112300 0.035100 0.085300 0.059800 0.011600 0.084700 0.084800 0.035100 0.041300 0.023300 0.066000 0.053300 0.072200 0.078400 0.047400 0.104600 0.023300 0.035200 0.085300 0.023300 0.047200 0.053500 0.091800 0.078100 0.059400 0.078400 0.097700 0.098300 0.059700 0.078300 0.053300 0.047400 0.072200 0.085400 0.079200
MaxwellsDu 0.054000 0.266000 0.093200 0.283400 0.053900 0.053900 0.000000 0.066700 0.100000 0.086500 0.060000 0.061400 0.060600 0.041600 0.053800 0.066600 0.100300 0.120800 0.053800 0.093400 0.067200 0.054000 0.092800 0.086600 0.066300 0.060300 0.041800 0.074000 0.072600 0.080200 0.086500 0.060200 0.126400 0.041600 0.054000 0.106500 0.041700 0.053700 0.073000 0.080700 0.086200 0.079000 0.086500 0.106100 0.106400 0.079100 0.086000 0.047800 0.054200 0.080600 0.093500 0.087600
GazellaPrz 0.035300 0.246600 0.079100 0.263400 0.047400 0.047300 0.066700 0.000000 0.085600 0.072600 0.035200 0.060500 0.041600 0.029400 0.047500 0.023400 0.099000 0.105800 0.029200 0.079300 0.035700 0.035300 0.072300 0.079100 0.041200 0.017600 0.023400 0.060400 0.029400 0.066800 0.072600 0.047600 0.104800 0.023400 0.035400 0.092000 0.023400 0.047400 0.023500 0.085900 0.066000 0.035400 0.072600 0.098200 0.092000 0.060000 0.053800 0.047400 0.035400 0.079400 0.079400 0.073500
MountainNy 0.078900 0.224700 0.041600 0.219100 0.079300 0.078700 0.100000 0.085600 0.000000 0.035700 0.079200 0.048100 0.086300 0.060400 0.066600 0.092400 0.093100 0.086700 0.060300 0.029500 0.093100 0.078900 0.060300 0.054300 0.085600 0.086100 0.066800 0.023500 0.098800 0.035800 0.035700 0.073200 0.066700 0.066800 0.079600 0.054000 0.066600 0.079300 0.092700 0.054500 0.054100 0.092400 0.035700 0.066800 0.066500 0.092300 0.112500 0.079300 0.066900 0.054600 0.041600 0.035900
MuntiacusM 0.065700 0.216200 0.041700 0.233700 0.066400 0.078400 0.086500 0.072600 0.035700 0.000000 0.066200 0.048100 0.073200 0.047800 0.053900 0.079200 0.079700 0.073500 0.047700 0.029600 0.079800 0.065700 0.035600 0.029700 0.072600 0.073000 0.054000 0.023600 0.085500 0.035800 0.000000 0.066600 0.066400 0.054000 0.066600 0.066500 0.053900 0.066300 0.079500 0.029800 0.029500 0.079100 0.000000 0.047900 0.066400 0.079000 0.098900 0.066300 0.054100 0.066900 0.041800 0.035900
goat 0.029200 0.254800 0.072700 0.256000 0.041100 0.029100 0.060000 0.035200 0.079200 0.066200 0.000000 0.054200 0.035300 0.017400 0.041100 0.041100 0.092400 0.099100 0.017300 0.072900 0.053600 0.017400 0.072300 0.072700 0.005700 0.035200 0.017400 0.054100 0.035100 0.053900 0.066200 0.035200 0.104900 0.017400 0.029200 0.085600 0.017400 0.041100 0.035200 0.079400 0.066000 0.053200 0.066200 0.091700 0.085500 0.065800 0.072000 0.035100 0.041200 0.073000 0.073000 0.067000
AfricanBuf 0.053600 0.218000 0.041900 0.234800 0.054300 0.066300 0.061400 0.060500 0.048100 0.048100 0.054200 0.000000 0.061000 0.035900 0.054400 0.067000 0.073900 0.080500 0.048000 0.042000 0.055000 0.053600 0.060500 0.054500 0.060500 0.060900 0.042100 0.023800 0.073300 0.036000 0.048100 0.054500 0.092700 0.042000 0.054500 0.042000 0.042000 0.054300 0.067300 0.061100 0.054200 0.079700 0.048100 0.073400 0.041900 0.079600 0.086600 0.042000 0.054500 0.042300 0.042000 0.036200
Topi 0.029400 0.264000 0.079700 0.265100 0.041400 0.041400 0.060600 0.041600 0.086300 0.073200 0.035300 0.061000 0.000000 0.029500 0.041500 0.041500 0.099700 0.106600 0.029300 0.079900 0.054200 0.029400 0.079300 0.079700 0.041300 0.035500 0.017500 0.060900 0.047600 0.067000 0.073200 0.047700 0.112300 0.017500 0.029500 0.092800 0.017500 0.041400 0.047800 0.086600 0.072900 0.053700 0.073200 0.099000 0.092700 0.066300 0.066200 0.047500 0.041600 0.080100 0.080000 0.061300
CommonDuik 0.023400 0.231900 0.054100 0.233100 0.023300 0.035200 0.041600 0.029400 0.060400 0.047800 0.017400 0.035900 0.029500 0.000000 0.023300 0.035300 0.073400 0.079900 0.011600 0.054300 0.047800 0.023400 0.053900 0.054100 0.023300 0.029300 0.011600 0.035800 0.041200 0.035700 0.047800 0.017500 0.085700 0.011700 0.023400 0.066700 0.011600 0.023300 0.029300 0.060700 0.047700 0.047200 0.047800 0.072800 0.066700 0.047500 0.066100 0.017400 0.023400 0.054300 0.054300 0.048400
Suni 0.035300 0.239500 0.060300 0.256800 0.035200 0.047300 0.053800 0.047500 0.066600 0.053900 0.041100 0.054400 0.041500 0.023300 0.000000 0.047400 0.092700 0.099400 0.035200 0.060400 0.060100 0.035300 0.072600 0.072900 0.047200 0.041300 0.023400 0.041900 0.053300 0.047900 0.053900 0.041200 0.092000 0.023300 0.035200 0.072900 0.023300 0.035100 0.053500 0.073200 0.066200 0.059400 0.053900 0.091900 0.072900 0.059600 0.065900 0.041200 0.035300 0.073200 0.048000 0.054500
Springbuck 0.035200 0.240000 0.085800 0.272500 0.047300 0.047200 0.066600 0.023400 0.092400 0.079200 0.041100 0.067000 0.041500 0.035300 0.047400 0.000000 0.105900 0.112800 0.035100 0.086000 0.023600 0.035200 0.085400 0.085800 0.047200 0.005800 0.023400 0.066900 0.017500 0.073000 0.079200 0.053600 0.118400 0.023300 0.035300 0.098800 0.023300 0.047300 0.017600 0.092800 0.078900 0.023400 0.079200 0.105100 0.098800 0.059800 0.041500 0.053400 0.047500 0.086100 0.086100 0.080200
Okapi 0.092500 0.281600 0.073500 0.261300 0.092600 0.105500 0.100300 0.099000 0.093100 0.079700 0.092400 0.073900 0.099700 0.073400 0.092700 0.105900 0.000000 0.054800 0.085900 0.086600 0.106700 0.092500 0.092400 0.073400 0.098900 0.099500 0.079800 0.067300 0.112500 0.080400 0.079700 0.092900 0.112800 0.079800 0.092900 0.106300 0.079600 0.092600 0.106300 0.086700 0.085900 0.119200 0.079700 0.092600 0.106200 0.119300 0.140100 0.092500 0.092900 0.093300 0.086700 0.080700
Giraffe 0.099200 0.249900 0.080100 0.253700 0.099300 0.112300 0.120800 0.105800 0.086700 0.073500 0.099100 0.080500 0.106600 0.079900 0.099400 0.112800 0.054800 0.000000 0.079700 0.080300 0.113700 0.099200 0.086100 0.080100 0.105700 0.106300 0.086500 0.073900 0.119400 0.087000 0.073500 0.099700 0.106300 0.086400 0.099600 0.113100 0.086300 0.099300 0.113200 0.087000 0.079600 0.112800 0.073500 0.099400 0.113100 0.112900 0.133700 0.099200 0.086700 0.100100 0.093400 0.087400
TibetanAnt 0.023300 0.231500 0.066400 0.232800 0.035100 0.035100 0.053800 0.029200 0.060300 0.047700 0.017300 0.048000 0.029300 0.011600 0.035200 0.035100 0.085900 0.079700 0.000000 0.054100 0.047500 0.023300 0.053700 0.054000 0.023200 0.029200 0.011600 0.047900 0.041100 0.047800 0.047700 0.029200 0.085500 0.011600 0.023300 0.079200 0.011500 0.035100 0.029300 0.060500 0.047500 0.035200 0.047700 0.072600 0.079100 0.047400 0.053500 0.029100 0.023400 0.066600 0.066600 0.060700
Sitatunga 0.072500 0.209700 0.029500 0.226800 0.073000 0.085300 0.093400 0.079300 0.029500 0.029600 0.072900 0.042000 0.079900 0.054300 0.060400 0.086000 0.086600 0.080300 0.054100 0.000000 0.086700 0.072500 0.054100 0.048200 0.079200 0.079700 0.060600 0.017600 0.092400 0.017500 0.029600 0.073300 0.073200 0.060500 0.073300 0.060300 0.060400 0.073000 0.086300 0.048300 0.047900 0.086000 0.029600 0.066800 0.060200 0.079400 0.106000 0.073000 0.060700 0.073600 0.023400 0.029800
Oribi 0.047700 0.241500 0.086500 0.273900 0.060000 0.059800 0.067200 0.035700 0.093100 0.079800 0.053600 0.055000 0.054200 0.047800 0.060100 0.023600 0.106700 0.113700 0.047500 0.086700 0.000000 0.047600 0.084000 0.086500 0.059800 0.017700 0.035600 0.067500 0.029600 0.073600 0.079800 0.066500 0.119300 0.035500 0.047800 0.099600 0.035500 0.060000 0.029700 0.093600 0.079600 0.035600 0.079800 0.106000 0.099600 0.072800 0.041900 0.053900 0.060200 0.074000 0.086800 0.080900
BarbaryShe 0.011600 0.255000 0.072500 0.256900 0.035200 0.011600 0.054000 0.035300 0.078900 0.065700 0.017400 0.053600 0.029400 0.023400 0.035300 0.035200 0.092500 0.099200 0.023300 0.072500 0.047600 0.000000 0.072100 0.071900 0.023300 0.029300 0.011600 0.053300 0.041200 0.059500 0.065700 0.041400 0.104900 0.011600 0.023400 0.085400 0.011600 0.035200 0.041400 0.078800 0.065500 0.047300 0.065700 0.091300 0.085400 0.047500 0.065900 0.041200 0.035300 0.072400 0.072600 0.066400
Daviddeer 0.072100 0.246900 0.066400 0.249300 0.072500 0.084700 0.092800 0.072300 0.060300 0.035600 0.072300 0.060500 0.079300 0.053900 0.072600 0.085400 0.092400 0.086100 0.053700 0.054100 0.084000 0.072100 0.000000 0.041700 0.078700 0.079100 0.060100 0.047900 0.091700 0.054300 0.035600 0.072700 0.066200 0.060100 0.072800 0.092100 0.060000 0.072500 0.085700 0.048100 0.005800 0.085400 0.035600 0.060100 0.092000 0.085300 0.105200 0.072400 0.060200 0.079400 0.066600 0.060800
Reindeer 0.072000 0.240400 0.060500 0.242800 0.072800 0.084800 0.086600 0.079100 0.054300 0.029700 0.072700 0.054500 0.079700 0.054100 0.072900 0.085800 0.073400 0.080100 0.054000 0.048200 0.086500 0.071900 0.041700 0.000000 0.079100 0.079500 0.060400 0.042000 0.092200 0.054500 0.029700 0.073100 0.085800 0.060400 0.073100 0.086000 0.060300 0.072800 0.086100 0.029800 0.035600 0.079400 0.029700 0.029500 0.086000 0.085500 0.105700 0.072800 0.060500 0.073400 0.060700 0.054700
Ibex 0.035100 0.262700 0.079100 0.263700 0.047100 0.035100 0.066300 0.041200 0.085600 0.072600 0.005700 0.060500 0.041300 0.023300 0.047200 0.047200 0.098900 0.105700 0.023200 0.079200 0.059800 0.023300 0.078700 0.079100 0.000000 0.041200 0.023300 0.060400 0.041100 0.060100 0.072600 0.041200 0.111400 0.023300 0.035200 0.092100 0.023200 0.047100 0.041200 0.085900 0.072300 0.059300 0.072600 0.098200 0.092000 0.072000 0.078300 0.041100 0.047300 0.079400 0.079300 0.073500
GyrantGaze 0.029300 0.247900 0.079500 0.264700 0.041300 0.041300 0.060300 0.017600 0.086100 0.073000 0.035200 0.060900 0.035500 0.029300 0.041300 0.005800 0.099500 0.106300 0.029200 0.079700 0.017700 0.029300 0.079100 0.079500 0.041200 0.000000 0.017500 0.060700 0.011700 0.066800 0.073000 0.047700 0.112000 0.017400 0.029300 0.092500 0.017500 0.041200 0.011700 0.086400 0.072700 0.017500 0.073000 0.098700 0.092400 0.053600 0.035600 0.047400 0.041500 0.079900 0.079800 0.073900
Hartebeest 0.011600 0.239900 0.060400 0.241100 0.023300 0.023300 0.041800 0.023400 0.066800 0.054000 0.017400 0.042100 0.017500 0.011600 0.023400 0.023400 0.079800 0.086500 0.011600 0.060600 0.035600 0.011600 0.060100 0.060400 0.023300 0.017500 0.000000 0.042000 0.029300 0.048000 0.054000 0.029400 0.092200 0.000000 0.011600 0.073100 0.000000 0.023300 0.029400 0.067000 0.053900 0.035300 0.054000 0.079200 0.073100 0.047500 0.053600 0.029300 0.023400 0.060600 0.060600 0.054700
Bongo 0.053300 0.216900 0.017600 0.218600 0.054200 0.066000 0.074000 0.060400 0.023500 0.023600 0.054100 0.023800 0.060900 0.035800 0.041900 0.066900 0.067300 0.073900 0.047900 0.017600 0.067500 0.053300 0.047900 0.042000 0.060400 0.060700 0.042000 0.000000 0.073200 0.011700 0.023600 0.054400 0.066800 0.041900 0.054400 0.041800 0.041900 0.054200 0.067100 0.042200 0.041800 0.079600 0.023600 0.060500 0.041700 0.079400 0.099400 0.054200 0.054400 0.054700 0.017600 0.011800
Gerenuk 0.041200 0.247700 0.092200 0.264500 0.053400 0.053300 0.072600 0.029400 0.098800 0.085500 0.035100 0.073300 0.047600 0.041200 0.053300 0.017500 0.112500 0.119400 0.041100 0.092400 0.029600 0.041200 0.091700 0.092200 0.041100 0.011700 0.029300 0.073200 0.000000 0.079300 0.085500 0.060100 0.125100 0.029200 0.041200 0.105400 0.029200 0.053200 0.023400 0.099200 0.085200 0.029300 0.085500 0.111600 0.105300 0.065800 0.047600 0.059500 0.053600 0.092600 0.092500 0.086600
CommonElan 0.059500 0.232900 0.023600 0.234900 0.060300 0.072200 0.080200 0.066800 0.035800 0.035800 0.053900 0.036000 0.067000 0.035700 0.047900 0.073000 0.080400 0.087000 0.047800 0.017500 0.073600 0.059500 0.054300 0.054500 0.060100 0.066800 0.048000 0.011700 0.079300 0.000000 0.035800 0.054200 0.073300 0.048000 0.060500 0.054200 0.047900 0.060300 0.066900 0.054700 0.048000 0.085800 0.035800 0.073300 0.054200 0.085600 0.105700 0.054000 0.060500 0.067400 0.017600 0.023900
MuntiacusR 0.065700 0.216200 0.041700 0.233700 0.066400 0.078400 0.086500 0.072600 0.035700 0.000000 0.066200 0.048100 0.073200 0.047800 0.053900 0.079200 0.079700 0.073500 0.047700 0.029600 0.079800 0.065700 0.035600 0.029700 0.072600 0.073000 0.054000 0.023600 0.085500 0.035800 0.000000 0.066600 0.066400 0.054000 0.066600 0.066500 0.053900 0.066300 0.079500 0.029800 0.029500 0.079100 0.000000 0.047900 0.066400 0.079000 0.098900 0.066300 0.054100 0.066900 0.041800 0.035900
HarveysDui 0.041400 0.239100 0.073100 0.226400 0.041300 0.047400 0.060200 0.047600 0.073200 0.066600 0.035200 0.054500 0.047700 0.017500 0.041200 0.053600 0.092900 0.099700 0.029200 0.073300 0.066500 0.041400 0.072700 0.073100 0.041200 0.047700 0.029400 0.054400 0.060100 0.054200 0.066600 0.000000 0.098800 0.029300 0.041300 0.079500 0.029300 0.041200 0.047500 0.079900 0.066400 0.065800 0.066600 0.085400 0.085900 0.065900 0.085100 0.035200 0.041500 0.067000 0.073300 0.067400
Pronghorn 0.104800 0.263300 0.085700 0.292400 0.105000 0.104600 0.126400 0.104800 0.066700 0.066400 0.104900 0.092700 0.112300 0.085700 0.092000 0.118400 0.112800 0.106300 0.085500 0.073200 0.119300 0.104900 0.066200 0.085800 0.111400 0.112000 0.092200 0.066800 0.125100 0.073300 0.066400 0.098800 0.000000 0.092100 0.105300 0.085900 0.092000 0.105000 0.118900 0.086200 0.059900 0.118500 0.066400 0.098600 0.098900 0.118600 0.139300 0.104900 0.092400 0.099000 0.086000 0.079900
BlueWildeb 0.011600 0.239800 0.060400 0.241000 0.023300 0.023300 0.041600 0.023400 0.066800 0.054000 0.017400 0.042000 0.017500 0.011700 0.023300 0.023300 0.079800 0.086400 0.011600 0.060500 0.035500 0.011600 0.060100 0.060400 0.023300 0.017400 0.000000 0.041900 0.029200 0.048000 0.054000 0.029300 0.092100 0.000000 0.011600 0.073100 0.000000 0.023300 0.029300 0.067000 0.053800 0.035100 0.054000 0.079200 0.073000 0.047300 0.053600 0.029300 0.023400 0.060600 0.060600 0.054700
Gemsbok 0.023400 0.255500 0.073100 0.256500 0.035300 0.035200 0.054000 0.035400 0.079600 0.066600 0.029200 0.054500 0.029500 0.023400 0.035200 0.035300 0.092900 0.099600 0.023300 0.073300 0.047800 0.023400 0.072800 0.073100 0.035200 0.029300 0.011600 0.054400 0.041200 0.060500 0.066600 0.041300 0.105300 0.011600 0.000000 0.086000 0.011600 0.035200 0.041400 0.079900 0.066400 0.047300 0.066600 0.092200 0.085900 0.059900 0.066100 0.041300 0.035400 0.073400 0.073400 0.067500
Yak 0.072500 0.215600 0.060200 0.241100 0.072800 0.085300 0.106500 0.092000 0.054000 0.066500 0.085600 0.042000 0.092800 0.066700 0.072900 0.098800 0.106300 0.113100 0.079200 0.060300 0.099600 0.085400 0.092100 0.086000 0.092100 0.092500 0.073100 0.041800 0.105400 0.054200 0.066500 0.079500 0.085900 0.073100 0.086000 0.000000 0.072900 0.072800 0.099200 0.086300 0.085600 0.112000 0.066500 0.098800 0.011600 0.112100 0.119200 0.072800 0.086000 0.073400 0.060300 0.054400
BlueSheep 0.011600 0.239300 0.060300 0.240600 0.023300 0.023300 0.041700 0.023400 0.066600 0.053900 0.017400 0.042000 0.017500 0.011600 0.023300 0.023300 0.079600 0.086300 0.011500 0.060400 0.035500 0.011600 0.060000 0.060300 0.023200 0.017500 0.000000 0.041900 0.029200 0.047900 0.053900 0.029300 0.092000 0.000000 0.011600 0.072900 0.000000 0.023300 0.029300 0.066900 0.053700 0.035200 0.053900 0.079000 0.072900 0.047400 0.053500 0.029200 0.023400 0.060500 0.060500 0.054600
BohorReedb 0.023300 0.216600 0.072800 0.232700 0.000000 0.047200 0.053700 0.047400 0.079300 0.066300 0.041100 0.054300 0.041400 0.023300 0.035100 0.047300 0.092600 0.099300 0.035100 0.073000 0.060000 0.035200 0.072500 0.072800 0.047100 0.041200 0.023300 0.054200 0.053200 0.060300 0.066300 0.041200 0.105000 0.023300 0.035200 0.072800 0.023300 0.000000 0.053400 0.079600 0.066100 0.059100 0.066300 0.079000 0.072800 0.059500 0.078500 0.029200 0.035300 0.060400 0.073100 0.067100
KirksDik 0.041400 0.248600 0.086100 0.265300 0.053600 0.053500 0.073000 0.023500 0.092700 0.079500 0.035200 0.067300 0.047800 0.029300 0.053500 0.017600 0.106300 0.113200 0.029300 0.086300 0.029700 0.041400 0.085700 0.086100 0.041200 0.011700 0.029400 0.067100 0.023400 0.066900 0.079500 0.047500 0.118900 0.029300 0.041400 0.099200 0.029300 0.053400 0.000000 0.093100 0.079200 0.029400 0.079500 0.105500 0.099200 0.059900 0.047800 0.047400 0.047600 0.086500 0.086400 0.080500
RoeDeer 0.078800 0.241100 0.060700 0.251200 0.079600 0.091800 0.080700 0.085900 0.054500 0.029800 0.079400 0.061100 0.086600 0.060700 0.073200 0.092800 0.086700 0.087000 0.060500 0.048300 0.093600 0.078800 0.048100 0.029800 0.085900 0.086400 0.067000 0.042200 0.099200 0.054700 0.029800 0.079900 0.086200 0.067000 0.079900 0.086300 0.066900 0.079600 0.093100 0.000000 0.041900 0.092700 0.029800 0.048100 0.086200 0.092400 0.113000 0.079600 0.067100 0.080300 0.060900 0.055000
WhiteLippe 0.065500 0.238700 0.060100 0.241200 0.066100 0.078100 0.086200 0.066000 0.054100 0.029500 0.066000 0.054200 0.072900 0.047700 0.066200 0.078900 0.085900 0.079600 0.047500 0.047900 0.079600 0.065500 0.005800 0.035600 0.072300 0.072700 0.053900 0.041800 0.085200 0.048000 0.029500 0.066400 0.059900 0.053800 0.066400 0.085600 0.053700 0.066100 0.079200 0.041900 0.000000 0.078900 0.029500 0.053900 0.085500 0.077900 0.098600 0.066100 0.054000 0.073000 0.060300 0.054500
ThomsonGaz 0.047300 0.255800 0.098700 0.256600 0.059500 0.059400 0.079000 0.035400 0.092400 0.079100 0.053200 0.079700 0.053700 0.047200 0.059400 0.023400 0.119200 0.112800 0.035200 0.086000 0.035600 0.047300 0.085400 0.079400 0.059300 0.017500 0.035300 0.079600 0.029300 0.085800 0.079100 0.065800 0.118500 0.035100 0.047300 0.112000 0.035200 0.059100 0.029400 0.092700 0.078900 0.000000 0.079100 0.105000 0.112000 0.059500 0.041500 0.065700 0.047500 0.099100 0.099000 0.093100
MuntiacusC 0.065700 0.216200 0.041700 0.233700 0.066400 0.078400 0.086500 0.072600 0.035700 0.000000 0.066200 0.048100 0.073200 0.047800 0.053900 0.079200 0.079700 0.073500 0.047700 0.029600 0.079800 0.065700 0.035600 0.029700 0.072600 0.073000 0.054000 0.023600 0.085500 0.035800 0.000000 0.066600 0.066400 0.054000 0.066600 0.066500 0.053900 0.066300 0.079500 0.029800 0.029500 0.079100 0.000000 0.047900 0.066400 0.079000 0.098900 0.066300 0.054100 0.066900 0.041800 0.035900
WhiteTaile 0.091300 0.246600 0.079300 0.242100 0.079000 0.097700 0.106100 0.098200 0.066800 0.047900 0.091700 0.073400 0.099000 0.072800 0.091900 0.105100 0.092600 0.099400 0.072600 0.066800 0.106000 0.091300 0.060100 0.029500 0.098200 0.098700 0.079200 0.060500 0.111600 0.073300 0.047900 0.085400 0.098600 0.079200 0.092200 0.098800 0.079000 0.079000 0.105500 0.048100 0.053900 0.105000 0.047900 0.000000 0.105300 0.104900 0.125500 0.091800 0.079300 0.073200 0.079600 0.073600
Cattle 0.072500 0.223100 0.060100 0.225600 0.072800 0.098300 0.106400 0.092000 0.066500 0.066400 0.085500 0.041900 0.092700 0.066700 0.072900 0.098800 0.106200 0.113100 0.079100 0.060200 0.099600 0.085400 0.092000 0.086000 0.092000 0.092400 0.073100 0.041700 0.105300 0.054200 0.066400 0.085900 0.098900 0.073000 0.085900 0.011600 0.072900 0.072800 0.099200 0.086200 0.085500 0.112000 0.066400 0.105300 0.000000 0.112000 0.119100 0.072800 0.086000 0.086200 0.060300 0.054400
RoyalAntel 0.047500 0.231900 0.098700 0.249600 0.059700 0.059700 0.079100 0.060000 0.092300 0.079000 0.065800 0.079600 0.066300 0.047500 0.059600 0.059800 0.119300 0.112900 0.047400 0.079400 0.072800 0.047500 0.085300 0.085500 0.072000 0.053600 0.047500 0.079400 0.065800 0.085600 0.079000 0.065900 0.118600 0.047300 0.059900 0.112100 0.047400 0.059500 0.059900 0.092400 0.077900 0.059500 0.079000 0.104900 0.112000 0.000000 0.078900 0.065800 0.041500 0.098900 0.099000 0.092900
Steenbok 0.065900 0.233200 0.119000 0.281500 0.078500 0.078300 0.086000 0.053800 0.112500 0.098900 0.072000 0.086600 0.066200 0.066100 0.065900 0.041500 0.140100 0.133700 0.053500 0.106000 0.041900 0.065900 0.105200 0.105700 0.078300 0.035600 0.053600 0.099400 0.047600 0.105700 0.098900 0.085100 0.139300 0.053600 0.066100 0.119200 0.053500 0.078500 0.047800 0.113000 0.098600 0.041500 0.098900 0.125500 0.119100 0.078900 0.000000 0.072200 0.066300 0.106200 0.105900 0.106700
Impala 0.029200 0.223600 0.072800 0.224500 0.029200 0.053300 0.047800 0.047400 0.079300 0.066300 0.035100 0.042000 0.047500 0.017400 0.041200 0.053400 0.092500 0.099200 0.029100 0.073000 0.053900 0.041200 0.072400 0.072800 0.041100 0.047400 0.029300 0.054200 0.059500 0.054000 0.066300 0.035200 0.104900 0.029300 0.041300 0.072800 0.029200 0.029200 0.047400 0.079600 0.066100 0.065700 0.066300 0.091800 0.072800 0.065800 0.072200 0.000000 0.041300 0.060600 0.073000 0.067200
Klipspring 0.035300 0.232700 0.073100 0.234300 0.035300 0.047400 0.054200 0.035400 0.066900 0.054100 0.041200 0.054500 0.041600 0.023400 0.035300 0.047500 0.092900 0.086700 0.023400 0.060700 0.060200 0.035300 0.060200 0.060500 0.047300 0.041500 0.023400 0.054400 0.053600 0.060500 0.054100 0.041500 0.092400 0.023400 0.035400 0.086000 0.023400 0.035300 0.047600 0.067100 0.054000 0.047500 0.054100 0.079300 0.086000 0.041500 0.066300 0.041300 0.000000 0.073400 0.073400 0.067400
ForestMusk 0.072400 0.225500 0.073400 0.235800 0.060400 0.072200 0.080600 0.079400 0.054600 0.066900 0.073000 0.042300 0.080100 0.054300 0.073200 0.086100 0.093300 0.100100 0.066600 0.073600 0.074000 0.072400 0.079400 0.073400 0.079400 0.079900 0.060600 0.054700 0.092600 0.067400 0.066900 0.067000 0.099000 0.060600 0.073400 0.073400 0.060500 0.060400 0.086500 0.080300 0.073000 0.099100 0.066900 0.073200 0.086200 0.098900 0.106200 0.060600 0.073400 0.000000 0.073700 0.067700
Bushbuck 0.072600 0.240200 0.029600 0.242200 0.073100 0.085400 0.093500 0.079400 0.041600 0.041800 0.073000 0.042000 0.080000 0.054300 0.048000 0.086100 0.086700 0.093400 0.066600 0.023400 0.086800 0.072600 0.066600 0.060700 0.079300 0.079800 0.060600 0.017600 0.092500 0.017600 0.041800 0.073300 0.086000 0.060600 0.073400 0.060300 0.060500 0.073100 0.086400 0.060900 0.060300 0.099000 0.041800 0.079600 0.060300 0.099000 0.105900 0.073000 0.073400 0.073700 0.000000 0.029900
GreaterKud 0.066300 0.231600 0.029800 0.233300 0.067100 0.079200 0.087600 0.073500 0.035900 0.035900 0.067000 0.036200 0.061300 0.048400 0.054500 0.080200 0.080700 0.087400 0.060700 0.029800 0.080900 0.066400 0.060800 0.054700 0.073500 0.073900 0.054700 0.011800 0.086600 0.023900 0.035900 0.067400 0.079900 0.054700 0.067500 0.054400 0.054600 0.067100 0.080500 0.055000 0.054500 0.093100 0.035900 0.073600 0.054400 0.092900 0.106700 0.067200 0.067400 0.067700 0.029900 0.000000
