1
52 1
Argali 0.000000 0.011700 0.002900 0.017800 0.002900 0.001000 0.001900 0.002900 0.002900 0.006800 0.001000 0.003900 0.005800 0.001900 0.002900 0.002900 0.004800 0.004800 0.001900 0.002900 0.001900 0.001000 0.006800 0.002900 0.001000 0.004800 0.005800 0.002900 0.003900 0.002900 0.005800 0.003900 0.003900 0.005800 0.001000 0.003900 0.001000 0.002900 0.002900 0.001900 0.005800 0.003900 0.006800 0.002900 0.004800 0.003900 0.001900 0.001900 0.004800 0.001900 0.002900 0.002900
LesserMous 0.011700 0.000000 0.010700 0.014700 0.010700 0.010700 0.011700 0.010700 0.010700 0.014700 0.010800 0.011700 0.015600 0.011700 0.010700 0.010700 0.011700 0.012700 0.010800 0.010700 0.009700 0.010700 0.014700 0.010700 0.010700 0.012700 0.015600 0.010700 0.011700 0.010700 0.015700 0.013700 0.011700 0.015600 0.010700 0.011700 0.010700 0.010700 0.010700 0.009700 0.013700 0.011700 0.014700 0.010700 0.012700 0.013700 0.009800 0.009800 0.014400 0.009700 0.010800 0.010700
LesserKudu 0.002900 0.010700 0.000000 0.016700 0.001900 0.001900 0.002900 0.001900 0.001900 0.005800 0.001900 0.002900 0.006800 0.002900 0.001900 0.001900 0.003900 0.003900 0.002900 0.001900 0.001000 0.001900 0.005800 0.001900 0.001900 0.003900 0.006800 0.001900 0.002900 0.001900 0.006800 0.004800 0.002900 0.006800 0.001900 0.002900 0.001900 0.001900 0.001900 0.001000 0.004800 0.002900 0.005800 0.001900 0.003900 0.004800 0.001000 0.001000 0.005800 0.001000 0.001900 0.001900
KillerWhal 0.017800 0.014700 0.016700 0.000000 0.016800 0.016800 0.017800 0.014800 0.016700 0.020700 0.016700 0.017700 0.021800 0.017700 0.016700 0.016700 0.017700 0.018700 0.016900 0.016700 0.015700 0.016800 0.020700 0.016700 0.016700 0.018700 0.021800 0.016700 0.017700 0.016700 0.021700 0.019700 0.017700 0.021800 0.016700 0.017800 0.016800 0.016800 0.016800 0.015700 0.019700 0.017700 0.020700 0.016700 0.018800 0.019700 0.015800 0.015700 0.020600 0.015700 0.016700 0.016700
DefassaWat 0.002900 0.010700 0.001900 0.016800 0.000000 0.001900 0.002900 0.001900 0.001900 0.005800 0.001900 0.002900 0.006800 0.002900 0.001900 0.001900 0.003900 0.003900 0.002900 0.001900 0.001000 0.001900 0.005800 0.001900 0.001900 0.003900 0.006800 0.001900 0.002900 0.001900 0.006800 0.004800 0.002900 0.006800 0.001900 0.002900 0.001900 0.001900 0.001900 0.001000 0.004800 0.002900 0.005800 0.001900 0.003900 0.004800 0.001000 0.001000 0.005800 0.001000 0.001900 0.001900
Sheep 0.001000 0.010700 0.001900 0.016800 0.001900 0.000000 0.001000 0.001900 0.001900 0.005800 0.000000 0.002900 0.004800 0.001000 0.001900 0.001900 0.003900 0.003900 0.001000 0.001900 0.001000 0.000000 0.005800 0.001900 0.000000 0.003900 0.004800 0.001900 0.002900 0.001900 0.004800 0.002900 0.002900 0.004800 0.000000 0.002900 0.000000 0.001900 0.001900 0.001000 0.004800 0.002900 0.005800 0.001900 0.003900 0.002900 0.001000 0.001000 0.003900 0.001000 0.001900 0.001900
MaxwellsDu 0.001900 0.011700 0.002900 0.017800 0.002900 0.001000 0.000000 0.002900 0.002900 0.006800 0.001000 0.003900 0.005800 0.000000 0.002900 0.002900 0.004800 0.004900 0.001900 0.002900 0.001900 0.001000 0.006800 0.002900 0.001000 0.004800 0.005800 0.002900 0.003900 0.002900 0.005800 0.001900 0.003900 0.005800 0.001000 0.003900 0.001000 0.002900 0.002900 0.001900 0.005800 0.003900 0.006800 0.002900 0.004800 0.003900 0.001900 0.001900 0.004800 0.001900 0.002900 0.002900
GazellaPrz 0.002900 0.010700 0.001900 0.014800 0.001900 0.001900 0.002900 0.000000 0.001900 0.005800 0.001900 0.002900 0.006800 0.002900 0.001900 0.001900 0.003900 0.003900 0.002900 0.001900 0.001000 0.001900 0.005800 0.001900 0.001900 0.003900 0.006800 0.001900 0.002900 0.001900 0.006800 0.004800 0.002900 0.006800 0.001900 0.002900 0.001900 0.001900 0.001900 0.001000 0.004800 0.002900 0.005800 0.001900 0.003900 0.004800 0.001000 0.001000 0.005800 0.001000 0.001900 0.001900
MountainNy 0.002900 0.010700 0.001900 0.016700 0.001900 0.001900 0.002900 0.001900 0.000000 0.003900 0.001900 0.002900 0.006800 0.002900 0.001900 0.001900 0.003900 0.003900 0.002900 0.000000 0.001000 0.001900 0.003900 0.001900 0.001900 0.003900 0.006800 0.000000 0.002900 0.000000 0.004800 0.004800 0.002900 0.006800 0.001900 0.002900 0.001900 0.001900 0.001900 0.001000 0.002900 0.002900 0.003900 0.001900 0.003900 0.004800 0.001000 0.001000 0.003900 0.001000 0.000000 0.000000
MuntiacusM 0.006800 0.014700 0.005800 0.020700 0.005800 0.005800 0.006800 0.005800 0.003900 0.000000 0.005800 0.005800 0.008700 0.006800 0.005800 0.005800 0.007700 0.007700 0.006800 0.003900 0.004800 0.005800 0.001900 0.005800 0.005800 0.007700 0.008700 0.003900 0.006800 0.003900 0.001000 0.008700 0.006800 0.008700 0.005800 0.005800 0.005800 0.005800 0.005800 0.004800 0.001000 0.006800 0.000000 0.005800 0.005800 0.006800 0.004800 0.004800 0.007800 0.004800 0.003900 0.003900
goat 0.001000 0.010800 0.001900 0.016700 0.001900 0.000000 0.001000 0.001900 0.001900 0.005800 0.000000 0.002900 0.004800 0.001000 0.001900 0.001900 0.003900 0.003900 0.001000 0.001900 0.001000 0.000000 0.005800 0.001900 0.000000 0.003900 0.004800 0.001900 0.002900 0.001900 0.004800 0.002900 0.002900 0.004800 0.000000 0.002900 0.000000 0.001900 0.001900 0.001000 0.004800 0.002900 0.005800 0.001900 0.003900 0.002900 0.001000 0.001000 0.003900 0.001000 0.001900 0.001900
AfricanBuf 0.003900 0.011700 0.002900 0.017700 0.002900 0.002900 0.003900 0.002900 0.002900 0.005800 0.002900 0.000000 0.007800 0.003900 0.002900 0.002900 0.004800 0.004800 0.003900 0.002900 0.001900 0.002900 0.005800 0.002900 0.002900 0.004800 0.007800 0.002900 0.003900 0.002900 0.006800 0.005800 0.003900 0.007800 0.002900 0.000000 0.002900 0.002900 0.002900 0.001900 0.004800 0.003900 0.005800 0.002900 0.001000 0.005800 0.001900 0.001900 0.006800 0.001900 0.002900 0.002900
Topi 0.005800 0.015600 0.006800 0.021800 0.006800 0.004800 0.005800 0.006800 0.006800 0.008700 0.004800 0.007800 0.000000 0.005800 0.006800 0.006800 0.008700 0.008700 0.005800 0.006800 0.005800 0.004800 0.008700 0.006800 0.004800 0.008700 0.000000 0.006800 0.007800 0.006800 0.007800 0.007800 0.007800 0.000000 0.004800 0.007800 0.004800 0.004800 0.006800 0.005800 0.007800 0.007800 0.008700 0.006800 0.008700 0.005800 0.005800 0.005800 0.008700 0.005900 0.006800 0.006800
CommonDuik 0.001900 0.011700 0.002900 0.017700 0.002900 0.001000 0.000000 0.002900 0.002900 0.006800 0.001000 0.003900 0.005800 0.000000 0.002900 0.002900 0.004800 0.004800 0.001900 0.002900 0.001900 0.001000 0.006800 0.002900 0.001000 0.004800 0.005800 0.002900 0.003900 0.002900 0.005800 0.001900 0.003900 0.005800 0.001000 0.003900 0.001000 0.002900 0.002900 0.001900 0.005800 0.003900 0.006800 0.002900 0.004800 0.003900 0.001900 0.001900 0.004800 0.001900 0.002900 0.002900
Suni 0.002900 0.010700 0.001900 0.016700 0.001900 0.001900 0.002900 0.001900 0.001900 0.005800 0.001900 0.002900 0.006800 0.002900 0.000000 0.000000 0.003900 0.003900 0.002900 0.001900 0.001000 0.001900 0.005800 0.001900 0.001900 0.001900 0.006800 0.001900 0.001000 0.001900 0.006800 0.004800 0.001000 0.006800 0.001900 0.002900 0.001900 0.001900 0.001900 0.001000 0.004800 0.001000 0.005800 0.001900 0.003900 0.004800 0.001000 0.001000 0.005800 0.001000 0.001900 0.001900
Springbuck 0.002900 0.010700 0.001900 0.016700 0.001900 0.001900 0.002900 0.001900 0.001900 0.005800 0.001900 0.002900 0.006800 0.002900 0.000000 0.000000 0.003900 0.003900 0.002900 0.001900 0.001000 0.001900 0.005800 0.001900 0.001900 0.001900 0.006800 0.001900 0.001000 0.001900 0.006800 0.004800 0.001000 0.006800 0.001900 0.002900 0.001900 0.001900 0.001900 0.001000 0.004800 0.001000 0.005800 0.001900 0.003900 0.004800 0.001000 0.001000 0.005800 0.001000 0.001900 0.001900
Okapi 0.004800 0.011700 0.003900 0.017700 0.003900 0.003900 0.004800 0.003900 0.003900 0.007700 0.003900 0.004800 0.008700 0.004800 0.003900 0.003900 0.000000 0.001900 0.004800 0.003900 0.002900 0.003900 0.007800 0.003900 0.003900 0.005800 0.008700 0.003900 0.004800 0.003900 0.008700 0.006800 0.004800 0.008700 0.003900 0.004800 0.003900 0.003900 0.003900 0.002900 0.006800 0.004800 0.007700 0.003900 0.005800 0.006800 0.002900 0.002900 0.007800 0.002900 0.003900 0.003900
Giraffe 0.004800 0.012700 0.003900 0.018700 0.003900 0.003900 0.004900 0.003900 0.003900 0.007700 0.003900 0.004800 0.008700 0.004800 0.003900 0.003900 0.001900 0.000000 0.004800 0.003900 0.002900 0.003900 0.007700 0.003900 0.003900 0.005800 0.008700 0.003900 0.004800 0.003900 0.008700 0.006800 0.004800 0.008700 0.003900 0.004800 0.003900 0.003900 0.003900 0.002900 0.006800 0.004800 0.007700 0.003900 0.005800 0.006800 0.002900 0.002900 0.007800 0.002900 0.003900 0.003900
TibetanAnt 0.001900 0.010800 0.002900 0.016900 0.002900 0.001000 0.001900 0.002900 0.002900 0.006800 0.001000 0.003900 0.005800 0.001900 0.002900 0.002900 0.004800 0.004800 0.000000 0.002900 0.001900 0.001000 0.006800 0.002900 0.001000 0.004800 0.005800 0.002900 0.003900 0.002900 0.005800 0.003900 0.003900 0.005800 0.001000 0.003900 0.001000 0.002900 0.002900 0.001900 0.005800 0.003900 0.006800 0.002900 0.004800 0.003900 0.001900 0.001900 0.004800 0.001900 0.002900 0.002900
Sitatunga 0.002900 0.010700 0.001900 0.016700 0.001900 0.001900 0.002900 0.001900 0.000000 0.003900 0.001900 0.002900 0.006800 0.002900 0.001900 0.001900 0.003900 0.003900 0.002900 0.000000 0.001000 0.001900 0.003900 0.001900 0.001900 0.003900 0.006800 0.000000 0.002900 0.000000 0.004800 0.004800 0.002900 0.006800 0.001900 0.002900 0.001900 0.001900 0.001900 0.001000 0.002900 0.002900 0.003900 0.001900 0.003900 0.004800 0.001000 0.001000 0.003900 0.001000 0.000000 0.000000
Oribi 0.001900 0.009700 0.001000 0.015700 0.001000 0.001000 0.001900 0.001000 0.001000 0.004800 0.001000 0.001900 0.005800 0.001900 0.001000 0.001000 0.002900 0.002900 0.001900 0.001000 0.000000 0.001000 0.004800 0.001000 0.001000 0.002900 0.005800 0.001000 0.001900 0.001000 0.005800 0.003900 0.001900 0.005800 0.001000 0.001900 0.001000 0.001000 0.001000 0.000100 0.003900 0.001900 0.004800 0.001000 0.002900 0.003900 0.000000 0.000100 0.004800 0.000100 0.001000 0.001000
BarbaryShe 0.001000 0.010700 0.001900 0.016800 0.001900 0.000000 0.001000 0.001900 0.001900 0.005800 0.000000 0.002900 0.004800 0.001000 0.001900 0.001900 0.003900 0.003900 0.001000 0.001900 0.001000 0.000000 0.005800 0.001900 0.000000 0.003900 0.004800 0.001900 0.002900 0.001900 0.004800 0.002900 0.002900 0.004800 0.000000 0.002900 0.000000 0.001900 0.001900 0.001000 0.004800 0.002900 0.005800 0.001900 0.003900 0.002900 0.001000 0.001000 0.003900 0.001000 0.001900 0.001900
Daviddeer 0.006800 0.014700 0.005800 0.020700 0.005800 0.005800 0.006800 0.005800 0.003900 0.001900 0.005800 0.005800 0.008700 0.006800 0.005800 0.005800 0.007800 0.007700 0.006800 0.003900 0.004800 0.005800 0.000000 0.005800 0.005800 0.007800 0.008700 0.003900 0.006800 0.003900 0.002900 0.008700 0.006800 0.008700 0.005800 0.005800 0.005800 0.005800 0.005800 0.004800 0.001000 0.006800 0.001900 0.005800 0.006800 0.006800 0.004800 0.004800 0.007800 0.004800 0.003900 0.003900
Reindeer 0.002900 0.010700 0.001900 0.016700 0.001900 0.001900 0.002900 0.001900 0.001900 0.005800 0.001900 0.002900 0.006800 0.002900 0.001900 0.001900 0.003900 0.003900 0.002900 0.001900 0.001000 0.001900 0.005800 0.000000 0.001900 0.003900 0.006800 0.001900 0.002900 0.001900 0.006800 0.004800 0.002900 0.006800 0.001900 0.002900 0.001900 0.001900 0.001900 0.001000 0.004800 0.002900 0.005800 0.000000 0.003900 0.004800 0.001000 0.001000 0.005800 0.001000 0.001900 0.001900
Ibex 0.001000 0.010700 0.001900 0.016700 0.001900 0.000000 0.001000 0.001900 0.001900 0.005800 0.000000 0.002900 0.004800 0.001000 0.001900 0.001900 0.003900 0.003900 0.001000 0.001900 0.001000 0.000000 0.005800 0.001900 0.000000 0.003900 0.004800 0.001900 0.002900 0.001900 0.004800 0.002900 0.002900 0.004800 0.000000 0.002900 0.000000 0.001900 0.001900 0.001000 0.004800 0.002900 0.005800 0.001900 0.003900 0.002900 0.001000 0.001000 0.003900 0.001000 0.001900 0.001900
GyrantGaze 0.004800 0.012700 0.003900 0.018700 0.003900 0.003900 0.004800 0.003900 0.003900 0.007700 0.003900 0.004800 0.008700 0.004800 0.001900 0.001900 0.005800 0.005800 0.004800 0.003900 0.002900 0.003900 0.007800 0.003900 0.003900 0.000000 0.008700 0.003900 0.002900 0.003900 0.008700 0.006800 0.002900 0.008700 0.003900 0.004800 0.003900 0.003900 0.003900 0.002900 0.006800 0.001000 0.007700 0.003900 0.005800 0.006800 0.002900 0.002900 0.007800 0.002900 0.003900 0.003900
Hartebeest 0.005800 0.015600 0.006800 0.021800 0.006800 0.004800 0.005800 0.006800 0.006800 0.008700 0.004800 0.007800 0.000000 0.005800 0.006800 0.006800 0.008700 0.008700 0.005800 0.006800 0.005800 0.004800 0.008700 0.006800 0.004800 0.008700 0.000000 0.006800 0.007800 0.006800 0.007800 0.007800 0.007800 0.000000 0.004800 0.007800 0.004800 0.004800 0.006800 0.005800 0.007800 0.007800 0.008700 0.006800 0.008700 0.005800 0.005800 0.005800 0.008700 0.005900 0.006800 0.006800
Bongo 0.002900 0.010700 0.001900 0.016700 0.001900 0.001900 0.002900 0.001900 0.000000 0.003900 0.001900 0.002900 0.006800 0.002900 0.001900 0.001900 0.003900 0.003900 0.002900 0.000000 0.001000 0.001900 0.003900 0.001900 0.001900 0.003900 0.006800 0.000000 0.002900 0.000000 0.004800 0.004800 0.002900 0.006800 0.001900 0.002900 0.001900 0.001900 0.001900 0.001000 0.002900 0.002900 0.003900 0.001900 0.003900 0.004800 0.001000 0.001000 0.003900 0.001000 0.000000 0.000000
Gerenuk 0.003900 0.011700 0.002900 0.017700 0.002900 0.002900 0.003900 0.002900 0.002900 0.006800 0.002900 0.003900 0.007800 0.003900 0.001000 0.001000 0.004800 0.004800 0.003900 0.002900 0.001900 0.002900 0.006800 0.002900 0.002900 0.002900 0.007800 0.002900 0.000000 0.002900 0.007700 0.005800 0.001900 0.007800 0.002900 0.003900 0.002900 0.002900 0.002900 0.001900 0.005800 0.001900 0.006800 0.002900 0.004800 0.005800 0.001900 0.001900 0.006800 0.001900 0.002900 0.002900
CommonElan 0.002900 0.010700 0.001900 0.016700 0.001900 0.001900 0.002900 0.001900 0.000000 0.003900 0.001900 0.002900 0.006800 0.002900 0.001900 0.001900 0.003900 0.003900 0.002900 0.000000 0.001000 0.001900 0.003900 0.001900 0.001900 0.003900 0.006800 0.000000 0.002900 0.000000 0.004800 0.004800 0.002900 0.006800 0.001900 0.002900 0.001900 0.001900 0.001900 0.001000 0.002900 0.002900 0.003900 0.001900 0.003900 0.004800 0.001000 0.001000 0.003900 0.001000 0.000000 0.000000
MuntiacusR 0.005800 0.015700 0.006800 0.021700 0.006800 0.004800 0.005800 0.006800 0.004800 0.001000 0.004800 0.006800 0.007800 0.005800 0.006800 0.006800 0.008700 0.008700 0.005800 0.004800 0.005800 0.004800 0.002900 0.006800 0.004800 0.008700 0.007800 0.004800 0.007700 0.004800 0.000000 0.007700 0.007700 0.007800 0.004800 0.006800 0.004800 0.006800 0.006800 0.005800 0.001900 0.007700 0.001000 0.006800 0.006800 0.005800 0.005800 0.005800 0.006800 0.005800 0.004800 0.004800
HarveysDui 0.003900 0.013700 0.004800 0.019700 0.004800 0.002900 0.001900 0.004800 0.004800 0.008700 0.002900 0.005800 0.007800 0.001900 0.004800 0.004800 0.006800 0.006800 0.003900 0.004800 0.003900 0.002900 0.008700 0.004800 0.002900 0.006800 0.007800 0.004800 0.005800 0.004800 0.007700 0.000000 0.005800 0.007800 0.002900 0.005800 0.002900 0.004800 0.004800 0.003900 0.007800 0.005800 0.008700 0.004800 0.006800 0.005800 0.003900 0.003900 0.006800 0.003900 0.004800 0.004800
Pronghorn 0.003900 0.011700 0.002900 0.017700 0.002900 0.002900 0.003900 0.002900 0.002900 0.006800 0.002900 0.003900 0.007800 0.003900 0.001000 0.001000 0.004800 0.004800 0.003900 0.002900 0.001900 0.002900 0.006800 0.002900 0.002900 0.002900 0.007800 0.002900 0.001900 0.002900 0.007700 0.005800 0.000000 0.007700 0.002900 0.003900 0.002900 0.002900 0.002900 0.001900 0.005800 0.001900 0.006800 0.002900 0.004800 0.005800 0.001900 0.001900 0.006800 0.001900 0.002900 0.002900
BlueWildeb 0.005800 0.015600 0.006800 0.021800 0.006800 0.004800 0.005800 0.006800 0.006800 0.008700 0.004800 0.007800 0.000000 0.005800 0.006800 0.006800 0.008700 0.008700 0.005800 0.006800 0.005800 0.004800 0.008700 0.006800 0.004800 0.008700 0.000000 0.006800 0.007800 0.006800 0.007800 0.007800 0.007700 0.000000 0.004800 0.007800 0.004800 0.004800 0.006800 0.005800 0.007800 0.007800 0.008700 0.006800 0.008700 0.005800 0.005800 0.005800 0.008700 0.005900 0.006800 0.006800
Gemsbok 0.001000 0.010700 0.001900 0.016700 0.001900 0.000000 0.001000 0.001900 0.001900 0.005800 0.000000 0.002900 0.004800 0.001000 0.001900 0.001900 0.003900 0.003900 0.001000 0.001900 0.001000 0.000000 0.005800 0.001900 0.000000 0.003900 0.004800 0.001900 0.002900 0.001900 0.004800 0.002900 0.002900 0.004800 0.000000 0.002900 0.000000 0.001900 0.001900 0.001000 0.004800 0.002900 0.005800 0.001900 0.003900 0.002900 0.001000 0.001000 0.003900 0.001000 0.001900 0.001900
Yak 0.003900 0.011700 0.002900 0.017800 0.002900 0.002900 0.003900 0.002900 0.002900 0.005800 0.002900 0.000000 0.007800 0.003900 0.002900 0.002900 0.004800 0.004800 0.003900 0.002900 0.001900 0.002900 0.005800 0.002900 0.002900 0.004800 0.007800 0.002900 0.003900 0.002900 0.006800 0.005800 0.003900 0.007800 0.002900 0.000000 0.002900 0.002900 0.002900 0.001900 0.004800 0.003900 0.005800 0.002900 0.001000 0.005800 0.001900 0.001900 0.006800 0.001900 0.002900 0.002900
BlueSheep 0.001000 0.010700 0.001900 0.016800 0.001900 0.000000 0.001000 0.001900 0.001900 0.005800 0.000000 0.002900 0.004800 0.001000 0.001900 0.001900 0.003900 0.003900 0.001000 0.001900 0.001000 0.000000 0.005800 0.001900 0.000000 0.003900 0.004800 0.001900 0.002900 0.001900 0.004800 0.002900 0.002900 0.004800 0.000000 0.002900 0.000000 0.001900 0.001900 0.001000 0.004800 0.002900 0.005800 0.001900 0.003900 0.002900 0.001000 0.001000 0.003900 0.001000 0.001900 0.001900
BohorReedb 0.002900 0.010700 0.001900 0.016800 0.001900 0.001900 0.002900 0.001900 0.001900 0.005800 0.001900 0.002900 0.004800 0.002900 0.001900 0.001900 0.003900 0.003900 0.002900 0.001900 0.001000 0.001900 0.005800 0.001900 0.001900 0.003900 0.004800 0.001900 0.002900 0.001900 0.006800 0.004800 0.002900 0.004800 0.001900 0.002900 0.001900 0.000000 0.001900 0.001000 0.004800 0.002900 0.005800 0.001900 0.003900 0.004800 0.001000 0.001000 0.005800 0.001000 0.001900 0.001900
KirksDik 0.002900 0.010700 0.001900 0.016800 0.001900 0.001900 0.002900 0.001900 0.001900 0.005800 0.001900 0.002900 0.006800 0.002900 0.001900 0.001900 0.003900 0.003900 0.002900 0.001900 0.001000 0.001900 0.005800 0.001900 0.001900 0.003900 0.006800 0.001900 0.002900 0.001900 0.006800 0.004800 0.002900 0.006800 0.001900 0.002900 0.001900 0.001900 0.000000 0.001000 0.004800 0.002900 0.005800 0.001900 0.003900 0.004800 0.001000 0.001000 0.005800 0.001000 0.001900 0.001900
RoeDeer 0.001900 0.009700 0.001000 0.015700 0.001000 0.001000 0.001900 0.001000 0.001000 0.004800 0.001000 0.001900 0.005800 0.001900 0.001000 0.001000 0.002900 0.002900 0.001900 0.001000 0.000100 0.001000 0.004800 0.001000 0.001000 0.002900 0.005800 0.001000 0.001900 0.001000 0.005800 0.003900 0.001900 0.005800 0.001000 0.001900 0.001000 0.001000 0.001000 0.000000 0.003900 0.001900 0.004800 0.001000 0.002900 0.003900 0.000100 0.000100 0.004800 0.000100 0.001000 0.001000
WhiteLippe 0.005800 0.013700 0.004800 0.019700 0.004800 0.004800 0.005800 0.004800 0.002900 0.001000 0.004800 0.004800 0.007800 0.005800 0.004800 0.004800 0.006800 0.006800 0.005800 0.002900 0.003900 0.004800 0.001000 0.004800 0.004800 0.006800 0.007800 0.002900 0.005800 0.002900 0.001900 0.007800 0.005800 0.007800 0.004800 0.004800 0.004800 0.004800 0.004800 0.003900 0.000000 0.005800 0.001000 0.004800 0.005800 0.005800 0.003900 0.003900 0.006800 0.003900 0.002900 0.002900
ThomsonGaz 0.003900 0.011700 0.002900 0.017700 0.002900 0.002900 0.003900 0.002900 0.002900 0.006800 0.002900 0.003900 0.007800 0.003900 0.001000 0.001000 0.004800 0.004800 0.003900 0.002900 0.001900 0.002900 0.006800 0.002900 0.002900 0.001000 0.007800 0.002900 0.001900 0.002900 0.007700 0.005800 0.001900 0.007800 0.002900 0.003900 0.002900 0.002900 0.002900 0.001900 0.005800 0.000000 0.006800 0.002900 0.004800 0.005800 0.001900 0.001900 0.006800 0.001900 0.002900 0.002900
MuntiacusC 0.006800 0.014700 0.005800 0.020700 0.005800 0.005800 0.006800 0.005800 0.003900 0.000000 0.005800 0.005800 0.008700 0.006800 0.005800 0.005800 0.007700 0.007700 0.006800 0.003900 0.004800 0.005800 0.001900 0.005800 0.005800 0.007700 0.008700 0.003900 0.006800 0.003900 0.001000 0.008700 0.006800 0.008700 0.005800 0.005800 0.005800 0.005800 0.005800 0.004800 0.001000 0.006800 0.000000 0.005800 0.005800 0.006800 0.004800 0.004800 0.007800 0.004800 0.003900 0.003900
WhiteTaile 0.002900 0.010700 0.001900 0.016700 0.001900 0.001900 0.002900 0.001900 0.001900 0.005800 0.001900 0.002900 0.006800 0.002900 0.001900 0.001900 0.003900 0.003900 0.002900 0.001900 0.001000 0.001900 0.005800 0.000000 0.001900 0.003900 0.006800 0.001900 0.002900 0.001900 0.006800 0.004800 0.002900 0.006800 0.001900 0.002900 0.001900 0.001900 0.001900 0.001000 0.004800 0.002900 0.005800 0.000000 0.003900 0.004800 0.001000 0.001000 0.005800 0.001000 0.001900 0.001900
Cattle 0.004800 0.012700 0.003900 0.018800 0.003900 0.003900 0.004800 0.003900 0.003900 0.005800 0.003900 0.001000 0.008700 0.004800 0.003900 0.003900 0.005800 0.005800 0.004800 0.003900 0.002900 0.003900 0.006800 0.003900 0.003900 0.005800 0.008700 0.003900 0.004800 0.003900 0.006800 0.006800 0.004800 0.008700 0.003900 0.001000 0.003900 0.003900 0.003900 0.002900 0.005800 0.004800 0.005800 0.003900 0.000000 0.006800 0.002900 0.002900 0.007800 0.002900 0.003900 0.003900
RoyalAntel 0.003900 0.013700 0.004800 0.019700 0.004800 0.002900 0.003900 0.004800 0.004800 0.006800 0.002900 0.005800 0.005800 0.003900 0.004800 0.004800 0.006800 0.006800 0.003900 0.004800 0.003900 0.002900 0.006800 0.004800 0.002900 0.006800 0.005800 0.004800 0.005800 0.004800 0.005800 0.005800 0.005800 0.005800 0.002900 0.005800 0.002900 0.004800 0.004800 0.003900 0.005800 0.005800 0.006800 0.004800 0.006800 0.000000 0.003900 0.003900 0.006800 0.003900 0.004800 0.004800
Steenbok 0.001900 0.009800 0.001000 0.015800 0.001000 0.001000 0.001900 0.001000 0.001000 0.004800 0.001000 0.001900 0.005800 0.001900 0.001000 0.001000 0.002900 0.002900 0.001900 0.001000 0.000000 0.001000 0.004800 0.001000 0.001000 0.002900 0.005800 0.001000 0.001900 0.001000 0.005800 0.003900 0.001900 0.005800 0.001000 0.001900 0.001000 0.001000 0.001000 0.000100 0.003900 0.001900 0.004800 0.001000 0.002900 0.003900 0.000000 0.000000 0.004800 0.000000 0.001000 0.001000
Impala 0.001900 0.009800 0.001000 0.015700 0.001000 0.001000 0.001900 0.001000 0.001000 0.004800 0.001000 0.001900 0.005800 0.001900 0.001000 0.001000 0.002900 0.002900 0.001900 0.001000 0.000100 0.001000 0.004800 0.001000 0.001000 0.002900 0.005800 0.001000 0.001900 0.001000 0.005800 0.003900 0.001900 0.005800 0.001000 0.001900 0.001000 0.001000 0.001000 0.000100 0.003900 0.001900 0.004800 0.001000 0.002900 0.003900 0.000000 0.000000 0.004800 0.000100 0.001000 0.001000
Klipspring 0.004800 0.014400 0.005800 0.020600 0.005800 0.003900 0.004800 0.005800 0.003900 0.007800 0.003900 0.006800 0.008700 0.004800 0.005800 0.005800 0.007800 0.007800 0.004800 0.003900 0.004800 0.003900 0.007800 0.005800 0.003900 0.007800 0.008700 0.003900 0.006800 0.003900 0.006800 0.006800 0.006800 0.008700 0.003900 0.006800 0.003900 0.005800 0.005800 0.004800 0.006800 0.006800 0.007800 0.005800 0.007800 0.006800 0.004800 0.004800 0.000000 0.004800 0.003900 0.003900
ForestMusk 0.001900 0.009700 0.001000 0.015700 0.001000 0.001000 0.001900 0.001000 0.001000 0.004800 0.001000 0.001900 0.005900 0.001900 0.001000 0.001000 0.002900 0.002900 0.001900 0.001000 0.000100 0.001000 0.004800 0.001000 0.001000 0.002900 0.005900 0.001000 0.001900 0.001000 0.005800 0.003900 0.001900 0.005900 0.001000 0.001900 0.001000 0.001000 0.001000 0.000100 0.003900 0.001900 0.004800 0.001000 0.002900 0.003900 0.000000 0.000100 0.004800 0.000000 0.001000 0.001000
Bushbuck 0.002900 0.010800 0.001900 0.016700 0.001900 0.001900 0.002900 0.001900 0.000000 0.003900 0.001900 0.002900 0.006800 0.002900 0.001900 0.001900 0.003900 0.003900 0.002900 0.000000 0.001000 0.001900 0.003900 0.001900 0.001900 0.003900 0.006800 0.000000 0.002900 0.000000 0.004800 0.004800 0.002900 0.006800 0.001900 0.002900 0.001900 0.001900 0.001900 0.001000 0.002900 0.002900 0.003900 0.001900 0.003900 0.004800 0.001000 0.001000 0.003900 0.001000 0.000000 0.000000
GreaterKud 0.002900 0.010700 0.001900 0.016700 0.001900 0.001900 0.002900 0.001900 0.000000 0.003900 0.001900 0.002900 0.006800 0.002900 0.001900 0.001900 0.003900 0.003900 0.002900 0.000000 0.001000 0.001900 0.003900 0.001900 0.001900 0.003900 0.006800 0.000000 0.002900 0.000000 0.004800 0.004800 0.002900 0.006800 0.001900 0.002900 0.001900 0.001900 0.001900 0.001000 0.002900 0.002900 0.003900 0.001900 0.003900 0.004800 0.001000 0.001000 0.003900 0.001000 0.000000 0.000000
