1
52 1
Argali 0.000000 0.350800 0.079300 0.253400 0.033500 0.000000 0.048500 0.033800 0.079200 0.075400 0.006300 0.059100 0.033100 0.026800 0.040700 0.040400 0.089700 0.068700 0.033000 0.086200 0.068500 0.019600 0.103200 0.075800 0.013100 0.040300 0.033400 0.072600 0.040900 0.072700 0.075200 0.047300 0.106100 0.033600 0.026900 0.068000 0.012500 0.040400 0.061500 0.089600 0.086400 0.047100 0.112200 0.089500 0.054100 0.026700 0.060500 0.033800 0.026700 0.183300 0.079200 0.072700
LesserMous 0.350800 0.000000 0.402600 0.314300 0.344000 0.350800 0.402600 0.346500 0.391700 0.321600 0.340400 0.398200 0.339000 0.354900 0.365700 0.360700 0.312800 0.318400 0.378200 0.402000 0.400900 0.357900 0.347000 0.325600 0.348600 0.383300 0.344100 0.383300 0.354600 0.361900 0.321500 0.365200 0.345700 0.344400 0.357500 0.424200 0.349000 0.379600 0.377200 0.343000 0.341900 0.392900 0.345300 0.342200 0.405000 0.355500 0.403800 0.356000 0.342700 0.424300 0.391700 0.383500
LesserKudu 0.079300 0.402600 0.000000 0.310500 0.094200 0.079300 0.111100 0.094800 0.031700 0.123200 0.086600 0.092300 0.093000 0.072700 0.101700 0.101000 0.124700 0.119000 0.078500 0.038000 0.130700 0.099900 0.151200 0.138800 0.093200 0.086600 0.094000 0.025400 0.102300 0.038400 0.122900 0.108300 0.148100 0.094100 0.087400 0.115300 0.093200 0.101600 0.108800 0.122900 0.145000 0.079300 0.161100 0.152600 0.115700 0.087100 0.107000 0.094600 0.086700 0.253400 0.031700 0.025300
KillerWhal 0.253400 0.314300 0.310500 0.000000 0.238200 0.253400 0.315500 0.268200 0.320300 0.265300 0.244200 0.315200 0.281200 0.276000 0.285500 0.272900 0.264900 0.269600 0.240700 0.329500 0.337400 0.260300 0.269900 0.267700 0.252000 0.302200 0.285100 0.312400 0.275900 0.293200 0.264600 0.285200 0.296600 0.286000 0.277700 0.339800 0.252200 0.268300 0.305300 0.284100 0.263800 0.311300 0.266100 0.284100 0.322400 0.276000 0.311400 0.277100 0.265500 0.379500 0.320300 0.312500
DefassaWat 0.033500 0.344000 0.094200 0.238200 0.000000 0.033500 0.056200 0.027200 0.087000 0.083400 0.040500 0.066700 0.040200 0.033900 0.048200 0.033900 0.083000 0.076900 0.053900 0.094200 0.076400 0.053700 0.104400 0.083900 0.047100 0.047700 0.040600 0.080400 0.034300 0.080500 0.083200 0.054800 0.114800 0.040900 0.034100 0.075800 0.047100 0.020100 0.055000 0.097800 0.087400 0.054600 0.121000 0.097800 0.061700 0.033800 0.068200 0.041200 0.033900 0.176700 0.087000 0.080500
Sheep 0.000000 0.350800 0.079300 0.253400 0.033500 0.000000 0.048500 0.033800 0.079200 0.075400 0.006600 0.059100 0.033100 0.026800 0.040700 0.040400 0.089700 0.068700 0.033000 0.086200 0.068500 0.019600 0.103200 0.075800 0.013100 0.040300 0.033400 0.072600 0.040900 0.072700 0.075200 0.047300 0.106100 0.033600 0.026900 0.068000 0.013100 0.040400 0.061500 0.089600 0.086400 0.047100 0.112200 0.089500 0.054100 0.026700 0.060500 0.033800 0.026700 0.183300 0.079200 0.072700
MaxwellsDu 0.048500 0.402600 0.111100 0.315500 0.056200 0.048500 0.000000 0.056600 0.103700 0.100400 0.055800 0.082800 0.055400 0.034500 0.063800 0.063300 0.116100 0.094400 0.069300 0.111000 0.093100 0.069600 0.129600 0.101100 0.062600 0.063200 0.041700 0.096900 0.064100 0.097000 0.100100 0.041500 0.133300 0.056200 0.049200 0.092300 0.062700 0.063600 0.085700 0.115400 0.112300 0.070300 0.139700 0.115400 0.077700 0.049000 0.084300 0.056500 0.048800 0.171900 0.103700 0.097000
GazellaPrz 0.033800 0.346500 0.094800 0.268200 0.027200 0.033800 0.056600 0.000000 0.087600 0.083700 0.040900 0.067100 0.040600 0.034000 0.048500 0.006600 0.083600 0.077400 0.054200 0.094700 0.047500 0.054400 0.112400 0.084500 0.047600 0.020000 0.041100 0.080900 0.006700 0.081000 0.083800 0.055000 0.115600 0.040800 0.034400 0.076300 0.047600 0.041200 0.026800 0.090800 0.095200 0.026700 0.121800 0.098500 0.062100 0.034200 0.039900 0.041300 0.033800 0.169000 0.087600 0.081000
MountainNy 0.079200 0.391700 0.031700 0.320300 0.087000 0.079200 0.103700 0.087600 0.000000 0.130700 0.086500 0.085500 0.085900 0.065600 0.094500 0.093800 0.117400 0.111600 0.085300 0.018900 0.123300 0.099800 0.158900 0.131500 0.093100 0.079500 0.086800 0.006100 0.095000 0.019000 0.130400 0.101100 0.147900 0.087000 0.080200 0.108100 0.093100 0.094400 0.101500 0.115700 0.137600 0.072300 0.169000 0.145200 0.108500 0.080000 0.099900 0.087400 0.079700 0.244600 0.000000 0.006300
MuntiacusM 0.075400 0.321600 0.123200 0.265300 0.083400 0.075400 0.100400 0.083700 0.130700 0.000000 0.082800 0.110000 0.082300 0.075800 0.080000 0.094200 0.069700 0.049000 0.096100 0.138000 0.105200 0.096500 0.026500 0.027000 0.089600 0.094000 0.083200 0.124000 0.095500 0.124100 0.000000 0.097500 0.077400 0.083100 0.076500 0.125900 0.089600 0.091000 0.112700 0.040400 0.026700 0.101300 0.033700 0.040400 0.111400 0.076200 0.110900 0.083600 0.075600 0.175600 0.130700 0.124100
goat 0.006300 0.340400 0.086600 0.244200 0.040500 0.006600 0.055800 0.040900 0.086500 0.082800 0.000000 0.066300 0.039900 0.033700 0.047800 0.047400 0.097400 0.076400 0.039800 0.093500 0.075900 0.012600 0.110800 0.083300 0.006300 0.047400 0.040300 0.079900 0.048000 0.080000 0.082600 0.054400 0.113900 0.040600 0.033900 0.075200 0.006300 0.047500 0.068800 0.097100 0.094000 0.054200 0.120000 0.097100 0.061300 0.033600 0.067700 0.040800 0.026800 0.192400 0.086500 0.080000
AfricanBuf 0.059100 0.398200 0.092300 0.315200 0.066700 0.059100 0.082800 0.067100 0.085500 0.110000 0.066300 0.000000 0.052100 0.045400 0.074000 0.073500 0.096700 0.090700 0.079300 0.092200 0.102600 0.065700 0.138100 0.110700 0.059000 0.059300 0.052700 0.079000 0.074400 0.079100 0.109700 0.080600 0.142000 0.052700 0.059900 0.046300 0.073000 0.074000 0.095400 0.109700 0.116900 0.066100 0.147800 0.124400 0.046500 0.059700 0.079700 0.066900 0.059400 0.196600 0.085500 0.079100
Topi 0.033100 0.339000 0.093000 0.281200 0.040200 0.033100 0.055400 0.040600 0.085900 0.082300 0.039900 0.052100 0.000000 0.033500 0.047500 0.047100 0.096700 0.075800 0.053200 0.092900 0.075400 0.053100 0.110100 0.082800 0.046500 0.047100 0.012600 0.079400 0.047700 0.079500 0.082000 0.054100 0.113100 0.013300 0.033700 0.060800 0.046500 0.047200 0.068400 0.096500 0.093400 0.053800 0.119200 0.096400 0.047100 0.033400 0.067300 0.040600 0.033400 0.191000 0.085900 0.079500
CommonDuik 0.026800 0.354900 0.072700 0.276000 0.033900 0.026800 0.034500 0.034000 0.065600 0.075800 0.033700 0.045400 0.033500 0.000000 0.041100 0.040600 0.075400 0.069200 0.046900 0.072600 0.068800 0.047100 0.104100 0.076500 0.040300 0.026800 0.033800 0.059000 0.041100 0.059100 0.075800 0.033400 0.107000 0.033800 0.027200 0.054400 0.040400 0.040900 0.061800 0.075800 0.086800 0.033500 0.113200 0.090300 0.054600 0.027000 0.046900 0.034000 0.026800 0.185000 0.065600 0.059100
Suni 0.040700 0.365700 0.101700 0.285500 0.048200 0.040700 0.063800 0.048500 0.094500 0.080000 0.047800 0.074000 0.047500 0.041100 0.000000 0.054900 0.094500 0.072700 0.061100 0.101700 0.069600 0.061400 0.108900 0.080500 0.054500 0.054800 0.048000 0.087800 0.055600 0.087900 0.079800 0.062200 0.111200 0.048200 0.041300 0.090400 0.054600 0.055400 0.076900 0.094700 0.091200 0.061800 0.118200 0.094800 0.076200 0.041100 0.075600 0.034200 0.041000 0.192600 0.094500 0.087900
Springbuck 0.040400 0.360700 0.101000 0.272900 0.033900 0.040400 0.063300 0.006600 0.093800 0.094200 0.047400 0.073500 0.047100 0.040600 0.054900 0.000000 0.093800 0.087700 0.060700 0.101000 0.054200 0.060900 0.123300 0.094900 0.054100 0.026400 0.047600 0.087200 0.013300 0.087300 0.094100 0.061500 0.126000 0.047600 0.041000 0.089700 0.054100 0.047700 0.033500 0.101300 0.106000 0.033000 0.132800 0.109200 0.075500 0.040800 0.033000 0.047900 0.040500 0.181400 0.093800 0.087300
Okapi 0.089700 0.312800 0.124700 0.264900 0.083000 0.089700 0.116100 0.083600 0.117400 0.069700 0.097400 0.096700 0.096700 0.075400 0.094500 0.093800 0.000000 0.027500 0.110900 0.124700 0.121100 0.111400 0.090600 0.070100 0.104300 0.093600 0.097800 0.110700 0.095000 0.110800 0.069500 0.105200 0.099600 0.098100 0.091100 0.127300 0.104400 0.106000 0.113300 0.069400 0.076700 0.101100 0.110600 0.084100 0.127800 0.090600 0.111500 0.098500 0.090200 0.177900 0.117400 0.110700
Giraffe 0.068700 0.318400 0.119000 0.269600 0.076900 0.068700 0.094400 0.077400 0.111600 0.049000 0.076400 0.090700 0.075800 0.069200 0.072700 0.087700 0.027500 0.000000 0.090100 0.119000 0.099800 0.090500 0.070000 0.049300 0.083400 0.087500 0.076700 0.104900 0.088900 0.105000 0.048900 0.084100 0.085900 0.076900 0.069800 0.121500 0.083400 0.084700 0.107500 0.063200 0.056000 0.095000 0.089000 0.063300 0.106500 0.069400 0.105600 0.077200 0.069100 0.172500 0.111600 0.104900
TibetanAnt 0.033000 0.378200 0.078500 0.240700 0.053900 0.033000 0.069300 0.054200 0.085300 0.096100 0.039800 0.079300 0.053200 0.046900 0.061100 0.060700 0.110900 0.090100 0.000000 0.092200 0.089200 0.053000 0.124100 0.096700 0.046400 0.060600 0.053700 0.078800 0.061400 0.078900 0.095900 0.067700 0.105000 0.053900 0.047200 0.088500 0.046400 0.061000 0.068000 0.095900 0.107400 0.053500 0.133400 0.110400 0.074500 0.047000 0.080900 0.054200 0.046800 0.206600 0.085300 0.078900
Sitatunga 0.086200 0.402000 0.038000 0.329500 0.094200 0.086200 0.111000 0.094700 0.018900 0.138000 0.093500 0.092200 0.092900 0.072600 0.101700 0.101000 0.124700 0.119000 0.092200 0.000000 0.130600 0.106900 0.166200 0.138700 0.100100 0.086500 0.093900 0.012600 0.102200 0.025400 0.137600 0.108200 0.155400 0.094100 0.087300 0.115100 0.100200 0.101600 0.108700 0.122700 0.144900 0.079200 0.176600 0.152500 0.115500 0.087000 0.106900 0.094500 0.086700 0.253200 0.018900 0.012600
Oribi 0.068500 0.400900 0.130700 0.337400 0.076400 0.068500 0.093100 0.047500 0.123300 0.105200 0.075900 0.102600 0.075400 0.068800 0.069600 0.054200 0.121100 0.099800 0.089200 0.130600 0.000000 0.089500 0.134300 0.106300 0.082600 0.054100 0.076200 0.116600 0.054800 0.116700 0.105300 0.090500 0.130500 0.075800 0.069600 0.112400 0.082700 0.076400 0.075300 0.112500 0.117300 0.060900 0.144200 0.120300 0.097800 0.055000 0.060200 0.076600 0.068400 0.211100 0.123300 0.116600
BarbaryShe 0.019600 0.357900 0.099900 0.260300 0.053700 0.019600 0.069600 0.054400 0.099800 0.096500 0.012600 0.065700 0.053100 0.047100 0.061400 0.060900 0.111400 0.090500 0.053000 0.106900 0.089500 0.000000 0.124500 0.097000 0.019500 0.060800 0.053700 0.093200 0.061600 0.093400 0.096200 0.067900 0.128000 0.054000 0.047400 0.074600 0.019600 0.060900 0.082500 0.110800 0.107900 0.067600 0.119000 0.110800 0.060700 0.046900 0.081100 0.054400 0.040200 0.207500 0.099800 0.093300
Daviddeer 0.103200 0.347000 0.151200 0.269900 0.104400 0.103200 0.129600 0.112400 0.158900 0.026500 0.110800 0.138100 0.110100 0.104100 0.108900 0.123300 0.090600 0.070000 0.124100 0.166200 0.134300 0.124500 0.000000 0.040100 0.117600 0.123100 0.111300 0.152100 0.124900 0.152300 0.026300 0.104100 0.105900 0.111600 0.104800 0.154800 0.117600 0.112100 0.142000 0.053600 0.026200 0.130400 0.060700 0.053400 0.140100 0.104200 0.124700 0.112300 0.103900 0.207100 0.158900 0.152200
Reindeer 0.075800 0.325600 0.138800 0.267700 0.083900 0.075800 0.101100 0.084500 0.131500 0.027000 0.083300 0.110700 0.082800 0.076500 0.080500 0.094900 0.070100 0.049300 0.096700 0.138700 0.106300 0.097000 0.040100 0.000000 0.090100 0.094700 0.083700 0.124700 0.096200 0.124800 0.025700 0.083700 0.085100 0.083900 0.077000 0.126700 0.090100 0.091500 0.113800 0.026900 0.026700 0.102100 0.062000 0.013300 0.112100 0.062300 0.097200 0.084400 0.076400 0.177000 0.131500 0.124800
Ibex 0.013100 0.348600 0.093200 0.252000 0.047100 0.013100 0.062600 0.047600 0.093100 0.089600 0.006300 0.059000 0.046500 0.040300 0.054500 0.054100 0.104300 0.083400 0.046400 0.100100 0.082600 0.019500 0.117600 0.090100 0.000000 0.054000 0.047000 0.086500 0.054800 0.086600 0.089300 0.061100 0.120900 0.047300 0.040600 0.067800 0.012400 0.054100 0.075600 0.103900 0.100900 0.060900 0.126900 0.103900 0.053900 0.040200 0.074400 0.047600 0.033500 0.191600 0.093100 0.086600
GyrantGaze 0.040300 0.383300 0.086600 0.302200 0.047700 0.040300 0.063200 0.020000 0.079500 0.094000 0.047400 0.059300 0.047100 0.026800 0.054800 0.026400 0.093600 0.087500 0.060600 0.086500 0.054100 0.060800 0.123100 0.094700 0.054000 0.000000 0.047600 0.072900 0.026700 0.073000 0.094000 0.061400 0.125800 0.047500 0.040900 0.075200 0.054100 0.047700 0.047200 0.086200 0.105800 0.018900 0.132500 0.109000 0.075400 0.040700 0.032900 0.047800 0.040400 0.198600 0.079500 0.073000
Hartebeest 0.033400 0.344100 0.094000 0.285100 0.040600 0.033400 0.041700 0.041100 0.086800 0.083200 0.040300 0.052700 0.012600 0.033800 0.048000 0.047600 0.097800 0.076700 0.053700 0.093900 0.076200 0.053700 0.111300 0.083700 0.047000 0.047600 0.000000 0.080200 0.048200 0.080300 0.082900 0.040700 0.114400 0.013400 0.034000 0.061400 0.047000 0.047700 0.069100 0.097500 0.094400 0.054400 0.120600 0.097500 0.047600 0.033700 0.068000 0.041000 0.033700 0.176300 0.086800 0.080300
Bongo 0.072600 0.383300 0.025400 0.312400 0.080400 0.072600 0.096900 0.080900 0.006100 0.124000 0.079900 0.079000 0.079400 0.059000 0.087800 0.087200 0.110700 0.104900 0.078800 0.012600 0.116600 0.093200 0.152100 0.124700 0.086500 0.072900 0.080200 0.000000 0.088300 0.012700 0.123700 0.094400 0.141100 0.080300 0.073500 0.101500 0.086600 0.087800 0.094800 0.109000 0.130900 0.065700 0.162200 0.138500 0.101900 0.073300 0.093300 0.080700 0.073000 0.237400 0.006300 0.000000
Gerenuk 0.040900 0.354600 0.102300 0.275900 0.034300 0.040900 0.064100 0.006700 0.095000 0.095500 0.048000 0.074400 0.047700 0.041100 0.055600 0.013300 0.095000 0.088900 0.061400 0.102200 0.054800 0.061600 0.124900 0.096200 0.054800 0.026700 0.048200 0.088300 0.000000 0.088400 0.095400 0.062300 0.127700 0.048200 0.041500 0.090900 0.054800 0.048400 0.033900 0.102700 0.107400 0.033400 0.126400 0.110700 0.076500 0.041300 0.047100 0.048500 0.041000 0.184200 0.095000 0.088400
CommonElan 0.072700 0.361900 0.038400 0.293200 0.080500 0.072700 0.097000 0.081000 0.019000 0.124100 0.080000 0.079100 0.079500 0.059100 0.087900 0.087300 0.110800 0.105000 0.078900 0.025400 0.116700 0.093400 0.152300 0.124800 0.086600 0.073000 0.080300 0.012700 0.088400 0.000000 0.123800 0.094500 0.141200 0.080400 0.073700 0.101700 0.086700 0.087900 0.095000 0.109100 0.131000 0.065800 0.162400 0.138600 0.102000 0.073400 0.093400 0.080800 0.073100 0.237700 0.019000 0.012700
MuntiacusR 0.075200 0.321500 0.122900 0.264600 0.083200 0.075200 0.100100 0.083800 0.130400 0.000000 0.082600 0.109700 0.082000 0.075800 0.079800 0.094100 0.069500 0.048900 0.095900 0.137600 0.105300 0.096200 0.026300 0.025700 0.089300 0.094000 0.082900 0.123700 0.095400 0.123800 0.000000 0.097600 0.077200 0.083200 0.076400 0.125600 0.089400 0.090700 0.112800 0.040300 0.026500 0.101200 0.033600 0.040100 0.111100 0.075900 0.111000 0.083700 0.075700 0.175100 0.130400 0.123700
HarveysDui 0.047300 0.365200 0.108300 0.285200 0.054800 0.047300 0.041500 0.055000 0.101100 0.097500 0.054400 0.080600 0.054100 0.033400 0.062200 0.061500 0.105200 0.084100 0.067700 0.108200 0.090500 0.067900 0.104100 0.083700 0.061100 0.061400 0.040700 0.094400 0.062300 0.094500 0.097600 0.000000 0.129900 0.054600 0.048000 0.090100 0.061200 0.062000 0.083300 0.097600 0.094200 0.068300 0.136000 0.097600 0.075800 0.047800 0.067800 0.054900 0.047400 0.193400 0.101100 0.094500
Pronghorn 0.106100 0.345700 0.148100 0.296600 0.114800 0.106100 0.133300 0.115600 0.147900 0.077400 0.113900 0.142000 0.113100 0.107000 0.111200 0.126000 0.099600 0.085900 0.105000 0.155400 0.130500 0.128000 0.105900 0.085100 0.120900 0.125800 0.114400 0.141100 0.127700 0.141200 0.077200 0.129900 0.000000 0.114700 0.107700 0.158800 0.120900 0.122800 0.130300 0.084300 0.098900 0.117700 0.103200 0.099100 0.143500 0.107100 0.143600 0.115400 0.106800 0.213300 0.147900 0.141100
BlueWildeb 0.033600 0.344400 0.094100 0.286000 0.040900 0.033600 0.056200 0.040800 0.087000 0.083100 0.040600 0.052700 0.013300 0.033800 0.048200 0.047600 0.098100 0.076900 0.053900 0.094100 0.075800 0.054000 0.111600 0.083900 0.047300 0.047500 0.013400 0.080300 0.048200 0.080400 0.083200 0.054600 0.114700 0.000000 0.034100 0.061600 0.047300 0.048000 0.068700 0.097800 0.094500 0.054400 0.120900 0.097800 0.047700 0.034000 0.067600 0.041000 0.033600 0.177100 0.087000 0.080400
Gemsbok 0.026900 0.357500 0.087400 0.277700 0.034100 0.026900 0.049200 0.034400 0.080200 0.076500 0.033900 0.059900 0.033700 0.027200 0.041300 0.041000 0.091100 0.069800 0.047200 0.087300 0.069600 0.047400 0.104800 0.077000 0.040600 0.040900 0.034000 0.073500 0.041500 0.073700 0.076400 0.048000 0.107700 0.034100 0.000000 0.069000 0.040600 0.041200 0.062500 0.090900 0.087500 0.047800 0.114000 0.090900 0.054900 0.027200 0.061400 0.034300 0.027100 0.186500 0.080200 0.073600
Yak 0.068000 0.424200 0.115300 0.339800 0.075800 0.068000 0.092300 0.076300 0.108100 0.125900 0.075200 0.046300 0.060800 0.054400 0.090400 0.089700 0.127300 0.121500 0.088500 0.115100 0.112400 0.074600 0.154800 0.126700 0.067800 0.075200 0.061400 0.101500 0.090900 0.101700 0.125600 0.090100 0.158800 0.061600 0.069000 0.000000 0.082000 0.083200 0.105100 0.125500 0.140500 0.082100 0.165000 0.140700 0.026500 0.068600 0.088900 0.076200 0.068400 0.233800 0.108100 0.101600
BlueSheep 0.012500 0.349000 0.093200 0.252200 0.047100 0.013100 0.062700 0.047600 0.093100 0.089600 0.006300 0.073000 0.046500 0.040400 0.054600 0.054100 0.104400 0.083400 0.046400 0.100200 0.082700 0.019600 0.117600 0.090100 0.012400 0.054100 0.047000 0.086600 0.054800 0.086700 0.089400 0.061200 0.120900 0.047300 0.040600 0.082000 0.000000 0.054200 0.075600 0.103900 0.100900 0.060900 0.127000 0.103900 0.068000 0.040200 0.074400 0.047600 0.033500 0.199900 0.093100 0.086600
BohorReedb 0.040400 0.379600 0.101600 0.268300 0.020100 0.040400 0.063600 0.041200 0.094400 0.091000 0.047500 0.074000 0.047200 0.040900 0.055400 0.047700 0.106000 0.084700 0.061000 0.101600 0.076400 0.060900 0.112100 0.091500 0.054100 0.047700 0.047700 0.087800 0.048400 0.087900 0.090700 0.062000 0.122800 0.048000 0.041200 0.083200 0.054200 0.000000 0.069300 0.090500 0.095100 0.054500 0.128900 0.105400 0.069000 0.040800 0.068100 0.048300 0.040900 0.185700 0.094400 0.087900
KirksDik 0.061500 0.377200 0.108800 0.305300 0.055000 0.061500 0.085700 0.026800 0.101500 0.112700 0.068800 0.095400 0.068400 0.061800 0.076900 0.033500 0.113300 0.107500 0.068000 0.108700 0.075300 0.082500 0.142000 0.113800 0.075600 0.047200 0.069100 0.094800 0.033900 0.095000 0.112800 0.083300 0.130300 0.068700 0.062500 0.105100 0.075600 0.069300 0.000000 0.105000 0.125000 0.040200 0.152100 0.127900 0.090600 0.062100 0.067200 0.069400 0.061400 0.184600 0.101500 0.094900
RoeDeer 0.089600 0.343000 0.122900 0.284100 0.097800 0.089600 0.115400 0.090800 0.115700 0.040400 0.097100 0.109700 0.096500 0.075800 0.094700 0.101300 0.069400 0.063200 0.095900 0.122700 0.112500 0.110800 0.053600 0.026900 0.103900 0.086200 0.097500 0.109000 0.102700 0.109100 0.040300 0.097600 0.084300 0.097800 0.090900 0.125500 0.103900 0.090500 0.105000 0.000000 0.040200 0.078700 0.075600 0.040200 0.126100 0.090400 0.088900 0.098300 0.090100 0.174800 0.115700 0.109000
WhiteLippe 0.086400 0.341900 0.145000 0.263800 0.087400 0.086400 0.112300 0.095200 0.137600 0.026700 0.094000 0.116900 0.093400 0.086800 0.091200 0.106000 0.076700 0.056000 0.107400 0.144900 0.117300 0.107900 0.026200 0.026700 0.100900 0.105800 0.094400 0.130900 0.107400 0.131000 0.026500 0.094200 0.098900 0.094500 0.087500 0.140500 0.100900 0.095100 0.125000 0.040200 0.000000 0.113200 0.061200 0.040000 0.125900 0.087200 0.108000 0.094900 0.086800 0.191500 0.137600 0.131000
ThomsonGaz 0.047100 0.392900 0.079300 0.311300 0.054600 0.047100 0.070300 0.026700 0.072300 0.101300 0.054200 0.066100 0.053800 0.033500 0.061800 0.033000 0.101100 0.095000 0.053500 0.079200 0.060900 0.067600 0.130400 0.102100 0.060900 0.018900 0.054400 0.065700 0.033400 0.065800 0.101200 0.068300 0.117700 0.054400 0.047800 0.082100 0.060900 0.054500 0.040200 0.078700 0.113200 0.000000 0.140000 0.116300 0.082400 0.047600 0.039500 0.054700 0.047200 0.206700 0.072300 0.065800
MuntiacusC 0.112200 0.345300 0.161100 0.266100 0.121000 0.112200 0.139700 0.121800 0.169000 0.033700 0.120000 0.147800 0.119200 0.113200 0.118200 0.132800 0.110600 0.089000 0.133400 0.176600 0.144200 0.119000 0.060700 0.062000 0.126900 0.132500 0.120600 0.162200 0.126400 0.162400 0.033600 0.136000 0.103200 0.120900 0.114000 0.165000 0.127000 0.128900 0.152100 0.075600 0.061200 0.140000 0.000000 0.075600 0.150000 0.113400 0.149500 0.121700 0.113000 0.219800 0.169000 0.162300
WhiteTaile 0.089500 0.342200 0.152600 0.284100 0.097800 0.089500 0.115400 0.098500 0.145200 0.040400 0.097100 0.124400 0.096400 0.090300 0.094800 0.109200 0.084100 0.063300 0.110400 0.152500 0.120300 0.110800 0.053400 0.013300 0.103900 0.109000 0.097500 0.138500 0.110700 0.138600 0.040100 0.097600 0.099100 0.097800 0.090900 0.140700 0.103900 0.105400 0.127900 0.040200 0.040000 0.116300 0.075600 0.000000 0.126100 0.076000 0.110900 0.098300 0.090100 0.192000 0.145200 0.138500
Cattle 0.054100 0.405000 0.115700 0.322400 0.061700 0.054100 0.077700 0.062100 0.108500 0.111400 0.061300 0.046500 0.047100 0.054600 0.076200 0.075500 0.127800 0.106500 0.074500 0.115500 0.097800 0.060700 0.140100 0.112100 0.053900 0.075400 0.047600 0.101900 0.076500 0.102000 0.111100 0.075800 0.143500 0.047700 0.054900 0.026500 0.068000 0.069000 0.090600 0.126100 0.125900 0.082400 0.150000 0.126100 0.000000 0.054600 0.089100 0.062000 0.054400 0.208100 0.108500 0.101900
RoyalAntel 0.026700 0.355500 0.087100 0.276000 0.033800 0.026700 0.049000 0.034200 0.080000 0.076200 0.033600 0.059700 0.033400 0.027000 0.041100 0.040800 0.090600 0.069400 0.047000 0.087000 0.055000 0.046900 0.104200 0.062300 0.040200 0.040700 0.033700 0.073300 0.041300 0.073400 0.075900 0.047800 0.107100 0.034000 0.027200 0.068600 0.040200 0.040800 0.062100 0.090400 0.087200 0.047600 0.113400 0.076000 0.054600 0.000000 0.061100 0.034200 0.027000 0.185400 0.080000 0.073400
Steenbok 0.060500 0.403800 0.107000 0.311400 0.068200 0.060500 0.084300 0.039900 0.099900 0.110900 0.067700 0.079700 0.067300 0.046900 0.075600 0.033000 0.111500 0.105600 0.080900 0.106900 0.060200 0.081100 0.124700 0.097200 0.074400 0.032900 0.068000 0.093300 0.047100 0.093400 0.111000 0.067800 0.143600 0.067600 0.061400 0.088900 0.074400 0.068100 0.067200 0.088900 0.108000 0.039500 0.149500 0.110900 0.089100 0.061100 0.000000 0.068300 0.060400 0.215800 0.099900 0.093400
Impala 0.033800 0.356000 0.094600 0.277100 0.041200 0.033800 0.056500 0.041300 0.087400 0.083600 0.040800 0.066900 0.040600 0.034000 0.034200 0.047900 0.098500 0.077200 0.054200 0.094500 0.076600 0.054400 0.112300 0.084400 0.047600 0.047800 0.041000 0.080700 0.048500 0.080800 0.083700 0.054900 0.115400 0.041000 0.034300 0.076200 0.047600 0.048300 0.069400 0.098300 0.094900 0.054700 0.121700 0.098300 0.062000 0.034200 0.068300 0.000000 0.033900 0.178300 0.087400 0.080800
Klipspring 0.026700 0.342700 0.086700 0.265500 0.033900 0.026700 0.048800 0.033800 0.079700 0.075600 0.026800 0.059400 0.033400 0.026800 0.041000 0.040500 0.090200 0.069100 0.046800 0.086700 0.068400 0.040200 0.103900 0.076400 0.033500 0.040400 0.033700 0.073000 0.041000 0.073100 0.075700 0.047400 0.106800 0.033600 0.027100 0.068400 0.033500 0.040900 0.061400 0.090100 0.086800 0.047200 0.113000 0.090100 0.054400 0.027000 0.060400 0.033900 0.000000 0.184700 0.079700 0.073100
ForestMusk 0.183300 0.424300 0.253400 0.379500 0.176700 0.183300 0.171900 0.169000 0.244600 0.175600 0.192400 0.196600 0.191000 0.185000 0.192600 0.181400 0.177900 0.172500 0.206600 0.253200 0.211100 0.207500 0.207100 0.177000 0.191600 0.198600 0.176300 0.237400 0.184200 0.237700 0.175100 0.193400 0.213300 0.177100 0.186500 0.233800 0.199900 0.185700 0.184600 0.174800 0.191500 0.206700 0.219800 0.192000 0.208100 0.185400 0.215800 0.178300 0.184700 0.000000 0.244600 0.237600
Bushbuck 0.079200 0.391700 0.031700 0.320300 0.087000 0.079200 0.103700 0.087600 0.000000 0.130700 0.086500 0.085500 0.085900 0.065600 0.094500 0.093800 0.117400 0.111600 0.085300 0.018900 0.123300 0.099800 0.158900 0.131500 0.093100 0.079500 0.086800 0.006300 0.095000 0.019000 0.130400 0.101100 0.147900 0.087000 0.080200 0.108100 0.093100 0.094400 0.101500 0.115700 0.137600 0.072300 0.169000 0.145200 0.108500 0.080000 0.099900 0.087400 0.079700 0.244600 0.000000 0.006300
GreaterKud 0.072700 0.383500 0.025300 0.312500 0.080500 0.072700 0.097000 0.081000 0.006300 0.124100 0.080000 0.079100 0.079500 0.059100 0.087900 0.087300 0.110700 0.104900 0.078900 0.012600 0.116600 0.093300 0.152200 0.124800 0.086600 0.073000 0.080300 0.000000 0.088400 0.012700 0.123700 0.094500 0.141100 0.080400 0.073600 0.101600 0.086600 0.087900 0.094900 0.109000 0.131000 0.065800 0.162300 0.138500 0.101900 0.073400 0.093400 0.080800 0.073100 0.237600 0.006300 0.000000
