1
52 1
Argali 0.000000 0.000500 0.000500 0.001600 0.000000 0.000500 0.000000 0.000000 0.000500 0.000500 0.000000 0.000000 0.000500 0.000000 0.000000 0.000000 0.000500 0.001000 0.000000 0.000500 0.000000 0.000000 0.000000 0.000100 0.000000 0.000500 0.000500 0.000500 0.000500 0.000500 0.000500 0.000000 0.000000 0.000000 0.001000 0.000000 0.000000 0.000000 0.000500 0.000000 0.000000 0.000000 0.000500 0.000100 0.000000 0.000000 0.002100 0.000000 0.000000 0.001000 0.000500 0.000500
LesserMous 0.000500 0.000000 0.001000 0.002100 0.000500 0.001000 0.000500 0.000500 0.001000 0.001000 0.000500 0.000500 0.001000 0.000500 0.000500 0.000500 0.001000 0.001600 0.000500 0.001000 0.000500 0.000500 0.000500 0.000500 0.000500 0.001000 0.001000 0.001000 0.001000 0.001000 0.001000 0.000500 0.000500 0.000500 0.001600 0.000500 0.000500 0.000500 0.001000 0.000500 0.000500 0.000500 0.001000 0.000500 0.000500 0.000500 0.002600 0.000500 0.000500 0.001600 0.001000 0.001000
LesserKudu 0.000500 0.001000 0.000000 0.002100 0.000500 0.001000 0.000500 0.000500 0.000000 0.001000 0.000500 0.000500 0.001000 0.000500 0.000500 0.000500 0.001000 0.001600 0.000500 0.000000 0.000500 0.000500 0.000500 0.000500 0.000500 0.001000 0.001000 0.000000 0.001000 0.000000 0.001000 0.000500 0.000500 0.000500 0.001600 0.000500 0.000500 0.000500 0.001000 0.000500 0.000500 0.000500 0.001000 0.000500 0.000500 0.000500 0.002600 0.000500 0.000500 0.001600 0.000000 0.000000
KillerWhal 0.001600 0.002100 0.002100 0.000000 0.001600 0.002100 0.001600 0.001600 0.002100 0.001000 0.001600 0.001600 0.002100 0.001600 0.001600 0.001600 0.002100 0.002600 0.001600 0.002100 0.001600 0.001600 0.001600 0.001600 0.001600 0.002100 0.002100 0.002100 0.002100 0.002100 0.001000 0.001600 0.001600 0.001600 0.002600 0.001600 0.001600 0.001600 0.002100 0.001600 0.001600 0.001600 0.001000 0.001600 0.001600 0.001600 0.003600 0.001600 0.001600 0.002600 0.002100 0.002100
DefassaWat 0.000000 0.000500 0.000500 0.001600 0.000000 0.000500 0.000000 0.000000 0.000500 0.000500 0.000000 0.000000 0.000500 0.000000 0.000000 0.000000 0.000500 0.001000 0.000000 0.000500 0.000000 0.000000 0.000000 0.000100 0.000000 0.000500 0.000500 0.000500 0.000500 0.000500 0.000500 0.000000 0.000000 0.000000 0.001000 0.000000 0.000000 0.000000 0.000500 0.000000 0.000000 0.000000 0.000500 0.000100 0.000000 0.000000 0.002100 0.000000 0.000000 0.001000 0.000500 0.000500
Sheep 0.000500 0.001000 0.001000 0.002100 0.000500 0.000000 0.000500 0.000500 0.001000 0.001000 0.000500 0.000500 0.001000 0.000500 0.000500 0.000500 0.001000 0.001600 0.000500 0.001000 0.000500 0.000500 0.000500 0.000500 0.000500 0.001000 0.001000 0.001000 0.001000 0.001000 0.001000 0.000500 0.000500 0.000500 0.001600 0.000500 0.000500 0.000500 0.001000 0.000500 0.000500 0.000500 0.001000 0.000500 0.000500 0.000500 0.002600 0.000500 0.000500 0.001600 0.001000 0.001000
MaxwellsDu 0.000000 0.000500 0.000500 0.001600 0.000000 0.000500 0.000000 0.000000 0.000500 0.000500 0.000000 0.000000 0.000500 0.000000 0.000000 0.000000 0.000500 0.001000 0.000000 0.000500 0.000000 0.000000 0.000000 0.000100 0.000000 0.000500 0.000500 0.000500 0.000500 0.000500 0.000500 0.000000 0.000100 0.000000 0.001000 0.000000 0.000000 0.000000 0.000500 0.000000 0.000000 0.000000 0.000500 0.000100 0.000000 0.000000 0.002100 0.000000 0.000000 0.001000 0.000500 0.000500
GazellaPrz 0.000000 0.000500 0.000500 0.001600 0.000000 0.000500 0.000000 0.000000 0.000500 0.000500 0.000000 0.000000 0.000500 0.000000 0.000000 0.000000 0.000500 0.001000 0.000000 0.000500 0.000000 0.000000 0.000100 0.000100 0.000000 0.000500 0.000500 0.000500 0.000500 0.000500 0.000500 0.000000 0.000100 0.000000 0.001000 0.000000 0.000000 0.000000 0.000500 0.000100 0.000000 0.000000 0.000500 0.000100 0.000000 0.000000 0.002100 0.000000 0.000000 0.001000 0.000500 0.000500
MountainNy 0.000500 0.001000 0.000000 0.002100 0.000500 0.001000 0.000500 0.000500 0.000000 0.001000 0.000500 0.000500 0.001000 0.000500 0.000500 0.000500 0.001000 0.001600 0.000500 0.000000 0.000500 0.000500 0.000500 0.000500 0.000500 0.001000 0.001000 0.000000 0.001000 0.000000 0.001000 0.000500 0.000500 0.000500 0.001600 0.000500 0.000500 0.000500 0.001000 0.000500 0.000500 0.000500 0.001000 0.000500 0.000500 0.000500 0.002600 0.000500 0.000500 0.001600 0.000000 0.000000
MuntiacusM 0.000500 0.001000 0.001000 0.001000 0.000500 0.001000 0.000500 0.000500 0.001000 0.000000 0.000500 0.000500 0.001000 0.000500 0.000500 0.000500 0.001000 0.001600 0.000500 0.001000 0.000500 0.000500 0.000500 0.000500 0.000500 0.001000 0.001000 0.001000 0.001000 0.001000 0.000000 0.000500 0.000500 0.000500 0.001600 0.000500 0.000500 0.000500 0.001000 0.000500 0.000500 0.000500 0.000000 0.000500 0.000500 0.000500 0.002600 0.000500 0.000500 0.001600 0.001000 0.001000
goat 0.000000 0.000500 0.000500 0.001600 0.000000 0.000500 0.000000 0.000000 0.000500 0.000500 0.000000 0.000000 0.000500 0.000000 0.000000 0.000000 0.000500 0.001000 0.000000 0.000500 0.000000 0.000000 0.000100 0.000100 0.000000 0.000500 0.000500 0.000500 0.000500 0.000500 0.000500 0.000000 0.000100 0.000000 0.001000 0.000000 0.000000 0.000000 0.000500 0.000100 0.000000 0.000000 0.000500 0.000100 0.000000 0.000000 0.002100 0.000000 0.000000 0.001000 0.000500 0.000500
AfricanBuf 0.000000 0.000500 0.000500 0.001600 0.000000 0.000500 0.000000 0.000000 0.000500 0.000500 0.000000 0.000000 0.000500 0.000000 0.000000 0.000000 0.000500 0.001000 0.000000 0.000500 0.000000 0.000000 0.000000 0.000100 0.000000 0.000500 0.000500 0.000500 0.000500 0.000500 0.000500 0.000000 0.000000 0.000000 0.001000 0.000000 0.000000 0.000000 0.000500 0.000000 0.000000 0.000000 0.000500 0.000100 0.000000 0.000000 0.002100 0.000000 0.000000 0.001000 0.000500 0.000500
Topi 0.000500 0.001000 0.001000 0.002100 0.000500 0.001000 0.000500 0.000500 0.001000 0.001000 0.000500 0.000500 0.000000 0.000500 0.000500 0.000500 0.001000 0.001600 0.000500 0.001000 0.000500 0.000500 0.000500 0.000500 0.000500 0.001000 0.000000 0.001000 0.001000 0.001000 0.001000 0.000500 0.000500 0.000500 0.001600 0.000500 0.000500 0.000500 0.000000 0.000500 0.000500 0.000500 0.001000 0.000500 0.000500 0.000500 0.002600 0.000500 0.000500 0.001600 0.001000 0.001000
CommonDuik 0.000000 0.000500 0.000500 0.001600 0.000000 0.000500 0.000000 0.000000 0.000500 0.000500 0.000000 0.000000 0.000500 0.000000 0.000000 0.000000 0.000500 0.001000 0.000000 0.000500 0.000000 0.000000 0.000000 0.000100 0.000000 0.000500 0.000500 0.000500 0.000500 0.000500 0.000500 0.000000 0.000100 0.000000 0.001000 0.000000 0.000000 0.000000 0.000500 0.000000 0.000000 0.000000 0.000500 0.000100 0.000000 0.000000 0.002100 0.000000 0.000000 0.001000 0.000500 0.000500
Suni 0.000000 0.000500 0.000500 0.001600 0.000000 0.000500 0.000000 0.000000 0.000500 0.000500 0.000000 0.000000 0.000500 0.000000 0.000000 0.000000 0.000500 0.001000 0.000000 0.000500 0.000000 0.000000 0.000100 0.000100 0.000000 0.000500 0.000500 0.000500 0.000500 0.000500 0.000500 0.000000 0.000100 0.000000 0.001000 0.000000 0.000000 0.000000 0.000500 0.000100 0.000000 0.000000 0.000500 0.000100 0.000000 0.000000 0.002100 0.000000 0.000000 0.001000 0.000500 0.000500
Springbuck 0.000000 0.000500 0.000500 0.001600 0.000000 0.000500 0.000000 0.000000 0.000500 0.000500 0.000000 0.000000 0.000500 0.000000 0.000000 0.000000 0.000500 0.001000 0.000000 0.000500 0.000000 0.000000 0.000100 0.000100 0.000000 0.000500 0.000500 0.000500 0.000500 0.000500 0.000500 0.000000 0.000100 0.000000 0.001000 0.000000 0.000000 0.000000 0.000500 0.000100 0.000000 0.000000 0.000500 0.000100 0.000000 0.000000 0.002100 0.000000 0.000000 0.001000 0.000500 0.000500
Okapi 0.000500 0.001000 0.001000 0.002100 0.000500 0.001000 0.000500 0.000500 0.001000 0.001000 0.000500 0.000500 0.001000 0.000500 0.000500 0.000500 0.000000 0.000500 0.000500 0.001000 0.000500 0.000500 0.000500 0.000500 0.000500 0.001000 0.001000 0.001000 0.001000 0.001000 0.001000 0.000500 0.000500 0.000500 0.001600 0.000500 0.000500 0.000500 0.001000 0.000500 0.000500 0.000500 0.001000 0.000500 0.000500 0.000500 0.002600 0.000500 0.000500 0.001600 0.001000 0.001000
Giraffe 0.001000 0.001600 0.001600 0.002600 0.001000 0.001600 0.001000 0.001000 0.001600 0.001600 0.001000 0.001000 0.001600 0.001000 0.001000 0.001000 0.000500 0.000000 0.001000 0.001600 0.001000 0.001000 0.001000 0.001000 0.001000 0.001600 0.001600 0.001600 0.001600 0.001600 0.001600 0.001000 0.001000 0.001000 0.002100 0.001000 0.001000 0.001000 0.001600 0.001000 0.001000 0.001000 0.001600 0.001000 0.001000 0.001000 0.003100 0.001000 0.001000 0.002100 0.001600 0.001600
TibetanAnt 0.000000 0.000500 0.000500 0.001600 0.000000 0.000500 0.000000 0.000000 0.000500 0.000500 0.000000 0.000000 0.000500 0.000000 0.000000 0.000000 0.000500 0.001000 0.000000 0.000500 0.000000 0.000000 0.000100 0.000100 0.000000 0.000500 0.000500 0.000500 0.000500 0.000500 0.000500 0.000000 0.000000 0.000000 0.001000 0.000000 0.000000 0.000000 0.000500 0.000100 0.000000 0.000000 0.000500 0.000100 0.000000 0.000000 0.002100 0.000000 0.000000 0.001000 0.000500 0.000500
Sitatunga 0.000500 0.001000 0.000000 0.002100 0.000500 0.001000 0.000500 0.000500 0.000000 0.001000 0.000500 0.000500 0.001000 0.000500 0.000500 0.000500 0.001000 0.001600 0.000500 0.000000 0.000500 0.000500 0.000500 0.000500 0.000500 0.001000 0.001000 0.000000 0.001000 0.000000 0.001000 0.000500 0.000500 0.000500 0.001600 0.000500 0.000500 0.000500 0.001000 0.000500 0.000500 0.000500 0.001000 0.000500 0.000500 0.000500 0.002600 0.000500 0.000500 0.001600 0.000000 0.000000
Oribi 0.000000 0.000500 0.000500 0.001600 0.000000 0.000500 0.000000 0.000000 0.000500 0.000500 0.000000 0.000000 0.000500 0.000000 0.000000 0.000000 0.000500 0.001000 0.000000 0.000500 0.000000 0.000000 0.000100 0.000100 0.000000 0.000500 0.000500 0.000500 0.000500 0.000500 0.000500 0.000000 0.000100 0.000000 0.001000 0.000000 0.000000 0.000000 0.000500 0.000100 0.000000 0.000000 0.000500 0.000100 0.000000 0.000000 0.002100 0.000000 0.000000 0.001000 0.000500 0.000500
BarbaryShe 0.000000 0.000500 0.000500 0.001600 0.000000 0.000500 0.000000 0.000000 0.000500 0.000500 0.000000 0.000000 0.000500 0.000000 0.000000 0.000000 0.000500 0.001000 0.000000 0.000500 0.000000 0.000000 0.000100 0.000100 0.000000 0.000500 0.000500 0.000500 0.000500 0.000500 0.000500 0.000000 0.000100 0.000000 0.001000 0.000000 0.000000 0.000000 0.000500 0.000100 0.000000 0.000000 0.000500 0.000100 0.000000 0.000000 0.002100 0.000000 0.000000 0.001000 0.000500 0.000500
Daviddeer 0.000000 0.000500 0.000500 0.001600 0.000000 0.000500 0.000000 0.000100 0.000500 0.000500 0.000100 0.000000 0.000500 0.000000 0.000100 0.000100 0.000500 0.001000 0.000100 0.000500 0.000100 0.000100 0.000000 0.000000 0.000000 0.000500 0.000500 0.000500 0.000500 0.000500 0.000500 0.000000 0.000100 0.000000 0.001000 0.000000 0.000100 0.000100 0.000500 0.000000 0.000000 0.000100 0.000500 0.000000 0.000000 0.000100 0.002100 0.000100 0.000000 0.001000 0.000500 0.000500
Reindeer 0.000100 0.000500 0.000500 0.001600 0.000100 0.000500 0.000100 0.000100 0.000500 0.000500 0.000100 0.000100 0.000500 0.000100 0.000100 0.000100 0.000500 0.001000 0.000100 0.000500 0.000100 0.000100 0.000000 0.000000 0.000100 0.000500 0.000500 0.000500 0.000500 0.000500 0.000500 0.000100 0.000100 0.000100 0.001000 0.000100 0.000100 0.000100 0.000500 0.000000 0.000000 0.000100 0.000500 0.000000 0.000100 0.000100 0.002100 0.000100 0.000100 0.001000 0.000500 0.000500
Ibex 0.000000 0.000500 0.000500 0.001600 0.000000 0.000500 0.000000 0.000000 0.000500 0.000500 0.000000 0.000000 0.000500 0.000000 0.000000 0.000000 0.000500 0.001000 0.000000 0.000500 0.000000 0.000000 0.000000 0.000100 0.000000 0.000500 0.000500 0.000500 0.000500 0.000500 0.000500 0.000000 0.000100 0.000000 0.001000 0.000000 0.000000 0.000000 0.000500 0.000000 0.000000 0.000000 0.000500 0.000100 0.000000 0.000000 0.002100 0.000000 0.000000 0.001000 0.000500 0.000500
GyrantGaze 0.000500 0.001000 0.001000 0.002100 0.000500 0.001000 0.000500 0.000500 0.001000 0.001000 0.000500 0.000500 0.001000 0.000500 0.000500 0.000500 0.001000 0.001600 0.000500 0.001000 0.000500 0.000500 0.000500 0.000500 0.000500 0.000000 0.001000 0.001000 0.001000 0.001000 0.001000 0.000500 0.000500 0.000500 0.001600 0.000500 0.000500 0.000500 0.001000 0.000500 0.000500 0.000500 0.001000 0.000500 0.000500 0.000500 0.002600 0.000500 0.000500 0.001600 0.001000 0.001000
Hartebeest 0.000500 0.001000 0.001000 0.002100 0.000500 0.001000 0.000500 0.000500 0.001000 0.001000 0.000500 0.000500 0.000000 0.000500 0.000500 0.000500 0.001000 0.001600 0.000500 0.001000 0.000500 0.000500 0.000500 0.000500 0.000500 0.001000 0.000000 0.001000 0.001000 0.001000 0.001000 0.000500 0.000500 0.000500 0.001600 0.000500 0.000500 0.000500 0.000000 0.000500 0.000500 0.000500 0.001000 0.000500 0.000500 0.000500 0.002600 0.000500 0.000500 0.001600 0.001000 0.001000
Bongo 0.000500 0.001000 0.000000 0.002100 0.000500 0.001000 0.000500 0.000500 0.000000 0.001000 0.000500 0.000500 0.001000 0.000500 0.000500 0.000500 0.001000 0.001600 0.000500 0.000000 0.000500 0.000500 0.000500 0.000500 0.000500 0.001000 0.001000 0.000000 0.001000 0.000000 0.001000 0.000500 0.000500 0.000500 0.001600 0.000500 0.000500 0.000500 0.001000 0.000500 0.000500 0.000500 0.001000 0.000500 0.000500 0.000500 0.002600 0.000500 0.000500 0.001600 0.000000 0.000000
Gerenuk 0.000500 0.001000 0.001000 0.002100 0.000500 0.001000 0.000500 0.000500 0.001000 0.001000 0.000500 0.000500 0.001000 0.000500 0.000500 0.000500 0.001000 0.001600 0.000500 0.001000 0.000500 0.000500 0.000500 0.000500 0.000500 0.001000 0.001000 0.001000 0.000000 0.001000 0.001000 0.000500 0.000500 0.000500 0.001100 0.000500 0.000500 0.000500 0.001000 0.000500 0.000500 0.000500 0.001000 0.000500 0.000500 0.000500 0.002600 0.000500 0.000500 0.001600 0.001000 0.001000
CommonElan 0.000500 0.001000 0.000000 0.002100 0.000500 0.001000 0.000500 0.000500 0.000000 0.001000 0.000500 0.000500 0.001000 0.000500 0.000500 0.000500 0.001000 0.001600 0.000500 0.000000 0.000500 0.000500 0.000500 0.000500 0.000500 0.001000 0.001000 0.000000 0.001000 0.000000 0.001000 0.000500 0.000500 0.000500 0.001600 0.000500 0.000500 0.000500 0.001000 0.000500 0.000500 0.000500 0.001000 0.000500 0.000500 0.000500 0.002600 0.000500 0.000500 0.001600 0.000000 0.000000
MuntiacusR 0.000500 0.001000 0.001000 0.001000 0.000500 0.001000 0.000500 0.000500 0.001000 0.000000 0.000500 0.000500 0.001000 0.000500 0.000500 0.000500 0.001000 0.001600 0.000500 0.001000 0.000500 0.000500 0.000500 0.000500 0.000500 0.001000 0.001000 0.001000 0.001000 0.001000 0.000000 0.000500 0.000500 0.000500 0.001600 0.000500 0.000500 0.000500 0.001000 0.000500 0.000500 0.000500 0.000000 0.000500 0.000500 0.000500 0.002600 0.000500 0.000500 0.001600 0.001000 0.001000
HarveysDui 0.000000 0.000500 0.000500 0.001600 0.000000 0.000500 0.000000 0.000000 0.000500 0.000500 0.000000 0.000000 0.000500 0.000000 0.000000 0.000000 0.000500 0.001000 0.000000 0.000500 0.000000 0.000000 0.000000 0.000100 0.000000 0.000500 0.000500 0.000500 0.000500 0.000500 0.000500 0.000000 0.000100 0.000000 0.001000 0.000000 0.000000 0.000000 0.000500 0.000100 0.000000 0.000000 0.000500 0.000100 0.000000 0.000000 0.002100 0.000000 0.000000 0.001000 0.000500 0.000500
Pronghorn 0.000000 0.000500 0.000500 0.001600 0.000000 0.000500 0.000100 0.000100 0.000500 0.000500 0.000100 0.000000 0.000500 0.000100 0.000100 0.000100 0.000500 0.001000 0.000000 0.000500 0.000100 0.000100 0.000100 0.000100 0.000100 0.000500 0.000500 0.000500 0.000500 0.000500 0.000500 0.000100 0.000000 0.000000 0.001000 0.000000 0.000100 0.000100 0.000500 0.000100 0.000000 0.000100 0.000500 0.000100 0.000000 0.000100 0.002100 0.000100 0.000000 0.001000 0.000500 0.000500
BlueWildeb 0.000000 0.000500 0.000500 0.001600 0.000000 0.000500 0.000000 0.000000 0.000500 0.000500 0.000000 0.000000 0.000500 0.000000 0.000000 0.000000 0.000500 0.001000 0.000000 0.000500 0.000000 0.000000 0.000000 0.000100 0.000000 0.000500 0.000500 0.000500 0.000500 0.000500 0.000500 0.000000 0.000000 0.000000 0.001000 0.000000 0.000000 0.000000 0.000500 0.000100 0.000000 0.000000 0.000500 0.000100 0.000000 0.000000 0.002100 0.000000 0.000000 0.001000 0.000500 0.000500
Gemsbok 0.001000 0.001600 0.001600 0.002600 0.001000 0.001600 0.001000 0.001000 0.001600 0.001600 0.001000 0.001000 0.001600 0.001000 0.001000 0.001000 0.001600 0.002100 0.001000 0.001600 0.001000 0.001000 0.001000 0.001000 0.001000 0.001600 0.001600 0.001600 0.001100 0.001600 0.001600 0.001000 0.001000 0.001000 0.000000 0.001000 0.001000 0.001000 0.001600 0.001000 0.001000 0.001000 0.001600 0.001000 0.001000 0.001000 0.003100 0.001000 0.001000 0.002100 0.001600 0.001600
Yak 0.000000 0.000500 0.000500 0.001600 0.000000 0.000500 0.000000 0.000000 0.000500 0.000500 0.000000 0.000000 0.000500 0.000000 0.000000 0.000000 0.000500 0.001000 0.000000 0.000500 0.000000 0.000000 0.000000 0.000100 0.000000 0.000500 0.000500 0.000500 0.000500 0.000500 0.000500 0.000000 0.000000 0.000000 0.001000 0.000000 0.000000 0.000000 0.000500 0.000000 0.000000 0.000000 0.000500 0.000100 0.000000 0.000000 0.002100 0.000000 0.000000 0.001000 0.000500 0.000500
BlueSheep 0.000000 0.000500 0.000500 0.001600 0.000000 0.000500 0.000000 0.000000 0.000500 0.000500 0.000000 0.000000 0.000500 0.000000 0.000000 0.000000 0.000500 0.001000 0.000000 0.000500 0.000000 0.000000 0.000100 0.000100 0.000000 0.000500 0.000500 0.000500 0.000500 0.000500 0.000500 0.000000 0.000100 0.000000 0.001000 0.000000 0.000000 0.000000 0.000500 0.000100 0.000000 0.000000 0.000500 0.000100 0.000000 0.000000 0.002100 0.000000 0.000000 0.001000 0.000500 0.000500
BohorReedb 0.000000 0.000500 0.000500 0.001600 0.000000 0.000500 0.000000 0.000000 0.000500 0.000500 0.000000 0.000000 0.000500 0.000000 0.000000 0.000000 0.000500 0.001000 0.000000 0.000500 0.000000 0.000000 0.000100 0.000100 0.000000 0.000500 0.000500 0.000500 0.000500 0.000500 0.000500 0.000000 0.000100 0.000000 0.001000 0.000000 0.000000 0.000000 0.000500 0.000100 0.000000 0.000000 0.000500 0.000100 0.000000 0.000000 0.002100 0.000000 0.000000 0.001000 0.000500 0.000500
KirksDik 0.000500 0.001000 0.001000 0.002100 0.000500 0.001000 0.000500 0.000500 0.001000 0.001000 0.000500 0.000500 0.000000 0.000500 0.000500 0.000500 0.001000 0.001600 0.000500 0.001000 0.000500 0.000500 0.000500 0.000500 0.000500 0.001000 0.000000 0.001000 0.001000 0.001000 0.001000 0.000500 0.000500 0.000500 0.001600 0.000500 0.000500 0.000500 0.000000 0.000500 0.000500 0.000500 0.001000 0.000500 0.000500 0.000500 0.002600 0.000500 0.000500 0.001600 0.001000 0.001000
RoeDeer 0.000000 0.000500 0.000500 0.001600 0.000000 0.000500 0.000000 0.000100 0.000500 0.000500 0.000100 0.000000 0.000500 0.000000 0.000100 0.000100 0.000500 0.001000 0.000100 0.000500 0.000100 0.000100 0.000000 0.000000 0.000000 0.000500 0.000500 0.000500 0.000500 0.000500 0.000500 0.000100 0.000100 0.000100 0.001000 0.000000 0.000100 0.000100 0.000500 0.000000 0.000000 0.000100 0.000500 0.000000 0.000000 0.000100 0.002100 0.000100 0.000000 0.001000 0.000500 0.000500
WhiteLippe 0.000000 0.000500 0.000500 0.001600 0.000000 0.000500 0.000000 0.000000 0.000500 0.000500 0.000000 0.000000 0.000500 0.000000 0.000000 0.000000 0.000500 0.001000 0.000000 0.000500 0.000000 0.000000 0.000000 0.000000 0.000000 0.000500 0.000500 0.000500 0.000500 0.000500 0.000500 0.000000 0.000000 0.000000 0.001000 0.000000 0.000000 0.000000 0.000500 0.000000 0.000000 0.000000 0.000500 0.000000 0.000000 0.000000 0.002100 0.000000 0.000000 0.001000 0.000500 0.000500
ThomsonGaz 0.000000 0.000500 0.000500 0.001600 0.000000 0.000500 0.000000 0.000000 0.000500 0.000500 0.000000 0.000000 0.000500 0.000000 0.000000 0.000000 0.000500 0.001000 0.000000 0.000500 0.000000 0.000000 0.000100 0.000100 0.000000 0.000500 0.000500 0.000500 0.000500 0.000500 0.000500 0.000000 0.000100 0.000000 0.001000 0.000000 0.000000 0.000000 0.000500 0.000100 0.000000 0.000000 0.000500 0.000100 0.000000 0.000000 0.002100 0.000000 0.000000 0.001000 0.000500 0.000500
MuntiacusC 0.000500 0.001000 0.001000 0.001000 0.000500 0.001000 0.000500 0.000500 0.001000 0.000000 0.000500 0.000500 0.001000 0.000500 0.000500 0.000500 0.001000 0.001600 0.000500 0.001000 0.000500 0.000500 0.000500 0.000500 0.000500 0.001000 0.001000 0.001000 0.001000 0.001000 0.000000 0.000500 0.000500 0.000500 0.001600 0.000500 0.000500 0.000500 0.001000 0.000500 0.000500 0.000500 0.000000 0.000500 0.000500 0.000500 0.002600 0.000500 0.000500 0.001600 0.001000 0.001000
WhiteTaile 0.000100 0.000500 0.000500 0.001600 0.000100 0.000500 0.000100 0.000100 0.000500 0.000500 0.000100 0.000100 0.000500 0.000100 0.000100 0.000100 0.000500 0.001000 0.000100 0.000500 0.000100 0.000100 0.000000 0.000000 0.000100 0.000500 0.000500 0.000500 0.000500 0.000500 0.000500 0.000100 0.000100 0.000100 0.001000 0.000100 0.000100 0.000100 0.000500 0.000000 0.000000 0.000100 0.000500 0.000000 0.000100 0.000100 0.002100 0.000100 0.000100 0.001000 0.000500 0.000500
Cattle 0.000000 0.000500 0.000500 0.001600 0.000000 0.000500 0.000000 0.000000 0.000500 0.000500 0.000000 0.000000 0.000500 0.000000 0.000000 0.000000 0.000500 0.001000 0.000000 0.000500 0.000000 0.000000 0.000000 0.000100 0.000000 0.000500 0.000500 0.000500 0.000500 0.000500 0.000500 0.000000 0.000000 0.000000 0.001000 0.000000 0.000000 0.000000 0.000500 0.000000 0.000000 0.000000 0.000500 0.000100 0.000000 0.000000 0.002100 0.000000 0.000000 0.001000 0.000500 0.000500
RoyalAntel 0.000000 0.000500 0.000500 0.001600 0.000000 0.000500 0.000000 0.000000 0.000500 0.000500 0.000000 0.000000 0.000500 0.000000 0.000000 0.000000 0.000500 0.001000 0.000000 0.000500 0.000000 0.000000 0.000100 0.000100 0.000000 0.000500 0.000500 0.000500 0.000500 0.000500 0.000500 0.000000 0.000100 0.000000 0.001000 0.000000 0.000000 0.000000 0.000500 0.000100 0.000000 0.000000 0.000500 0.000100 0.000000 0.000000 0.002100 0.000000 0.000000 0.001000 0.000500 0.000500
Steenbok 0.002100 0.002600 0.002600 0.003600 0.002100 0.002600 0.002100 0.002100 0.002600 0.002600 0.002100 0.002100 0.002600 0.002100 0.002100 0.002100 0.002600 0.003100 0.002100 0.002600 0.002100 0.002100 0.002100 0.002100 0.002100 0.002600 0.002600 0.002600 0.002600 0.002600 0.002600 0.002100 0.002100 0.002100 0.003100 0.002100 0.002100 0.002100 0.002600 0.002100 0.002100 0.002100 0.002600 0.002100 0.002100 0.002100 0.000000 0.002100 0.002100 0.003100 0.002600 0.002600
Impala 0.000000 0.000500 0.000500 0.001600 0.000000 0.000500 0.000000 0.000000 0.000500 0.000500 0.000000 0.000000 0.000500 0.000000 0.000000 0.000000 0.000500 0.001000 0.000000 0.000500 0.000000 0.000000 0.000100 0.000100 0.000000 0.000500 0.000500 0.000500 0.000500 0.000500 0.000500 0.000000 0.000100 0.000000 0.001000 0.000000 0.000000 0.000000 0.000500 0.000100 0.000000 0.000000 0.000500 0.000100 0.000000 0.000000 0.002100 0.000000 0.000000 0.001000 0.000500 0.000500
Klipspring 0.000000 0.000500 0.000500 0.001600 0.000000 0.000500 0.000000 0.000000 0.000500 0.000500 0.000000 0.000000 0.000500 0.000000 0.000000 0.000000 0.000500 0.001000 0.000000 0.000500 0.000000 0.000000 0.000000 0.000100 0.000000 0.000500 0.000500 0.000500 0.000500 0.000500 0.000500 0.000000 0.000000 0.000000 0.001000 0.000000 0.000000 0.000000 0.000500 0.000000 0.000000 0.000000 0.000500 0.000100 0.000000 0.000000 0.002100 0.000000 0.000000 0.001000 0.000500 0.000500
ForestMusk 0.001000 0.001600 0.001600 0.002600 0.001000 0.001600 0.001000 0.001000 0.001600 0.001600 0.001000 0.001000 0.001600 0.001000 0.001000 0.001000 0.001600 0.002100 0.001000 0.001600 0.001000 0.001000 0.001000 0.001000 0.001000 0.001600 0.001600 0.001600 0.001600 0.001600 0.001600 0.001000 0.001000 0.001000 0.002100 0.001000 0.001000 0.001000 0.001600 0.001000 0.001000 0.001000 0.001600 0.001000 0.001000 0.001000 0.003100 0.001000 0.001000 0.000000 0.001600 0.001600
Bushbuck 0.000500 0.001000 0.000000 0.002100 0.000500 0.001000 0.000500 0.000500 0.000000 0.001000 0.000500 0.000500 0.001000 0.000500 0.000500 0.000500 0.001000 0.001600 0.000500 0.000000 0.000500 0.000500 0.000500 0.000500 0.000500 0.001000 0.001000 0.000000 0.001000 0.000000 0.001000 0.000500 0.000500 0.000500 0.001600 0.000500 0.000500 0.000500 0.001000 0.000500 0.000500 0.000500 0.001000 0.000500 0.000500 0.000500 0.002600 0.000500 0.000500 0.001600 0.000000 0.000000
GreaterKud 0.000500 0.001000 0.000000 0.002100 0.000500 0.001000 0.000500 0.000500 0.000000 0.001000 0.000500 0.000500 0.001000 0.000500 0.000500 0.000500 0.001000 0.001600 0.000500 0.000000 0.000500 0.000500 0.000500 0.000500 0.000500 0.001000 0.001000 0.000000 0.001000 0.000000 0.001000 0.000500 0.000500 0.000500 0.001600 0.000500 0.000500 0.000500 0.001000 0.000500 0.000500 0.000500 0.001000 0.000500 0.000500 0.000500 0.002600 0.000500 0.000500 0.001600 0.000000 0.000000
