1
52 1
Argali 0.000000 0.220000 0.131300 0.411800 0.086500 0.000000 0.108400 0.134000 0.131300 0.109800 0.062500 0.132400 0.063800 0.063800 0.135900 0.159000 0.109100 0.109100 0.063800 0.131300 0.134300 0.108400 0.063800 0.135200 0.062500 0.159900 0.063800 0.131300 0.137000 0.154700 0.131500 0.063800 0.337300 0.085700 0.085700 0.086600 0.062500 0.063800 0.183200 0.132600 0.110200 0.159900 0.086600 0.135200 0.086600 0.065300 0.108700 0.133800 0.086500 0.180900 0.107600 0.154700
LesserMous 0.220000 0.000000 0.270800 0.481100 0.218900 0.220000 0.215900 0.277900 0.270800 0.248100 0.188500 0.274100 0.191000 0.191000 0.220700 0.309100 0.245800 0.245800 0.191000 0.270800 0.278100 0.242900 0.191000 0.283100 0.188500 0.311600 0.191000 0.270800 0.285200 0.298300 0.271200 0.191000 0.477800 0.216300 0.216200 0.219900 0.188500 0.191000 0.339800 0.274800 0.249100 0.311600 0.219900 0.283100 0.219900 0.197500 0.244100 0.278000 0.218900 0.220600 0.240800 0.298300
LesserKudu 0.131300 0.270800 0.000000 0.405900 0.086600 0.131300 0.108500 0.134400 0.000000 0.064100 0.063200 0.086000 0.063700 0.063700 0.135600 0.159700 0.063800 0.063800 0.063700 0.000000 0.135500 0.064000 0.063700 0.087200 0.063200 0.160500 0.063700 0.000000 0.137400 0.020200 0.085700 0.062700 0.326500 0.086000 0.086000 0.042100 0.063200 0.063700 0.183400 0.085900 0.064300 0.160500 0.041200 0.087200 0.042100 0.110500 0.109200 0.133800 0.086600 0.180400 0.020700 0.020700
KillerWhal 0.411800 0.481100 0.405900 0.000000 0.413700 0.411800 0.441900 0.487000 0.405900 0.381800 0.374100 0.411300 0.379600 0.379600 0.495800 0.451400 0.379000 0.379000 0.379600 0.405900 0.487500 0.441200 0.379600 0.421900 0.374100 0.530600 0.379600 0.405900 0.464100 0.437000 0.347000 0.379600 0.474900 0.409300 0.346800 0.350600 0.374100 0.379600 0.559700 0.350600 0.383500 0.530600 0.350600 0.421900 0.350600 0.392200 0.443800 0.417200 0.413700 0.415700 0.437000 0.437000
DefassaWat 0.086500 0.218900 0.086600 0.413700 0.000000 0.086500 0.064100 0.088100 0.086600 0.065000 0.020800 0.087100 0.021000 0.021000 0.089000 0.112200 0.064600 0.064600 0.020100 0.086600 0.088500 0.064500 0.021000 0.088400 0.020800 0.111500 0.021000 0.086600 0.090200 0.109500 0.086700 0.021000 0.333700 0.042400 0.042400 0.042600 0.020800 0.021000 0.134900 0.087100 0.021100 0.112600 0.042600 0.088400 0.042600 0.065500 0.064500 0.087800 0.000000 0.133500 0.064000 0.109500
Sheep 0.000000 0.220000 0.131300 0.411800 0.086500 0.000000 0.108400 0.134000 0.131300 0.109800 0.062500 0.132400 0.063800 0.063800 0.135900 0.159000 0.109100 0.109100 0.063800 0.131300 0.134300 0.108400 0.063800 0.135200 0.062500 0.159900 0.063800 0.131300 0.137000 0.154700 0.131500 0.063800 0.337300 0.085700 0.085700 0.086600 0.062500 0.063800 0.183200 0.132600 0.110200 0.159900 0.086600 0.135200 0.086600 0.065300 0.108700 0.133800 0.086500 0.180900 0.107600 0.154700
MaxwellsDu 0.108400 0.215900 0.108500 0.441900 0.064100 0.108400 0.000000 0.110700 0.108500 0.086600 0.041700 0.109100 0.042000 0.042000 0.088000 0.135100 0.086200 0.086200 0.042000 0.108500 0.110900 0.086200 0.042000 0.110800 0.041700 0.135800 0.042000 0.108500 0.113100 0.131900 0.108600 0.042000 0.361800 0.063700 0.063700 0.064000 0.041700 0.042000 0.158800 0.108900 0.086900 0.135800 0.064000 0.110800 0.064000 0.087500 0.086300 0.110200 0.064100 0.156200 0.085600 0.131900
GazellaPrz 0.134000 0.277900 0.134400 0.487000 0.088100 0.134000 0.110700 0.000000 0.134400 0.111600 0.064400 0.087600 0.064900 0.064900 0.065600 0.020200 0.087700 0.087700 0.064900 0.134400 0.020200 0.111200 0.064900 0.112600 0.064400 0.020900 0.064900 0.134400 0.021200 0.159000 0.134600 0.064900 0.402000 0.087600 0.087600 0.087900 0.064400 0.064900 0.041800 0.134800 0.112000 0.020900 0.087900 0.112600 0.087900 0.065100 0.020700 0.087400 0.088100 0.184300 0.110400 0.159000
MountainNy 0.131300 0.270800 0.000000 0.405900 0.086600 0.131300 0.108500 0.134400 0.000000 0.064100 0.063200 0.086000 0.063700 0.063700 0.135600 0.159700 0.063800 0.063800 0.063700 0.000000 0.134800 0.064000 0.063700 0.087200 0.063200 0.160500 0.063700 0.000000 0.137400 0.020000 0.085700 0.063700 0.326500 0.086000 0.086000 0.042100 0.063200 0.063700 0.183400 0.085900 0.064300 0.160500 0.042100 0.087200 0.042100 0.110500 0.109200 0.133800 0.086600 0.180400 0.020300 0.020700
MuntiacusM 0.109800 0.248100 0.064100 0.381800 0.065000 0.109800 0.086600 0.111600 0.064100 0.000000 0.042200 0.064400 0.042500 0.042500 0.112800 0.136500 0.042500 0.042500 0.042500 0.063500 0.112000 0.087000 0.042500 0.065500 0.042200 0.137100 0.042500 0.064100 0.114400 0.086300 0.064200 0.042500 0.304900 0.064400 0.064400 0.020700 0.042200 0.042500 0.159600 0.064600 0.043000 0.137100 0.021100 0.065500 0.020600 0.088700 0.087100 0.111200 0.065000 0.158300 0.085600 0.086300
goat 0.062500 0.188500 0.063200 0.374100 0.020800 0.062500 0.041700 0.064400 0.063200 0.042200 0.000000 0.063500 0.000100 0.000100 0.065000 0.087300 0.041900 0.041900 0.000100 0.063200 0.064500 0.041800 0.000100 0.064600 0.000000 0.087600 0.000100 0.063200 0.065600 0.085200 0.063300 0.000100 0.298200 0.020600 0.020600 0.020800 0.000000 0.000100 0.109600 0.063600 0.042300 0.087600 0.020800 0.064600 0.020800 0.042600 0.041900 0.064100 0.020800 0.107900 0.041500 0.085200
AfricanBuf 0.132400 0.274100 0.086000 0.411300 0.087100 0.132400 0.109100 0.087600 0.086000 0.064400 0.063500 0.000000 0.064100 0.064100 0.112200 0.111500 0.064100 0.064100 0.064000 0.086000 0.087900 0.109600 0.064100 0.087800 0.063500 0.111900 0.064100 0.086700 0.113700 0.085900 0.086100 0.064100 0.331900 0.086400 0.086400 0.042300 0.063500 0.064100 0.134500 0.086400 0.064600 0.111900 0.040800 0.087800 0.042300 0.111300 0.064100 0.134600 0.087100 0.182000 0.108800 0.085900
Topi 0.063800 0.191000 0.063700 0.379600 0.021000 0.063800 0.042000 0.064900 0.063700 0.042500 0.000100 0.064100 0.000000 0.000000 0.065500 0.088000 0.042300 0.042300 0.000000 0.063700 0.065100 0.042200 0.000000 0.065100 0.000100 0.088400 0.000000 0.063700 0.066400 0.085900 0.063800 0.000000 0.302400 0.020100 0.020200 0.020900 0.000100 0.000000 0.110500 0.064200 0.042600 0.088400 0.020400 0.065100 0.020900 0.042900 0.039600 0.064600 0.020400 0.109300 0.041900 0.085900
CommonDuik 0.063800 0.191000 0.063700 0.379600 0.021000 0.063800 0.042000 0.064900 0.063700 0.042500 0.000100 0.064100 0.000000 0.000000 0.065500 0.088000 0.042300 0.042300 0.000000 0.063700 0.065100 0.042200 0.000000 0.065100 0.000100 0.088400 0.000000 0.063700 0.066400 0.085900 0.063800 0.000000 0.302400 0.020200 0.020800 0.021000 0.000100 0.000000 0.110500 0.064200 0.042600 0.088400 0.020300 0.065100 0.020900 0.040300 0.042200 0.064600 0.021000 0.109300 0.041900 0.085900
Suni 0.135900 0.220700 0.135600 0.495800 0.089000 0.135900 0.088000 0.065600 0.135600 0.112800 0.065000 0.112200 0.065500 0.065500 0.000000 0.088900 0.112200 0.112200 0.065500 0.135600 0.065700 0.111900 0.065500 0.114000 0.065000 0.089300 0.065500 0.135600 0.043700 0.160200 0.135700 0.065500 0.413800 0.088300 0.088300 0.088900 0.065000 0.065500 0.112000 0.136400 0.113200 0.089300 0.088900 0.114000 0.088900 0.065900 0.088600 0.088300 0.089000 0.186800 0.111200 0.160200
Springbuck 0.159000 0.309100 0.159700 0.451400 0.112200 0.159000 0.135100 0.020200 0.159700 0.136500 0.087300 0.111500 0.088000 0.088000 0.088900 0.000000 0.111600 0.111600 0.088000 0.159700 0.042300 0.134500 0.088000 0.137600 0.087300 0.042400 0.088000 0.159700 0.043100 0.185200 0.160000 0.088000 0.437900 0.111400 0.111400 0.111800 0.087300 0.088000 0.063700 0.160200 0.137000 0.042400 0.111800 0.137600 0.111800 0.088200 0.042100 0.111100 0.112200 0.211100 0.134800 0.185200
Okapi 0.109100 0.245800 0.063800 0.379000 0.064600 0.109100 0.086200 0.087700 0.063800 0.042500 0.041900 0.064100 0.042300 0.042300 0.112200 0.111600 0.000000 0.000000 0.042300 0.063800 0.088000 0.086500 0.042300 0.065100 0.041900 0.112100 0.042300 0.063800 0.089800 0.086000 0.063800 0.042300 0.301900 0.064000 0.064000 0.020900 0.041900 0.042300 0.134600 0.064200 0.042600 0.112100 0.020500 0.065100 0.020300 0.088000 0.064200 0.110700 0.064600 0.157200 0.086000 0.086000
Giraffe 0.109100 0.245800 0.063800 0.379000 0.064600 0.109100 0.086200 0.087700 0.063800 0.042500 0.041900 0.064100 0.042300 0.042300 0.112200 0.111600 0.000000 0.000000 0.041200 0.063800 0.088000 0.086600 0.042300 0.065100 0.041900 0.112100 0.042300 0.063800 0.089800 0.086000 0.063800 0.042300 0.301900 0.064000 0.064000 0.020900 0.041900 0.042300 0.134600 0.064200 0.042600 0.112100 0.020300 0.065100 0.020900 0.088000 0.064200 0.110700 0.064600 0.157200 0.086000 0.086000
TibetanAnt 0.063800 0.191000 0.063700 0.379600 0.020100 0.063800 0.042000 0.064900 0.063700 0.042500 0.000100 0.064000 0.000000 0.000000 0.065500 0.088000 0.042300 0.041200 0.000000 0.063700 0.065100 0.042200 0.000000 0.065100 0.000100 0.088400 0.000000 0.063700 0.066400 0.085900 0.063600 0.000000 0.302400 0.020800 0.020000 0.020900 0.000100 0.000000 0.110500 0.064200 0.042600 0.088400 0.020900 0.065100 0.020900 0.042900 0.042200 0.064600 0.020400 0.109300 0.040600 0.085900
Sitatunga 0.131300 0.270800 0.000000 0.405900 0.086600 0.131300 0.108500 0.134400 0.000000 0.063500 0.063200 0.086000 0.063700 0.063700 0.135600 0.159700 0.063800 0.063800 0.063700 0.000000 0.134800 0.064000 0.063700 0.087200 0.063200 0.160500 0.063700 0.000000 0.137400 0.020700 0.085700 0.063700 0.326500 0.086000 0.086000 0.042100 0.063200 0.062700 0.183400 0.085900 0.064300 0.160500 0.042100 0.087200 0.042100 0.110500 0.108500 0.133800 0.086600 0.180400 0.020200 0.020100
Oribi 0.134300 0.278100 0.135500 0.487500 0.088500 0.134300 0.110900 0.020200 0.134800 0.112000 0.064500 0.087900 0.065100 0.065100 0.065700 0.042300 0.088000 0.088000 0.065100 0.134800 0.000000 0.111500 0.065100 0.112900 0.064500 0.042500 0.065100 0.134800 0.043100 0.159500 0.135000 0.065100 0.401900 0.087800 0.087800 0.088200 0.064500 0.065100 0.063700 0.135200 0.112400 0.042500 0.088200 0.112900 0.088200 0.065200 0.042200 0.087600 0.088500 0.184700 0.110700 0.159500
BarbaryShe 0.108400 0.242900 0.064000 0.441200 0.064500 0.108400 0.086200 0.111200 0.064000 0.087000 0.041800 0.109600 0.042200 0.042200 0.111900 0.134500 0.086500 0.086600 0.042200 0.064000 0.111500 0.000000 0.042200 0.111000 0.041800 0.136500 0.040000 0.064000 0.113600 0.086400 0.086300 0.042200 0.358000 0.064000 0.064000 0.064200 0.041800 0.042200 0.159000 0.109400 0.087300 0.136500 0.064200 0.111000 0.064200 0.087700 0.086800 0.110600 0.064500 0.156400 0.042100 0.086400
Daviddeer 0.063800 0.191000 0.063700 0.379600 0.021000 0.063800 0.042000 0.064900 0.063700 0.042500 0.000100 0.064100 0.000000 0.000000 0.065500 0.088000 0.042300 0.042300 0.000000 0.063700 0.065100 0.042200 0.000000 0.065100 0.000100 0.088400 0.000000 0.063700 0.066400 0.085900 0.063800 0.000000 0.302400 0.020100 0.020800 0.020400 0.000100 0.000000 0.110500 0.064200 0.040400 0.088400 0.020400 0.065100 0.020200 0.042900 0.042200 0.064800 0.021000 0.109300 0.041900 0.085900
Reindeer 0.135200 0.283100 0.087200 0.421900 0.088400 0.135200 0.110800 0.112600 0.087200 0.065500 0.064600 0.087800 0.065100 0.065100 0.114000 0.137600 0.065100 0.065100 0.065100 0.087200 0.112900 0.111000 0.065100 0.000000 0.064600 0.138200 0.065100 0.087700 0.115400 0.108400 0.087300 0.065100 0.311900 0.087600 0.087600 0.043000 0.064600 0.065100 0.136300 0.088000 0.065700 0.138200 0.043000 0.000000 0.043000 0.089500 0.111300 0.088500 0.088400 0.185700 0.110200 0.110200
Ibex 0.062500 0.188500 0.063200 0.374100 0.020800 0.062500 0.041700 0.064400 0.063200 0.042200 0.000000 0.063500 0.000100 0.000100 0.065000 0.087300 0.041900 0.041900 0.000100 0.063200 0.064500 0.041800 0.000100 0.064600 0.000000 0.087600 0.000100 0.063200 0.065600 0.085200 0.063300 0.000100 0.298200 0.020600 0.020600 0.020800 0.000000 0.000100 0.109600 0.063600 0.042300 0.087600 0.020800 0.064600 0.020800 0.042600 0.041900 0.064100 0.020800 0.107900 0.041500 0.085200
GyrantGaze 0.159900 0.311600 0.160500 0.530600 0.111500 0.159900 0.135800 0.020900 0.160500 0.137100 0.087600 0.111900 0.088400 0.088400 0.089300 0.042400 0.112100 0.112100 0.088400 0.160500 0.042500 0.136500 0.088400 0.138200 0.087600 0.000000 0.088400 0.160500 0.043200 0.186100 0.160700 0.088400 0.442500 0.111900 0.111900 0.112300 0.087600 0.088400 0.064000 0.160900 0.137500 0.000000 0.112300 0.138200 0.112300 0.088600 0.042300 0.111700 0.112600 0.212300 0.135400 0.186100
Hartebeest 0.063800 0.191000 0.063700 0.379600 0.021000 0.063800 0.042000 0.064900 0.063700 0.042500 0.000100 0.064100 0.000000 0.000000 0.065500 0.088000 0.042300 0.042300 0.000000 0.063700 0.065100 0.040000 0.000000 0.065100 0.000100 0.088400 0.000000 0.063700 0.066400 0.085900 0.063800 0.000000 0.302400 0.020800 0.020200 0.020900 0.000100 0.000000 0.110500 0.064200 0.042600 0.088400 0.020900 0.065100 0.020900 0.042900 0.042200 0.064600 0.020400 0.109300 0.041900 0.085900
Bongo 0.131300 0.270800 0.000000 0.405900 0.086600 0.131300 0.108500 0.134400 0.000000 0.064100 0.063200 0.086700 0.063700 0.063700 0.135600 0.159700 0.063800 0.063800 0.063700 0.000000 0.134800 0.064000 0.063700 0.087700 0.063200 0.160500 0.063700 0.000000 0.137400 0.020100 0.085700 0.063700 0.326500 0.086000 0.086000 0.040700 0.063200 0.063700 0.183400 0.085900 0.064300 0.160500 0.042100 0.087200 0.042100 0.110500 0.109200 0.133800 0.086600 0.180400 0.020700 0.020700
Gerenuk 0.137000 0.285200 0.137400 0.464100 0.090200 0.137000 0.113100 0.021200 0.137400 0.114400 0.065600 0.113700 0.066400 0.066400 0.043700 0.043100 0.089800 0.089800 0.066400 0.137400 0.043100 0.113600 0.066400 0.115400 0.065600 0.043200 0.066400 0.137400 0.000000 0.162400 0.137600 0.066400 0.379600 0.089500 0.089500 0.090100 0.065600 0.066400 0.065000 0.113600 0.114800 0.043200 0.090100 0.115400 0.090100 0.066700 0.042900 0.089400 0.090200 0.188500 0.112700 0.162400
CommonElan 0.154700 0.298300 0.020200 0.437000 0.109500 0.154700 0.131900 0.159000 0.020000 0.086300 0.085200 0.085900 0.085900 0.085900 0.160200 0.185200 0.086000 0.086000 0.085900 0.020700 0.159500 0.086400 0.085900 0.108400 0.085200 0.186100 0.085900 0.020100 0.162400 0.000000 0.108500 0.085900 0.354400 0.108800 0.108800 0.063700 0.085200 0.085900 0.209400 0.108500 0.086600 0.186100 0.063700 0.110200 0.063700 0.134100 0.132800 0.158200 0.109500 0.205200 0.042000 0.000000
MuntiacusR 0.131500 0.271200 0.085700 0.347000 0.086700 0.131500 0.108600 0.134600 0.085700 0.064200 0.063300 0.086100 0.063800 0.063800 0.135700 0.160000 0.063800 0.063800 0.063600 0.085700 0.135000 0.086300 0.063800 0.087300 0.063300 0.160700 0.063800 0.085700 0.137600 0.108500 0.000000 0.063800 0.327100 0.086100 0.086100 0.042100 0.063300 0.063800 0.183700 0.086000 0.064400 0.160700 0.042100 0.087300 0.041800 0.110700 0.109400 0.134000 0.086700 0.132300 0.108500 0.108500
HarveysDui 0.063800 0.191000 0.062700 0.379600 0.021000 0.063800 0.042000 0.064900 0.063700 0.042500 0.000100 0.064100 0.000000 0.000000 0.065500 0.088000 0.042300 0.042300 0.000000 0.063700 0.065100 0.042200 0.000000 0.065100 0.000100 0.088400 0.000000 0.063700 0.066400 0.085900 0.063800 0.000000 0.302400 0.020800 0.020800 0.020900 0.000100 0.000000 0.110500 0.064200 0.042600 0.088400 0.020900 0.065100 0.020400 0.042900 0.042200 0.064600 0.020200 0.109300 0.041900 0.085900
Pronghorn 0.337300 0.477800 0.326500 0.474900 0.333700 0.337300 0.361800 0.402000 0.326500 0.304900 0.298200 0.331900 0.302400 0.302400 0.413800 0.437900 0.301900 0.301900 0.302400 0.326500 0.401900 0.358000 0.302400 0.311900 0.298200 0.442500 0.302400 0.326500 0.379600 0.354400 0.327100 0.302400 0.000000 0.329300 0.329300 0.275700 0.298200 0.302400 0.401600 0.275700 0.306100 0.442500 0.275700 0.311900 0.275700 0.376600 0.360800 0.335600 0.333700 0.433200 0.354400 0.354400
BlueWildeb 0.085700 0.216300 0.086000 0.409300 0.042400 0.085700 0.063700 0.087600 0.086000 0.064400 0.020600 0.086400 0.020100 0.020200 0.088300 0.111400 0.064000 0.064000 0.020800 0.086000 0.087800 0.064000 0.020100 0.087600 0.020600 0.111900 0.020800 0.086000 0.089500 0.108800 0.086100 0.020800 0.329300 0.000000 0.042100 0.042300 0.020600 0.020300 0.134300 0.086300 0.064600 0.111900 0.042300 0.087600 0.042300 0.064900 0.064100 0.087200 0.042400 0.132300 0.063600 0.108800
Gemsbok 0.085700 0.216200 0.086000 0.346800 0.042400 0.085700 0.063700 0.087600 0.086000 0.064400 0.020600 0.086400 0.020200 0.020800 0.088300 0.111400 0.064000 0.064000 0.020000 0.086000 0.087800 0.064000 0.020800 0.087600 0.020600 0.111900 0.020200 0.086000 0.089500 0.108800 0.086100 0.020800 0.329300 0.042100 0.000000 0.042300 0.020600 0.020800 0.134300 0.086300 0.064600 0.111900 0.042300 0.087600 0.042300 0.064900 0.064100 0.042400 0.042400 0.132300 0.063600 0.108800
Yak 0.086600 0.219900 0.042100 0.350600 0.042600 0.086600 0.064000 0.087900 0.042100 0.020700 0.020800 0.042300 0.020900 0.021000 0.088900 0.111800 0.020900 0.020900 0.020900 0.042100 0.088200 0.064200 0.020400 0.043000 0.020800 0.112300 0.020900 0.040700 0.090100 0.063700 0.042100 0.020900 0.275700 0.042300 0.042300 0.000000 0.020800 0.020400 0.134800 0.041300 0.021100 0.112300 0.000000 0.043000 0.000000 0.065500 0.064300 0.087600 0.042600 0.133600 0.063700 0.063700
BlueSheep 0.062500 0.188500 0.063200 0.374100 0.020800 0.062500 0.041700 0.064400 0.063200 0.042200 0.000000 0.063500 0.000100 0.000100 0.065000 0.087300 0.041900 0.041900 0.000100 0.063200 0.064500 0.041800 0.000100 0.064600 0.000000 0.087600 0.000100 0.063200 0.065600 0.085200 0.063300 0.000100 0.298200 0.020600 0.020600 0.020800 0.000000 0.000100 0.109600 0.063600 0.042300 0.087600 0.020800 0.064600 0.020800 0.042600 0.041900 0.064100 0.020800 0.107900 0.041500 0.085200
BohorReedb 0.063800 0.191000 0.063700 0.379600 0.021000 0.063800 0.042000 0.064900 0.063700 0.042500 0.000100 0.064100 0.000000 0.000000 0.065500 0.088000 0.042300 0.042300 0.000000 0.062700 0.065100 0.042200 0.000000 0.065100 0.000100 0.088400 0.000000 0.063700 0.066400 0.085900 0.063800 0.000000 0.302400 0.020300 0.020800 0.020400 0.000100 0.000000 0.110500 0.064200 0.042600 0.088400 0.020400 0.065100 0.020600 0.042900 0.042200 0.064600 0.021000 0.109300 0.041900 0.085900
KirksDik 0.183200 0.339800 0.183400 0.559700 0.134900 0.183200 0.158800 0.041800 0.183400 0.159600 0.109600 0.134500 0.110500 0.110500 0.112000 0.063700 0.134600 0.134600 0.110500 0.183400 0.063700 0.159000 0.110500 0.136300 0.109600 0.064000 0.110500 0.183400 0.065000 0.209400 0.183700 0.110500 0.401600 0.134300 0.134300 0.134800 0.109600 0.110500 0.000000 0.183800 0.160200 0.064000 0.134800 0.136300 0.134800 0.110800 0.063600 0.086900 0.134900 0.236500 0.158000 0.209400
RoeDeer 0.132600 0.274800 0.085900 0.350600 0.087100 0.132600 0.108900 0.134800 0.085900 0.064600 0.063600 0.086400 0.064200 0.064200 0.136400 0.160200 0.064200 0.064200 0.064200 0.085900 0.135200 0.109400 0.064200 0.088000 0.063600 0.160900 0.064200 0.085900 0.113600 0.108500 0.086000 0.064200 0.275700 0.086300 0.086300 0.041300 0.063600 0.064200 0.183800 0.000000 0.064800 0.160900 0.042400 0.088000 0.042400 0.111600 0.109500 0.134400 0.087100 0.181900 0.108500 0.108500
WhiteLippe 0.110200 0.249100 0.064300 0.383500 0.021100 0.110200 0.086900 0.112000 0.064300 0.043000 0.042300 0.064600 0.042600 0.042600 0.113200 0.137000 0.042600 0.042600 0.042600 0.064300 0.112400 0.087300 0.040400 0.065700 0.042300 0.137500 0.042600 0.064300 0.114800 0.086600 0.064400 0.042600 0.306100 0.064600 0.064600 0.021100 0.042300 0.042600 0.160200 0.064800 0.000000 0.137500 0.020500 0.065700 0.021100 0.089000 0.087400 0.111600 0.021100 0.158800 0.086600 0.086600
ThomsonGaz 0.159900 0.311600 0.160500 0.530600 0.112600 0.159900 0.135800 0.020900 0.160500 0.137100 0.087600 0.111900 0.088400 0.088400 0.089300 0.042400 0.112100 0.112100 0.088400 0.160500 0.042500 0.136500 0.088400 0.138200 0.087600 0.000000 0.088400 0.160500 0.043200 0.186100 0.160700 0.088400 0.442500 0.111900 0.111900 0.112300 0.087600 0.088400 0.064000 0.160900 0.137500 0.000000 0.112300 0.138200 0.112300 0.088600 0.042300 0.111700 0.112600 0.212300 0.135400 0.186100
MuntiacusC 0.086600 0.219900 0.041200 0.350600 0.042600 0.086600 0.064000 0.087900 0.042100 0.021100 0.020800 0.040800 0.020400 0.020300 0.088900 0.111800 0.020500 0.020300 0.020900 0.042100 0.088200 0.064200 0.020400 0.043000 0.020800 0.112300 0.020900 0.042100 0.090100 0.063700 0.042100 0.020900 0.275700 0.042300 0.042300 0.000000 0.020800 0.020400 0.134800 0.042400 0.020500 0.112300 0.000000 0.043000 0.000000 0.065500 0.064300 0.087600 0.042600 0.133600 0.063700 0.063700
WhiteTaile 0.135200 0.283100 0.087200 0.421900 0.088400 0.135200 0.110800 0.112600 0.087200 0.065500 0.064600 0.087800 0.065100 0.065100 0.114000 0.137600 0.065100 0.065100 0.065100 0.087200 0.112900 0.111000 0.065100 0.000000 0.064600 0.138200 0.065100 0.087200 0.115400 0.110200 0.087300 0.065100 0.311900 0.087600 0.087600 0.043000 0.064600 0.065100 0.136300 0.088000 0.065700 0.138200 0.043000 0.000000 0.043000 0.089500 0.111300 0.088500 0.088400 0.185700 0.110200 0.110200
Cattle 0.086600 0.219900 0.042100 0.350600 0.042600 0.086600 0.064000 0.087900 0.042100 0.020600 0.020800 0.042300 0.020900 0.020900 0.088900 0.111800 0.020300 0.020900 0.020900 0.042100 0.088200 0.064200 0.020200 0.043000 0.020800 0.112300 0.020900 0.042100 0.090100 0.063700 0.041800 0.020400 0.275700 0.042300 0.042300 0.000000 0.020800 0.020600 0.134800 0.042400 0.021100 0.112300 0.000000 0.043000 0.000000 0.065500 0.063700 0.087600 0.042600 0.133600 0.063700 0.063700
RoyalAntel 0.065300 0.197500 0.110500 0.392200 0.065500 0.065300 0.087500 0.065100 0.110500 0.088700 0.042600 0.111300 0.042900 0.040300 0.065900 0.088200 0.088000 0.088000 0.042900 0.110500 0.065200 0.087700 0.042900 0.089500 0.042600 0.088600 0.042900 0.110500 0.066700 0.134100 0.110700 0.042900 0.376600 0.064900 0.064900 0.065500 0.042600 0.042900 0.110800 0.111600 0.089000 0.088600 0.065500 0.089500 0.065500 0.000000 0.087800 0.064900 0.065500 0.160100 0.087000 0.134100
Steenbok 0.108700 0.244100 0.109200 0.443800 0.064500 0.108700 0.086300 0.020700 0.109200 0.087100 0.041900 0.064100 0.039600 0.042200 0.088600 0.042100 0.064200 0.064200 0.042200 0.108500 0.042200 0.086800 0.042200 0.111300 0.041900 0.042300 0.042200 0.109200 0.042900 0.132800 0.109400 0.042200 0.360800 0.064100 0.064100 0.064300 0.041900 0.042200 0.063600 0.109500 0.087400 0.042300 0.064300 0.111300 0.063700 0.087800 0.000000 0.110800 0.064500 0.156800 0.086200 0.132800
Impala 0.133800 0.278000 0.133800 0.417200 0.087800 0.133800 0.110200 0.087400 0.133800 0.111200 0.064100 0.134600 0.064600 0.064600 0.088300 0.111100 0.110700 0.110700 0.064600 0.133800 0.087600 0.110600 0.064800 0.088500 0.064100 0.111700 0.064600 0.133800 0.089400 0.158200 0.134000 0.064600 0.335600 0.087200 0.042400 0.087600 0.064100 0.064600 0.086900 0.134400 0.111600 0.111700 0.087600 0.088500 0.087600 0.064900 0.110800 0.000000 0.087700 0.183800 0.109800 0.158200
Klipspring 0.086500 0.218900 0.086600 0.413700 0.000000 0.086500 0.064100 0.088100 0.086600 0.065000 0.020800 0.087100 0.020400 0.021000 0.089000 0.112200 0.064600 0.064600 0.020400 0.086600 0.088500 0.064500 0.021000 0.088400 0.020800 0.112600 0.020400 0.086600 0.090200 0.109500 0.086700 0.020200 0.333700 0.042400 0.042400 0.042600 0.020800 0.021000 0.134900 0.087100 0.021100 0.112600 0.042600 0.088400 0.042600 0.065500 0.064500 0.087700 0.000000 0.133500 0.064000 0.109500
ForestMusk 0.180900 0.220600 0.180400 0.415700 0.133500 0.180900 0.156200 0.184300 0.180400 0.158300 0.107900 0.182000 0.109300 0.109300 0.186800 0.211100 0.157200 0.157200 0.109300 0.180400 0.184700 0.156400 0.109300 0.185700 0.107900 0.212300 0.109300 0.180400 0.188500 0.205200 0.132300 0.109300 0.433200 0.132300 0.132300 0.133600 0.107900 0.109300 0.236500 0.181900 0.158800 0.212300 0.133600 0.185700 0.133600 0.160100 0.156800 0.183800 0.133500 0.000000 0.155100 0.205200
Bushbuck 0.107600 0.240800 0.020700 0.437000 0.064000 0.107600 0.085600 0.110400 0.020300 0.085600 0.041500 0.108800 0.041900 0.041900 0.111200 0.134800 0.086000 0.086000 0.040600 0.020200 0.110700 0.042100 0.041900 0.110200 0.041500 0.135400 0.041900 0.020700 0.112700 0.042000 0.108500 0.041900 0.354400 0.063600 0.063600 0.063700 0.041500 0.041900 0.158000 0.108500 0.086600 0.135400 0.063700 0.110200 0.063700 0.087000 0.086200 0.109800 0.064000 0.155100 0.000000 0.042000
GreaterKud 0.154700 0.298300 0.020700 0.437000 0.109500 0.154700 0.131900 0.159000 0.020700 0.086300 0.085200 0.085900 0.085900 0.085900 0.160200 0.185200 0.086000 0.086000 0.085900 0.020100 0.159500 0.086400 0.085900 0.110200 0.085200 0.186100 0.085900 0.020700 0.162400 0.000000 0.108500 0.085900 0.354400 0.108800 0.108800 0.063700 0.085200 0.085900 0.209400 0.108500 0.086600 0.186100 0.063700 0.110200 0.063700 0.134100 0.132800 0.158200 0.109500 0.205200 0.042000 0.000000
