1
52 1
Argali 0.000000 0.017000 0.000100 0.017100 0.000000 0.000000 0.017100 0.000100 0.000100 0.000100 0.000000 0.000200 0.000100 0.000100 0.000100 0.000100 0.017200 0.000100 0.000100 0.000100 0.000100 0.000000 0.000100 0.000200 0.000000 0.000000 0.000100 0.000100 0.000100 0.000100 0.000100 0.017200 0.035100 0.017200 0.000100 0.000200 0.000000 0.000100 0.000100 0.000200 0.000100 0.000100 0.000100 0.000200 0.000200 0.000000 0.000100 0.000100 0.000100 0.000100 0.000100 0.000100
LesserMous 0.017000 0.000000 0.016900 0.034800 0.017000 0.017000 0.034500 0.017000 0.016900 0.016900 0.017000 0.017100 0.017000 0.017000 0.017000 0.017000 0.034700 0.017000 0.017000 0.016900 0.017000 0.017000 0.016900 0.017000 0.017000 0.017000 0.017000 0.016900 0.017000 0.017000 0.016900 0.034700 0.053700 0.034800 0.017000 0.017100 0.017000 0.017000 0.017000 0.017000 0.016900 0.017000 0.016900 0.017000 0.017100 0.017000 0.017000 0.017000 0.016900 0.016900 0.016900 0.016900
LesserKudu 0.000100 0.016900 0.000000 0.017200 0.000100 0.000100 0.017100 0.000100 0.000000 0.000000 0.000100 0.000100 0.000100 0.000100 0.000100 0.000100 0.017100 0.000100 0.000100 0.000000 0.000100 0.000100 0.000000 0.000100 0.000100 0.000100 0.000100 0.000000 0.000100 0.000100 0.000000 0.017100 0.035300 0.017200 0.000100 0.000100 0.000100 0.000100 0.000100 0.000100 0.000000 0.000100 0.000000 0.000100 0.000100 0.000100 0.000100 0.000200 0.000000 0.000000 0.000000 0.000000
KillerWhal 0.017100 0.034800 0.017200 0.000000 0.017100 0.017100 0.034900 0.017200 0.017200 0.017200 0.017100 0.017400 0.017200 0.017200 0.017100 0.017100 0.035100 0.017100 0.017200 0.017200 0.017200 0.017100 0.017200 0.017200 0.017100 0.017100 0.017200 0.017200 0.017100 0.017100 0.017200 0.035000 0.053800 0.035200 0.017200 0.017400 0.017100 0.017200 0.017100 0.017200 0.017200 0.017200 0.017200 0.017200 0.017400 0.017100 0.017200 0.017000 0.017200 0.017200 0.017200 0.017200
DefassaWat 0.000000 0.017000 0.000100 0.017100 0.000000 0.000000 0.017100 0.000100 0.000100 0.000100 0.000000 0.000200 0.000100 0.000100 0.000100 0.000100 0.017200 0.000100 0.000100 0.000100 0.000100 0.000000 0.000100 0.000200 0.000000 0.000000 0.000100 0.000100 0.000100 0.000100 0.000100 0.017200 0.035100 0.017200 0.000100 0.000200 0.000000 0.000100 0.000100 0.000200 0.000100 0.000100 0.000100 0.000200 0.000200 0.000000 0.000100 0.000100 0.000100 0.000100 0.000100 0.000100
Sheep 0.000000 0.017000 0.000100 0.017100 0.000000 0.000000 0.017100 0.000100 0.000100 0.000100 0.000000 0.000200 0.000100 0.000100 0.000100 0.000100 0.017200 0.000100 0.000100 0.000100 0.000100 0.000000 0.000100 0.000200 0.000000 0.000000 0.000100 0.000100 0.000100 0.000100 0.000100 0.017200 0.035100 0.017200 0.000100 0.000200 0.000000 0.000100 0.000100 0.000200 0.000100 0.000100 0.000100 0.000200 0.000200 0.000000 0.000100 0.000100 0.000100 0.000100 0.000100 0.000100
MaxwellsDu 0.017100 0.034500 0.017100 0.034900 0.017100 0.017100 0.000000 0.017100 0.017100 0.017100 0.017100 0.017300 0.017100 0.017100 0.017100 0.017100 0.034900 0.017100 0.017100 0.017100 0.017100 0.017100 0.017100 0.017200 0.017100 0.017100 0.017100 0.017100 0.017100 0.017100 0.017100 0.034900 0.054000 0.035100 0.017100 0.017300 0.017100 0.017100 0.017100 0.017200 0.017100 0.017100 0.017100 0.017200 0.017300 0.017100 0.017100 0.017100 0.017100 0.017100 0.017100 0.017100
GazellaPrz 0.000100 0.017000 0.000100 0.017200 0.000100 0.000100 0.017100 0.000000 0.000100 0.000100 0.000100 0.000100 0.000000 0.000000 0.000100 0.000100 0.017200 0.000100 0.000000 0.000100 0.000000 0.000100 0.000100 0.000100 0.000100 0.000100 0.000000 0.000100 0.000100 0.000100 0.000100 0.017100 0.035300 0.017300 0.000000 0.000100 0.000100 0.000000 0.000100 0.000100 0.000100 0.000000 0.000100 0.000100 0.000100 0.000100 0.000000 0.000100 0.000100 0.000100 0.000100 0.000100
MountainNy 0.000100 0.016900 0.000000 0.017200 0.000100 0.000100 0.017100 0.000100 0.000000 0.000000 0.000100 0.000100 0.000100 0.000100 0.000100 0.000100 0.017100 0.000100 0.000100 0.000000 0.000100 0.000100 0.000000 0.000100 0.000100 0.000100 0.000100 0.000000 0.000100 0.000100 0.000000 0.017100 0.035300 0.017200 0.000100 0.000100 0.000100 0.000100 0.000100 0.000100 0.000000 0.000100 0.000000 0.000100 0.000100 0.000100 0.000100 0.000200 0.000000 0.000000 0.000000 0.000000
MuntiacusM 0.000100 0.016900 0.000000 0.017200 0.000100 0.000100 0.017100 0.000100 0.000000 0.000000 0.000100 0.000100 0.000100 0.000100 0.000100 0.000100 0.017100 0.000100 0.000100 0.000000 0.000100 0.000100 0.000000 0.000100 0.000100 0.000100 0.000100 0.000000 0.000100 0.000100 0.000000 0.017100 0.035300 0.017200 0.000100 0.000100 0.000100 0.000100 0.000100 0.000100 0.000000 0.000100 0.000000 0.000100 0.000100 0.000100 0.000100 0.000200 0.000000 0.000000 0.000000 0.000000
goat 0.000000 0.017000 0.000100 0.017100 0.000000 0.000000 0.017100 0.000100 0.000100 0.000100 0.000000 0.000200 0.000100 0.000100 0.000100 0.000100 0.017200 0.000100 0.000100 0.000100 0.000100 0.000000 0.000100 0.000200 0.000000 0.000000 0.000100 0.000100 0.000100 0.000100 0.000100 0.017200 0.035100 0.017200 0.000100 0.000200 0.000000 0.000100 0.000100 0.000200 0.000100 0.000100 0.000100 0.000200 0.000200 0.000000 0.000100 0.000100 0.000100 0.000100 0.000100 0.000100
AfricanBuf 0.000200 0.017100 0.000100 0.017400 0.000200 0.000200 0.017300 0.000100 0.000100 0.000100 0.000200 0.000000 0.000100 0.000100 0.000200 0.000200 0.017400 0.000100 0.000100 0.000100 0.000100 0.000200 0.000100 0.000100 0.000200 0.000200 0.000100 0.000100 0.000200 0.000100 0.000100 0.017400 0.035700 0.017500 0.000100 0.000000 0.000200 0.000100 0.000200 0.000100 0.000100 0.000100 0.000100 0.000100 0.000000 0.000200 0.000100 0.000300 0.000100 0.000100 0.000100 0.000100
Topi 0.000100 0.017000 0.000100 0.017200 0.000100 0.000100 0.017100 0.000000 0.000100 0.000100 0.000100 0.000100 0.000000 0.000000 0.000100 0.000100 0.017200 0.000100 0.000000 0.000100 0.000000 0.000100 0.000100 0.000100 0.000100 0.000100 0.000000 0.000100 0.000100 0.000100 0.000100 0.017100 0.035300 0.017300 0.000000 0.000100 0.000100 0.000000 0.000100 0.000100 0.000100 0.000000 0.000100 0.000100 0.000100 0.000100 0.000000 0.000100 0.000100 0.000100 0.000100 0.000100
CommonDuik 0.000100 0.017000 0.000100 0.017200 0.000100 0.000100 0.017100 0.000000 0.000100 0.000100 0.000100 0.000100 0.000000 0.000000 0.000100 0.000100 0.017200 0.000100 0.000000 0.000100 0.000000 0.000100 0.000100 0.000100 0.000100 0.000100 0.000000 0.000100 0.000100 0.000100 0.000100 0.017100 0.035300 0.017300 0.000000 0.000100 0.000100 0.000000 0.000100 0.000100 0.000100 0.000000 0.000100 0.000100 0.000100 0.000100 0.000000 0.000100 0.000100 0.000100 0.000100 0.000100
Suni 0.000100 0.017000 0.000100 0.017100 0.000100 0.000100 0.017100 0.000100 0.000100 0.000100 0.000100 0.000200 0.000100 0.000100 0.000000 0.000100 0.017200 0.000200 0.000100 0.000100 0.000100 0.000100 0.000100 0.000200 0.000100 0.000100 0.000100 0.000100 0.000100 0.000200 0.000100 0.017200 0.035200 0.017200 0.000100 0.000200 0.000100 0.000100 0.000100 0.000200 0.000100 0.000100 0.000100 0.000200 0.000200 0.000100 0.000100 0.000200 0.000100 0.000100 0.000100 0.000100
Springbuck 0.000100 0.017000 0.000100 0.017100 0.000100 0.000100 0.017100 0.000100 0.000100 0.000100 0.000100 0.000200 0.000100 0.000100 0.000100 0.000000 0.017200 0.000200 0.000100 0.000100 0.000100 0.000100 0.000100 0.000200 0.000100 0.000100 0.000100 0.000100 0.000000 0.000200 0.000100 0.017100 0.035100 0.017200 0.000100 0.000200 0.000100 0.000100 0.000100 0.000200 0.000100 0.000100 0.000100 0.000200 0.000200 0.000100 0.000100 0.000200 0.000100 0.000100 0.000100 0.000100
Okapi 0.017200 0.034700 0.017100 0.035100 0.017200 0.017200 0.034900 0.017200 0.017100 0.017100 0.017200 0.017400 0.017200 0.017200 0.017200 0.017200 0.000000 0.017200 0.017200 0.017100 0.017200 0.017200 0.017100 0.017200 0.017200 0.017200 0.017200 0.017100 0.017200 0.017200 0.017100 0.035000 0.054300 0.035300 0.017200 0.017400 0.017200 0.017200 0.017200 0.017200 0.017100 0.017200 0.017100 0.017200 0.017400 0.017200 0.017200 0.017100 0.017100 0.017100 0.017100 0.017100
Giraffe 0.000100 0.017000 0.000100 0.017100 0.000100 0.000100 0.017100 0.000100 0.000100 0.000100 0.000100 0.000100 0.000100 0.000100 0.000200 0.000200 0.017200 0.000000 0.000100 0.000100 0.000100 0.000100 0.000100 0.000100 0.000100 0.000100 0.000100 0.000100 0.000200 0.000000 0.000100 0.017100 0.035200 0.017200 0.000100 0.000100 0.000100 0.000100 0.000200 0.000100 0.000100 0.000100 0.000100 0.000100 0.000100 0.000100 0.000100 0.000100 0.000100 0.000100 0.000100 0.000100
TibetanAnt 0.000100 0.017000 0.000100 0.017200 0.000100 0.000100 0.017100 0.000000 0.000100 0.000100 0.000100 0.000100 0.000000 0.000000 0.000100 0.000100 0.017200 0.000100 0.000000 0.000100 0.000000 0.000100 0.000100 0.000100 0.000100 0.000100 0.000000 0.000100 0.000100 0.000100 0.000100 0.017100 0.035300 0.017300 0.000000 0.000100 0.000100 0.000000 0.000100 0.000100 0.000100 0.000000 0.000100 0.000100 0.000100 0.000100 0.000000 0.000100 0.000100 0.000100 0.000100 0.000100
Sitatunga 0.000100 0.016900 0.000000 0.017200 0.000100 0.000100 0.017100 0.000100 0.000000 0.000000 0.000100 0.000100 0.000100 0.000100 0.000100 0.000100 0.017100 0.000100 0.000100 0.000000 0.000100 0.000100 0.000000 0.000100 0.000100 0.000100 0.000100 0.000000 0.000100 0.000100 0.000000 0.017100 0.035300 0.017200 0.000100 0.000100 0.000100 0.000100 0.000100 0.000100 0.000000 0.000100 0.000000 0.000100 0.000100 0.000100 0.000100 0.000200 0.000000 0.000000 0.000000 0.000000
Oribi 0.000100 0.017000 0.000100 0.017200 0.000100 0.000100 0.017100 0.000000 0.000100 0.000100 0.000100 0.000100 0.000000 0.000000 0.000100 0.000100 0.017200 0.000100 0.000000 0.000100 0.000000 0.000100 0.000100 0.000100 0.000100 0.000100 0.000000 0.000100 0.000100 0.000100 0.000100 0.017100 0.035300 0.017300 0.000000 0.000100 0.000100 0.000000 0.000100 0.000100 0.000100 0.000000 0.000100 0.000100 0.000100 0.000100 0.000000 0.000100 0.000100 0.000100 0.000100 0.000100
BarbaryShe 0.000000 0.017000 0.000100 0.017100 0.000000 0.000000 0.017100 0.000100 0.000100 0.000100 0.000000 0.000200 0.000100 0.000100 0.000100 0.000100 0.017200 0.000100 0.000100 0.000100 0.000100 0.000000 0.000100 0.000200 0.000000 0.000000 0.000100 0.000100 0.000100 0.000100 0.000100 0.017200 0.035100 0.017200 0.000100 0.000200 0.000000 0.000100 0.000100 0.000200 0.000100 0.000100 0.000100 0.000200 0.000200 0.000000 0.000100 0.000100 0.000100 0.000100 0.000100 0.000100
Daviddeer 0.000100 0.016900 0.000000 0.017200 0.000100 0.000100 0.017100 0.000100 0.000000 0.000000 0.000100 0.000100 0.000100 0.000100 0.000100 0.000100 0.017100 0.000100 0.000100 0.000000 0.000100 0.000100 0.000000 0.000100 0.000100 0.000100 0.000100 0.000000 0.000100 0.000100 0.000000 0.017100 0.035300 0.017200 0.000100 0.000100 0.000100 0.000100 0.000100 0.000100 0.000000 0.000100 0.000000 0.000100 0.000100 0.000100 0.000100 0.000200 0.000000 0.000000 0.000000 0.000000
Reindeer 0.000200 0.017000 0.000100 0.017200 0.000200 0.000200 0.017200 0.000100 0.000100 0.000100 0.000200 0.000100 0.000100 0.000100 0.000200 0.000200 0.017200 0.000100 0.000100 0.000100 0.000100 0.000200 0.000100 0.000000 0.000200 0.000200 0.000100 0.000100 0.000200 0.000100 0.000100 0.017200 0.035400 0.017300 0.000100 0.000100 0.000200 0.000100 0.000200 0.000000 0.000100 0.000100 0.000100 0.000100 0.000100 0.000200 0.000100 0.000300 0.000100 0.000100 0.000100 0.000100
Ibex 0.000000 0.017000 0.000100 0.017100 0.000000 0.000000 0.017100 0.000100 0.000100 0.000100 0.000000 0.000200 0.000100 0.000100 0.000100 0.000100 0.017200 0.000100 0.000100 0.000100 0.000100 0.000000 0.000100 0.000200 0.000000 0.000000 0.000100 0.000100 0.000100 0.000100 0.000100 0.017200 0.035100 0.017200 0.000100 0.000200 0.000000 0.000100 0.000100 0.000200 0.000100 0.000100 0.000100 0.000200 0.000200 0.000000 0.000100 0.000100 0.000100 0.000100 0.000100 0.000100
GyrantGaze 0.000000 0.017000 0.000100 0.017100 0.000000 0.000000 0.017100 0.000100 0.000100 0.000100 0.000000 0.000200 0.000100 0.000100 0.000100 0.000100 0.017200 0.000100 0.000100 0.000100 0.000100 0.000000 0.000100 0.000200 0.000000 0.000000 0.000100 0.000100 0.000100 0.000100 0.000100 0.017200 0.035100 0.017200 0.000100 0.000200 0.000000 0.000100 0.000100 0.000200 0.000100 0.000100 0.000100 0.000200 0.000200 0.000000 0.000100 0.000100 0.000100 0.000100 0.000100 0.000100
Hartebeest 0.000100 0.017000 0.000100 0.017200 0.000100 0.000100 0.017100 0.000000 0.000100 0.000100 0.000100 0.000100 0.000000 0.000000 0.000100 0.000100 0.017200 0.000100 0.000000 0.000100 0.000000 0.000100 0.000100 0.000100 0.000100 0.000100 0.000000 0.000100 0.000100 0.000100 0.000100 0.017100 0.035300 0.017300 0.000000 0.000100 0.000100 0.000000 0.000100 0.000100 0.000100 0.000000 0.000100 0.000100 0.000100 0.000100 0.000000 0.000100 0.000100 0.000100 0.000100 0.000100
Bongo 0.000100 0.016900 0.000000 0.017200 0.000100 0.000100 0.017100 0.000100 0.000000 0.000000 0.000100 0.000100 0.000100 0.000100 0.000100 0.000100 0.017100 0.000100 0.000100 0.000000 0.000100 0.000100 0.000000 0.000100 0.000100 0.000100 0.000100 0.000000 0.000100 0.000100 0.000000 0.017100 0.035300 0.017200 0.000100 0.000100 0.000100 0.000100 0.000100 0.000100 0.000000 0.000100 0.000000 0.000100 0.000100 0.000100 0.000100 0.000200 0.000000 0.000000 0.000000 0.000000
Gerenuk 0.000100 0.017000 0.000100 0.017100 0.000100 0.000100 0.017100 0.000100 0.000100 0.000100 0.000100 0.000200 0.000100 0.000100 0.000100 0.000000 0.017200 0.000200 0.000100 0.000100 0.000100 0.000100 0.000100 0.000200 0.000100 0.000100 0.000100 0.000100 0.000000 0.000200 0.000100 0.017100 0.035100 0.017200 0.000100 0.000200 0.000100 0.000100 0.000100 0.000200 0.000100 0.000100 0.000100 0.000200 0.000200 0.000100 0.000100 0.000200 0.000100 0.000100 0.000100 0.000100
CommonElan 0.000100 0.017000 0.000100 0.017100 0.000100 0.000100 0.017100 0.000100 0.000100 0.000100 0.000100 0.000100 0.000100 0.000100 0.000200 0.000200 0.017200 0.000000 0.000100 0.000100 0.000100 0.000100 0.000100 0.000100 0.000100 0.000100 0.000100 0.000100 0.000200 0.000000 0.000100 0.017100 0.035200 0.017200 0.000100 0.000100 0.000100 0.000100 0.000200 0.000100 0.000100 0.000100 0.000100 0.000100 0.000100 0.000100 0.000100 0.000100 0.000100 0.000100 0.000100 0.000100
MuntiacusR 0.000100 0.016900 0.000000 0.017200 0.000100 0.000100 0.017100 0.000100 0.000000 0.000000 0.000100 0.000100 0.000100 0.000100 0.000100 0.000100 0.017100 0.000100 0.000100 0.000000 0.000100 0.000100 0.000000 0.000100 0.000100 0.000100 0.000100 0.000000 0.000100 0.000100 0.000000 0.017100 0.035300 0.017200 0.000100 0.000100 0.000100 0.000100 0.000100 0.000100 0.000000 0.000100 0.000000 0.000100 0.000100 0.000100 0.000100 0.000200 0.000000 0.000000 0.000000 0.000000
HarveysDui 0.017200 0.034700 0.017100 0.035000 0.017200 0.017200 0.034900 0.017100 0.017100 0.017100 0.017200 0.017400 0.017100 0.017100 0.017200 0.017100 0.035000 0.017100 0.017100 0.017100 0.017100 0.017200 0.017100 0.017200 0.017200 0.017200 0.017100 0.017100 0.017100 0.017100 0.017100 0.000000 0.054000 0.035200 0.017100 0.017400 0.017200 0.017100 0.017100 0.017200 0.017100 0.017100 0.017100 0.017200 0.017400 0.017200 0.017100 0.017100 0.017100 0.017100 0.017100 0.017100
Pronghorn 0.035100 0.053700 0.035300 0.053800 0.035100 0.035100 0.054000 0.035300 0.035300 0.035300 0.035100 0.035700 0.035300 0.035300 0.035200 0.035100 0.054300 0.035200 0.035300 0.035300 0.035300 0.035100 0.035300 0.035400 0.035100 0.035100 0.035300 0.035300 0.035100 0.035200 0.035300 0.054000 0.000000 0.054100 0.035300 0.035700 0.035100 0.035300 0.035100 0.035400 0.035300 0.035300 0.035300 0.035500 0.035700 0.035100 0.035300 0.034900 0.035300 0.035300 0.035300 0.035300
BlueWildeb 0.017200 0.034800 0.017200 0.035200 0.017200 0.017200 0.035100 0.017300 0.017200 0.017200 0.017200 0.017500 0.017300 0.017300 0.017200 0.017200 0.035300 0.017200 0.017300 0.017200 0.017300 0.017200 0.017200 0.017300 0.017200 0.017200 0.017300 0.017200 0.017200 0.017200 0.017200 0.035200 0.054100 0.000000 0.017300 0.017500 0.017200 0.017300 0.017200 0.017300 0.017200 0.017300 0.017200 0.017300 0.017500 0.017200 0.017300 0.017100 0.017200 0.017200 0.017200 0.017200
Gemsbok 0.000100 0.017000 0.000100 0.017200 0.000100 0.000100 0.017100 0.000000 0.000100 0.000100 0.000100 0.000100 0.000000 0.000000 0.000100 0.000100 0.017200 0.000100 0.000000 0.000100 0.000000 0.000100 0.000100 0.000100 0.000100 0.000100 0.000000 0.000100 0.000100 0.000100 0.000100 0.017100 0.035300 0.017300 0.000000 0.000100 0.000100 0.000000 0.000100 0.000100 0.000100 0.000000 0.000100 0.000100 0.000100 0.000100 0.000000 0.000100 0.000100 0.000100 0.000100 0.000100
Yak 0.000200 0.017100 0.000100 0.017400 0.000200 0.000200 0.017300 0.000100 0.000100 0.000100 0.000200 0.000000 0.000100 0.000100 0.000200 0.000200 0.017400 0.000100 0.000100 0.000100 0.000100 0.000200 0.000100 0.000100 0.000200 0.000200 0.000100 0.000100 0.000200 0.000100 0.000100 0.017400 0.035700 0.017500 0.000100 0.000000 0.000200 0.000100 0.000200 0.000100 0.000100 0.000100 0.000100 0.000100 0.000000 0.000200 0.000100 0.000300 0.000100 0.000100 0.000100 0.000100
BlueSheep 0.000000 0.017000 0.000100 0.017100 0.000000 0.000000 0.017100 0.000100 0.000100 0.000100 0.000000 0.000200 0.000100 0.000100 0.000100 0.000100 0.017200 0.000100 0.000100 0.000100 0.000100 0.000000 0.000100 0.000200 0.000000 0.000000 0.000100 0.000100 0.000100 0.000100 0.000100 0.017200 0.035100 0.017200 0.000100 0.000200 0.000000 0.000100 0.000100 0.000200 0.000100 0.000100 0.000100 0.000200 0.000200 0.000000 0.000100 0.000100 0.000100 0.000100 0.000100 0.000100
BohorReedb 0.000100 0.017000 0.000100 0.017200 0.000100 0.000100 0.017100 0.000000 0.000100 0.000100 0.000100 0.000100 0.000000 0.000000 0.000100 0.000100 0.017200 0.000100 0.000000 0.000100 0.000000 0.000100 0.000100 0.000100 0.000100 0.000100 0.000000 0.000100 0.000100 0.000100 0.000100 0.017100 0.035300 0.017300 0.000000 0.000100 0.000100 0.000000 0.000100 0.000100 0.000100 0.000000 0.000100 0.000100 0.000100 0.000100 0.000000 0.000100 0.000100 0.000100 0.000100 0.000100
KirksDik 0.000100 0.017000 0.000100 0.017100 0.000100 0.000100 0.017100 0.000100 0.000100 0.000100 0.000100 0.000200 0.000100 0.000100 0.000100 0.000100 0.017200 0.000200 0.000100 0.000100 0.000100 0.000100 0.000100 0.000200 0.000100 0.000100 0.000100 0.000100 0.000100 0.000200 0.000100 0.017100 0.035100 0.017200 0.000100 0.000200 0.000100 0.000100 0.000000 0.000200 0.000100 0.000100 0.000100 0.000200 0.000200 0.000100 0.000100 0.000200 0.000100 0.000100 0.000100 0.000100
RoeDeer 0.000200 0.017000 0.000100 0.017200 0.000200 0.000200 0.017200 0.000100 0.000100 0.000100 0.000200 0.000100 0.000100 0.000100 0.000200 0.000200 0.017200 0.000100 0.000100 0.000100 0.000100 0.000200 0.000100 0.000000 0.000200 0.000200 0.000100 0.000100 0.000200 0.000100 0.000100 0.017200 0.035400 0.017300 0.000100 0.000100 0.000200 0.000100 0.000200 0.000000 0.000100 0.000100 0.000100 0.000100 0.000100 0.000200 0.000100 0.000300 0.000100 0.000100 0.000100 0.000100
WhiteLippe 0.000100 0.016900 0.000000 0.017200 0.000100 0.000100 0.017100 0.000100 0.000000 0.000000 0.000100 0.000100 0.000100 0.000100 0.000100 0.000100 0.017100 0.000100 0.000100 0.000000 0.000100 0.000100 0.000000 0.000100 0.000100 0.000100 0.000100 0.000000 0.000100 0.000100 0.000000 0.017100 0.035300 0.017200 0.000100 0.000100 0.000100 0.000100 0.000100 0.000100 0.000000 0.000100 0.000000 0.000100 0.000100 0.000100 0.000100 0.000200 0.000000 0.000000 0.000000 0.000000
ThomsonGaz 0.000100 0.017000 0.000100 0.017200 0.000100 0.000100 0.017100 0.000000 0.000100 0.000100 0.000100 0.000100 0.000000 0.000000 0.000100 0.000100 0.017200 0.000100 0.000000 0.000100 0.000000 0.000100 0.000100 0.000100 0.000100 0.000100 0.000000 0.000100 0.000100 0.000100 0.000100 0.017100 0.035300 0.017300 0.000000 0.000100 0.000100 0.000000 0.000100 0.000100 0.000100 0.000000 0.000100 0.000100 0.000100 0.000100 0.000000 0.000100 0.000100 0.000100 0.000100 0.000100
MuntiacusC 0.000100 0.016900 0.000000 0.017200 0.000100 0.000100 0.017100 0.000100 0.000000 0.000000 0.000100 0.000100 0.000100 0.000100 0.000100 0.000100 0.017100 0.000100 0.000100 0.000000 0.000100 0.000100 0.000000 0.000100 0.000100 0.000100 0.000100 0.000000 0.000100 0.000100 0.000000 0.017100 0.035300 0.017200 0.000100 0.000100 0.000100 0.000100 0.000100 0.000100 0.000000 0.000100 0.000000 0.000100 0.000100 0.000100 0.000100 0.000200 0.000000 0.000000 0.000000 0.000000
WhiteTaile 0.000200 0.017000 0.000100 0.017200 0.000200 0.000200 0.017200 0.000100 0.000100 0.000100 0.000200 0.000100 0.000100 0.000100 0.000200 0.000200 0.017200 0.000100 0.000100 0.000100 0.000100 0.000200 0.000100 0.000100 0.000200 0.000200 0.000100 0.000100 0.000200 0.000100 0.000100 0.017200 0.035500 0.017300 0.000100 0.000100 0.000200 0.000100 0.000200 0.000100 0.000100 0.000100 0.000100 0.000000 0.000100 0.000200 0.000100 0.000300 0.000100 0.000100 0.000100 0.000100
Cattle 0.000200 0.017100 0.000100 0.017400 0.000200 0.000200 0.017300 0.000100 0.000100 0.000100 0.000200 0.000000 0.000100 0.000100 0.000200 0.000200 0.017400 0.000100 0.000100 0.000100 0.000100 0.000200 0.000100 0.000100 0.000200 0.000200 0.000100 0.000100 0.000200 0.000100 0.000100 0.017400 0.035700 0.017500 0.000100 0.000000 0.000200 0.000100 0.000200 0.000100 0.000100 0.000100 0.000100 0.000100 0.000000 0.000200 0.000100 0.000300 0.000100 0.000100 0.000100 0.000100
RoyalAntel 0.000000 0.017000 0.000100 0.017100 0.000000 0.000000 0.017100 0.000100 0.000100 0.000100 0.000000 0.000200 0.000100 0.000100 0.000100 0.000100 0.017200 0.000100 0.000100 0.000100 0.000100 0.000000 0.000100 0.000200 0.000000 0.000000 0.000100 0.000100 0.000100 0.000100 0.000100 0.017200 0.035100 0.017200 0.000100 0.000200 0.000000 0.000100 0.000100 0.000200 0.000100 0.000100 0.000100 0.000200 0.000200 0.000000 0.000100 0.000100 0.000100 0.000100 0.000100 0.000100
Steenbok 0.000100 0.017000 0.000100 0.017200 0.000100 0.000100 0.017100 0.000000 0.000100 0.000100 0.000100 0.000100 0.000000 0.000000 0.000100 0.000100 0.017200 0.000100 0.000000 0.000100 0.000000 0.000100 0.000100 0.000100 0.000100 0.000100 0.000000 0.000100 0.000100 0.000100 0.000100 0.017100 0.035300 0.017300 0.000000 0.000100 0.000100 0.000000 0.000100 0.000100 0.000100 0.000000 0.000100 0.000100 0.000100 0.000100 0.000000 0.000100 0.000100 0.000100 0.000100 0.000100
Impala 0.000100 0.017000 0.000200 0.017000 0.000100 0.000100 0.017100 0.000100 0.000200 0.000200 0.000100 0.000300 0.000100 0.000100 0.000200 0.000200 0.017100 0.000100 0.000100 0.000200 0.000100 0.000100 0.000200 0.000300 0.000100 0.000100 0.000100 0.000200 0.000200 0.000100 0.000200 0.017100 0.034900 0.017100 0.000100 0.000300 0.000100 0.000100 0.000200 0.000300 0.000200 0.000100 0.000200 0.000300 0.000300 0.000100 0.000100 0.000000 0.000200 0.000200 0.000200 0.000200
Klipspring 0.000100 0.016900 0.000000 0.017200 0.000100 0.000100 0.017100 0.000100 0.000000 0.000000 0.000100 0.000100 0.000100 0.000100 0.000100 0.000100 0.017100 0.000100 0.000100 0.000000 0.000100 0.000100 0.000000 0.000100 0.000100 0.000100 0.000100 0.000000 0.000100 0.000100 0.000000 0.017100 0.035300 0.017200 0.000100 0.000100 0.000100 0.000100 0.000100 0.000100 0.000000 0.000100 0.000000 0.000100 0.000100 0.000100 0.000100 0.000200 0.000000 0.000000 0.000000 0.000000
ForestMusk 0.000100 0.016900 0.000000 0.017200 0.000100 0.000100 0.017100 0.000100 0.000000 0.000000 0.000100 0.000100 0.000100 0.000100 0.000100 0.000100 0.017100 0.000100 0.000100 0.000000 0.000100 0.000100 0.000000 0.000100 0.000100 0.000100 0.000100 0.000000 0.000100 0.000100 0.000000 0.017100 0.035300 0.017200 0.000100 0.000100 0.000100 0.000100 0.000100 0.000100 0.000000 0.000100 0.000000 0.000100 0.000100 0.000100 0.000100 0.000200 0.000000 0.000000 0.000000 0.000000
Bushbuck 0.000100 0.016900 0.000000 0.017200 0.000100 0.000100 0.017100 0.000100 0.000000 0.000000 0.000100 0.000100 0.000100 0.000100 0.000100 0.000100 0.017100 0.000100 0.000100 0.000000 0.000100 0.000100 0.000000 0.000100 0.000100 0.000100 0.000100 0.000000 0.000100 0.000100 0.000000 0.017100 0.035300 0.017200 0.000100 0.000100 0.000100 0.000100 0.000100 0.000100 0.000000 0.000100 0.000000 0.000100 0.000100 0.000100 0.000100 0.000200 0.000000 0.000000 0.000000 0.000000
GreaterKud 0.000100 0.016900 0.000000 0.017200 0.000100 0.000100 0.017100 0.000100 0.000000 0.000000 0.000100 0.000100 0.000100 0.000100 0.000100 0.000100 0.017100 0.000100 0.000100 0.000000 0.000100 0.000100 0.000000 0.000100 0.000100 0.000100 0.000100 0.000000 0.000100 0.000100 0.000000 0.017100 0.035300 0.017200 0.000100 0.000100 0.000100 0.000100 0.000100 0.000100 0.000000 0.000100 0.000000 0.000100 0.000100 0.000100 0.000100 0.000200 0.000000 0.000000 0.000000 0.000000
