1
52 1
Argali 0.000000 0.000300 0.000100 0.589500 0.000000 0.000000 0.050300 0.000000 0.000000 0.000100 0.000100 0.000100 0.000000 0.000000 0.050100 0.100800 0.000000 0.000000 0.000000 0.000000 0.000000 0.000000 0.000300 0.152900 0.000000 0.000000 0.000000 0.000100 0.000000 0.000000 0.000200 0.000000 0.242000 0.000100 0.000100 0.000100 0.000000 0.000000 0.111800 0.115000 0.000100 0.000000 0.000100 0.100500 0.000100 0.054100 0.000200 0.050400 0.050200 0.000000 0.000100 0.000000
LesserMous 0.000300 0.000000 0.000200 0.585700 0.000300 0.000300 0.051100 0.000300 0.000300 0.000400 0.000400 0.000200 0.000300 0.000300 0.050600 0.102900 0.000300 0.000300 0.000300 0.000300 0.000300 0.000300 0.000600 0.155400 0.000300 0.000300 0.000300 0.000400 0.000300 0.000300 0.000500 0.000300 0.247900 0.000400 0.000400 0.000200 0.000300 0.000300 0.113900 0.116700 0.000400 0.000300 0.000400 0.102000 0.000200 0.056000 0.000500 0.051300 0.051600 0.000300 0.000400 0.000300
LesserKudu 0.000100 0.000200 0.000000 0.584500 0.000100 0.000100 0.050000 0.000100 0.000100 0.000200 0.000200 0.000200 0.000100 0.000100 0.049400 0.100200 0.000100 0.000100 0.000100 0.000100 0.000100 0.000100 0.000400 0.151100 0.000100 0.000100 0.000100 0.000200 0.000100 0.000100 0.000300 0.000100 0.239800 0.000200 0.000200 0.000200 0.000100 0.000100 0.110700 0.113400 0.000200 0.000100 0.000200 0.099300 0.000200 0.054600 0.000300 0.049800 0.050300 0.000100 0.000200 0.000100
KillerWhal 0.589500 0.585700 0.584500 0.000000 0.589500 0.589500 0.693100 0.589500 0.589500 0.597800 0.733000 0.592100 0.589500 0.589500 0.663100 0.696300 0.589500 0.589500 0.589500 0.589500 0.589500 0.589500 0.582200 0.600200 0.589500 0.589500 0.589500 0.599800 0.589500 0.589500 0.609100 0.589500 1.140000 0.584000 0.596300 0.592100 0.589500 0.589500 0.724800 0.725500 0.597800 0.589500 0.597800 0.743700 0.592100 0.503300 0.607300 0.690100 0.700200 0.589500 0.733000 0.589500
DefassaWat 0.000000 0.000300 0.000100 0.589500 0.000000 0.000000 0.050300 0.000000 0.000000 0.000100 0.000100 0.000100 0.000000 0.000000 0.050100 0.100800 0.000000 0.000000 0.000000 0.000000 0.000000 0.000000 0.000300 0.152900 0.000000 0.000000 0.000000 0.000100 0.000000 0.000000 0.000200 0.000000 0.242000 0.000100 0.000100 0.000100 0.000000 0.000000 0.111800 0.115000 0.000100 0.000000 0.000100 0.100500 0.000100 0.055000 0.000200 0.050400 0.050700 0.000000 0.000100 0.000000
Sheep 0.000000 0.000300 0.000100 0.589500 0.000000 0.000000 0.050300 0.000000 0.000000 0.000100 0.000100 0.000100 0.000000 0.000000 0.050100 0.100800 0.000000 0.000000 0.000000 0.000000 0.000000 0.000000 0.000300 0.152900 0.000000 0.000000 0.000000 0.000100 0.000000 0.000000 0.000200 0.000000 0.242000 0.000100 0.000100 0.000100 0.000000 0.000000 0.111800 0.115000 0.000100 0.000000 0.000100 0.100500 0.000100 0.055000 0.000200 0.050400 0.050700 0.000000 0.000100 0.000000
MaxwellsDu 0.050300 0.051100 0.050000 0.693100 0.050300 0.050300 0.000000 0.050300 0.050300 0.051400 0.051700 0.050700 0.050300 0.050300 0.099100 0.150100 0.050300 0.050300 0.050300 0.050300 0.050300 0.050300 0.050100 0.202500 0.050300 0.050300 0.050300 0.050600 0.050300 0.050300 0.052200 0.049700 0.238200 0.050100 0.051300 0.050700 0.050300 0.048200 0.166300 0.170500 0.051400 0.050300 0.051400 0.149400 0.050700 0.108500 0.051600 0.099900 0.048900 0.050300 0.051700 0.050300
GazellaPrz 0.000000 0.000300 0.000100 0.589500 0.000000 0.000000 0.050300 0.000000 0.000000 0.000100 0.000100 0.000100 0.000000 0.000000 0.050100 0.100800 0.000000 0.000000 0.000000 0.000000 0.000000 0.000000 0.000300 0.152900 0.000000 0.000000 0.000000 0.000100 0.000000 0.000000 0.000200 0.000000 0.242000 0.000100 0.000100 0.000100 0.000000 0.000000 0.111800 0.115000 0.000100 0.000000 0.000100 0.100500 0.000100 0.055100 0.000200 0.050400 0.050700 0.000000 0.000100 0.000000
MountainNy 0.000000 0.000300 0.000100 0.589500 0.000000 0.000000 0.050300 0.000000 0.000000 0.000100 0.000100 0.000100 0.000000 0.000000 0.050100 0.100800 0.000000 0.000000 0.000000 0.000000 0.000000 0.000000 0.000300 0.152900 0.000000 0.000000 0.000000 0.000100 0.000000 0.000000 0.000200 0.000000 0.242000 0.000100 0.000100 0.000100 0.000000 0.000000 0.111800 0.115000 0.000100 0.000000 0.000100 0.100500 0.000100 0.055000 0.000200 0.050400 0.050700 0.000000 0.000100 0.000000
MuntiacusM 0.000100 0.000400 0.000200 0.597800 0.000100 0.000100 0.051400 0.000100 0.000100 0.000000 0.000200 0.000200 0.000100 0.000100 0.050900 0.103000 0.000100 0.000100 0.000100 0.000100 0.000100 0.000100 0.000200 0.155500 0.000100 0.000100 0.000100 0.000200 0.000100 0.000100 0.000100 0.000100 0.245300 0.000200 0.000200 0.000200 0.000100 0.000100 0.113600 0.117100 0.000000 0.000100 0.000000 0.101600 0.000200 0.056300 0.000300 0.051300 0.051800 0.000100 0.000200 0.000100
goat 0.000100 0.000400 0.000200 0.733000 0.000100 0.000100 0.051700 0.000100 0.000100 0.000200 0.000000 0.000200 0.000100 0.000100 0.051200 0.103600 0.000100 0.000100 0.000100 0.000100 0.000100 0.000100 0.000400 0.156400 0.000100 0.000100 0.000100 0.000200 0.000100 0.000100 0.000300 0.000100 0.247500 0.000200 0.000200 0.000200 0.000100 0.000100 0.114600 0.117800 0.000200 0.000100 0.000200 0.102700 0.000200 0.056600 0.000300 0.051600 0.052100 0.000100 0.000000 0.000100
AfricanBuf 0.000100 0.000200 0.000200 0.592100 0.000100 0.000100 0.050700 0.000100 0.000100 0.000200 0.000200 0.000000 0.000100 0.000100 0.050000 0.101800 0.000100 0.000100 0.000100 0.000100 0.000100 0.000100 0.000400 0.153600 0.000100 0.000100 0.000100 0.000200 0.000100 0.000100 0.000300 0.000100 0.243200 0.000200 0.000200 0.000000 0.000100 0.000100 0.112200 0.115400 0.000200 0.000100 0.000200 0.101000 0.000000 0.055600 0.000300 0.050600 0.051100 0.000100 0.000200 0.000100
Topi 0.000000 0.000300 0.000100 0.589500 0.000000 0.000000 0.050300 0.000000 0.000000 0.000100 0.000100 0.000100 0.000000 0.000000 0.050100 0.100800 0.000000 0.000000 0.000000 0.000000 0.000000 0.000000 0.000300 0.152900 0.000000 0.000000 0.000000 0.000100 0.000000 0.000000 0.000200 0.000000 0.242000 0.000100 0.000100 0.000100 0.000000 0.000000 0.111800 0.115000 0.000100 0.000000 0.000100 0.100500 0.000100 0.055000 0.000200 0.050400 0.050700 0.000000 0.000100 0.000000
CommonDuik 0.000000 0.000300 0.000100 0.589500 0.000000 0.000000 0.050300 0.000000 0.000000 0.000100 0.000100 0.000100 0.000000 0.000000 0.050100 0.100800 0.000000 0.000000 0.000000 0.000000 0.000000 0.000000 0.000300 0.152900 0.000000 0.000000 0.000000 0.000100 0.000000 0.000000 0.000200 0.000000 0.242000 0.000100 0.000100 0.000100 0.000000 0.000000 0.111800 0.115000 0.000100 0.000000 0.000100 0.100500 0.000100 0.055000 0.000200 0.050400 0.050700 0.000000 0.000100 0.000000
Suni 0.050100 0.050600 0.049400 0.663100 0.050100 0.050100 0.099100 0.050100 0.050100 0.050900 0.051200 0.050000 0.050100 0.050100 0.000000 0.149500 0.050100 0.050100 0.050100 0.050100 0.050100 0.050100 0.049900 0.200600 0.050100 0.050100 0.050100 0.050000 0.050100 0.050100 0.051600 0.050100 0.288900 0.049600 0.050700 0.050000 0.050100 0.050100 0.163900 0.168300 0.050900 0.050100 0.050900 0.148100 0.048700 0.108000 0.051000 0.098800 0.099700 0.050100 0.051200 0.050100
Springbuck 0.100800 0.102900 0.100200 0.696300 0.100800 0.100800 0.150100 0.100800 0.100800 0.103000 0.103600 0.101800 0.100800 0.100800 0.149500 0.000000 0.100800 0.100800 0.099600 0.100800 0.100800 0.100800 0.101100 0.254600 0.100800 0.100800 0.100800 0.101400 0.100800 0.100800 0.104600 0.100800 0.345900 0.100600 0.102800 0.101800 0.100800 0.100800 0.223100 0.228100 0.103000 0.100800 0.103000 0.200300 0.101800 0.162900 0.103500 0.150600 0.150800 0.100800 0.103600 0.100800
Okapi 0.000000 0.000300 0.000100 0.589500 0.000000 0.000000 0.050300 0.000000 0.000000 0.000100 0.000100 0.000100 0.000000 0.000000 0.050100 0.100800 0.000000 0.000000 0.000000 0.000000 0.000000 0.000000 0.000300 0.152900 0.000000 0.000000 0.000000 0.000100 0.000000 0.000000 0.000200 0.000000 0.242000 0.000100 0.000100 0.000100 0.000000 0.000000 0.111800 0.115000 0.000100 0.000000 0.000100 0.100500 0.000100 0.055000 0.000200 0.050400 0.050700 0.000000 0.000100 0.000000
Giraffe 0.000000 0.000300 0.000100 0.589500 0.000000 0.000000 0.050300 0.000000 0.000000 0.000100 0.000100 0.000100 0.000000 0.000000 0.050100 0.100800 0.000000 0.000000 0.000000 0.000000 0.000000 0.000000 0.000300 0.152900 0.000000 0.000000 0.000000 0.000100 0.000000 0.000000 0.000200 0.000000 0.242000 0.000100 0.000100 0.000100 0.000000 0.000000 0.111800 0.115000 0.000100 0.000000 0.000100 0.100500 0.000100 0.055000 0.000200 0.050400 0.050700 0.000000 0.000100 0.000000
TibetanAnt 0.000000 0.000300 0.000100 0.589500 0.000000 0.000000 0.050300 0.000000 0.000000 0.000100 0.000100 0.000100 0.000000 0.000000 0.050100 0.099600 0.000000 0.000000 0.000000 0.000000 0.000000 0.000000 0.000300 0.152900 0.000000 0.000000 0.000000 0.000100 0.000000 0.000000 0.000200 0.000000 0.242000 0.000100 0.000100 0.000100 0.000000 0.000000 0.111800 0.115000 0.000100 0.000000 0.000100 0.100500 0.000100 0.055000 0.000200 0.050400 0.050700 0.000000 0.000100 0.000000
Sitatunga 0.000000 0.000300 0.000100 0.589500 0.000000 0.000000 0.050300 0.000000 0.000000 0.000100 0.000100 0.000100 0.000000 0.000000 0.050100 0.100800 0.000000 0.000000 0.000000 0.000000 0.000000 0.000000 0.000300 0.152900 0.000000 0.000000 0.000000 0.000100 0.000000 0.000000 0.000200 0.000000 0.242000 0.000100 0.000100 0.000100 0.000000 0.000000 0.111800 0.115000 0.000100 0.000000 0.000100 0.100500 0.000100 0.055000 0.000200 0.050400 0.050700 0.000000 0.000100 0.000000
Oribi 0.000000 0.000300 0.000100 0.589500 0.000000 0.000000 0.050300 0.000000 0.000000 0.000100 0.000100 0.000100 0.000000 0.000000 0.050100 0.100800 0.000000 0.000000 0.000000 0.000000 0.000000 0.000000 0.000300 0.152900 0.000000 0.000000 0.000000 0.000100 0.000000 0.000000 0.000200 0.000000 0.242000 0.000100 0.000100 0.000100 0.000000 0.000000 0.111800 0.115000 0.000100 0.000000 0.000100 0.100500 0.000100 0.054200 0.000200 0.050400 0.050700 0.000000 0.000100 0.000000
BarbaryShe 0.000000 0.000300 0.000100 0.589500 0.000000 0.000000 0.050300 0.000000 0.000000 0.000100 0.000100 0.000100 0.000000 0.000000 0.050100 0.100800 0.000000 0.000000 0.000000 0.000000 0.000000 0.000000 0.000300 0.152900 0.000000 0.000000 0.000000 0.000100 0.000000 0.000000 0.000200 0.000000 0.242000 0.000100 0.000100 0.000100 0.000000 0.000000 0.111800 0.115000 0.000100 0.000000 0.000100 0.100500 0.000100 0.055000 0.000200 0.050400 0.050700 0.000000 0.000100 0.000000
Daviddeer 0.000300 0.000600 0.000400 0.582200 0.000300 0.000300 0.050100 0.000300 0.000300 0.000200 0.000400 0.000400 0.000300 0.000300 0.049900 0.101100 0.000300 0.000300 0.000300 0.000300 0.000300 0.000300 0.000000 0.152500 0.000300 0.000300 0.000300 0.000400 0.000300 0.000300 0.000300 0.000300 0.240100 0.000400 0.000400 0.000400 0.000300 0.000300 0.111400 0.114600 0.000200 0.000300 0.000200 0.100100 0.000400 0.055000 0.000500 0.050300 0.051000 0.000300 0.000400 0.000300
Reindeer 0.152900 0.155400 0.151100 0.600200 0.152900 0.152900 0.202500 0.152900 0.152900 0.155500 0.156400 0.153600 0.152900 0.152900 0.200600 0.254600 0.152900 0.152900 0.152900 0.152900 0.152900 0.152900 0.152500 0.000000 0.152900 0.152900 0.152900 0.152900 0.152900 0.152900 0.157700 0.152900 0.399000 0.151700 0.155500 0.153600 0.152900 0.152900 0.281500 0.155200 0.155500 0.152900 0.155500 0.043400 0.153600 0.219700 0.156200 0.202000 0.203500 0.152900 0.156400 0.152900
Ibex 0.000000 0.000300 0.000100 0.589500 0.000000 0.000000 0.050300 0.000000 0.000000 0.000100 0.000100 0.000100 0.000000 0.000000 0.050100 0.100800 0.000000 0.000000 0.000000 0.000000 0.000000 0.000000 0.000300 0.152900 0.000000 0.000000 0.000000 0.000100 0.000000 0.000000 0.000200 0.000000 0.242000 0.000100 0.000100 0.000100 0.000000 0.000000 0.111800 0.115000 0.000100 0.000000 0.000100 0.100500 0.000100 0.054600 0.000200 0.050400 0.050700 0.000000 0.000100 0.000000
GyrantGaze 0.000000 0.000300 0.000100 0.589500 0.000000 0.000000 0.050300 0.000000 0.000000 0.000100 0.000100 0.000100 0.000000 0.000000 0.050100 0.100800 0.000000 0.000000 0.000000 0.000000 0.000000 0.000000 0.000300 0.152900 0.000000 0.000000 0.000000 0.000100 0.000000 0.000000 0.000200 0.000000 0.242000 0.000100 0.000100 0.000100 0.000000 0.000000 0.111800 0.115000 0.000100 0.000000 0.000100 0.100500 0.000100 0.054700 0.000200 0.050400 0.050700 0.000000 0.000100 0.000000
Hartebeest 0.000000 0.000300 0.000100 0.589500 0.000000 0.000000 0.050300 0.000000 0.000000 0.000100 0.000100 0.000100 0.000000 0.000000 0.050100 0.100800 0.000000 0.000000 0.000000 0.000000 0.000000 0.000000 0.000300 0.152900 0.000000 0.000000 0.000000 0.000100 0.000000 0.000000 0.000200 0.000000 0.242000 0.000100 0.000100 0.000100 0.000000 0.000000 0.111800 0.115000 0.000100 0.000000 0.000100 0.100500 0.000100 0.055000 0.000200 0.050400 0.050700 0.000000 0.000100 0.000000
Bongo 0.000100 0.000400 0.000200 0.599800 0.000100 0.000100 0.050600 0.000100 0.000100 0.000200 0.000200 0.000200 0.000100 0.000100 0.050000 0.101400 0.000100 0.000100 0.000100 0.000100 0.000100 0.000100 0.000400 0.152900 0.000100 0.000100 0.000100 0.000000 0.000100 0.000100 0.000300 0.000100 0.243000 0.000200 0.000200 0.000200 0.000100 0.000100 0.111900 0.114700 0.000200 0.000100 0.000200 0.100500 0.000200 0.055300 0.000200 0.050500 0.050900 0.000100 0.000200 0.000100
Gerenuk 0.000000 0.000300 0.000100 0.589500 0.000000 0.000000 0.050300 0.000000 0.000000 0.000100 0.000100 0.000100 0.000000 0.000000 0.050100 0.100800 0.000000 0.000000 0.000000 0.000000 0.000000 0.000000 0.000300 0.152900 0.000000 0.000000 0.000000 0.000100 0.000000 0.000000 0.000200 0.000000 0.242000 0.000100 0.000100 0.000100 0.000000 0.000000 0.111800 0.115000 0.000100 0.000000 0.000100 0.100500 0.000100 0.055000 0.000200 0.050400 0.050700 0.000000 0.000100 0.000000
CommonElan 0.000000 0.000300 0.000100 0.589500 0.000000 0.000000 0.050300 0.000000 0.000000 0.000100 0.000100 0.000100 0.000000 0.000000 0.050100 0.100800 0.000000 0.000000 0.000000 0.000000 0.000000 0.000000 0.000300 0.152900 0.000000 0.000000 0.000000 0.000100 0.000000 0.000000 0.000200 0.000000 0.242000 0.000100 0.000100 0.000100 0.000000 0.000000 0.111800 0.115000 0.000100 0.000000 0.000100 0.100500 0.000100 0.054600 0.000200 0.050400 0.050700 0.000000 0.000100 0.000000
MuntiacusR 0.000200 0.000500 0.000300 0.609100 0.000200 0.000200 0.052200 0.000200 0.000200 0.000100 0.000300 0.000300 0.000200 0.000200 0.051600 0.104600 0.000200 0.000200 0.000200 0.000200 0.000200 0.000200 0.000300 0.157700 0.000200 0.000200 0.000200 0.000300 0.000200 0.000200 0.000000 0.000200 0.248700 0.000300 0.000300 0.000300 0.000200 0.000200 0.115100 0.118800 0.000100 0.000200 0.000100 0.103700 0.000300 0.057200 0.000400 0.052000 0.052600 0.000200 0.000300 0.000200
HarveysDui 0.000000 0.000300 0.000100 0.589500 0.000000 0.000000 0.049700 0.000000 0.000000 0.000100 0.000100 0.000100 0.000000 0.000000 0.050100 0.100800 0.000000 0.000000 0.000000 0.000000 0.000000 0.000000 0.000300 0.152900 0.000000 0.000000 0.000000 0.000100 0.000000 0.000000 0.000200 0.000000 0.242000 0.000100 0.000100 0.000100 0.000000 0.000000 0.111800 0.115000 0.000100 0.000000 0.000100 0.100500 0.000100 0.055000 0.000200 0.050400 0.050700 0.000000 0.000100 0.000000
Pronghorn 0.242000 0.247900 0.239800 1.140000 0.242000 0.242000 0.238200 0.242000 0.242000 0.245300 0.247500 0.243200 0.242000 0.242000 0.288900 0.345900 0.242000 0.242000 0.242000 0.242000 0.242000 0.242000 0.240100 0.399000 0.242000 0.242000 0.242000 0.243000 0.242000 0.242000 0.248700 0.242000 0.000000 0.241400 0.245300 0.243200 0.242000 0.242000 0.378500 0.384200 0.245300 0.242000 0.245300 0.339300 0.243200 0.314100 0.248000 0.290200 0.180400 0.242000 0.247500 0.242000
BlueWildeb 0.000100 0.000400 0.000200 0.584000 0.000100 0.000100 0.050100 0.000100 0.000100 0.000200 0.000200 0.000200 0.000100 0.000100 0.049600 0.100600 0.000100 0.000100 0.000100 0.000100 0.000100 0.000100 0.000400 0.151700 0.000100 0.000100 0.000100 0.000200 0.000100 0.000100 0.000300 0.000100 0.241400 0.000000 0.000200 0.000200 0.000100 0.000100 0.110500 0.113800 0.000200 0.000100 0.000200 0.099700 0.000200 0.054800 0.000300 0.049900 0.050500 0.000100 0.000200 0.000100
Gemsbok 0.000100 0.000400 0.000200 0.596300 0.000100 0.000100 0.051300 0.000100 0.000100 0.000200 0.000200 0.000200 0.000100 0.000100 0.050700 0.102800 0.000100 0.000100 0.000100 0.000100 0.000100 0.000100 0.000400 0.155500 0.000100 0.000100 0.000100 0.000200 0.000100 0.000100 0.000300 0.000100 0.245300 0.000200 0.000000 0.000200 0.000100 0.000100 0.113000 0.116800 0.000200 0.000100 0.000200 0.102400 0.000200 0.056200 0.000300 0.051200 0.051700 0.000100 0.000200 0.000100
Yak 0.000100 0.000200 0.000200 0.592100 0.000100 0.000100 0.050700 0.000100 0.000100 0.000200 0.000200 0.000000 0.000100 0.000100 0.050000 0.101800 0.000100 0.000100 0.000100 0.000100 0.000100 0.000100 0.000400 0.153600 0.000100 0.000100 0.000100 0.000200 0.000100 0.000100 0.000300 0.000100 0.243200 0.000200 0.000200 0.000000 0.000100 0.000100 0.112200 0.115400 0.000200 0.000100 0.000200 0.101000 0.000000 0.055600 0.000300 0.050600 0.051100 0.000100 0.000200 0.000100
BlueSheep 0.000000 0.000300 0.000100 0.589500 0.000000 0.000000 0.050300 0.000000 0.000000 0.000100 0.000100 0.000100 0.000000 0.000000 0.050100 0.100800 0.000000 0.000000 0.000000 0.000000 0.000000 0.000000 0.000300 0.152900 0.000000 0.000000 0.000000 0.000100 0.000000 0.000000 0.000200 0.000000 0.242000 0.000100 0.000100 0.000100 0.000000 0.000000 0.111800 0.115000 0.000100 0.000000 0.000100 0.100500 0.000100 0.054000 0.000200 0.050400 0.050700 0.000000 0.000100 0.000000
BohorReedb 0.000000 0.000300 0.000100 0.589500 0.000000 0.000000 0.048200 0.000000 0.000000 0.000100 0.000100 0.000100 0.000000 0.000000 0.050100 0.100800 0.000000 0.000000 0.000000 0.000000 0.000000 0.000000 0.000300 0.152900 0.000000 0.000000 0.000000 0.000100 0.000000 0.000000 0.000200 0.000000 0.242000 0.000100 0.000100 0.000100 0.000000 0.000000 0.111800 0.115000 0.000100 0.000000 0.000100 0.100500 0.000100 0.055000 0.000200 0.050400 0.050700 0.000000 0.000100 0.000000
KirksDik 0.111800 0.113900 0.110700 0.724800 0.111800 0.111800 0.166300 0.111800 0.111800 0.113600 0.114600 0.112200 0.111800 0.111800 0.163900 0.223100 0.111800 0.111800 0.111800 0.111800 0.111800 0.111800 0.111400 0.281500 0.111800 0.111800 0.111800 0.111900 0.111800 0.111800 0.115100 0.111800 0.378500 0.110500 0.113000 0.112200 0.111800 0.111800 0.000000 0.106800 0.113600 0.111800 0.113600 0.220800 0.112200 0.182600 0.114600 0.164800 0.167500 0.111800 0.114600 0.111800
RoeDeer 0.115000 0.116700 0.113400 0.725500 0.115000 0.115000 0.170500 0.115000 0.115000 0.117100 0.117800 0.115400 0.115000 0.115000 0.168300 0.228100 0.115000 0.115000 0.115000 0.115000 0.115000 0.115000 0.114600 0.155200 0.115000 0.115000 0.115000 0.114700 0.115000 0.115000 0.118800 0.115000 0.384200 0.113800 0.116800 0.115400 0.115000 0.115000 0.106800 0.000000 0.117100 0.115000 0.117100 0.101900 0.115400 0.187500 0.117500 0.169400 0.171900 0.115000 0.117800 0.115000
WhiteLippe 0.000100 0.000400 0.000200 0.597800 0.000100 0.000100 0.051400 0.000100 0.000100 0.000000 0.000200 0.000200 0.000100 0.000100 0.050900 0.103000 0.000100 0.000100 0.000100 0.000100 0.000100 0.000100 0.000200 0.155500 0.000100 0.000100 0.000100 0.000200 0.000100 0.000100 0.000100 0.000100 0.245300 0.000200 0.000200 0.000200 0.000100 0.000100 0.113600 0.117100 0.000000 0.000100 0.000000 0.101900 0.000200 0.056300 0.000300 0.051300 0.051800 0.000100 0.000200 0.000100
ThomsonGaz 0.000000 0.000300 0.000100 0.589500 0.000000 0.000000 0.050300 0.000000 0.000000 0.000100 0.000100 0.000100 0.000000 0.000000 0.050100 0.100800 0.000000 0.000000 0.000000 0.000000 0.000000 0.000000 0.000300 0.152900 0.000000 0.000000 0.000000 0.000100 0.000000 0.000000 0.000200 0.000000 0.242000 0.000100 0.000100 0.000100 0.000000 0.000000 0.111800 0.115000 0.000100 0.000000 0.000100 0.100500 0.000100 0.055000 0.000200 0.050400 0.050700 0.000000 0.000100 0.000000
MuntiacusC 0.000100 0.000400 0.000200 0.597800 0.000100 0.000100 0.051400 0.000100 0.000100 0.000000 0.000200 0.000200 0.000100 0.000100 0.050900 0.103000 0.000100 0.000100 0.000100 0.000100 0.000100 0.000100 0.000200 0.155500 0.000100 0.000100 0.000100 0.000200 0.000100 0.000100 0.000100 0.000100 0.245300 0.000200 0.000200 0.000200 0.000100 0.000100 0.113600 0.117100 0.000000 0.000100 0.000000 0.101800 0.000200 0.056300 0.000300 0.051300 0.051800 0.000100 0.000200 0.000100
WhiteTaile 0.100500 0.102000 0.099300 0.743700 0.100500 0.100500 0.149400 0.100500 0.100500 0.101600 0.102700 0.101000 0.100500 0.100500 0.148100 0.200300 0.100500 0.100500 0.100500 0.100500 0.100500 0.100500 0.100100 0.043400 0.100500 0.100500 0.100500 0.100500 0.100500 0.100500 0.103700 0.100500 0.339300 0.099700 0.102400 0.101000 0.100500 0.100500 0.220800 0.101900 0.101900 0.100500 0.101800 0.000000 0.101000 0.161900 0.102700 0.149000 0.150100 0.100500 0.102700 0.100500
Cattle 0.000100 0.000200 0.000200 0.592100 0.000100 0.000100 0.050700 0.000100 0.000100 0.000200 0.000200 0.000000 0.000100 0.000100 0.048700 0.101800 0.000100 0.000100 0.000100 0.000100 0.000100 0.000100 0.000400 0.153600 0.000100 0.000100 0.000100 0.000200 0.000100 0.000100 0.000300 0.000100 0.243200 0.000200 0.000200 0.000000 0.000100 0.000100 0.112200 0.115400 0.000200 0.000100 0.000200 0.101000 0.000000 0.055600 0.000300 0.050600 0.051100 0.000100 0.000200 0.000100
RoyalAntel 0.054100 0.056000 0.054600 0.503300 0.055000 0.055000 0.108500 0.055100 0.055000 0.056300 0.056600 0.055600 0.055000 0.055000 0.108000 0.162900 0.055000 0.055000 0.055000 0.055000 0.054200 0.055000 0.055000 0.219700 0.054600 0.054700 0.055000 0.055300 0.055000 0.054600 0.057200 0.055000 0.314100 0.054800 0.056200 0.055600 0.054000 0.055000 0.182600 0.187500 0.056300 0.055000 0.056300 0.161900 0.055600 0.000000 0.056500 0.108800 0.109300 0.055300 0.056600 0.055000
Steenbok 0.000200 0.000500 0.000300 0.607300 0.000200 0.000200 0.051600 0.000200 0.000200 0.000300 0.000300 0.000300 0.000200 0.000200 0.051000 0.103500 0.000200 0.000200 0.000200 0.000200 0.000200 0.000200 0.000500 0.156200 0.000200 0.000200 0.000200 0.000200 0.000200 0.000200 0.000400 0.000200 0.248000 0.000300 0.000300 0.000300 0.000200 0.000200 0.114600 0.117500 0.000300 0.000200 0.000300 0.102700 0.000300 0.056500 0.000000 0.051700 0.052000 0.000200 0.000300 0.000200
Impala 0.050400 0.051300 0.049800 0.690100 0.050400 0.050400 0.099900 0.050400 0.050400 0.051300 0.051600 0.050600 0.050400 0.050400 0.098800 0.150600 0.050400 0.050400 0.050400 0.050400 0.050400 0.050400 0.050300 0.202000 0.050400 0.050400 0.050400 0.050500 0.050400 0.050400 0.052000 0.050400 0.290200 0.049900 0.051200 0.050600 0.050400 0.050400 0.164800 0.169400 0.051300 0.050400 0.051300 0.149000 0.050600 0.108800 0.051700 0.000000 0.099800 0.050400 0.051600 0.050400
Klipspring 0.050200 0.051600 0.050300 0.700200 0.050700 0.050700 0.048900 0.050700 0.050700 0.051800 0.052100 0.051100 0.050700 0.050700 0.099700 0.150800 0.050700 0.050700 0.050700 0.050700 0.050700 0.050700 0.051000 0.203500 0.050700 0.050700 0.050700 0.050900 0.050700 0.050700 0.052600 0.050700 0.180400 0.050500 0.051700 0.051100 0.050700 0.050700 0.167500 0.171900 0.051800 0.050700 0.051800 0.150100 0.051100 0.109300 0.052000 0.099800 0.000000 0.050700 0.052100 0.050700
ForestMusk 0.000000 0.000300 0.000100 0.589500 0.000000 0.000000 0.050300 0.000000 0.000000 0.000100 0.000100 0.000100 0.000000 0.000000 0.050100 0.100800 0.000000 0.000000 0.000000 0.000000 0.000000 0.000000 0.000300 0.152900 0.000000 0.000000 0.000000 0.000100 0.000000 0.000000 0.000200 0.000000 0.242000 0.000100 0.000100 0.000100 0.000000 0.000000 0.111800 0.115000 0.000100 0.000000 0.000100 0.100500 0.000100 0.055300 0.000200 0.050400 0.050700 0.000000 0.000100 0.000000
Bushbuck 0.000100 0.000400 0.000200 0.733000 0.000100 0.000100 0.051700 0.000100 0.000100 0.000200 0.000000 0.000200 0.000100 0.000100 0.051200 0.103600 0.000100 0.000100 0.000100 0.000100 0.000100 0.000100 0.000400 0.156400 0.000100 0.000100 0.000100 0.000200 0.000100 0.000100 0.000300 0.000100 0.247500 0.000200 0.000200 0.000200 0.000100 0.000100 0.114600 0.117800 0.000200 0.000100 0.000200 0.102700 0.000200 0.056600 0.000300 0.051600 0.052100 0.000100 0.000000 0.000100
GreaterKud 0.000000 0.000300 0.000100 0.589500 0.000000 0.000000 0.050300 0.000000 0.000000 0.000100 0.000100 0.000100 0.000000 0.000000 0.050100 0.100800 0.000000 0.000000 0.000000 0.000000 0.000000 0.000000 0.000300 0.152900 0.000000 0.000000 0.000000 0.000100 0.000000 0.000000 0.000200 0.000000 0.242000 0.000100 0.000100 0.000100 0.000000 0.000000 0.111800 0.115000 0.000100 0.000000 0.000100 0.100500 0.000100 0.055000 0.000200 0.050400 0.050700 0.000000 0.000100 0.000000
