1
52 1
Argali 0.000000 0.256700 0.052600 0.161300 0.055400 0.000000 0.110700 0.085000 0.080900 0.111100 0.053900 0.079200 0.053500 0.026900 0.083500 0.111600 0.137300 0.109200 0.083700 0.167700 0.000100 0.026800 0.145700 0.112000 0.054500 0.108700 0.053500 0.164100 0.084800 0.108000 0.137800 0.026800 0.201900 0.053500 0.054200 0.142200 0.053500 0.055600 0.054600 0.195100 0.145700 0.026500 0.111100 0.176900 0.114100 0.055800 0.054800 0.080300 0.054000 0.108900 0.108000 0.081200
LesserMous 0.256700 0.000000 0.247000 0.198600 0.226900 0.256700 0.285000 0.261300 0.218400 0.220800 0.252900 0.278100 0.252200 0.258500 0.256500 0.286900 0.247600 0.247400 0.294000 0.313900 0.253900 0.222900 0.259600 0.212700 0.255600 0.279200 0.252200 0.308500 0.260700 0.246500 0.246700 0.257100 0.319800 0.252200 0.255300 0.322500 0.252200 0.227300 0.223300 0.241200 0.260900 0.221400 0.221100 0.283600 0.293100 0.228300 0.223700 0.280100 0.288500 0.251100 0.246500 0.219500
LesserKudu 0.052600 0.247000 0.000000 0.219700 0.112000 0.052600 0.168000 0.143100 0.025600 0.168600 0.108900 0.077500 0.108100 0.081600 0.140900 0.169200 0.195100 0.107300 0.140800 0.105900 0.052400 0.081200 0.207500 0.169900 0.110100 0.164900 0.108100 0.103900 0.142800 0.051200 0.196000 0.081200 0.198700 0.108100 0.109100 0.202000 0.108100 0.112400 0.110300 0.255100 0.207300 0.080100 0.168600 0.239800 0.173700 0.112600 0.110800 0.134800 0.109600 0.165800 0.051200 0.025700
KillerWhal 0.161300 0.198600 0.219700 0.000000 0.135500 0.161300 0.130700 0.166400 0.189600 0.132000 0.104100 0.247300 0.103300 0.163300 0.104800 0.191400 0.157600 0.188100 0.195000 0.216000 0.160900 0.133200 0.165900 0.132900 0.105100 0.128500 0.103300 0.212000 0.165700 0.157000 0.157100 0.162600 0.220200 0.103300 0.162600 0.222800 0.103300 0.135700 0.133600 0.154400 0.165900 0.132400 0.132000 0.134100 0.195200 0.136100 0.133700 0.187800 0.192100 0.103100 0.157000 0.190000
DefassaWat 0.055400 0.226900 0.112000 0.135500 0.000000 0.055400 0.055100 0.028200 0.083200 0.055300 0.055500 0.139500 0.054800 0.027800 0.027700 0.055700 0.081600 0.112600 0.086400 0.172100 0.054900 0.027600 0.086800 0.055700 0.056200 0.054100 0.054800 0.168400 0.028200 0.110900 0.082000 0.027600 0.143100 0.054800 0.055900 0.085000 0.054800 0.000100 0.000100 0.138200 0.086800 0.027300 0.055200 0.117200 0.057000 0.000100 0.000200 0.082300 0.055700 0.111800 0.110900 0.083600
Sheep 0.000000 0.256700 0.052600 0.161300 0.055400 0.000000 0.110700 0.085000 0.080900 0.111100 0.053900 0.079200 0.053500 0.026900 0.083500 0.111600 0.137300 0.109200 0.083700 0.167700 0.000100 0.026800 0.145700 0.112000 0.054500 0.108700 0.053500 0.164100 0.084800 0.108000 0.137800 0.026800 0.201900 0.053500 0.054200 0.142200 0.053500 0.055600 0.054600 0.195100 0.145700 0.026500 0.111100 0.176900 0.114100 0.055800 0.054800 0.080300 0.054000 0.108900 0.108000 0.081200
MaxwellsDu 0.110700 0.285000 0.168000 0.130700 0.055100 0.110700 0.000000 0.084400 0.109800 0.110200 0.053400 0.196300 0.052900 0.083200 0.026600 0.111300 0.136300 0.168900 0.143500 0.229700 0.110000 0.082500 0.144500 0.111000 0.054000 0.052100 0.052900 0.224800 0.084400 0.166400 0.136600 0.082700 0.200100 0.052900 0.111400 0.141700 0.052900 0.055400 0.054400 0.194200 0.144500 0.081600 0.110200 0.112200 0.113700 0.055400 0.054700 0.137500 0.111100 0.107900 0.166400 0.139000
GazellaPrz 0.085000 0.261300 0.143100 0.166400 0.028200 0.085000 0.084400 0.000000 0.113500 0.084700 0.085000 0.171200 0.084000 0.056700 0.056600 0.085400 0.110900 0.143600 0.117800 0.201500 0.084100 0.056400 0.118400 0.085500 0.086000 0.082800 0.084000 0.200800 0.057600 0.141900 0.111700 0.056400 0.175300 0.084000 0.085600 0.115900 0.084000 0.028400 0.027900 0.170100 0.118300 0.055800 0.084700 0.149800 0.087300 0.028400 0.028000 0.083300 0.085300 0.142500 0.141900 0.113800
MountainNy 0.080900 0.218400 0.025600 0.189600 0.083200 0.080900 0.109800 0.113500 0.000000 0.139000 0.080900 0.105800 0.080300 0.111500 0.111000 0.167200 0.164900 0.137200 0.111600 0.078800 0.080500 0.053700 0.175200 0.140200 0.081800 0.163400 0.080300 0.077200 0.140600 0.025500 0.165200 0.110900 0.167500 0.080300 0.081500 0.171400 0.080300 0.083500 0.107700 0.224800 0.175200 0.074900 0.139000 0.206500 0.143100 0.083700 0.107100 0.107600 0.140400 0.136100 0.025500 0.000200
MuntiacusM 0.111100 0.220800 0.168600 0.132000 0.055300 0.111100 0.110200 0.084700 0.139000 0.000000 0.111100 0.197300 0.110200 0.083200 0.083000 0.054000 0.079800 0.109600 0.144100 0.230600 0.110500 0.082800 0.084500 0.000200 0.112300 0.108300 0.110200 0.225600 0.084500 0.166900 0.025900 0.082800 0.139300 0.110200 0.111800 0.142000 0.110200 0.055400 0.054400 0.078500 0.084500 0.081900 0.000100 0.055300 0.114000 0.055600 0.054600 0.138100 0.111500 0.109200 0.166900 0.139600
goat 0.053900 0.252900 0.108900 0.104100 0.055500 0.053900 0.053400 0.085000 0.080900 0.111100 0.000000 0.136400 0.000100 0.083600 0.026900 0.112000 0.137300 0.170100 0.083800 0.167300 0.053600 0.026800 0.145900 0.112000 0.000100 0.052500 0.000100 0.163900 0.084900 0.107900 0.137500 0.083200 0.201800 0.000100 0.054300 0.142500 0.000100 0.055800 0.054700 0.195500 0.145900 0.026500 0.111100 0.113500 0.114500 0.055800 0.055000 0.080400 0.111900 0.052600 0.107900 0.081200
AfricanBuf 0.079200 0.278100 0.077500 0.247300 0.139500 0.079200 0.196300 0.171200 0.105800 0.197300 0.136400 0.000000 0.134900 0.109000 0.169000 0.198400 0.222000 0.193500 0.169600 0.191900 0.078500 0.108500 0.236400 0.199000 0.138000 0.192700 0.134900 0.188100 0.171000 0.132400 0.224200 0.108400 0.293200 0.134900 0.137100 0.164800 0.134900 0.140600 0.138000 0.285600 0.236300 0.107200 0.197300 0.269800 0.137500 0.140800 0.138600 0.162500 0.137000 0.193300 0.132400 0.106000
Topi 0.053500 0.252200 0.108100 0.103300 0.054800 0.053500 0.052900 0.084000 0.080300 0.110200 0.000100 0.134900 0.000000 0.082900 0.026700 0.111100 0.135700 0.168600 0.083100 0.166300 0.053000 0.026600 0.144400 0.111100 0.000200 0.052000 0.000000 0.162800 0.084100 0.107200 0.136600 0.082500 0.200300 0.000000 0.053800 0.141500 0.000000 0.055400 0.054200 0.194200 0.144400 0.026300 0.110300 0.112500 0.113600 0.055400 0.054600 0.079500 0.111000 0.052200 0.107200 0.080600
CommonDuik 0.026900 0.258500 0.081600 0.163300 0.027800 0.026900 0.083200 0.056700 0.111500 0.083200 0.083600 0.109000 0.082900 0.000000 0.055900 0.107000 0.109900 0.082000 0.115500 0.202000 0.026800 0.055400 0.116500 0.083900 0.084600 0.081500 0.082900 0.197500 0.056700 0.139300 0.110200 0.000100 0.172800 0.082900 0.084100 0.113900 0.082900 0.027900 0.027400 0.166500 0.116600 0.054800 0.083200 0.147300 0.085800 0.027900 0.027500 0.110600 0.027100 0.141000 0.139300 0.112000
Suni 0.083500 0.256500 0.140900 0.104800 0.027700 0.083500 0.026600 0.056600 0.111000 0.083000 0.026900 0.169000 0.026700 0.055900 0.000000 0.083700 0.109600 0.141700 0.115100 0.201000 0.083200 0.055300 0.116300 0.083700 0.027200 0.026200 0.026700 0.196900 0.056600 0.138800 0.109700 0.055600 0.172500 0.026700 0.084000 0.113600 0.026700 0.027900 0.027400 0.166200 0.116200 0.054700 0.083000 0.084600 0.085700 0.027900 0.027500 0.110400 0.084000 0.081400 0.138800 0.111600
Springbuck 0.111600 0.286900 0.169200 0.191400 0.055700 0.111600 0.111300 0.085400 0.167200 0.054000 0.112000 0.198400 0.111100 0.107000 0.083700 0.000000 0.137400 0.169900 0.145400 0.232200 0.111100 0.083400 0.145700 0.054400 0.113300 0.109200 0.111100 0.227200 0.085100 0.168200 0.080100 0.107600 0.202000 0.111100 0.112600 0.143100 0.111100 0.055900 0.054800 0.135800 0.145800 0.082400 0.054000 0.114300 0.114700 0.056000 0.055000 0.139000 0.112100 0.169300 0.168200 0.140700
Okapi 0.137300 0.247600 0.195100 0.157600 0.081600 0.137300 0.136300 0.110900 0.164900 0.079800 0.137300 0.222000 0.135700 0.109900 0.109600 0.137400 0.000000 0.135700 0.170800 0.257400 0.136000 0.108900 0.111200 0.080500 0.138800 0.078100 0.135700 0.252200 0.111300 0.192900 0.105600 0.109300 0.166000 0.135700 0.138100 0.108900 0.135700 0.082200 0.080700 0.103800 0.111200 0.107900 0.079900 0.141200 0.140600 0.082300 0.081000 0.163100 0.137700 0.135400 0.192900 0.165400
Giraffe 0.109200 0.247400 0.107300 0.188100 0.112600 0.109200 0.168900 0.143600 0.137200 0.109600 0.170100 0.193500 0.168600 0.082000 0.141700 0.169900 0.135700 0.000000 0.206000 0.228500 0.108600 0.140200 0.143600 0.110600 0.171900 0.165600 0.168600 0.223800 0.144100 0.164900 0.136300 0.081600 0.138600 0.168600 0.171000 0.202300 0.168600 0.113000 0.110900 0.191700 0.143500 0.139000 0.109600 0.175300 0.174100 0.113200 0.111300 0.196600 0.109500 0.167500 0.164900 0.137900
TibetanAnt 0.083700 0.294000 0.140800 0.195000 0.086400 0.083700 0.143500 0.117800 0.111600 0.144100 0.083800 0.169600 0.083100 0.115500 0.115100 0.145400 0.170800 0.206000 0.000000 0.140200 0.083300 0.055600 0.116700 0.145200 0.084700 0.141000 0.083100 0.137200 0.117700 0.139600 0.171000 0.115000 0.173600 0.083100 0.084300 0.177500 0.083100 0.086700 0.085200 0.231700 0.116700 0.054900 0.144100 0.214400 0.148500 0.086900 0.085500 0.111000 0.145100 0.140500 0.139600 0.112000
Sitatunga 0.167700 0.313900 0.105900 0.216000 0.172100 0.167700 0.229700 0.201500 0.078800 0.230600 0.167300 0.191900 0.166300 0.202000 0.201000 0.232200 0.257400 0.228500 0.140200 0.000000 0.166600 0.138700 0.263100 0.232000 0.169000 0.226000 0.166300 0.050300 0.205100 0.051000 0.257500 0.201300 0.196900 0.166300 0.168400 0.266300 0.166300 0.172800 0.169900 0.253100 0.261800 0.137000 0.230600 0.306700 0.236900 0.172800 0.170500 0.194500 0.233300 0.226200 0.051000 0.078900
Oribi 0.000100 0.253900 0.052400 0.160900 0.054900 0.000100 0.110000 0.084100 0.080500 0.110500 0.053600 0.078500 0.053000 0.026800 0.083200 0.111100 0.136000 0.108600 0.083300 0.166600 0.000000 0.026700 0.144800 0.111400 0.054200 0.108000 0.053000 0.163100 0.084300 0.107400 0.137200 0.026600 0.200700 0.053000 0.053900 0.141600 0.053000 0.055400 0.054300 0.194300 0.144800 0.026300 0.110500 0.176200 0.113600 0.055500 0.054600 0.079600 0.053800 0.108300 0.107400 0.080800
BarbaryShe 0.026800 0.222900 0.081200 0.133200 0.027600 0.026800 0.082500 0.056400 0.053700 0.082800 0.026800 0.108500 0.026600 0.055400 0.055300 0.083400 0.108900 0.140200 0.055600 0.138700 0.026700 0.000000 0.115700 0.083500 0.027100 0.080900 0.026600 0.135700 0.056200 0.080600 0.109100 0.055100 0.171300 0.026600 0.027000 0.113200 0.026600 0.027700 0.027200 0.166400 0.115600 0.000300 0.082700 0.146500 0.085300 0.027800 0.027300 0.053300 0.083400 0.080900 0.080600 0.053900
Daviddeer 0.145700 0.259600 0.207500 0.165900 0.086800 0.145700 0.144500 0.118400 0.175200 0.084500 0.145900 0.236400 0.144400 0.116500 0.116300 0.145700 0.111200 0.143600 0.116700 0.263100 0.144800 0.115700 0.000000 0.085200 0.147700 0.141600 0.144400 0.235900 0.118200 0.205000 0.111600 0.115800 0.176000 0.144400 0.146700 0.147900 0.144400 0.087200 0.085400 0.169300 0.000100 0.114400 0.084500 0.149700 0.118900 0.087400 0.085800 0.173500 0.146200 0.143200 0.205000 0.175900
Reindeer 0.112000 0.212700 0.169900 0.132900 0.055700 0.112000 0.111000 0.085500 0.140200 0.000200 0.112000 0.199000 0.111100 0.083900 0.083700 0.054400 0.080500 0.110600 0.145200 0.232000 0.111400 0.083500 0.085200 0.000000 0.113200 0.109200 0.111100 0.226900 0.085300 0.168100 0.026100 0.083400 0.140200 0.111100 0.112800 0.143300 0.111100 0.055900 0.054800 0.079100 0.085200 0.082600 0.000200 0.055700 0.115000 0.056000 0.055000 0.139300 0.112400 0.110100 0.168100 0.140600
Ibex 0.054500 0.255600 0.110100 0.105100 0.056200 0.054500 0.054000 0.086000 0.081800 0.112300 0.000100 0.138000 0.000200 0.084600 0.027200 0.113300 0.138800 0.171900 0.084700 0.169000 0.054200 0.027100 0.147700 0.113200 0.000000 0.053100 0.000200 0.165500 0.085900 0.109100 0.139000 0.084200 0.203800 0.000200 0.054900 0.144200 0.000200 0.056500 0.055400 0.197600 0.147700 0.026900 0.112300 0.114700 0.115800 0.056500 0.055700 0.081300 0.113200 0.053100 0.109100 0.082000
GyrantGaze 0.108700 0.279200 0.164900 0.128500 0.054100 0.108700 0.052100 0.082800 0.163400 0.108300 0.052500 0.192700 0.052000 0.081500 0.026200 0.109200 0.078100 0.165600 0.141000 0.226000 0.108000 0.080900 0.141600 0.109200 0.053100 0.000000 0.052000 0.221400 0.082400 0.163500 0.134200 0.081000 0.197000 0.052000 0.109400 0.081100 0.052000 0.054400 0.053100 0.132300 0.141600 0.080100 0.108400 0.110400 0.111600 0.054400 0.053600 0.134900 0.109000 0.105900 0.163500 0.136700
Hartebeest 0.053500 0.252200 0.108100 0.103300 0.054800 0.053500 0.052900 0.084000 0.080300 0.110200 0.000100 0.134900 0.000000 0.082900 0.026700 0.111100 0.135700 0.168600 0.083100 0.166300 0.053000 0.026600 0.144400 0.111100 0.000200 0.052000 0.000000 0.162800 0.084100 0.107200 0.136600 0.082500 0.200300 0.000000 0.053800 0.141500 0.000000 0.055400 0.054200 0.194200 0.144400 0.026300 0.110300 0.112500 0.113600 0.055400 0.054600 0.079500 0.111000 0.052200 0.107200 0.080600
Bongo 0.164100 0.308500 0.103900 0.212000 0.168400 0.164100 0.224800 0.200800 0.077200 0.225600 0.163900 0.188100 0.162800 0.197500 0.196900 0.227200 0.252200 0.223800 0.137200 0.050300 0.163100 0.135700 0.235900 0.226900 0.165500 0.221400 0.162800 0.000000 0.200600 0.050000 0.252100 0.196900 0.193300 0.162800 0.164800 0.195500 0.162800 0.169000 0.166200 0.247600 0.235800 0.134100 0.225600 0.300000 0.167800 0.169000 0.166800 0.190800 0.228100 0.221800 0.050000 0.077400
Gerenuk 0.084800 0.260700 0.142800 0.165700 0.028200 0.084800 0.084400 0.057600 0.140600 0.084500 0.084900 0.171000 0.084100 0.056700 0.056600 0.085100 0.111300 0.144100 0.117700 0.205100 0.084300 0.056200 0.118200 0.085300 0.085900 0.082400 0.084100 0.200600 0.000000 0.141300 0.111600 0.056400 0.175800 0.084100 0.085400 0.115500 0.084100 0.028400 0.027700 0.168700 0.118200 0.055600 0.084500 0.150100 0.087100 0.028400 0.027900 0.112000 0.085000 0.142700 0.141300 0.113600
CommonElan 0.108000 0.246500 0.051200 0.157000 0.110900 0.108000 0.166400 0.141900 0.025500 0.166900 0.107900 0.132400 0.107200 0.139300 0.138800 0.168200 0.192900 0.164900 0.139600 0.051000 0.107400 0.080600 0.205000 0.168100 0.109100 0.163500 0.107200 0.050000 0.141300 0.000000 0.193100 0.138700 0.195700 0.107200 0.108700 0.200200 0.107200 0.111400 0.109400 0.190300 0.204900 0.079600 0.166900 0.236000 0.171800 0.111500 0.109800 0.134600 0.168600 0.163600 0.000000 0.025500
MuntiacusR 0.137800 0.246700 0.196000 0.157100 0.082000 0.137800 0.136600 0.111700 0.165200 0.025900 0.137500 0.224200 0.136600 0.110200 0.109700 0.080100 0.105600 0.136300 0.171000 0.257500 0.137200 0.109100 0.111600 0.026100 0.139000 0.134200 0.136600 0.252100 0.111600 0.193100 0.000000 0.109700 0.165900 0.136600 0.138400 0.168400 0.136600 0.082200 0.080800 0.103700 0.111600 0.108100 0.025900 0.082100 0.140800 0.082500 0.081000 0.164100 0.138500 0.079200 0.193100 0.166000
HarveysDui 0.026800 0.257100 0.081200 0.162600 0.027600 0.026800 0.082700 0.056400 0.110900 0.082800 0.083200 0.108400 0.082500 0.000100 0.055600 0.107600 0.109300 0.081600 0.115000 0.201300 0.026600 0.055100 0.115800 0.083400 0.084200 0.081000 0.082500 0.196900 0.056400 0.138700 0.109700 0.000000 0.172100 0.082500 0.083700 0.113300 0.082500 0.027700 0.027200 0.165800 0.115800 0.054400 0.082800 0.146700 0.085400 0.027800 0.027300 0.110000 0.026900 0.140300 0.138700 0.111500
Pronghorn 0.201900 0.319800 0.198700 0.220200 0.143100 0.201900 0.200100 0.175300 0.167500 0.139300 0.201800 0.293200 0.200300 0.172800 0.172500 0.202000 0.166000 0.138600 0.173600 0.196900 0.200700 0.171300 0.176000 0.140200 0.203800 0.197000 0.200300 0.193300 0.175800 0.195700 0.165900 0.172100 0.000000 0.200300 0.202900 0.235300 0.200300 0.143500 0.141100 0.222800 0.175900 0.169600 0.139200 0.173500 0.206600 0.143700 0.141500 0.229100 0.202500 0.199300 0.195700 0.168000
BlueWildeb 0.053500 0.252200 0.108100 0.103300 0.054800 0.053500 0.052900 0.084000 0.080300 0.110200 0.000100 0.134900 0.000000 0.082900 0.026700 0.111100 0.135700 0.168600 0.083100 0.166300 0.053000 0.026600 0.144400 0.111100 0.000200 0.052000 0.000000 0.162800 0.084100 0.107200 0.136600 0.082500 0.200300 0.000000 0.053800 0.141500 0.000000 0.055400 0.054200 0.194200 0.144400 0.026300 0.110300 0.112500 0.113600 0.055400 0.054600 0.079500 0.111000 0.052200 0.107200 0.080600
Gemsbok 0.054200 0.255300 0.109100 0.162600 0.055900 0.054200 0.111400 0.085600 0.081500 0.111800 0.054300 0.137100 0.053800 0.084100 0.084000 0.112600 0.138100 0.171000 0.084300 0.168400 0.053900 0.027000 0.146700 0.112800 0.054900 0.109400 0.053800 0.164800 0.085400 0.108700 0.138400 0.083700 0.202900 0.053800 0.000000 0.143400 0.053800 0.056100 0.055100 0.196700 0.146700 0.026700 0.111800 0.178300 0.115100 0.056200 0.055300 0.026100 0.112600 0.109500 0.108700 0.081700
Yak 0.142200 0.322500 0.202000 0.222800 0.085000 0.142200 0.141700 0.115900 0.171400 0.142000 0.142500 0.164800 0.141500 0.113900 0.113600 0.143100 0.108900 0.202300 0.177500 0.266300 0.141600 0.113200 0.147900 0.143300 0.144200 0.081100 0.141500 0.195500 0.115500 0.200200 0.168400 0.113300 0.235300 0.141500 0.143400 0.000000 0.141500 0.085000 0.083800 0.166700 0.147800 0.112000 0.142200 0.211400 0.026800 0.085500 0.084100 0.170000 0.143000 0.201500 0.200200 0.171900
BlueSheep 0.053500 0.252200 0.108100 0.103300 0.054800 0.053500 0.052900 0.084000 0.080300 0.110200 0.000100 0.134900 0.000000 0.082900 0.026700 0.111100 0.135700 0.168600 0.083100 0.166300 0.053000 0.026600 0.144400 0.111100 0.000200 0.052000 0.000000 0.162800 0.084100 0.107200 0.136600 0.082500 0.200300 0.000000 0.053800 0.141500 0.000000 0.055400 0.054200 0.194200 0.144400 0.026300 0.110300 0.112500 0.113600 0.055400 0.054600 0.079500 0.111000 0.052200 0.107200 0.080600
BohorReedb 0.055600 0.227300 0.112400 0.135700 0.000100 0.055600 0.055400 0.028400 0.083500 0.055400 0.055800 0.140600 0.055400 0.027900 0.027900 0.055900 0.082200 0.113000 0.086700 0.172800 0.055400 0.027700 0.087200 0.055900 0.056500 0.054400 0.055400 0.169000 0.028400 0.111400 0.082200 0.027700 0.143500 0.055400 0.056100 0.085000 0.055400 0.000000 0.000200 0.138700 0.087200 0.027400 0.055400 0.117700 0.057000 0.000200 0.000100 0.082900 0.055900 0.112600 0.111400 0.083900
KirksDik 0.054600 0.223300 0.110300 0.133600 0.000100 0.054600 0.054400 0.027900 0.107700 0.054400 0.054700 0.138000 0.054200 0.027400 0.027400 0.054800 0.080700 0.110900 0.085200 0.169900 0.054300 0.027200 0.085400 0.054800 0.055400 0.053100 0.054200 0.166200 0.027700 0.109400 0.080800 0.027200 0.141100 0.054200 0.055100 0.083800 0.054200 0.000200 0.000000 0.136200 0.085400 0.026900 0.054400 0.115400 0.056100 0.000200 0.000100 0.081400 0.054800 0.110300 0.109400 0.082400
RoeDeer 0.195100 0.241200 0.255100 0.154400 0.138200 0.195100 0.194200 0.170100 0.224800 0.078500 0.195500 0.285600 0.194200 0.166500 0.166200 0.135800 0.103800 0.191700 0.231700 0.253100 0.194300 0.166400 0.169300 0.079100 0.197600 0.132300 0.194200 0.247600 0.168700 0.190300 0.103700 0.165800 0.222800 0.194200 0.196700 0.166700 0.194200 0.138700 0.136200 0.000000 0.169400 0.164600 0.078700 0.137600 0.200200 0.138800 0.136600 0.223100 0.195800 0.192100 0.190300 0.225000
WhiteLippe 0.145700 0.260900 0.207300 0.165900 0.086800 0.145700 0.144500 0.118300 0.175200 0.084500 0.145900 0.236300 0.144400 0.116600 0.116200 0.145800 0.111200 0.143500 0.116700 0.261800 0.144800 0.115600 0.000100 0.085200 0.147700 0.141600 0.144400 0.235800 0.118200 0.204900 0.111600 0.115800 0.175900 0.144400 0.146700 0.147800 0.144400 0.087200 0.085400 0.169400 0.000000 0.114500 0.084600 0.149800 0.118800 0.087400 0.085800 0.173500 0.146100 0.143100 0.204900 0.175800
ThomsonGaz 0.026500 0.221400 0.080100 0.132400 0.027300 0.026500 0.081600 0.055800 0.074900 0.081900 0.026500 0.107200 0.026300 0.054800 0.054700 0.082400 0.107900 0.139000 0.054900 0.137000 0.026300 0.000300 0.114400 0.082600 0.026900 0.080100 0.026300 0.134100 0.055600 0.079600 0.108100 0.054400 0.169600 0.026300 0.026700 0.112000 0.026300 0.027400 0.026900 0.164600 0.114500 0.000000 0.081900 0.144700 0.084300 0.027500 0.027000 0.052700 0.082400 0.080200 0.079600 0.053200
MuntiacusC 0.111100 0.221100 0.168600 0.132000 0.055200 0.111100 0.110200 0.084700 0.139000 0.000100 0.111100 0.197300 0.110300 0.083200 0.083000 0.054000 0.079900 0.109600 0.144100 0.230600 0.110500 0.082700 0.084500 0.000200 0.112300 0.108400 0.110300 0.225600 0.084500 0.166900 0.025900 0.082800 0.139200 0.110300 0.111800 0.142200 0.110300 0.055400 0.054400 0.078700 0.084600 0.081900 0.000000 0.055300 0.114000 0.055600 0.054600 0.138100 0.111500 0.109200 0.166900 0.139500
WhiteTaile 0.176900 0.283600 0.239800 0.134100 0.117200 0.176900 0.112200 0.149800 0.206500 0.055300 0.113500 0.269800 0.112500 0.147300 0.084600 0.114300 0.141200 0.175300 0.214400 0.306700 0.176200 0.146500 0.149700 0.055700 0.114700 0.110400 0.112500 0.300000 0.150100 0.236000 0.082100 0.146700 0.173500 0.112500 0.178300 0.211400 0.112500 0.117700 0.115400 0.137600 0.149800 0.144700 0.055300 0.000000 0.181900 0.117800 0.115900 0.205100 0.177700 0.111900 0.236000 0.207700
Cattle 0.114100 0.293100 0.173700 0.195200 0.057000 0.114100 0.113700 0.087300 0.143100 0.114000 0.114500 0.137500 0.113600 0.085800 0.085700 0.114700 0.140600 0.174100 0.148500 0.236900 0.113600 0.085300 0.118900 0.115000 0.115800 0.111600 0.113600 0.167800 0.087100 0.171800 0.140800 0.085400 0.206600 0.113600 0.115100 0.026800 0.113600 0.057000 0.056100 0.200200 0.118800 0.084300 0.114000 0.181900 0.000000 0.057300 0.056300 0.141900 0.114800 0.173400 0.171800 0.143600
RoyalAntel 0.055800 0.228300 0.112600 0.136100 0.000100 0.055800 0.055400 0.028400 0.083700 0.055600 0.055800 0.140800 0.055400 0.027900 0.027900 0.056000 0.082300 0.113200 0.086900 0.172800 0.055500 0.027800 0.087400 0.056000 0.056500 0.054400 0.055400 0.169000 0.028400 0.111500 0.082500 0.027800 0.143700 0.055400 0.056200 0.085500 0.055400 0.000200 0.000200 0.138800 0.087400 0.027500 0.055600 0.117800 0.057300 0.000000 0.000200 0.083100 0.056000 0.112400 0.111500 0.084000
Steenbok 0.054800 0.223700 0.110800 0.133700 0.000200 0.054800 0.054700 0.028000 0.107100 0.054600 0.055000 0.138600 0.054600 0.027500 0.027500 0.055000 0.081000 0.111300 0.085500 0.170500 0.054600 0.027300 0.085800 0.055000 0.055700 0.053600 0.054600 0.166800 0.027900 0.109800 0.081000 0.027300 0.141500 0.054600 0.055300 0.084100 0.054600 0.000100 0.000100 0.136600 0.085800 0.027000 0.054600 0.115900 0.056300 0.000200 0.000000 0.081700 0.055100 0.111000 0.109800 0.082700
Impala 0.080300 0.280100 0.134800 0.187800 0.082300 0.080300 0.137500 0.083300 0.107600 0.138100 0.080400 0.162500 0.079500 0.110600 0.110400 0.139000 0.163100 0.196600 0.111000 0.194500 0.079600 0.053300 0.173500 0.139300 0.081300 0.134900 0.079500 0.190800 0.112000 0.134600 0.164100 0.110000 0.229100 0.079500 0.026100 0.170000 0.079500 0.082900 0.081400 0.223100 0.173500 0.052700 0.138100 0.205100 0.141900 0.083100 0.081700 0.000000 0.139000 0.135200 0.134600 0.107900
Klipspring 0.054000 0.288500 0.109600 0.192100 0.055700 0.054000 0.111100 0.085300 0.140400 0.111500 0.111900 0.137000 0.111000 0.027100 0.084000 0.112100 0.137700 0.109500 0.145100 0.233300 0.053800 0.083400 0.146200 0.112400 0.113200 0.109000 0.111000 0.228100 0.085000 0.168600 0.138500 0.026900 0.202500 0.111000 0.112600 0.143000 0.111000 0.055900 0.054800 0.195800 0.146100 0.082400 0.111500 0.177700 0.114800 0.056000 0.055100 0.139000 0.000000 0.169800 0.168600 0.140900
ForestMusk 0.108900 0.251100 0.165800 0.103100 0.111800 0.108900 0.107900 0.142500 0.136100 0.109200 0.052600 0.193300 0.052200 0.141000 0.081400 0.169300 0.135400 0.167500 0.140500 0.226200 0.108300 0.080900 0.143200 0.110100 0.053100 0.105900 0.052200 0.221800 0.142700 0.163600 0.079200 0.140300 0.199300 0.052200 0.109500 0.201500 0.052200 0.112600 0.110300 0.192100 0.143100 0.080200 0.109200 0.111900 0.173400 0.112400 0.111000 0.135200 0.169800 0.000000 0.163600 0.136500
Bushbuck 0.108000 0.246500 0.051200 0.157000 0.110900 0.108000 0.166400 0.141900 0.025500 0.166900 0.107900 0.132400 0.107200 0.139300 0.138800 0.168200 0.192900 0.164900 0.139600 0.051000 0.107400 0.080600 0.205000 0.168100 0.109100 0.163500 0.107200 0.050000 0.141300 0.000000 0.193100 0.138700 0.195700 0.107200 0.108700 0.200200 0.107200 0.111400 0.109400 0.190300 0.204900 0.079600 0.166900 0.236000 0.171800 0.111500 0.109800 0.134600 0.168600 0.163600 0.000000 0.025500
GreaterKud 0.081200 0.219500 0.025700 0.190000 0.083600 0.081200 0.139000 0.113800 0.000200 0.139600 0.081200 0.106000 0.080600 0.112000 0.111600 0.140700 0.165400 0.137900 0.112000 0.078900 0.080800 0.053900 0.175900 0.140600 0.082000 0.136700 0.080600 0.077400 0.113600 0.025500 0.166000 0.111500 0.168000 0.080600 0.081700 0.171900 0.080600 0.083900 0.082400 0.225000 0.175800 0.053200 0.139500 0.207700 0.143600 0.084000 0.082700 0.107900 0.140900 0.136500 0.025500 0.000000
