1
52 1
Argali 0.000000 0.612100 0.168300 0.719900 0.072700 0.000000 0.183100 0.090000 0.170200 0.191900 0.036600 0.171500 0.075200 0.158400 0.165300 0.089300 0.173700 0.193800 0.018200 0.193800 0.109100 0.035500 0.151200 0.210100 0.054300 0.054800 0.075200 0.193100 0.092300 0.170200 0.173100 0.161400 0.289300 0.075700 0.147400 0.095300 0.036500 0.090700 0.094600 0.172900 0.150500 0.054800 0.191100 0.247800 0.114700 0.091700 0.112700 0.150300 0.036300 0.175900 0.150400 0.151700
LesserMous 0.612100 0.000000 0.544200 0.662300 0.570500 0.612100 0.778100 0.635900 0.618500 0.630400 0.597200 0.620700 0.670600 0.661500 0.583900 0.594900 0.543200 0.490800 0.568400 0.624500 0.656100 0.564000 0.507100 0.590400 0.591000 0.611300 0.670600 0.551100 0.606300 0.614000 0.603800 0.745100 0.761800 0.675400 0.568500 0.573700 0.595800 0.598000 0.624200 0.577200 0.563700 0.611300 0.622800 0.583100 0.604300 0.607300 0.668600 0.506800 0.581600 0.654400 0.584800 0.587000
LesserKudu 0.168300 0.544200 0.000000 0.574800 0.180000 0.168300 0.349400 0.239300 0.033000 0.218800 0.165200 0.179000 0.250100 0.299000 0.333500 0.208100 0.242300 0.201400 0.145800 0.050500 0.257500 0.124000 0.179700 0.236400 0.142200 0.201900 0.250100 0.050100 0.257400 0.032700 0.200600 0.325500 0.311400 0.251700 0.279900 0.107200 0.164500 0.238800 0.228400 0.199600 0.178900 0.201900 0.217700 0.231700 0.125400 0.241100 0.265900 0.219900 0.182000 0.203100 0.016400 0.016600
KillerWhal 0.719900 0.662300 0.574800 0.000000 0.607200 0.719900 0.544600 0.693000 0.614800 0.652700 0.749400 0.771600 0.642600 0.546400 0.753800 0.571100 0.564200 0.482400 0.666800 0.661100 0.580200 0.668100 0.651500 0.612700 0.702900 0.568600 0.642600 0.654200 0.592800 0.543900 0.625900 0.513500 0.626200 0.647900 0.789900 0.719000 0.748400 0.634300 0.547300 0.560800 0.582800 0.568600 0.643000 0.572800 0.706700 0.587000 0.623600 0.544500 0.616000 0.620000 0.580200 0.580800
DefassaWat 0.072700 0.570500 0.180000 0.607200 0.000000 0.072700 0.170700 0.104700 0.181900 0.142000 0.109200 0.224000 0.109400 0.148200 0.154700 0.084600 0.163500 0.182300 0.090100 0.204800 0.103100 0.107900 0.143200 0.159300 0.126200 0.051600 0.109400 0.203700 0.086900 0.181600 0.124400 0.150600 0.318900 0.110100 0.180300 0.148600 0.108800 0.050300 0.089300 0.162800 0.104600 0.051600 0.141500 0.194900 0.167700 0.086700 0.106200 0.104400 0.034200 0.165800 0.162500 0.163800
Sheep 0.000000 0.612100 0.168300 0.719900 0.072700 0.000000 0.183100 0.090000 0.170200 0.191900 0.036600 0.171500 0.075200 0.158400 0.165300 0.089300 0.173700 0.193800 0.018200 0.193800 0.109100 0.036100 0.151200 0.210100 0.054300 0.054800 0.075200 0.193100 0.092300 0.170200 0.173100 0.161400 0.289300 0.075700 0.147400 0.095300 0.036500 0.090700 0.094600 0.172900 0.150500 0.054800 0.191100 0.247800 0.114700 0.091700 0.112700 0.150300 0.036300 0.175900 0.150400 0.151700
MaxwellsDu 0.183100 0.778100 0.349400 0.544600 0.170700 0.183100 0.000000 0.171200 0.354700 0.258300 0.178700 0.359200 0.156900 0.056200 0.232800 0.147000 0.237400 0.258300 0.201300 0.386800 0.168800 0.220100 0.260800 0.276800 0.241300 0.112900 0.156900 0.385100 0.152200 0.354800 0.238900 0.018100 0.368000 0.158000 0.300300 0.273200 0.223300 0.189500 0.155900 0.238400 0.214100 0.112900 0.256600 0.316100 0.295400 0.151400 0.132500 0.168900 0.132900 0.288700 0.330800 0.332900
GazellaPrz 0.090000 0.635900 0.239300 0.693000 0.104700 0.090000 0.171200 0.000000 0.242000 0.181000 0.126400 0.243700 0.126400 0.148500 0.196800 0.084800 0.223300 0.223300 0.107200 0.266700 0.103300 0.124900 0.142700 0.158900 0.143200 0.051600 0.126400 0.265300 0.087000 0.241700 0.162900 0.150900 0.317800 0.127200 0.197400 0.167400 0.125900 0.085500 0.089300 0.162800 0.142100 0.051600 0.180200 0.235300 0.186700 0.086700 0.106200 0.142300 0.069400 0.206300 0.221500 0.223000
MountainNy 0.170200 0.618500 0.033000 0.614800 0.181900 0.170200 0.354700 0.242000 0.000000 0.264200 0.208900 0.159500 0.253600 0.303300 0.338400 0.196200 0.290000 0.223400 0.147300 0.016400 0.260600 0.164600 0.223000 0.282500 0.183800 0.204300 0.253600 0.050700 0.244700 0.033300 0.245300 0.330300 0.343000 0.255100 0.306700 0.108000 0.208100 0.241600 0.231100 0.244100 0.221900 0.204300 0.262700 0.276600 0.126400 0.220900 0.269400 0.222300 0.184100 0.248600 0.016600 0.016700
MuntiacusM 0.191900 0.630400 0.218800 0.652700 0.142000 0.191900 0.258300 0.181000 0.264200 0.000000 0.188200 0.310700 0.231700 0.231900 0.215800 0.171400 0.162200 0.202500 0.209500 0.289800 0.178400 0.185600 0.068200 0.048700 0.205100 0.124700 0.231700 0.288300 0.155500 0.263900 0.016100 0.236100 0.267800 0.233200 0.219400 0.230900 0.187500 0.199300 0.166600 0.049700 0.033300 0.124700 0.032200 0.080500 0.251400 0.161700 0.183800 0.141700 0.143900 0.164400 0.243300 0.245100
goat 0.036600 0.597200 0.165200 0.749400 0.109200 0.036600 0.178700 0.126400 0.208900 0.188200 0.000000 0.210700 0.112900 0.198100 0.206800 0.125400 0.170400 0.212800 0.054600 0.233600 0.146100 0.035400 0.148300 0.206200 0.053300 0.091500 0.112900 0.232700 0.129500 0.208900 0.169700 0.202000 0.282100 0.113600 0.144800 0.133700 0.035800 0.127400 0.132700 0.169500 0.147700 0.091500 0.187400 0.243600 0.153300 0.128900 0.110400 0.188500 0.072600 0.172400 0.188600 0.190200
AfricanBuf 0.171500 0.620700 0.179000 0.771600 0.224000 0.171500 0.359200 0.243700 0.159500 0.310700 0.210700 0.000000 0.255800 0.327400 0.341400 0.238900 0.248600 0.225500 0.189100 0.181200 0.262900 0.207300 0.267400 0.329300 0.227500 0.206000 0.255800 0.202800 0.247000 0.180900 0.291200 0.334100 0.402900 0.257400 0.286800 0.070700 0.209900 0.243200 0.253100 0.290700 0.265800 0.206000 0.308600 0.322200 0.088600 0.201700 0.271600 0.311500 0.185400 0.297400 0.161800 0.163100
Topi 0.075200 0.670600 0.250100 0.642600 0.109400 0.075200 0.156900 0.126400 0.253600 0.231700 0.112900 0.255800 0.000000 0.133700 0.183200 0.124800 0.190200 0.210100 0.093100 0.280400 0.145200 0.111300 0.233700 0.250100 0.130200 0.091000 0.000000 0.278600 0.128800 0.253100 0.212600 0.136200 0.359800 0.000100 0.185300 0.176300 0.112500 0.127600 0.132300 0.212200 0.189100 0.091000 0.230400 0.288500 0.196500 0.129100 0.150500 0.167000 0.072600 0.216400 0.232000 0.233600
CommonDuik 0.158400 0.661500 0.299000 0.546400 0.148200 0.158400 0.056200 0.148500 0.303300 0.231900 0.198100 0.327400 0.133700 0.000000 0.206200 0.107400 0.211400 0.232000 0.175000 0.332900 0.146100 0.175300 0.233900 0.250100 0.195400 0.091700 0.133700 0.330800 0.129800 0.302800 0.212900 0.037200 0.334600 0.134600 0.273600 0.244300 0.197300 0.166600 0.092200 0.192800 0.189300 0.091700 0.230600 0.268200 0.265700 0.129300 0.150200 0.146800 0.111200 0.261000 0.280500 0.282500
Suni 0.165300 0.583900 0.333500 0.753800 0.154700 0.165300 0.232800 0.196800 0.338400 0.215800 0.206800 0.341400 0.183200 0.206200 0.000000 0.170500 0.175600 0.196300 0.184000 0.335700 0.192800 0.203600 0.217900 0.234400 0.224500 0.135500 0.183200 0.333200 0.176600 0.337400 0.196600 0.210000 0.296600 0.184500 0.194100 0.254700 0.205800 0.174100 0.181800 0.196400 0.173200 0.135500 0.214600 0.272800 0.276800 0.175900 0.155900 0.152400 0.115300 0.179500 0.314300 0.316500
Springbuck 0.089300 0.594900 0.208100 0.571100 0.084600 0.089300 0.147000 0.084800 0.196200 0.171400 0.125400 0.238900 0.124800 0.107400 0.170500 0.000000 0.196000 0.197400 0.106300 0.218800 0.049200 0.086700 0.171800 0.188800 0.104300 0.033300 0.124800 0.232600 0.066300 0.210000 0.153500 0.127700 0.285200 0.125600 0.157000 0.164200 0.125000 0.101500 0.051600 0.114600 0.131900 0.033300 0.170700 0.185000 0.183100 0.067300 0.085900 0.120600 0.050500 0.181100 0.190500 0.191100
Okapi 0.173700 0.543200 0.242300 0.564200 0.163500 0.173700 0.237400 0.223300 0.290000 0.162200 0.170400 0.248600 0.190200 0.211400 0.175600 0.196000 0.000000 0.068600 0.191800 0.317200 0.200900 0.167800 0.163700 0.179700 0.187300 0.146000 0.190200 0.315600 0.202500 0.289700 0.144400 0.215500 0.246800 0.191500 0.201200 0.213500 0.169800 0.181700 0.189100 0.144400 0.124000 0.146000 0.161600 0.215800 0.233800 0.184100 0.227100 0.161500 0.126700 0.146900 0.268200 0.270000
Giraffe 0.193800 0.490800 0.201400 0.482400 0.182300 0.193800 0.258300 0.223300 0.223400 0.202500 0.212800 0.225500 0.210100 0.232000 0.196300 0.197400 0.068600 0.000000 0.169400 0.247900 0.219700 0.209500 0.204300 0.220300 0.229600 0.164600 0.210100 0.246500 0.203800 0.223000 0.184300 0.236100 0.296300 0.211600 0.243100 0.190700 0.212000 0.200800 0.209100 0.184200 0.162600 0.164600 0.201600 0.257200 0.210600 0.203300 0.226800 0.141300 0.145100 0.187500 0.203100 0.204700
TibetanAnt 0.018200 0.568400 0.145800 0.666800 0.090100 0.018200 0.201300 0.107200 0.147300 0.209500 0.054600 0.189100 0.093100 0.175000 0.184000 0.106300 0.191800 0.169400 0.000000 0.169600 0.126300 0.053900 0.168900 0.227600 0.072000 0.072400 0.093100 0.168900 0.109700 0.147300 0.190700 0.179700 0.308200 0.093700 0.164700 0.113300 0.054400 0.108100 0.109800 0.190700 0.168100 0.072400 0.208600 0.265500 0.132500 0.109300 0.130500 0.128100 0.053900 0.193800 0.128100 0.129200
Sitatunga 0.193800 0.624500 0.050500 0.661100 0.204800 0.193800 0.386800 0.266700 0.016400 0.289800 0.233600 0.181200 0.280400 0.332900 0.335700 0.218800 0.317200 0.247900 0.169600 0.000000 0.285800 0.187100 0.247200 0.308400 0.206900 0.228300 0.280400 0.033300 0.270300 0.050900 0.270500 0.361200 0.375100 0.282100 0.334100 0.128800 0.232700 0.266500 0.256700 0.269100 0.245800 0.228300 0.288000 0.301700 0.147700 0.244900 0.296000 0.246400 0.207400 0.274600 0.033800 0.034100
Oribi 0.109100 0.656100 0.257500 0.580200 0.103100 0.109100 0.168800 0.103300 0.260600 0.178400 0.146100 0.262900 0.145200 0.146100 0.192800 0.049200 0.200900 0.219700 0.126300 0.285800 0.000000 0.144100 0.180000 0.195800 0.162800 0.050800 0.145200 0.284400 0.085600 0.260300 0.160600 0.148700 0.312300 0.146200 0.139000 0.186200 0.145500 0.120400 0.087900 0.160500 0.140200 0.050800 0.177700 0.232000 0.205700 0.085600 0.104900 0.140100 0.068500 0.203000 0.239700 0.241400
BarbaryShe 0.035500 0.564000 0.124000 0.668100 0.107900 0.036100 0.220100 0.124900 0.164600 0.185600 0.035400 0.207300 0.111300 0.175300 0.203600 0.086700 0.167800 0.209500 0.053900 0.187100 0.144100 0.000000 0.146300 0.203500 0.016900 0.090200 0.111300 0.186300 0.127600 0.164500 0.167200 0.198600 0.276900 0.112000 0.143300 0.131500 0.034400 0.125900 0.112000 0.127100 0.145700 0.090200 0.184800 0.199000 0.150800 0.127200 0.148600 0.186100 0.071700 0.170000 0.145300 0.146600
Daviddeer 0.151200 0.507100 0.179700 0.651500 0.143200 0.151200 0.260800 0.142700 0.223000 0.068200 0.148300 0.267400 0.233700 0.233900 0.217900 0.171800 0.163700 0.204300 0.168900 0.247200 0.180000 0.146300 0.000000 0.084900 0.165300 0.125800 0.233700 0.246100 0.177200 0.222900 0.051200 0.238400 0.223400 0.235100 0.220600 0.189800 0.147700 0.200900 0.168000 0.086800 0.032700 0.125800 0.068000 0.118900 0.209600 0.163100 0.185500 0.142900 0.145100 0.165700 0.202900 0.204400
Reindeer 0.210100 0.590400 0.236400 0.612700 0.159300 0.210100 0.276800 0.158900 0.282500 0.048700 0.206200 0.329300 0.250100 0.250100 0.234400 0.188800 0.179700 0.220300 0.227600 0.308400 0.195800 0.203500 0.084900 0.000000 0.223000 0.141900 0.250100 0.306600 0.134100 0.282000 0.032500 0.254500 0.286900 0.251800 0.237400 0.249000 0.205400 0.176700 0.184500 0.066000 0.049700 0.141900 0.048600 0.063800 0.269600 0.140700 0.201500 0.159000 0.161200 0.182000 0.261200 0.263100
Ibex 0.054300 0.591000 0.142200 0.702900 0.126200 0.054300 0.241300 0.143200 0.183800 0.205100 0.053300 0.227500 0.130200 0.195400 0.224500 0.104300 0.187300 0.229600 0.072000 0.206900 0.162800 0.016900 0.165300 0.223000 0.000000 0.108700 0.130200 0.206000 0.146400 0.183700 0.186600 0.219300 0.299600 0.131000 0.161600 0.151000 0.017000 0.144300 0.131000 0.145800 0.164500 0.108700 0.204200 0.218200 0.170400 0.145900 0.167800 0.205400 0.089800 0.189500 0.164200 0.165600
GyrantGaze 0.054800 0.611300 0.201900 0.568600 0.051600 0.054800 0.112900 0.051600 0.204300 0.124700 0.091500 0.206000 0.091000 0.091700 0.135500 0.033300 0.146000 0.164600 0.072400 0.228300 0.050800 0.090200 0.125800 0.141900 0.108700 0.000000 0.091000 0.227300 0.034300 0.204200 0.107000 0.093300 0.251200 0.091500 0.162300 0.130600 0.091100 0.068800 0.035300 0.107000 0.087500 0.000000 0.124200 0.177500 0.149700 0.034200 0.052500 0.087500 0.017200 0.147800 0.184300 0.185700
Hartebeest 0.075200 0.670600 0.250100 0.642600 0.109400 0.075200 0.156900 0.126400 0.253600 0.231700 0.112900 0.255800 0.000000 0.133700 0.183200 0.124800 0.190200 0.210100 0.093100 0.280400 0.145200 0.111300 0.233700 0.250100 0.130200 0.091000 0.000000 0.278600 0.128800 0.253100 0.212600 0.136200 0.359800 0.000100 0.185300 0.176300 0.112500 0.127600 0.132300 0.212200 0.189100 0.091000 0.230400 0.288500 0.196500 0.129100 0.150500 0.167000 0.072600 0.216400 0.232000 0.233600
Bongo 0.193100 0.551100 0.050100 0.654200 0.203700 0.193100 0.385100 0.265300 0.050700 0.288300 0.232700 0.202800 0.278600 0.330800 0.333200 0.232600 0.315600 0.246500 0.168900 0.033300 0.284400 0.186300 0.246100 0.306600 0.206000 0.227300 0.278600 0.000000 0.285800 0.050600 0.269200 0.359500 0.398300 0.280400 0.354300 0.128900 0.231800 0.264800 0.255200 0.267800 0.244700 0.227300 0.286500 0.300000 0.147700 0.267600 0.294800 0.245000 0.206400 0.273100 0.033500 0.034000
Gerenuk 0.092300 0.606300 0.257400 0.592800 0.086900 0.092300 0.152200 0.087000 0.244700 0.155500 0.129500 0.247000 0.128800 0.129800 0.176600 0.066300 0.202500 0.203800 0.109700 0.270300 0.085600 0.127600 0.177200 0.134100 0.146400 0.034300 0.128800 0.285800 0.000000 0.260500 0.137400 0.132100 0.296900 0.129600 0.200600 0.170000 0.129000 0.104300 0.071100 0.137300 0.135900 0.034300 0.154800 0.169900 0.189600 0.034000 0.088500 0.123800 0.052000 0.186900 0.239500 0.240400
CommonElan 0.170200 0.614000 0.032700 0.543900 0.181600 0.170200 0.354800 0.241700 0.033300 0.263900 0.208900 0.180900 0.253100 0.302800 0.337400 0.210000 0.289700 0.223000 0.147300 0.050900 0.260300 0.164500 0.222900 0.282000 0.183700 0.204200 0.253100 0.050600 0.260500 0.000000 0.245200 0.330300 0.314800 0.254700 0.327700 0.108400 0.208100 0.241000 0.230700 0.243900 0.221700 0.204200 0.262400 0.276200 0.126800 0.243600 0.224800 0.221900 0.183900 0.248200 0.016500 0.016700
MuntiacusR 0.173100 0.603800 0.200600 0.625900 0.124400 0.173100 0.238900 0.162900 0.245300 0.016100 0.169700 0.291200 0.212600 0.212900 0.196600 0.153500 0.144400 0.184300 0.190700 0.270500 0.160600 0.167200 0.051200 0.032500 0.186600 0.107000 0.212600 0.269200 0.137400 0.245200 0.000000 0.216900 0.248000 0.213900 0.200800 0.212100 0.169000 0.181200 0.148300 0.032900 0.016700 0.107000 0.016300 0.064600 0.232400 0.143800 0.165700 0.124000 0.126100 0.146300 0.224700 0.226400
HarveysDui 0.161400 0.745100 0.325500 0.513500 0.150600 0.161400 0.018100 0.150900 0.330300 0.236100 0.202000 0.334100 0.136200 0.037200 0.210000 0.127700 0.215500 0.236100 0.179700 0.361200 0.148700 0.198600 0.238400 0.254500 0.219300 0.093300 0.136200 0.359500 0.132100 0.330300 0.216900 0.000000 0.341600 0.137100 0.277900 0.249600 0.201200 0.169200 0.135400 0.216500 0.192800 0.093300 0.234600 0.293300 0.271300 0.131400 0.153900 0.149000 0.113100 0.265700 0.306900 0.309000
Pronghorn 0.289300 0.761800 0.311400 0.626200 0.318900 0.289300 0.368000 0.317800 0.343000 0.267800 0.282100 0.402900 0.359800 0.334600 0.296600 0.285200 0.246800 0.296300 0.308200 0.375100 0.312300 0.276900 0.223400 0.286900 0.299600 0.251200 0.359800 0.398300 0.296900 0.314800 0.248000 0.341600 0.000000 0.362100 0.312400 0.337300 0.280900 0.340300 0.305800 0.247600 0.222200 0.251200 0.266600 0.326500 0.361400 0.271500 0.273600 0.266400 0.274900 0.205200 0.343000 0.346200
BlueWildeb 0.075700 0.675400 0.251700 0.647900 0.110100 0.075700 0.158000 0.127200 0.255100 0.233200 0.113600 0.257400 0.000100 0.134600 0.184500 0.125600 0.191500 0.211600 0.093700 0.282100 0.146200 0.112000 0.235100 0.251800 0.131000 0.091500 0.000100 0.280400 0.129600 0.254700 0.213900 0.137100 0.362100 0.000000 0.186600 0.177400 0.113100 0.128500 0.133200 0.213600 0.190200 0.091500 0.231800 0.290400 0.197700 0.129900 0.151600 0.168100 0.073100 0.217900 0.233500 0.235100
Gemsbok 0.147400 0.568500 0.279900 0.789900 0.180300 0.147400 0.300300 0.197400 0.306700 0.219400 0.144800 0.286800 0.185300 0.273600 0.194100 0.157000 0.201200 0.243100 0.164700 0.334100 0.139000 0.143300 0.220600 0.237400 0.161600 0.162300 0.185300 0.354300 0.200600 0.327700 0.200800 0.277900 0.312400 0.186600 0.000000 0.228900 0.144200 0.198900 0.206400 0.200600 0.179000 0.162300 0.218500 0.274700 0.249300 0.181200 0.181300 0.220200 0.143000 0.162900 0.306200 0.308900
Yak 0.095300 0.573700 0.107200 0.719000 0.148600 0.095300 0.273200 0.167400 0.108000 0.230900 0.133700 0.070700 0.176300 0.244300 0.254700 0.164200 0.213500 0.190700 0.113300 0.128800 0.186200 0.131500 0.189800 0.249000 0.151000 0.130600 0.176300 0.128900 0.170000 0.108400 0.212100 0.249600 0.337300 0.177400 0.228900 0.000000 0.133200 0.167200 0.174400 0.211900 0.188800 0.130600 0.229600 0.287000 0.017600 0.169000 0.192900 0.231400 0.111100 0.216700 0.089900 0.090600
BlueSheep 0.036500 0.595800 0.164500 0.748400 0.108800 0.036500 0.223300 0.125900 0.208100 0.187500 0.035800 0.209900 0.112500 0.197300 0.205800 0.125000 0.169800 0.212000 0.054400 0.232700 0.145500 0.034400 0.147700 0.205400 0.017000 0.091100 0.112500 0.231800 0.129000 0.208100 0.169000 0.201200 0.280900 0.113100 0.144200 0.133200 0.000000 0.126900 0.132200 0.168900 0.147100 0.091100 0.186700 0.242700 0.152700 0.128300 0.150100 0.187700 0.072300 0.171700 0.187900 0.189500
BohorReedb 0.090700 0.598000 0.238800 0.634300 0.050300 0.090700 0.189500 0.085500 0.241600 0.199300 0.127400 0.243200 0.127600 0.166600 0.174100 0.101500 0.181700 0.200800 0.108100 0.266500 0.120400 0.125900 0.200900 0.176700 0.144300 0.068800 0.127600 0.264800 0.104300 0.241000 0.181200 0.169200 0.340300 0.128500 0.198900 0.167200 0.126900 0.000000 0.107100 0.181000 0.160000 0.068800 0.198400 0.253600 0.186500 0.104100 0.123900 0.159500 0.051300 0.184300 0.221000 0.222600
KirksDik 0.094600 0.624200 0.228400 0.547300 0.089300 0.094600 0.155900 0.089300 0.231100 0.166600 0.132700 0.253100 0.132300 0.092200 0.181800 0.051600 0.189100 0.209100 0.109800 0.256700 0.087900 0.112000 0.168000 0.184500 0.131000 0.035300 0.132300 0.255200 0.071100 0.230700 0.148300 0.135400 0.305800 0.133200 0.206400 0.174400 0.132200 0.107100 0.000000 0.129200 0.127200 0.035300 0.165900 0.202000 0.194400 0.071100 0.088900 0.127300 0.053400 0.192100 0.210100 0.211700
RoeDeer 0.172900 0.577200 0.199600 0.560800 0.162800 0.172900 0.238400 0.162800 0.244100 0.049700 0.169500 0.290700 0.212200 0.192800 0.196400 0.114600 0.144400 0.184200 0.190700 0.269100 0.160500 0.127100 0.086800 0.066000 0.145800 0.107000 0.212200 0.267800 0.137300 0.243900 0.032900 0.216500 0.247600 0.213600 0.200600 0.211900 0.168900 0.181000 0.129200 0.000000 0.050800 0.107000 0.049600 0.064700 0.232100 0.143800 0.165600 0.162300 0.126100 0.146200 0.223600 0.225300
WhiteLippe 0.150500 0.563700 0.178900 0.582800 0.104600 0.150500 0.214100 0.142100 0.221900 0.033300 0.147700 0.265800 0.189100 0.189300 0.173200 0.131900 0.124000 0.162600 0.168100 0.245800 0.140200 0.145700 0.032700 0.049700 0.164500 0.087500 0.189100 0.244700 0.135900 0.221700 0.016700 0.192800 0.222200 0.190200 0.179000 0.188800 0.147100 0.160000 0.127200 0.050800 0.000000 0.087500 0.033200 0.082900 0.208400 0.123500 0.144500 0.104400 0.106000 0.125500 0.201900 0.203400
ThomsonGaz 0.054800 0.611300 0.201900 0.568600 0.051600 0.054800 0.112900 0.051600 0.204300 0.124700 0.091500 0.206000 0.091000 0.091700 0.135500 0.033300 0.146000 0.164600 0.072400 0.228300 0.050800 0.090200 0.125800 0.141900 0.108700 0.000000 0.091000 0.227300 0.034300 0.204200 0.107000 0.093300 0.251200 0.091500 0.162300 0.130600 0.091100 0.068800 0.035300 0.107000 0.087500 0.000000 0.124200 0.177500 0.149700 0.034200 0.052500 0.087500 0.017200 0.147800 0.184300 0.185700
MuntiacusC 0.191100 0.622800 0.217700 0.643000 0.141500 0.191100 0.256600 0.180200 0.262700 0.032200 0.187400 0.308600 0.230400 0.230600 0.214600 0.170700 0.161600 0.201600 0.208600 0.288000 0.177700 0.184800 0.068000 0.048600 0.204200 0.124200 0.230400 0.286500 0.154800 0.262400 0.016300 0.234600 0.266600 0.231800 0.218500 0.229600 0.186700 0.198400 0.165900 0.049600 0.033200 0.124200 0.000000 0.081000 0.249800 0.161100 0.183000 0.141200 0.143300 0.163700 0.242000 0.244000
WhiteTaile 0.247800 0.583100 0.231700 0.572800 0.194900 0.247800 0.316100 0.235300 0.276600 0.080500 0.243600 0.322200 0.288500 0.268200 0.272800 0.185000 0.215800 0.257200 0.265500 0.301700 0.232000 0.199000 0.118900 0.063800 0.218200 0.177500 0.288500 0.300000 0.169900 0.276200 0.064600 0.293300 0.326500 0.290400 0.274700 0.287000 0.242700 0.253600 0.202000 0.064700 0.082900 0.177500 0.081000 0.000000 0.308100 0.176100 0.238500 0.194600 0.197000 0.218400 0.255700 0.257400
Cattle 0.114700 0.604300 0.125400 0.706700 0.167700 0.114700 0.295400 0.186700 0.126400 0.251400 0.153300 0.088600 0.196500 0.265700 0.276800 0.183100 0.233800 0.210600 0.132500 0.147700 0.205700 0.150800 0.209600 0.269600 0.170400 0.149700 0.196500 0.147700 0.189600 0.126800 0.232400 0.271300 0.361400 0.197700 0.249300 0.017600 0.152700 0.186500 0.194400 0.232100 0.208400 0.149700 0.249800 0.308100 0.000000 0.188500 0.213000 0.251900 0.129900 0.237400 0.108000 0.109000
RoyalAntel 0.091700 0.607300 0.241100 0.587000 0.086700 0.091700 0.151400 0.086700 0.220900 0.161700 0.128900 0.201700 0.129100 0.129300 0.175900 0.067300 0.184100 0.203300 0.109300 0.244900 0.085600 0.127200 0.163100 0.140700 0.145900 0.034200 0.129100 0.267600 0.034000 0.243600 0.143800 0.131400 0.271500 0.129900 0.181200 0.169000 0.128300 0.104100 0.071100 0.143800 0.123500 0.034200 0.161100 0.176100 0.188500 0.000000 0.088100 0.123700 0.051900 0.186300 0.223200 0.224900
Steenbok 0.112700 0.668600 0.265900 0.623600 0.106200 0.112700 0.132500 0.106200 0.269400 0.183800 0.110400 0.271600 0.150500 0.150200 0.155900 0.085900 0.227100 0.226800 0.130500 0.296000 0.104900 0.148600 0.185500 0.201500 0.167800 0.052500 0.150500 0.294800 0.088500 0.224800 0.165700 0.153900 0.273600 0.151600 0.181300 0.192900 0.150100 0.123900 0.088900 0.165600 0.144500 0.052500 0.183000 0.238500 0.213000 0.088100 0.000000 0.144100 0.070600 0.167200 0.248000 0.249600
Impala 0.150300 0.506800 0.219900 0.544500 0.104400 0.150300 0.168900 0.142300 0.222300 0.141700 0.188500 0.311500 0.167000 0.146800 0.152400 0.120600 0.161500 0.141300 0.128100 0.246400 0.140100 0.186100 0.142900 0.159000 0.205400 0.087500 0.167000 0.245000 0.123800 0.221900 0.124000 0.149000 0.266400 0.168100 0.220200 0.231400 0.187700 0.159500 0.127300 0.162300 0.104400 0.087500 0.141200 0.194600 0.251900 0.123700 0.144100 0.000000 0.106000 0.205600 0.202100 0.203600
Klipspring 0.036300 0.581600 0.182000 0.616000 0.034200 0.036300 0.132900 0.069400 0.184100 0.143900 0.072600 0.185400 0.072600 0.111200 0.115300 0.050500 0.126700 0.145100 0.053900 0.207400 0.068500 0.071700 0.145100 0.161200 0.089800 0.017200 0.072600 0.206400 0.052000 0.183900 0.126100 0.113100 0.274900 0.073100 0.143000 0.111100 0.072300 0.051300 0.053400 0.126100 0.106000 0.017200 0.143300 0.197000 0.129900 0.051900 0.070600 0.106000 0.000000 0.127900 0.164500 0.165700
ForestMusk 0.175900 0.654400 0.203100 0.620000 0.165800 0.175900 0.288700 0.206300 0.248600 0.164400 0.172400 0.297400 0.216400 0.261000 0.179500 0.181100 0.146900 0.187500 0.193800 0.274600 0.203000 0.170000 0.165700 0.182000 0.189500 0.147800 0.216400 0.273100 0.186900 0.248200 0.146300 0.265700 0.205200 0.217900 0.162900 0.216700 0.171700 0.184300 0.192100 0.146200 0.125500 0.147800 0.163700 0.218400 0.237400 0.186300 0.167200 0.205600 0.127900 0.000000 0.227600 0.229300
Bushbuck 0.150400 0.584800 0.016400 0.580200 0.162500 0.150400 0.330800 0.221500 0.016600 0.243300 0.188600 0.161800 0.232000 0.280500 0.314300 0.190500 0.268200 0.203100 0.128100 0.033800 0.239700 0.145300 0.202900 0.261200 0.164200 0.184300 0.232000 0.033500 0.239500 0.016500 0.224700 0.306900 0.343000 0.233500 0.306200 0.089900 0.187900 0.221000 0.210100 0.223600 0.201900 0.184300 0.242000 0.255700 0.108000 0.223200 0.248000 0.202100 0.164500 0.227600 0.000000 0.000100
GreaterKud 0.151700 0.587000 0.016600 0.580800 0.163800 0.151700 0.332900 0.223000 0.016700 0.245100 0.190200 0.163100 0.233600 0.282500 0.316500 0.191100 0.270000 0.204700 0.129200 0.034100 0.241400 0.146600 0.204400 0.263100 0.165600 0.185700 0.233600 0.034000 0.240400 0.016700 0.226400 0.309000 0.346200 0.235100 0.308900 0.090600 0.189500 0.222600 0.211700 0.225300 0.203400 0.185700 0.244000 0.257400 0.109000 0.224900 0.249600 0.203600 0.165700 0.229300 0.000100 0.000000
