1
52 1
Argali 0.000000 0.177100 0.047800 0.146200 0.033400 0.003300 0.023500 0.043600 0.040600 0.047300 0.009800 0.030300 0.040400 0.023500 0.033300 0.036800 0.061400 0.037200 0.023300 0.033800 0.043800 0.009800 0.033600 0.040600 0.009900 0.057600 0.037000 0.037300 0.043500 0.037300 0.050900 0.030200 0.037300 0.037000 0.023400 0.026700 0.009900 0.033300 0.050300 0.054300 0.040500 0.053800 0.054300 0.047400 0.030000 0.043600 0.054000 0.036900 0.019900 0.040400 0.040500 0.037200
LesserMous 0.177100 0.000000 0.185300 0.226700 0.185300 0.181700 0.174000 0.202300 0.197700 0.192000 0.173200 0.175800 0.172700 0.173100 0.194300 0.193600 0.209200 0.187900 0.191700 0.198500 0.208100 0.173200 0.179100 0.191100 0.173200 0.221400 0.177500 0.193800 0.210600 0.203200 0.196700 0.182300 0.175200 0.177400 0.182200 0.178700 0.173100 0.184700 0.210100 0.184900 0.188600 0.215000 0.200700 0.203500 0.173600 0.188700 0.202100 0.191500 0.177500 0.186400 0.197400 0.202700
LesserKudu 0.047800 0.185300 0.000000 0.172800 0.047700 0.051400 0.044600 0.058100 0.020000 0.054500 0.037400 0.030500 0.062200 0.037600 0.061800 0.051100 0.068800 0.044300 0.051600 0.013300 0.058400 0.037400 0.040600 0.047800 0.037400 0.058300 0.058700 0.016700 0.058000 0.016700 0.058200 0.051500 0.044400 0.058700 0.044500 0.026800 0.037400 0.047600 0.064900 0.061600 0.044100 0.061500 0.061500 0.054500 0.030100 0.058100 0.061600 0.058500 0.040900 0.047400 0.020000 0.016600
KillerWhal 0.146200 0.226700 0.172800 0.000000 0.162000 0.146300 0.151400 0.174700 0.163400 0.145800 0.150700 0.160000 0.163000 0.160000 0.150600 0.166400 0.158300 0.143200 0.155300 0.155600 0.155100 0.150700 0.137600 0.149400 0.150700 0.178900 0.159300 0.159400 0.165600 0.159800 0.141800 0.159200 0.143500 0.167700 0.159200 0.154400 0.150500 0.161500 0.165100 0.152200 0.150100 0.173500 0.153700 0.161000 0.158100 0.149600 0.187200 0.159500 0.154700 0.141400 0.163200 0.159500
DefassaWat 0.033400 0.185300 0.047700 0.162000 0.000000 0.036800 0.030200 0.050300 0.040500 0.054200 0.023200 0.030200 0.040300 0.030200 0.046900 0.043500 0.061200 0.044000 0.033500 0.033700 0.050600 0.023200 0.040300 0.047500 0.023200 0.064500 0.043800 0.030200 0.050300 0.037100 0.057800 0.036900 0.044100 0.043800 0.030100 0.026600 0.023200 0.006500 0.057000 0.054200 0.047300 0.060600 0.061200 0.054200 0.029900 0.050300 0.057200 0.043700 0.026600 0.047200 0.040400 0.037100
Sheep 0.003300 0.181700 0.051400 0.146300 0.036800 0.000000 0.026900 0.047100 0.044100 0.050900 0.013100 0.033800 0.043900 0.026900 0.033300 0.040200 0.061500 0.040700 0.023300 0.037300 0.047300 0.013100 0.037000 0.044100 0.013200 0.057700 0.040500 0.040800 0.047000 0.040800 0.054500 0.033600 0.040800 0.040500 0.026800 0.030100 0.013200 0.036700 0.053800 0.057900 0.044000 0.053900 0.057800 0.050900 0.033500 0.047000 0.057500 0.037000 0.023300 0.043900 0.044000 0.040700
MaxwellsDu 0.023500 0.174000 0.044600 0.151400 0.030200 0.026900 0.000000 0.040400 0.037400 0.044200 0.013300 0.027100 0.037200 0.020200 0.037000 0.033600 0.051100 0.027000 0.027000 0.030600 0.040600 0.013300 0.030400 0.037400 0.013300 0.054500 0.033800 0.034000 0.040400 0.034100 0.047700 0.010000 0.034000 0.033800 0.020000 0.023500 0.013300 0.030100 0.047100 0.051200 0.037300 0.050700 0.051100 0.044200 0.026800 0.040400 0.047400 0.033800 0.016700 0.037200 0.037300 0.034000
GazellaPrz 0.043600 0.202300 0.058100 0.174700 0.050300 0.047100 0.040400 0.000000 0.050800 0.050500 0.033300 0.047500 0.054000 0.040400 0.050300 0.013100 0.060900 0.047400 0.047200 0.043900 0.019800 0.033300 0.036800 0.043800 0.033300 0.033200 0.050600 0.047400 0.019700 0.047500 0.054100 0.047200 0.047400 0.050600 0.040300 0.036800 0.033300 0.050300 0.026200 0.057400 0.043700 0.029600 0.057500 0.047100 0.040100 0.060700 0.029700 0.047100 0.036800 0.050500 0.043700 0.047400
MountainNy 0.040600 0.197700 0.020000 0.163400 0.040500 0.044100 0.037400 0.050800 0.000000 0.047300 0.030300 0.023500 0.047600 0.037400 0.054400 0.043900 0.061300 0.037100 0.044300 0.006500 0.051000 0.030300 0.033500 0.040500 0.030300 0.058000 0.044200 0.009900 0.050700 0.009900 0.050800 0.044200 0.037200 0.044200 0.037300 0.026700 0.030300 0.040400 0.057500 0.054200 0.040400 0.061200 0.054200 0.047300 0.023200 0.050800 0.061300 0.051100 0.033700 0.040300 0.013200 0.009900
MuntiacusM 0.047300 0.192000 0.054500 0.145800 0.054200 0.050900 0.044200 0.050500 0.047300 0.000000 0.037000 0.044000 0.061500 0.044200 0.061100 0.043700 0.053800 0.033400 0.051100 0.040400 0.043800 0.037000 0.013100 0.023200 0.037000 0.064700 0.058100 0.043900 0.050500 0.043900 0.003200 0.051000 0.030000 0.058100 0.044000 0.040200 0.037000 0.054100 0.057300 0.026500 0.023100 0.060800 0.006500 0.026400 0.043500 0.057500 0.061000 0.057900 0.040500 0.040000 0.047200 0.043800
goat 0.009800 0.173200 0.037400 0.150700 0.023200 0.013100 0.013300 0.033300 0.030300 0.037000 0.000000 0.020100 0.030100 0.013300 0.030000 0.026600 0.050900 0.026900 0.013300 0.023500 0.033500 0.000000 0.023400 0.030300 0.000000 0.047200 0.026800 0.027000 0.033300 0.027000 0.040500 0.020000 0.027000 0.026800 0.013300 0.016600 0.000000 0.023200 0.040000 0.043900 0.030200 0.043500 0.043900 0.037000 0.019900 0.033300 0.043600 0.026700 0.009900 0.030100 0.030200 0.026900
AfricanBuf 0.030300 0.175800 0.030500 0.160000 0.030200 0.033800 0.027100 0.047500 0.023500 0.044000 0.020100 0.000000 0.037300 0.020300 0.044000 0.040600 0.058000 0.033800 0.033900 0.023500 0.047700 0.020100 0.030200 0.037200 0.020100 0.061700 0.033900 0.027000 0.047400 0.027000 0.047500 0.033900 0.033700 0.033900 0.027000 0.009900 0.020100 0.030200 0.054200 0.050900 0.033700 0.057800 0.050900 0.044000 0.006600 0.047500 0.051000 0.040800 0.023500 0.037000 0.030300 0.026900
Topi 0.040400 0.172700 0.062200 0.163000 0.040300 0.043900 0.037200 0.054000 0.047600 0.061500 0.030100 0.037300 0.000000 0.033800 0.043600 0.050600 0.072300 0.047700 0.044000 0.047800 0.050800 0.030100 0.047500 0.054700 0.030100 0.064800 0.003300 0.044300 0.057500 0.051300 0.065200 0.044000 0.051300 0.009900 0.037100 0.040500 0.030100 0.040200 0.057200 0.054400 0.054600 0.060800 0.068600 0.061500 0.036900 0.057500 0.068200 0.043900 0.033600 0.054400 0.054600 0.044200
CommonDuik 0.023500 0.173100 0.037600 0.160000 0.030200 0.026900 0.020200 0.040400 0.037400 0.044200 0.013300 0.020300 0.033800 0.000000 0.037000 0.033600 0.058300 0.034000 0.027000 0.030600 0.040600 0.013300 0.030400 0.037400 0.013300 0.054500 0.030400 0.034000 0.040400 0.034100 0.047800 0.027000 0.027100 0.030400 0.020100 0.016700 0.013300 0.030100 0.047100 0.051200 0.033900 0.050700 0.051200 0.044200 0.020000 0.040400 0.043900 0.033800 0.016700 0.037200 0.037300 0.034000
Suni 0.033300 0.194300 0.061800 0.150600 0.046900 0.033300 0.037000 0.050300 0.054400 0.061100 0.030000 0.044000 0.043600 0.037000 0.000000 0.050300 0.061000 0.043900 0.036800 0.047500 0.054000 0.030000 0.047200 0.054400 0.030000 0.057300 0.040200 0.051000 0.057200 0.051000 0.064800 0.043700 0.047500 0.043700 0.036900 0.040200 0.029900 0.046800 0.056900 0.061000 0.054200 0.053500 0.068100 0.061200 0.043500 0.050300 0.067800 0.036700 0.033400 0.054000 0.043800 0.043900
Springbuck 0.036800 0.193600 0.051100 0.166400 0.043500 0.040200 0.033600 0.013100 0.043900 0.043700 0.026600 0.040600 0.050600 0.033600 0.050300 0.000000 0.057600 0.040500 0.040300 0.037100 0.013100 0.026600 0.030000 0.037000 0.026600 0.026400 0.047200 0.040500 0.013100 0.040600 0.047200 0.040300 0.040500 0.047200 0.033500 0.030000 0.026600 0.043400 0.019600 0.050600 0.036900 0.023000 0.050500 0.040200 0.033300 0.053800 0.023000 0.040200 0.030000 0.043600 0.043800 0.040500
Okapi 0.061400 0.209200 0.068800 0.158300 0.061200 0.061500 0.051100 0.060900 0.061300 0.053800 0.050900 0.058000 0.072300 0.058300 0.061000 0.057600 0.000000 0.026500 0.058100 0.054400 0.057700 0.050900 0.040000 0.050600 0.050900 0.071800 0.068800 0.057900 0.064500 0.058000 0.057400 0.058000 0.043700 0.072300 0.058100 0.047100 0.050900 0.061100 0.071400 0.057300 0.050400 0.067900 0.060700 0.057400 0.050400 0.071600 0.075300 0.054400 0.054400 0.053800 0.061200 0.057800
Giraffe 0.037200 0.187900 0.044300 0.143200 0.044000 0.040700 0.027000 0.047400 0.037100 0.033400 0.026900 0.033800 0.047700 0.034000 0.043900 0.040500 0.026500 0.000000 0.040800 0.030300 0.043900 0.026900 0.019900 0.023300 0.026900 0.061600 0.044300 0.033800 0.047300 0.033800 0.036800 0.033800 0.023400 0.047800 0.033900 0.030100 0.026900 0.043900 0.054100 0.036800 0.023200 0.057700 0.040200 0.036800 0.033400 0.050800 0.057900 0.047700 0.030300 0.030000 0.037100 0.033700
TibetanAnt 0.023300 0.191700 0.051600 0.155300 0.033500 0.023300 0.027000 0.047200 0.044300 0.051100 0.013300 0.033900 0.044000 0.027000 0.036800 0.040300 0.058100 0.040800 0.000000 0.037400 0.047400 0.013300 0.037100 0.044300 0.013200 0.054300 0.040600 0.040900 0.047200 0.040900 0.054600 0.033700 0.040900 0.040600 0.026900 0.030200 0.013300 0.033400 0.053900 0.058100 0.044200 0.050500 0.058000 0.051100 0.033600 0.047200 0.057700 0.033600 0.023400 0.044000 0.044200 0.040800
Sitatunga 0.033800 0.198500 0.013300 0.155600 0.033700 0.037300 0.030600 0.043900 0.006500 0.040400 0.023500 0.023500 0.047800 0.030600 0.047500 0.037100 0.054400 0.030300 0.037400 0.000000 0.044100 0.023500 0.026700 0.033700 0.023500 0.051100 0.044300 0.003300 0.043900 0.003300 0.044000 0.037400 0.030400 0.044300 0.030400 0.020000 0.023500 0.033600 0.050700 0.047400 0.033600 0.054200 0.047300 0.040400 0.023300 0.043900 0.054400 0.044200 0.026900 0.033500 0.006600 0.003300
Oribi 0.043800 0.208100 0.058400 0.155100 0.050600 0.047300 0.040600 0.019800 0.051000 0.043800 0.033500 0.047700 0.050800 0.040600 0.054000 0.013100 0.057700 0.043900 0.047400 0.044100 0.000000 0.033500 0.030100 0.040500 0.033500 0.033300 0.047400 0.047700 0.019700 0.047700 0.047300 0.047400 0.044000 0.054400 0.040500 0.037000 0.033500 0.050500 0.026300 0.043800 0.040400 0.029700 0.050700 0.047300 0.040300 0.057300 0.029800 0.047300 0.036900 0.050700 0.050900 0.047600
BarbaryShe 0.009800 0.173200 0.037400 0.150700 0.023200 0.013100 0.013300 0.033300 0.030300 0.037000 0.000000 0.020100 0.030100 0.013300 0.030000 0.026600 0.050900 0.026900 0.013300 0.023500 0.033500 0.000000 0.023400 0.030300 0.000000 0.047200 0.026800 0.027000 0.033300 0.027000 0.040500 0.020000 0.027000 0.026800 0.013300 0.016600 0.000000 0.023200 0.040000 0.043900 0.030200 0.043500 0.043900 0.037000 0.019900 0.033300 0.043600 0.026700 0.009900 0.030100 0.030200 0.026900
Daviddeer 0.033600 0.179100 0.040600 0.137600 0.040300 0.037000 0.030400 0.036800 0.033500 0.013100 0.023400 0.030200 0.047500 0.030400 0.047200 0.030000 0.040000 0.019900 0.037100 0.026700 0.030100 0.023400 0.000000 0.009900 0.023400 0.050700 0.044000 0.030200 0.036700 0.030200 0.016400 0.037100 0.016600 0.044100 0.030200 0.026600 0.023400 0.040200 0.043400 0.019800 0.009800 0.046900 0.019700 0.019800 0.029900 0.043600 0.047100 0.044000 0.026800 0.026500 0.033400 0.030100
Reindeer 0.040600 0.191100 0.047800 0.149400 0.047500 0.044100 0.037400 0.043800 0.040500 0.023200 0.030300 0.037200 0.054700 0.037400 0.054400 0.037000 0.050600 0.023300 0.044300 0.033700 0.040500 0.030300 0.009900 0.000000 0.030300 0.058000 0.051300 0.037200 0.043800 0.037200 0.026600 0.044300 0.026800 0.051300 0.037300 0.033500 0.030300 0.047400 0.050500 0.023200 0.013200 0.054100 0.029900 0.013200 0.036800 0.054300 0.054300 0.051200 0.033800 0.033400 0.040500 0.037100
Ibex 0.009900 0.173200 0.037400 0.150700 0.023200 0.013200 0.013300 0.033300 0.030300 0.037000 0.000000 0.020100 0.030100 0.013300 0.030000 0.026600 0.050900 0.026900 0.013200 0.023500 0.033500 0.000000 0.023400 0.030300 0.000000 0.047200 0.026800 0.027000 0.033300 0.027000 0.040500 0.020000 0.027000 0.026800 0.013300 0.016600 0.000000 0.023200 0.040000 0.043900 0.030200 0.043500 0.043900 0.037000 0.019900 0.033300 0.043600 0.026700 0.009900 0.030100 0.030200 0.026900
GyrantGaze 0.057600 0.221400 0.058300 0.178900 0.064500 0.057700 0.054500 0.033200 0.058000 0.064700 0.047200 0.061700 0.064800 0.054500 0.057300 0.026400 0.071800 0.061600 0.054300 0.051100 0.033300 0.047200 0.050700 0.058000 0.047200 0.000000 0.061300 0.054600 0.029800 0.054600 0.064800 0.061400 0.061700 0.061300 0.054300 0.050700 0.047200 0.064400 0.033000 0.071800 0.057800 0.009700 0.071800 0.061200 0.054000 0.075000 0.043400 0.047100 0.050700 0.064700 0.057900 0.047500
Hartebeest 0.037000 0.177500 0.058700 0.159300 0.043800 0.040500 0.033800 0.050600 0.044200 0.058100 0.026800 0.033900 0.003300 0.030400 0.040200 0.047200 0.068800 0.044300 0.040600 0.044300 0.047400 0.026800 0.044000 0.051300 0.026800 0.061300 0.000000 0.047900 0.054100 0.047900 0.061700 0.040600 0.047900 0.006600 0.033700 0.037100 0.026800 0.043700 0.053800 0.058000 0.051100 0.057400 0.065100 0.058100 0.033500 0.054100 0.064700 0.040500 0.030200 0.050900 0.051200 0.040700
Bongo 0.037300 0.193800 0.016700 0.159400 0.030200 0.040800 0.034000 0.047400 0.009900 0.043900 0.027000 0.027000 0.044300 0.034000 0.051000 0.040500 0.057900 0.033800 0.040900 0.003300 0.047700 0.027000 0.030200 0.037200 0.027000 0.054600 0.047900 0.000000 0.047400 0.006600 0.047500 0.040900 0.033800 0.047900 0.033900 0.023400 0.026900 0.030200 0.054200 0.043900 0.037100 0.057800 0.050800 0.043900 0.026700 0.047500 0.058000 0.047800 0.030400 0.037000 0.009900 0.006600
Gerenuk 0.043500 0.210600 0.058000 0.165600 0.050300 0.047000 0.040400 0.019700 0.050700 0.050500 0.033300 0.047400 0.057500 0.040400 0.057200 0.013100 0.064500 0.047300 0.047200 0.043900 0.019700 0.033300 0.036700 0.043800 0.033300 0.029800 0.054100 0.047400 0.000000 0.047400 0.047000 0.047100 0.047400 0.054100 0.040200 0.036700 0.033300 0.050200 0.026200 0.057400 0.043700 0.026200 0.057400 0.047100 0.040100 0.053700 0.029700 0.047000 0.029900 0.050500 0.050600 0.047300
CommonElan 0.037300 0.203200 0.016700 0.159800 0.037100 0.040800 0.034100 0.047500 0.009900 0.043900 0.027000 0.027000 0.051300 0.034100 0.051000 0.040600 0.058000 0.033800 0.040900 0.003300 0.047700 0.027000 0.030200 0.037200 0.027000 0.054600 0.047900 0.006600 0.047400 0.000000 0.047500 0.040900 0.033800 0.047900 0.033900 0.023400 0.026900 0.037100 0.054200 0.050900 0.037100 0.057800 0.050800 0.044000 0.026700 0.047500 0.058000 0.047800 0.030400 0.037000 0.009900 0.006600
MuntiacusR 0.050900 0.196700 0.058200 0.141800 0.057800 0.054500 0.047700 0.054100 0.050800 0.003200 0.040500 0.047500 0.065200 0.047800 0.064800 0.047200 0.057400 0.036800 0.054600 0.044000 0.047300 0.040500 0.016400 0.026600 0.040500 0.064800 0.061700 0.047500 0.047000 0.047500 0.000000 0.054600 0.033500 0.061700 0.047600 0.043700 0.040500 0.057700 0.060800 0.029900 0.026500 0.060900 0.009800 0.029900 0.047000 0.061100 0.064600 0.061500 0.044000 0.043500 0.050700 0.047400
HarveysDui 0.030200 0.182300 0.051500 0.159200 0.036900 0.033600 0.010000 0.047200 0.044200 0.051000 0.020000 0.033900 0.044000 0.027000 0.043700 0.040300 0.058000 0.033800 0.033700 0.037400 0.047400 0.020000 0.037100 0.044300 0.020000 0.061400 0.040600 0.040900 0.047100 0.040900 0.054600 0.000000 0.040900 0.040600 0.026600 0.030200 0.020000 0.036800 0.053900 0.058000 0.044100 0.057500 0.058000 0.051000 0.033600 0.047200 0.057600 0.040500 0.023400 0.044000 0.044200 0.040800
Pronghorn 0.037300 0.175200 0.044400 0.143500 0.044100 0.040800 0.034000 0.047400 0.037200 0.030000 0.027000 0.033700 0.051300 0.027100 0.047500 0.040500 0.043700 0.023400 0.040900 0.030400 0.044000 0.027000 0.016600 0.026800 0.027000 0.061700 0.047900 0.033800 0.047400 0.033800 0.033500 0.040900 0.000000 0.047900 0.033900 0.030200 0.026900 0.044000 0.054200 0.030000 0.026700 0.057800 0.036800 0.036900 0.033500 0.047400 0.058000 0.047800 0.030400 0.030000 0.030200 0.033800
BlueWildeb 0.037000 0.177400 0.058700 0.167700 0.043800 0.040500 0.033800 0.050600 0.044200 0.058100 0.026800 0.033900 0.009900 0.030400 0.043700 0.047200 0.072300 0.047800 0.040600 0.044300 0.054400 0.026800 0.044100 0.051300 0.026800 0.061300 0.006600 0.047900 0.054100 0.047900 0.061700 0.040600 0.047900 0.000000 0.033700 0.037100 0.026800 0.043700 0.053800 0.065100 0.051100 0.057400 0.065100 0.058100 0.033500 0.054100 0.064700 0.040500 0.030200 0.050900 0.051200 0.040700
Gemsbok 0.023400 0.182200 0.044500 0.159200 0.030100 0.026800 0.020000 0.040300 0.037300 0.044000 0.013300 0.027000 0.037100 0.020100 0.036900 0.033500 0.058100 0.033900 0.026900 0.030400 0.040500 0.013300 0.030200 0.037300 0.013300 0.054300 0.033700 0.033900 0.040200 0.033900 0.047600 0.026600 0.033900 0.033700 0.000000 0.023400 0.013300 0.030000 0.047000 0.051000 0.037200 0.050500 0.051000 0.044000 0.026700 0.040300 0.050700 0.033600 0.016600 0.037100 0.037200 0.033900
Yak 0.026700 0.178700 0.026800 0.154400 0.026600 0.030100 0.023500 0.036800 0.026700 0.040200 0.016600 0.009900 0.040500 0.016700 0.040200 0.030000 0.047100 0.030100 0.030200 0.020000 0.037000 0.016600 0.026600 0.033500 0.016600 0.050700 0.037100 0.023400 0.036700 0.023400 0.043700 0.030200 0.030200 0.037100 0.023400 0.000000 0.016600 0.026600 0.043400 0.047000 0.030000 0.046900 0.047000 0.036800 0.003300 0.043600 0.040200 0.030100 0.020000 0.033300 0.026600 0.023300
BlueSheep 0.009900 0.173100 0.037400 0.150500 0.023200 0.013200 0.013300 0.033300 0.030300 0.037000 0.000000 0.020100 0.030100 0.013300 0.029900 0.026600 0.050900 0.026900 0.013300 0.023500 0.033500 0.000000 0.023400 0.030300 0.000000 0.047200 0.026800 0.026900 0.033300 0.026900 0.040500 0.020000 0.026900 0.026800 0.013300 0.016600 0.000000 0.023200 0.040000 0.043900 0.030200 0.043400 0.043800 0.037000 0.019900 0.033300 0.043600 0.026700 0.009900 0.030100 0.030200 0.026900
BohorReedb 0.033300 0.184700 0.047600 0.161500 0.006500 0.036700 0.030100 0.050300 0.040400 0.054100 0.023200 0.030200 0.040200 0.030100 0.046800 0.043400 0.061100 0.043900 0.033400 0.033600 0.050500 0.023200 0.040200 0.047400 0.023200 0.064400 0.043700 0.030200 0.050200 0.037100 0.057700 0.036800 0.044000 0.043700 0.030000 0.026600 0.023200 0.000000 0.056900 0.054100 0.047200 0.060500 0.061000 0.054100 0.029900 0.050300 0.060700 0.043600 0.026600 0.047100 0.040300 0.037000
KirksDik 0.050300 0.210100 0.064900 0.165100 0.057000 0.053800 0.047100 0.026200 0.057500 0.057300 0.040000 0.054200 0.057200 0.047100 0.056900 0.019600 0.071400 0.054100 0.053900 0.050700 0.026300 0.040000 0.043400 0.050500 0.040000 0.033000 0.053800 0.054200 0.026200 0.054200 0.060800 0.053900 0.054200 0.053800 0.047000 0.043400 0.040000 0.056900 0.000000 0.064300 0.050400 0.029500 0.064200 0.053800 0.046800 0.060300 0.036300 0.046800 0.043400 0.050200 0.057400 0.047100
RoeDeer 0.054300 0.184900 0.061600 0.152200 0.054200 0.057900 0.051200 0.057400 0.054200 0.026500 0.043900 0.050900 0.054400 0.051200 0.061000 0.050600 0.057300 0.036800 0.058100 0.047400 0.043800 0.043900 0.019800 0.023200 0.043900 0.071800 0.058000 0.043900 0.057400 0.050900 0.029900 0.058000 0.030000 0.065100 0.051000 0.047000 0.043900 0.054100 0.064300 0.000000 0.029900 0.067900 0.033200 0.033200 0.050400 0.064600 0.061000 0.065000 0.047400 0.046800 0.047000 0.050800
WhiteLippe 0.040500 0.188600 0.044100 0.150100 0.047300 0.044000 0.037300 0.043700 0.040400 0.023100 0.030200 0.033700 0.054600 0.033900 0.054200 0.036900 0.050400 0.023200 0.044200 0.033600 0.040400 0.030200 0.009800 0.013200 0.030200 0.057800 0.051100 0.037100 0.043700 0.037100 0.026500 0.044100 0.026700 0.051100 0.037200 0.030000 0.030200 0.047200 0.050400 0.029900 0.000000 0.054000 0.029800 0.026500 0.033300 0.054100 0.050600 0.051000 0.033700 0.033300 0.040400 0.037000
ThomsonGaz 0.053800 0.215000 0.061500 0.173500 0.060600 0.053900 0.050700 0.029600 0.061200 0.060800 0.043500 0.057800 0.060800 0.050700 0.053500 0.023000 0.067900 0.057700 0.050500 0.054200 0.029700 0.043500 0.046900 0.054100 0.043500 0.009700 0.057400 0.057800 0.026200 0.057800 0.060900 0.057500 0.057800 0.057400 0.050500 0.046900 0.043400 0.060500 0.029500 0.067900 0.054000 0.000000 0.067800 0.057400 0.050300 0.071000 0.039700 0.043400 0.046900 0.053800 0.061000 0.050600
MuntiacusC 0.054300 0.200700 0.061500 0.153700 0.061200 0.057800 0.051100 0.057500 0.054200 0.006500 0.043900 0.050900 0.068600 0.051200 0.068100 0.050500 0.060700 0.040200 0.058000 0.047300 0.050700 0.043900 0.019700 0.029900 0.043900 0.071800 0.065100 0.050800 0.057400 0.050800 0.009800 0.058000 0.036800 0.065100 0.051000 0.047000 0.043800 0.061000 0.064200 0.033200 0.029800 0.067800 0.000000 0.033200 0.050300 0.064500 0.068000 0.065000 0.047300 0.046800 0.054100 0.050700
WhiteTaile 0.047400 0.203500 0.054500 0.161000 0.054200 0.050900 0.044200 0.047100 0.047300 0.026400 0.037000 0.044000 0.061500 0.044200 0.061200 0.040200 0.057400 0.036800 0.051100 0.040400 0.047300 0.037000 0.019800 0.013200 0.037000 0.061200 0.058100 0.043900 0.047100 0.044000 0.029900 0.051000 0.036900 0.058100 0.044000 0.036800 0.037000 0.054100 0.053800 0.033200 0.026500 0.057400 0.033200 0.000000 0.040100 0.064700 0.057600 0.054400 0.040500 0.040000 0.047200 0.043900
Cattle 0.030000 0.173600 0.030100 0.158100 0.029900 0.033500 0.026800 0.040100 0.023200 0.043500 0.019900 0.006600 0.036900 0.020000 0.043500 0.033300 0.050400 0.033400 0.033600 0.023300 0.040300 0.019900 0.029900 0.036800 0.019900 0.054000 0.033500 0.026700 0.040100 0.026700 0.047000 0.033600 0.033500 0.033500 0.026700 0.003300 0.019900 0.029900 0.046800 0.050400 0.033300 0.050300 0.050300 0.040100 0.000000 0.047000 0.043500 0.033500 0.023300 0.036600 0.029900 0.026600
RoyalAntel 0.043600 0.188700 0.058100 0.149600 0.050300 0.047000 0.040400 0.060700 0.050800 0.057500 0.033300 0.047500 0.057500 0.040400 0.050300 0.053800 0.071600 0.050800 0.047200 0.043900 0.057300 0.033300 0.043600 0.054300 0.033300 0.075000 0.054100 0.047500 0.053700 0.047500 0.061100 0.047200 0.047400 0.054100 0.040300 0.043600 0.033300 0.050300 0.060300 0.064600 0.054100 0.071000 0.064500 0.064700 0.047000 0.000000 0.071200 0.054000 0.029900 0.050500 0.050700 0.047400
Steenbok 0.054000 0.202100 0.061600 0.187200 0.057200 0.057500 0.047400 0.029700 0.061300 0.061000 0.043600 0.051000 0.068200 0.043900 0.067800 0.023000 0.075300 0.057900 0.057700 0.054400 0.029800 0.043600 0.047100 0.054300 0.043600 0.043400 0.064700 0.058000 0.029700 0.058000 0.064600 0.057600 0.058000 0.064700 0.050700 0.040200 0.043600 0.060700 0.036300 0.061000 0.050600 0.039700 0.068000 0.057600 0.043500 0.071200 0.000000 0.057500 0.047100 0.061000 0.061200 0.057900
Impala 0.036900 0.191500 0.058500 0.159500 0.043700 0.037000 0.033800 0.047100 0.051100 0.057900 0.026700 0.040800 0.043900 0.033800 0.036700 0.040200 0.054400 0.047700 0.033600 0.044200 0.047300 0.026700 0.044000 0.051200 0.026700 0.047100 0.040500 0.047800 0.047000 0.047800 0.061500 0.040500 0.047800 0.040500 0.033600 0.030100 0.026700 0.043600 0.046800 0.065000 0.051000 0.043400 0.065000 0.054400 0.033500 0.054000 0.057500 0.000000 0.030100 0.050800 0.051100 0.040700
Klipspring 0.019900 0.177500 0.040900 0.154700 0.026600 0.023300 0.016700 0.036800 0.033700 0.040500 0.009900 0.023500 0.033600 0.016700 0.033400 0.030000 0.054400 0.030300 0.023400 0.026900 0.036900 0.009900 0.026800 0.033800 0.009900 0.050700 0.030200 0.030400 0.029900 0.030400 0.044000 0.023400 0.030400 0.030200 0.016600 0.020000 0.009900 0.026600 0.043400 0.047400 0.033700 0.046900 0.047300 0.040500 0.023300 0.029900 0.047100 0.030100 0.000000 0.033500 0.033700 0.030300
ForestMusk 0.040400 0.186400 0.047400 0.141400 0.047200 0.043900 0.037200 0.050500 0.040300 0.040000 0.030100 0.037000 0.054400 0.037200 0.054000 0.043600 0.053800 0.030000 0.044000 0.033500 0.050700 0.030100 0.026500 0.033400 0.030100 0.064700 0.050900 0.037000 0.050500 0.037000 0.043500 0.044000 0.030000 0.050900 0.037100 0.033300 0.030100 0.047100 0.050200 0.046800 0.033300 0.053800 0.046800 0.040000 0.036600 0.050500 0.061000 0.050800 0.033500 0.000000 0.040200 0.036900
Bushbuck 0.040500 0.197400 0.020000 0.163200 0.040400 0.044000 0.037300 0.043700 0.013200 0.047200 0.030200 0.030300 0.054600 0.037300 0.043800 0.043800 0.061200 0.037100 0.044200 0.006600 0.050900 0.030200 0.033400 0.040500 0.030200 0.057900 0.051200 0.009900 0.050600 0.009900 0.050700 0.044200 0.030200 0.051200 0.037200 0.026600 0.030200 0.040300 0.057400 0.047000 0.040400 0.061000 0.054100 0.047200 0.029900 0.050700 0.061200 0.051100 0.033700 0.040200 0.000000 0.009900
GreaterKud 0.037200 0.202700 0.016600 0.159500 0.037100 0.040700 0.034000 0.047400 0.009900 0.043800 0.026900 0.026900 0.044200 0.034000 0.043900 0.040500 0.057800 0.033700 0.040800 0.003300 0.047600 0.026900 0.030100 0.037100 0.026900 0.047500 0.040700 0.006600 0.047300 0.006600 0.047400 0.040800 0.033800 0.040700 0.033900 0.023300 0.026900 0.037000 0.047100 0.050800 0.037000 0.050600 0.050700 0.043900 0.026600 0.047400 0.057900 0.040700 0.030300 0.036900 0.009900 0.000000
