1
52 1
Argali 0.000000 0.004900 0.004900 0.002500 0.002500 0.000000 0.002500 0.002500 0.002500 0.012400 0.000000 0.002500 0.002500 0.002500 0.002500 0.000000 0.002500 0.002500 0.000000 0.002500 0.002500 0.000000 0.009900 0.009900 0.000000 0.002500 0.002500 0.002500 0.000000 0.002500 0.009900 0.002500 0.012400 0.002500 0.002500 0.002500 0.000000 0.004900 0.002500 0.012400 0.012400 0.002500 0.009900 0.007400 0.002500 0.002500 0.002500 0.002500 0.000000 0.002500 0.002500 0.002500
LesserMous 0.004900 0.000000 0.004900 0.002500 0.002500 0.004900 0.002500 0.002500 0.002500 0.012400 0.004900 0.002500 0.002500 0.002500 0.002500 0.004900 0.002500 0.002500 0.004900 0.002500 0.002500 0.004900 0.009900 0.009900 0.004900 0.002500 0.002500 0.002500 0.004900 0.002500 0.009900 0.002500 0.007400 0.002500 0.002500 0.002500 0.004900 0.004900 0.002500 0.012400 0.012400 0.002500 0.009900 0.007400 0.002500 0.002500 0.002500 0.002500 0.004900 0.002500 0.002500 0.002500
LesserKudu 0.004900 0.004900 0.000000 0.002500 0.002500 0.004900 0.002500 0.002500 0.002500 0.012400 0.004900 0.002500 0.002500 0.002500 0.002500 0.004900 0.002500 0.002500 0.004900 0.002500 0.002500 0.004900 0.009900 0.009900 0.004900 0.002500 0.002500 0.002500 0.004900 0.002500 0.009900 0.002500 0.012400 0.002500 0.002500 0.002500 0.004900 0.004900 0.002500 0.012400 0.012400 0.002500 0.009900 0.007400 0.002500 0.002500 0.002500 0.002500 0.004900 0.002500 0.002500 0.002500
KillerWhal 0.002500 0.002500 0.002500 0.000000 0.000100 0.002500 0.000100 0.000100 0.000100 0.009900 0.002500 0.000100 0.000100 0.000100 0.000100 0.002500 0.000100 0.000100 0.002500 0.000100 0.000100 0.002500 0.007400 0.007400 0.002500 0.000100 0.000100 0.000100 0.002500 0.000100 0.007400 0.000100 0.010000 0.000100 0.000100 0.000100 0.002500 0.002500 0.000100 0.009900 0.009900 0.000100 0.007400 0.004900 0.000100 0.000100 0.000100 0.000100 0.002500 0.000100 0.000100 0.000100
DefassaWat 0.002500 0.002500 0.002500 0.000100 0.000000 0.002500 0.000000 0.000000 0.000000 0.009900 0.002500 0.000000 0.000000 0.000000 0.000000 0.002500 0.000000 0.000000 0.002500 0.000000 0.000000 0.002500 0.007400 0.007400 0.002500 0.000000 0.000000 0.000000 0.002500 0.000000 0.007400 0.000000 0.009900 0.000000 0.000000 0.000000 0.002500 0.002500 0.000000 0.009900 0.009900 0.000000 0.007400 0.004900 0.000000 0.000000 0.000000 0.000000 0.002500 0.000000 0.000000 0.000000
Sheep 0.000000 0.004900 0.004900 0.002500 0.002500 0.000000 0.002500 0.002500 0.002500 0.012400 0.000000 0.002500 0.002500 0.002500 0.002500 0.000000 0.002500 0.002500 0.000000 0.002500 0.002500 0.000000 0.009900 0.009900 0.000000 0.002500 0.002500 0.002500 0.000000 0.002500 0.009900 0.002500 0.012400 0.002500 0.002500 0.002500 0.000000 0.004900 0.002500 0.012400 0.012400 0.002500 0.009900 0.007400 0.002500 0.002500 0.002500 0.002500 0.000000 0.002500 0.002500 0.002500
MaxwellsDu 0.002500 0.002500 0.002500 0.000100 0.000000 0.002500 0.000000 0.000000 0.000000 0.009900 0.002500 0.000000 0.000000 0.000000 0.000000 0.002500 0.000000 0.000100 0.002500 0.000000 0.000000 0.002500 0.007400 0.007400 0.002500 0.000000 0.000000 0.000000 0.002500 0.000000 0.007400 0.000000 0.009900 0.000000 0.000000 0.000000 0.002500 0.002500 0.000000 0.009900 0.009900 0.000000 0.007400 0.004900 0.000000 0.000000 0.000000 0.000000 0.002500 0.000000 0.000000 0.000000
GazellaPrz 0.002500 0.002500 0.002500 0.000100 0.000000 0.002500 0.000000 0.000000 0.000000 0.009900 0.002500 0.000000 0.000000 0.000000 0.000000 0.002500 0.000000 0.000000 0.002500 0.000000 0.000000 0.002500 0.007400 0.007400 0.002500 0.000000 0.000000 0.000000 0.002500 0.000000 0.007400 0.000000 0.010000 0.000000 0.000000 0.000000 0.002500 0.002500 0.000000 0.009900 0.009900 0.000000 0.007400 0.004900 0.000000 0.000000 0.000000 0.000000 0.002500 0.000000 0.000000 0.000000
MountainNy 0.002500 0.002500 0.002500 0.000100 0.000000 0.002500 0.000000 0.000000 0.000000 0.009900 0.002500 0.000000 0.000000 0.000000 0.000000 0.002500 0.000000 0.000000 0.002500 0.000000 0.000000 0.002500 0.007400 0.007400 0.002500 0.000000 0.000000 0.000000 0.002500 0.000000 0.007400 0.000000 0.009900 0.000000 0.000000 0.000000 0.002500 0.002500 0.000000 0.009900 0.009900 0.000000 0.007400 0.004900 0.000000 0.000000 0.000000 0.000000 0.002500 0.000000 0.000000 0.000000
MuntiacusM 0.012400 0.012400 0.012400 0.009900 0.009900 0.012400 0.009900 0.009900 0.009900 0.000000 0.012400 0.009900 0.009900 0.009900 0.009900 0.012400 0.009900 0.009900 0.012400 0.009900 0.009900 0.012400 0.002500 0.002500 0.012400 0.009900 0.009900 0.009900 0.012400 0.009900 0.002500 0.009900 0.015000 0.009900 0.009900 0.009900 0.012400 0.007400 0.009900 0.004900 0.005000 0.009900 0.002500 0.005000 0.009900 0.009900 0.009900 0.009900 0.012400 0.009900 0.009900 0.009900
goat 0.000000 0.004900 0.004900 0.002500 0.002500 0.000000 0.002500 0.002500 0.002500 0.012400 0.000000 0.002500 0.002500 0.002500 0.002500 0.000000 0.002500 0.002500 0.000000 0.002500 0.002500 0.000000 0.009900 0.009900 0.000000 0.002500 0.002500 0.002500 0.000000 0.002500 0.009900 0.002500 0.012400 0.002500 0.002500 0.002500 0.000000 0.004900 0.002500 0.012400 0.012400 0.002500 0.009900 0.007400 0.002500 0.002500 0.002500 0.002500 0.000000 0.002500 0.002500 0.002500
AfricanBuf 0.002500 0.002500 0.002500 0.000100 0.000000 0.002500 0.000000 0.000000 0.000000 0.009900 0.002500 0.000000 0.000000 0.000000 0.000000 0.002500 0.000000 0.000100 0.002500 0.000000 0.000000 0.002500 0.007400 0.007400 0.002500 0.000000 0.000000 0.000000 0.002500 0.000000 0.007400 0.000000 0.009900 0.000000 0.000000 0.000000 0.002500 0.002500 0.000000 0.009900 0.009900 0.000000 0.007400 0.004900 0.000000 0.000000 0.000000 0.000000 0.002500 0.000000 0.000000 0.000000
Topi 0.002500 0.002500 0.002500 0.000100 0.000000 0.002500 0.000000 0.000000 0.000000 0.009900 0.002500 0.000000 0.000000 0.000000 0.000000 0.002500 0.000000 0.000000 0.002500 0.000000 0.000000 0.002500 0.007400 0.007400 0.002500 0.000000 0.000000 0.000000 0.002500 0.000000 0.007400 0.000000 0.009900 0.000000 0.000000 0.000000 0.002500 0.002500 0.000000 0.009900 0.009900 0.000000 0.007400 0.004900 0.000000 0.000000 0.000000 0.000000 0.002500 0.000000 0.000000 0.000000
CommonDuik 0.002500 0.002500 0.002500 0.000100 0.000000 0.002500 0.000000 0.000000 0.000000 0.009900 0.002500 0.000000 0.000000 0.000000 0.000000 0.002500 0.000000 0.000100 0.002500 0.000000 0.000000 0.002500 0.007400 0.007400 0.002500 0.000000 0.000000 0.000000 0.002500 0.000000 0.007400 0.000000 0.009900 0.000000 0.000000 0.000000 0.002500 0.002500 0.000000 0.009900 0.009900 0.000000 0.007400 0.004900 0.000000 0.000000 0.000000 0.000000 0.002500 0.000000 0.000000 0.000000
Suni 0.002500 0.002500 0.002500 0.000100 0.000000 0.002500 0.000000 0.000000 0.000000 0.009900 0.002500 0.000000 0.000000 0.000000 0.000000 0.002500 0.000000 0.000100 0.002500 0.000000 0.000000 0.002500 0.007400 0.007400 0.002500 0.000000 0.000000 0.000000 0.002500 0.000000 0.007400 0.000000 0.010000 0.000000 0.000000 0.000000 0.002500 0.002500 0.000000 0.009900 0.009900 0.000000 0.007400 0.004900 0.000000 0.000000 0.000000 0.000000 0.002500 0.000000 0.000000 0.000000
Springbuck 0.000000 0.004900 0.004900 0.002500 0.002500 0.000000 0.002500 0.002500 0.002500 0.012400 0.000000 0.002500 0.002500 0.002500 0.002500 0.000000 0.002500 0.002500 0.000000 0.002500 0.002500 0.000000 0.009900 0.009900 0.000000 0.002500 0.002500 0.002500 0.000000 0.002500 0.009900 0.002500 0.012500 0.002500 0.002500 0.002500 0.000000 0.004900 0.002500 0.012400 0.012400 0.002500 0.009900 0.007400 0.002500 0.002500 0.002500 0.002500 0.000000 0.002500 0.002500 0.002500
Okapi 0.002500 0.002500 0.002500 0.000100 0.000000 0.002500 0.000000 0.000000 0.000000 0.009900 0.002500 0.000000 0.000000 0.000000 0.000000 0.002500 0.000000 0.000000 0.002500 0.000000 0.000000 0.002500 0.007400 0.007400 0.002500 0.000000 0.000000 0.000000 0.002500 0.000000 0.007400 0.000000 0.009900 0.000000 0.000000 0.000000 0.002500 0.002500 0.000000 0.009900 0.009900 0.000000 0.007400 0.004900 0.000000 0.000000 0.000000 0.000000 0.002500 0.000000 0.000000 0.000000
Giraffe 0.002500 0.002500 0.002500 0.000100 0.000000 0.002500 0.000100 0.000000 0.000000 0.009900 0.002500 0.000100 0.000000 0.000100 0.000100 0.002500 0.000000 0.000000 0.002500 0.000000 0.000000 0.002500 0.007400 0.007400 0.002500 0.000000 0.000000 0.000100 0.002500 0.000100 0.007400 0.000100 0.010000 0.000000 0.000000 0.000100 0.002500 0.002500 0.000100 0.009900 0.009900 0.000000 0.007400 0.004900 0.000100 0.000100 0.000100 0.000100 0.002500 0.000000 0.000100 0.000000
TibetanAnt 0.000000 0.004900 0.004900 0.002500 0.002500 0.000000 0.002500 0.002500 0.002500 0.012400 0.000000 0.002500 0.002500 0.002500 0.002500 0.000000 0.002500 0.002500 0.000000 0.002500 0.002500 0.000000 0.009900 0.009900 0.000000 0.002500 0.002500 0.002500 0.000000 0.002500 0.009900 0.002500 0.012400 0.002500 0.002500 0.002500 0.000000 0.004900 0.002500 0.012400 0.012400 0.002500 0.009900 0.007400 0.002500 0.002500 0.002500 0.002500 0.000000 0.002500 0.002500 0.002500
Sitatunga 0.002500 0.002500 0.002500 0.000100 0.000000 0.002500 0.000000 0.000000 0.000000 0.009900 0.002500 0.000000 0.000000 0.000000 0.000000 0.002500 0.000000 0.000000 0.002500 0.000000 0.000000 0.002500 0.007400 0.007400 0.002500 0.000000 0.000000 0.000000 0.002500 0.000000 0.007400 0.000000 0.009900 0.000000 0.000000 0.000000 0.002500 0.002500 0.000000 0.009900 0.009900 0.000000 0.007400 0.004900 0.000000 0.000000 0.000000 0.000000 0.002500 0.000000 0.000000 0.000000
Oribi 0.002500 0.002500 0.002500 0.000100 0.000000 0.002500 0.000000 0.000000 0.000000 0.009900 0.002500 0.000000 0.000000 0.000000 0.000000 0.002500 0.000000 0.000000 0.002500 0.000000 0.000000 0.002500 0.007400 0.007400 0.002500 0.000000 0.000000 0.000000 0.002500 0.000000 0.007400 0.000000 0.010000 0.000000 0.000000 0.000000 0.002500 0.002500 0.000000 0.009900 0.009900 0.000000 0.007400 0.004900 0.000000 0.000000 0.000000 0.000000 0.002500 0.000000 0.000000 0.000000
BarbaryShe 0.000000 0.004900 0.004900 0.002500 0.002500 0.000000 0.002500 0.002500 0.002500 0.012400 0.000000 0.002500 0.002500 0.002500 0.002500 0.000000 0.002500 0.002500 0.000000 0.002500 0.002500 0.000000 0.009900 0.009900 0.000000 0.002500 0.002500 0.002500 0.000000 0.002500 0.009900 0.002500 0.012400 0.002500 0.002500 0.002500 0.000000 0.004900 0.002500 0.012400 0.012400 0.002500 0.009900 0.007400 0.002500 0.002500 0.002500 0.002500 0.000000 0.002500 0.002500 0.002500
Daviddeer 0.009900 0.009900 0.009900 0.007400 0.007400 0.009900 0.007400 0.007400 0.007400 0.002500 0.009900 0.007400 0.007400 0.007400 0.007400 0.009900 0.007400 0.007400 0.009900 0.007400 0.007400 0.009900 0.000000 0.000000 0.009900 0.007400 0.007400 0.007400 0.009900 0.007400 0.000000 0.007400 0.012500 0.007400 0.007400 0.007400 0.009900 0.009900 0.007400 0.002500 0.002500 0.007400 0.000000 0.002500 0.007400 0.007400 0.007400 0.007400 0.009900 0.007400 0.007400 0.007400
Reindeer 0.009900 0.009900 0.009900 0.007400 0.007400 0.009900 0.007400 0.007400 0.007400 0.002500 0.009900 0.007400 0.007400 0.007400 0.007400 0.009900 0.007400 0.007400 0.009900 0.007400 0.007400 0.009900 0.000000 0.000000 0.009900 0.007400 0.007400 0.007400 0.009900 0.007400 0.000000 0.007400 0.012500 0.007400 0.007400 0.007400 0.009900 0.009900 0.007400 0.002500 0.002500 0.007400 0.000000 0.002500 0.007400 0.007400 0.007400 0.007400 0.009900 0.007400 0.007400 0.007400
Ibex 0.000000 0.004900 0.004900 0.002500 0.002500 0.000000 0.002500 0.002500 0.002500 0.012400 0.000000 0.002500 0.002500 0.002500 0.002500 0.000000 0.002500 0.002500 0.000000 0.002500 0.002500 0.000000 0.009900 0.009900 0.000000 0.002500 0.002500 0.002500 0.000000 0.002500 0.009900 0.002500 0.012400 0.002500 0.002500 0.002500 0.000000 0.004900 0.002500 0.012400 0.012400 0.002500 0.009900 0.007400 0.002500 0.002500 0.002500 0.002500 0.000000 0.002500 0.002500 0.002500
GyrantGaze 0.002500 0.002500 0.002500 0.000100 0.000000 0.002500 0.000000 0.000000 0.000000 0.009900 0.002500 0.000000 0.000000 0.000000 0.000000 0.002500 0.000000 0.000000 0.002500 0.000000 0.000000 0.002500 0.007400 0.007400 0.002500 0.000000 0.000000 0.000000 0.002500 0.000000 0.007400 0.000000 0.010000 0.000000 0.000000 0.000000 0.002500 0.002500 0.000000 0.009900 0.009900 0.000000 0.007400 0.004900 0.000000 0.000000 0.000000 0.000000 0.002500 0.000000 0.000000 0.000000
Hartebeest 0.002500 0.002500 0.002500 0.000100 0.000000 0.002500 0.000000 0.000000 0.000000 0.009900 0.002500 0.000000 0.000000 0.000000 0.000000 0.002500 0.000000 0.000000 0.002500 0.000000 0.000000 0.002500 0.007400 0.007400 0.002500 0.000000 0.000000 0.000000 0.002500 0.000000 0.007400 0.000000 0.009900 0.000000 0.000000 0.000000 0.002500 0.002500 0.000000 0.009900 0.009900 0.000000 0.007400 0.004900 0.000000 0.000000 0.000000 0.000000 0.002500 0.000000 0.000000 0.000000
Bongo 0.002500 0.002500 0.002500 0.000100 0.000000 0.002500 0.000000 0.000000 0.000000 0.009900 0.002500 0.000000 0.000000 0.000000 0.000000 0.002500 0.000000 0.000100 0.002500 0.000000 0.000000 0.002500 0.007400 0.007400 0.002500 0.000000 0.000000 0.000000 0.002500 0.000000 0.007400 0.000000 0.009900 0.000000 0.000000 0.000000 0.002500 0.002500 0.000000 0.009900 0.009900 0.000000 0.007400 0.004900 0.000000 0.000000 0.000000 0.000000 0.002500 0.000000 0.000000 0.000000
Gerenuk 0.000000 0.004900 0.004900 0.002500 0.002500 0.000000 0.002500 0.002500 0.002500 0.012400 0.000000 0.002500 0.002500 0.002500 0.002500 0.000000 0.002500 0.002500 0.000000 0.002500 0.002500 0.000000 0.009900 0.009900 0.000000 0.002500 0.002500 0.002500 0.000000 0.002500 0.009900 0.002500 0.012500 0.002500 0.002500 0.002500 0.000000 0.004900 0.002500 0.012400 0.012400 0.002500 0.009900 0.007400 0.002500 0.002500 0.002500 0.002500 0.000000 0.002500 0.002500 0.002500
CommonElan 0.002500 0.002500 0.002500 0.000100 0.000000 0.002500 0.000000 0.000000 0.000000 0.009900 0.002500 0.000000 0.000000 0.000000 0.000000 0.002500 0.000000 0.000100 0.002500 0.000000 0.000000 0.002500 0.007400 0.007400 0.002500 0.000000 0.000000 0.000000 0.002500 0.000000 0.007400 0.000000 0.009900 0.000000 0.000000 0.000000 0.002500 0.002500 0.000000 0.009900 0.009900 0.000000 0.007400 0.004900 0.000000 0.000000 0.000000 0.000000 0.002500 0.000000 0.000000 0.000000
MuntiacusR 0.009900 0.009900 0.009900 0.007400 0.007400 0.009900 0.007400 0.007400 0.007400 0.002500 0.009900 0.007400 0.007400 0.007400 0.007400 0.009900 0.007400 0.007400 0.009900 0.007400 0.007400 0.009900 0.000000 0.000000 0.009900 0.007400 0.007400 0.007400 0.009900 0.007400 0.000000 0.007400 0.012500 0.007400 0.007400 0.007400 0.009900 0.009900 0.007400 0.002500 0.002500 0.007400 0.000000 0.002500 0.007400 0.007400 0.007400 0.007400 0.009900 0.007400 0.007400 0.007400
HarveysDui 0.002500 0.002500 0.002500 0.000100 0.000000 0.002500 0.000000 0.000000 0.000000 0.009900 0.002500 0.000000 0.000000 0.000000 0.000000 0.002500 0.000000 0.000100 0.002500 0.000000 0.000000 0.002500 0.007400 0.007400 0.002500 0.000000 0.000000 0.000000 0.002500 0.000000 0.007400 0.000000 0.009900 0.000000 0.000000 0.000000 0.002500 0.002500 0.000000 0.009900 0.009900 0.000000 0.007400 0.004900 0.000000 0.000000 0.000000 0.000000 0.002500 0.000000 0.000000 0.000000
Pronghorn 0.012400 0.007400 0.012400 0.010000 0.009900 0.012400 0.009900 0.010000 0.009900 0.015000 0.012400 0.009900 0.009900 0.009900 0.010000 0.012500 0.009900 0.010000 0.012400 0.009900 0.010000 0.012400 0.012500 0.012500 0.012400 0.010000 0.009900 0.009900 0.012500 0.009900 0.012500 0.009900 0.000000 0.009900 0.009900 0.009900 0.012400 0.012400 0.010000 0.015000 0.015000 0.010000 0.012500 0.015000 0.009900 0.010000 0.010000 0.009900 0.012400 0.010000 0.010000 0.009900
BlueWildeb 0.002500 0.002500 0.002500 0.000100 0.000000 0.002500 0.000000 0.000000 0.000000 0.009900 0.002500 0.000000 0.000000 0.000000 0.000000 0.002500 0.000000 0.000000 0.002500 0.000000 0.000000 0.002500 0.007400 0.007400 0.002500 0.000000 0.000000 0.000000 0.002500 0.000000 0.007400 0.000000 0.009900 0.000000 0.000000 0.000000 0.002500 0.002500 0.000000 0.009900 0.009900 0.000000 0.007400 0.004900 0.000000 0.000000 0.000000 0.000000 0.002500 0.000000 0.000000 0.000000
Gemsbok 0.002500 0.002500 0.002500 0.000100 0.000000 0.002500 0.000000 0.000000 0.000000 0.009900 0.002500 0.000000 0.000000 0.000000 0.000000 0.002500 0.000000 0.000000 0.002500 0.000000 0.000000 0.002500 0.007400 0.007400 0.002500 0.000000 0.000000 0.000000 0.002500 0.000000 0.007400 0.000000 0.009900 0.000000 0.000000 0.000000 0.002500 0.002500 0.000000 0.009900 0.009900 0.000000 0.007400 0.004900 0.000000 0.000000 0.000000 0.000000 0.002400 0.000000 0.000000 0.000000
Yak 0.002500 0.002500 0.002500 0.000100 0.000000 0.002500 0.000000 0.000000 0.000000 0.009900 0.002500 0.000000 0.000000 0.000000 0.000000 0.002500 0.000000 0.000100 0.002500 0.000000 0.000000 0.002500 0.007400 0.007400 0.002500 0.000000 0.000000 0.000000 0.002500 0.000000 0.007400 0.000000 0.009900 0.000000 0.000000 0.000000 0.002500 0.002500 0.000000 0.009900 0.009900 0.000000 0.007400 0.004900 0.000000 0.000000 0.000000 0.000000 0.002500 0.000000 0.000000 0.000000
BlueSheep 0.000000 0.004900 0.004900 0.002500 0.002500 0.000000 0.002500 0.002500 0.002500 0.012400 0.000000 0.002500 0.002500 0.002500 0.002500 0.000000 0.002500 0.002500 0.000000 0.002500 0.002500 0.000000 0.009900 0.009900 0.000000 0.002500 0.002500 0.002500 0.000000 0.002500 0.009900 0.002500 0.012400 0.002500 0.002500 0.002500 0.000000 0.004900 0.002500 0.012400 0.012400 0.002500 0.009900 0.007400 0.002500 0.002500 0.002500 0.002500 0.000000 0.002500 0.002500 0.002500
BohorReedb 0.004900 0.004900 0.004900 0.002500 0.002500 0.004900 0.002500 0.002500 0.002500 0.007400 0.004900 0.002500 0.002500 0.002500 0.002500 0.004900 0.002500 0.002500 0.004900 0.002500 0.002500 0.004900 0.009900 0.009900 0.004900 0.002500 0.002500 0.002500 0.004900 0.002500 0.009900 0.002500 0.012400 0.002500 0.002500 0.002500 0.004900 0.000000 0.002500 0.012400 0.012400 0.002500 0.009900 0.007400 0.002500 0.002500 0.002500 0.002500 0.004900 0.002500 0.002500 0.002500
KirksDik 0.002500 0.002500 0.002500 0.000100 0.000000 0.002500 0.000000 0.000000 0.000000 0.009900 0.002500 0.000000 0.000000 0.000000 0.000000 0.002500 0.000000 0.000100 0.002500 0.000000 0.000000 0.002500 0.007400 0.007400 0.002500 0.000000 0.000000 0.000000 0.002500 0.000000 0.007400 0.000000 0.010000 0.000000 0.000000 0.000000 0.002500 0.002500 0.000000 0.009900 0.009900 0.000000 0.007400 0.004900 0.000000 0.000000 0.000000 0.000000 0.002500 0.000000 0.000000 0.000000
RoeDeer 0.012400 0.012400 0.012400 0.009900 0.009900 0.012400 0.009900 0.009900 0.009900 0.004900 0.012400 0.009900 0.009900 0.009900 0.009900 0.012400 0.009900 0.009900 0.012400 0.009900 0.009900 0.012400 0.002500 0.002500 0.012400 0.009900 0.009900 0.009900 0.012400 0.009900 0.002500 0.009900 0.015000 0.009900 0.009900 0.009900 0.012400 0.012400 0.009900 0.000000 0.004900 0.009900 0.002500 0.004900 0.009900 0.009900 0.009900 0.009900 0.012400 0.009900 0.009900 0.009900
WhiteLippe 0.012400 0.012400 0.012400 0.009900 0.009900 0.012400 0.009900 0.009900 0.009900 0.005000 0.012400 0.009900 0.009900 0.009900 0.009900 0.012400 0.009900 0.009900 0.012400 0.009900 0.009900 0.012400 0.002500 0.002500 0.012400 0.009900 0.009900 0.009900 0.012400 0.009900 0.002500 0.009900 0.015000 0.009900 0.009900 0.009900 0.012400 0.012400 0.009900 0.004900 0.000000 0.009900 0.002500 0.005000 0.009900 0.009900 0.009900 0.009900 0.012400 0.009900 0.009900 0.009900
ThomsonGaz 0.002500 0.002500 0.002500 0.000100 0.000000 0.002500 0.000000 0.000000 0.000000 0.009900 0.002500 0.000000 0.000000 0.000000 0.000000 0.002500 0.000000 0.000000 0.002500 0.000000 0.000000 0.002500 0.007400 0.007400 0.002500 0.000000 0.000000 0.000000 0.002500 0.000000 0.007400 0.000000 0.010000 0.000000 0.000000 0.000000 0.002500 0.002500 0.000000 0.009900 0.009900 0.000000 0.007400 0.004900 0.000000 0.000000 0.000000 0.000000 0.002500 0.000000 0.000000 0.000000
MuntiacusC 0.009900 0.009900 0.009900 0.007400 0.007400 0.009900 0.007400 0.007400 0.007400 0.002500 0.009900 0.007400 0.007400 0.007400 0.007400 0.009900 0.007400 0.007400 0.009900 0.007400 0.007400 0.009900 0.000000 0.000000 0.009900 0.007400 0.007400 0.007400 0.009900 0.007400 0.000000 0.007400 0.012500 0.007400 0.007400 0.007400 0.009900 0.009900 0.007400 0.002500 0.002500 0.007400 0.000000 0.002500 0.007400 0.007400 0.007400 0.007400 0.009900 0.007400 0.007400 0.007400
WhiteTaile 0.007400 0.007400 0.007400 0.004900 0.004900 0.007400 0.004900 0.004900 0.004900 0.005000 0.007400 0.004900 0.004900 0.004900 0.004900 0.007400 0.004900 0.004900 0.007400 0.004900 0.004900 0.007400 0.002500 0.002500 0.007400 0.004900 0.004900 0.004900 0.007400 0.004900 0.002500 0.004900 0.015000 0.004900 0.004900 0.004900 0.007400 0.007400 0.004900 0.004900 0.005000 0.004900 0.002500 0.000000 0.004900 0.005000 0.004900 0.004900 0.007400 0.004900 0.004900 0.004900
Cattle 0.002500 0.002500 0.002500 0.000100 0.000000 0.002500 0.000000 0.000000 0.000000 0.009900 0.002500 0.000000 0.000000 0.000000 0.000000 0.002500 0.000000 0.000100 0.002500 0.000000 0.000000 0.002500 0.007400 0.007400 0.002500 0.000000 0.000000 0.000000 0.002500 0.000000 0.007400 0.000000 0.009900 0.000000 0.000000 0.000000 0.002500 0.002500 0.000000 0.009900 0.009900 0.000000 0.007400 0.004900 0.000000 0.000000 0.000000 0.000000 0.002500 0.000000 0.000000 0.000000
RoyalAntel 0.002500 0.002500 0.002500 0.000100 0.000000 0.002500 0.000000 0.000000 0.000000 0.009900 0.002500 0.000000 0.000000 0.000000 0.000000 0.002500 0.000000 0.000100 0.002500 0.000000 0.000000 0.002500 0.007400 0.007400 0.002500 0.000000 0.000000 0.000000 0.002500 0.000000 0.007400 0.000000 0.010000 0.000000 0.000000 0.000000 0.002500 0.002500 0.000000 0.009900 0.009900 0.000000 0.007400 0.005000 0.000000 0.000000 0.000000 0.000100 0.002500 0.000000 0.000000 0.000000
Steenbok 0.002500 0.002500 0.002500 0.000100 0.000000 0.002500 0.000000 0.000000 0.000000 0.009900 0.002500 0.000000 0.000000 0.000000 0.000000 0.002500 0.000000 0.000100 0.002500 0.000000 0.000000 0.002500 0.007400 0.007400 0.002500 0.000000 0.000000 0.000000 0.002500 0.000000 0.007400 0.000000 0.010000 0.000000 0.000000 0.000000 0.002500 0.002500 0.000000 0.009900 0.009900 0.000000 0.007400 0.004900 0.000000 0.000000 0.000000 0.000000 0.002500 0.000000 0.000000 0.000000
Impala 0.002500 0.002500 0.002500 0.000100 0.000000 0.002500 0.000000 0.000000 0.000000 0.009900 0.002500 0.000000 0.000000 0.000000 0.000000 0.002500 0.000000 0.000100 0.002500 0.000000 0.000000 0.002500 0.007400 0.007400 0.002500 0.000000 0.000000 0.000000 0.002500 0.000000 0.007400 0.000000 0.009900 0.000000 0.000000 0.000000 0.002500 0.002500 0.000000 0.009900 0.009900 0.000000 0.007400 0.004900 0.000000 0.000100 0.000000 0.000000 0.002500 0.000000 0.000000 0.000000
Klipspring 0.000000 0.004900 0.004900 0.002500 0.002500 0.000000 0.002500 0.002500 0.002500 0.012400 0.000000 0.002500 0.002500 0.002500 0.002500 0.000000 0.002500 0.002500 0.000000 0.002500 0.002500 0.000000 0.009900 0.009900 0.000000 0.002500 0.002500 0.002500 0.000000 0.002500 0.009900 0.002500 0.012400 0.002500 0.002400 0.002500 0.000000 0.004900 0.002500 0.012400 0.012400 0.002500 0.009900 0.007400 0.002500 0.002500 0.002500 0.002500 0.000000 0.002500 0.002500 0.002500
ForestMusk 0.002500 0.002500 0.002500 0.000100 0.000000 0.002500 0.000000 0.000000 0.000000 0.009900 0.002500 0.000000 0.000000 0.000000 0.000000 0.002500 0.000000 0.000000 0.002500 0.000000 0.000000 0.002500 0.007400 0.007400 0.002500 0.000000 0.000000 0.000000 0.002500 0.000000 0.007400 0.000000 0.010000 0.000000 0.000000 0.000000 0.002500 0.002500 0.000000 0.009900 0.009900 0.000000 0.007400 0.004900 0.000000 0.000000 0.000000 0.000000 0.002500 0.000000 0.000000 0.000000
Bushbuck 0.002500 0.002500 0.002500 0.000100 0.000000 0.002500 0.000000 0.000000 0.000000 0.009900 0.002500 0.000000 0.000000 0.000000 0.000000 0.002500 0.000000 0.000100 0.002500 0.000000 0.000000 0.002500 0.007400 0.007400 0.002500 0.000000 0.000000 0.000000 0.002500 0.000000 0.007400 0.000000 0.010000 0.000000 0.000000 0.000000 0.002500 0.002500 0.000000 0.009900 0.009900 0.000000 0.007400 0.004900 0.000000 0.000000 0.000000 0.000000 0.002500 0.000000 0.000000 0.000000
GreaterKud 0.002500 0.002500 0.002500 0.000100 0.000000 0.002500 0.000000 0.000000 0.000000 0.009900 0.002500 0.000000 0.000000 0.000000 0.000000 0.002500 0.000000 0.000000 0.002500 0.000000 0.000000 0.002500 0.007400 0.007400 0.002500 0.000000 0.000000 0.000000 0.002500 0.000000 0.007400 0.000000 0.009900 0.000000 0.000000 0.000000 0.002500 0.002500 0.000000 0.009900 0.009900 0.000000 0.007400 0.004900 0.000000 0.000000 0.000000 0.000000 0.002500 0.000000 0.000000 0.000000
