1
52 1
Argali 0.000000 0.164300 0.085600 0.221400 0.055800 0.000000 0.055800 0.055600 0.055000 0.103100 0.027400 0.082300 0.055600 0.027300 0.041500 0.098300 0.101800 0.085800 0.085100 0.070100 0.041400 0.027200 0.103300 0.147600 0.000000 0.041400 0.070800 0.085000 0.027800 0.041100 0.103100 0.056600 0.113600 0.055600 0.027200 0.083000 0.026900 0.041300 0.069300 0.147000 0.103300 0.027200 0.088200 0.147000 0.083000 0.041300 0.070600 0.056600 0.055700 0.055300 0.055600 0.055000
LesserMous 0.164300 0.000000 0.202400 0.238000 0.202500 0.164300 0.181500 0.201700 0.164000 0.185800 0.167300 0.229700 0.183100 0.166000 0.166800 0.215600 0.183200 0.164900 0.166500 0.182700 0.150000 0.166000 0.186300 0.233600 0.164300 0.184100 0.202200 0.200600 0.166000 0.182500 0.185800 0.186000 0.194400 0.183100 0.166000 0.232200 0.197900 0.184000 0.198000 0.233100 0.186300 0.166000 0.169600 0.232500 0.232200 0.166700 0.166900 0.205000 0.131800 0.165700 0.148700 0.164000
LesserKudu 0.085600 0.202400 0.000000 0.188300 0.086900 0.085600 0.086900 0.086600 0.055800 0.138100 0.118600 0.098600 0.086600 0.056400 0.071900 0.131200 0.136000 0.118700 0.085900 0.071100 0.071600 0.056400 0.138400 0.184500 0.085600 0.071600 0.103000 0.086600 0.056400 0.071600 0.138100 0.088100 0.147700 0.086600 0.056400 0.115000 0.116100 0.071500 0.100800 0.183900 0.138400 0.056400 0.122400 0.183700 0.115000 0.071400 0.102700 0.088200 0.086700 0.086200 0.056400 0.055800
KillerWhal 0.221400 0.238000 0.188300 0.000000 0.225400 0.221400 0.203200 0.224400 0.184500 0.246100 0.223700 0.251900 0.204600 0.186700 0.187800 0.276900 0.205200 0.185800 0.224200 0.204400 0.206100 0.186700 0.246800 0.257500 0.221400 0.206000 0.225100 0.223300 0.186700 0.204200 0.246100 0.208300 0.215700 0.204600 0.186700 0.254800 0.239300 0.205800 0.219800 0.295400 0.246800 0.186700 0.228600 0.295300 0.254800 0.205100 0.187500 0.208000 0.184700 0.223000 0.168500 0.184500
DefassaWat 0.055800 0.202500 0.086900 0.225400 0.000000 0.055800 0.056600 0.056400 0.055700 0.104700 0.086800 0.083500 0.056400 0.027600 0.042100 0.068400 0.103300 0.087000 0.086400 0.071100 0.042000 0.027600 0.104900 0.150000 0.055800 0.042000 0.071800 0.056300 0.027400 0.041600 0.104700 0.057400 0.115400 0.056400 0.027600 0.084300 0.085100 0.013700 0.070300 0.149400 0.104900 0.027600 0.089500 0.149400 0.084300 0.041900 0.071600 0.057000 0.056400 0.056100 0.056400 0.055700
Sheep 0.000000 0.164300 0.085600 0.221400 0.055800 0.000000 0.056200 0.055600 0.055000 0.103100 0.027800 0.082300 0.055600 0.027600 0.041900 0.098300 0.101800 0.085800 0.085100 0.070100 0.041400 0.027200 0.103300 0.147600 0.000000 0.042100 0.070800 0.085000 0.027200 0.041100 0.103100 0.056600 0.113600 0.055600 0.027600 0.083000 0.026900 0.041300 0.069300 0.147000 0.103300 0.027200 0.088200 0.147000 0.083000 0.041300 0.070600 0.056600 0.055700 0.055300 0.055600 0.055000
MaxwellsDu 0.055800 0.181500 0.086900 0.203200 0.056600 0.056200 0.000000 0.056400 0.055700 0.087700 0.086600 0.083300 0.041700 0.027700 0.028300 0.099600 0.086500 0.070900 0.086300 0.070700 0.042000 0.027500 0.087800 0.131500 0.055800 0.042000 0.056700 0.086200 0.027500 0.041600 0.087900 0.042500 0.098500 0.041900 0.027600 0.084100 0.085000 0.041900 0.055500 0.131100 0.087800 0.027600 0.072900 0.131000 0.084100 0.041800 0.056500 0.057400 0.041400 0.056000 0.041700 0.055700
GazellaPrz 0.055600 0.201700 0.086600 0.224400 0.056400 0.055600 0.056400 0.000000 0.055600 0.104300 0.086400 0.083300 0.041800 0.027700 0.042000 0.099500 0.102900 0.086700 0.086100 0.070900 0.041800 0.027900 0.104400 0.149500 0.055600 0.041800 0.056700 0.086000 0.027700 0.041500 0.103700 0.056900 0.115000 0.041800 0.027900 0.084100 0.084800 0.041800 0.070100 0.149000 0.104400 0.027700 0.089100 0.148900 0.084800 0.041700 0.071300 0.057200 0.056300 0.055900 0.056200 0.055600
MountainNy 0.055000 0.164000 0.055800 0.184500 0.055700 0.055000 0.055700 0.055600 0.000000 0.103000 0.085400 0.082300 0.055500 0.027500 0.041500 0.098200 0.070800 0.055700 0.085100 0.013700 0.041300 0.027200 0.103100 0.147600 0.055000 0.041300 0.071100 0.027100 0.027100 0.013600 0.103000 0.056500 0.113600 0.055500 0.027200 0.083000 0.083800 0.041300 0.069300 0.147100 0.103100 0.027000 0.088000 0.147000 0.083000 0.041200 0.070500 0.056500 0.055600 0.055300 0.027200 0.000000
MuntiacusM 0.103100 0.185800 0.138100 0.246100 0.104700 0.103100 0.087700 0.104300 0.103000 0.000000 0.104900 0.131600 0.088200 0.072900 0.073300 0.150100 0.120800 0.103800 0.088600 0.120300 0.058000 0.072900 0.029200 0.071800 0.103100 0.088800 0.105000 0.137000 0.072900 0.088000 0.000000 0.090000 0.132200 0.088200 0.072900 0.133100 0.134800 0.088500 0.102500 0.071700 0.028900 0.072900 0.014500 0.071600 0.133100 0.088400 0.073200 0.106300 0.072200 0.072600 0.088200 0.103000
goat 0.027400 0.167300 0.118600 0.223700 0.086800 0.027800 0.086600 0.086400 0.085400 0.104900 0.000000 0.113700 0.086400 0.056300 0.071700 0.131000 0.135800 0.118600 0.086400 0.101700 0.042100 0.056300 0.105100 0.149900 0.027400 0.071500 0.102800 0.117600 0.056300 0.070800 0.104900 0.088000 0.147400 0.086400 0.056300 0.114900 0.055500 0.071300 0.100600 0.149600 0.105100 0.056300 0.089700 0.149400 0.114900 0.071200 0.071700 0.088000 0.086600 0.056200 0.086400 0.085400
AfricanBuf 0.082300 0.229700 0.098600 0.251900 0.083500 0.082300 0.083300 0.083300 0.082300 0.131600 0.113700 0.000000 0.083100 0.054200 0.068900 0.096400 0.129800 0.113600 0.098200 0.097700 0.068800 0.054200 0.131800 0.177000 0.082300 0.068700 0.098500 0.112900 0.054200 0.068200 0.131600 0.084200 0.141900 0.083100 0.054200 0.026300 0.111500 0.068700 0.040100 0.176800 0.131800 0.054200 0.116400 0.176300 0.027200 0.068700 0.098500 0.084600 0.083300 0.082900 0.083100 0.082300
Topi 0.055600 0.183100 0.086600 0.204600 0.056400 0.055600 0.041700 0.041800 0.055500 0.088200 0.086400 0.083100 0.000000 0.027500 0.013700 0.099200 0.086900 0.071200 0.086000 0.070800 0.041800 0.027500 0.088300 0.132400 0.055600 0.041800 0.013700 0.085900 0.027900 0.041500 0.088200 0.028000 0.099100 0.000000 0.027500 0.083900 0.084700 0.041700 0.041200 0.132100 0.088300 0.027500 0.073300 0.131900 0.083900 0.041700 0.041900 0.057200 0.041700 0.055900 0.027500 0.055500
CommonDuik 0.027300 0.166000 0.056400 0.186700 0.027600 0.027600 0.027700 0.027700 0.027500 0.072900 0.056300 0.054200 0.027500 0.000000 0.014000 0.069300 0.071700 0.056400 0.056100 0.041600 0.014000 0.000000 0.073000 0.116500 0.027200 0.013700 0.042000 0.056000 0.000000 0.013800 0.072900 0.027900 0.084100 0.027400 0.000000 0.054800 0.055200 0.013600 0.041200 0.116200 0.073000 0.000000 0.058200 0.116100 0.054800 0.013600 0.041900 0.028000 0.028000 0.027300 0.027500 0.027200
Suni 0.041500 0.166800 0.071900 0.187800 0.042100 0.041900 0.028300 0.042000 0.041500 0.073300 0.071700 0.068900 0.013700 0.014000 0.000000 0.084600 0.072500 0.056800 0.071400 0.056500 0.027800 0.013700 0.073300 0.117100 0.041500 0.027800 0.028200 0.071300 0.013700 0.027600 0.073300 0.014000 0.084500 0.013700 0.014000 0.069600 0.070300 0.028000 0.027300 0.116800 0.073400 0.014000 0.058500 0.116700 0.069600 0.028000 0.028600 0.042800 0.027700 0.041800 0.013900 0.041900
Springbuck 0.098300 0.215600 0.131200 0.276900 0.068400 0.098300 0.099600 0.099500 0.098200 0.150100 0.131000 0.096400 0.099200 0.069300 0.084600 0.000000 0.148400 0.131300 0.130600 0.114500 0.085000 0.069300 0.150400 0.196800 0.098300 0.084300 0.115400 0.130300 0.069300 0.083800 0.150100 0.100700 0.160200 0.099200 0.069300 0.097200 0.128600 0.054000 0.083300 0.196100 0.150400 0.069300 0.134500 0.195900 0.097200 0.084200 0.115200 0.100400 0.069800 0.098800 0.099200 0.098200
Okapi 0.101800 0.183200 0.136000 0.205200 0.103300 0.101800 0.086500 0.102900 0.070800 0.120800 0.135800 0.129800 0.086900 0.071700 0.072500 0.148400 0.000000 0.014100 0.102800 0.086800 0.087400 0.071700 0.120900 0.165900 0.101800 0.057100 0.103400 0.102500 0.071700 0.056500 0.120800 0.088600 0.099400 0.086900 0.071700 0.131200 0.133200 0.087300 0.101000 0.165000 0.120900 0.071700 0.105400 0.165100 0.131200 0.087100 0.103000 0.104700 0.071000 0.102200 0.086900 0.070800
Giraffe 0.085800 0.164900 0.118700 0.185800 0.087000 0.085800 0.070900 0.086700 0.055700 0.103800 0.118600 0.113600 0.071200 0.056400 0.056800 0.131300 0.014100 0.000000 0.086600 0.071600 0.071600 0.056400 0.103900 0.148200 0.085800 0.042800 0.087100 0.086300 0.056400 0.041700 0.103800 0.072500 0.083800 0.071700 0.056400 0.114700 0.116300 0.071500 0.085200 0.147500 0.103900 0.056400 0.088700 0.147600 0.114700 0.071400 0.088200 0.088200 0.055900 0.086100 0.071200 0.055700
TibetanAnt 0.085100 0.166500 0.085900 0.224200 0.086400 0.085100 0.086300 0.086100 0.085100 0.088600 0.086400 0.098200 0.086000 0.056100 0.071400 0.130600 0.102800 0.086600 0.000000 0.101300 0.042200 0.056100 0.087900 0.133200 0.085100 0.071100 0.102300 0.117100 0.056100 0.070600 0.088300 0.087500 0.114900 0.086000 0.056100 0.114500 0.115500 0.071000 0.100200 0.132900 0.088800 0.056100 0.089100 0.132700 0.114500 0.071000 0.071400 0.088200 0.086200 0.056000 0.086000 0.085100
Sitatunga 0.070100 0.182700 0.071100 0.204400 0.071100 0.070100 0.070700 0.070900 0.013700 0.120300 0.101700 0.097700 0.070800 0.041600 0.056500 0.114500 0.086800 0.071600 0.101300 0.000000 0.056200 0.042200 0.088200 0.165700 0.070100 0.056200 0.086600 0.041400 0.041600 0.027300 0.120300 0.072100 0.130400 0.070800 0.041600 0.098700 0.099800 0.056200 0.084800 0.165000 0.088200 0.041600 0.105000 0.165000 0.098700 0.056100 0.086300 0.072100 0.070900 0.070500 0.041600 0.013700
Oribi 0.041400 0.150000 0.071600 0.206100 0.042000 0.041400 0.042000 0.041800 0.041300 0.058000 0.042100 0.068800 0.041800 0.014000 0.027800 0.085000 0.087400 0.071600 0.042200 0.056200 0.000000 0.014000 0.058100 0.101400 0.041400 0.027700 0.056800 0.071100 0.013900 0.027500 0.058000 0.043000 0.099600 0.041800 0.013700 0.069500 0.070900 0.027600 0.055700 0.101200 0.058100 0.013700 0.043400 0.101100 0.069500 0.027600 0.028300 0.042600 0.041900 0.013900 0.041800 0.041300
BarbaryShe 0.027200 0.166000 0.056400 0.186700 0.027600 0.027200 0.027500 0.027900 0.027200 0.072900 0.056300 0.054200 0.027500 0.000000 0.013700 0.069300 0.071700 0.056400 0.056100 0.042200 0.014000 0.000000 0.073000 0.116500 0.027600 0.013700 0.042600 0.056000 0.000000 0.013500 0.072900 0.028000 0.084100 0.027500 0.000000 0.054800 0.055200 0.013600 0.041800 0.116200 0.073000 0.000000 0.058200 0.116100 0.054800 0.013800 0.042300 0.028000 0.027500 0.027900 0.027800 0.027200
Daviddeer 0.103300 0.186300 0.138400 0.246800 0.104900 0.103300 0.087800 0.104400 0.103100 0.029200 0.105100 0.131800 0.088300 0.073000 0.073300 0.150400 0.120900 0.103900 0.087900 0.088200 0.058100 0.073000 0.000000 0.071900 0.103300 0.088900 0.105100 0.137200 0.073000 0.088100 0.028900 0.090100 0.132400 0.088300 0.073000 0.133400 0.135000 0.088700 0.102700 0.072400 0.000000 0.073000 0.044300 0.071700 0.133400 0.088500 0.073300 0.106300 0.072300 0.072700 0.088300 0.103100
Reindeer 0.147600 0.233600 0.184500 0.257500 0.150000 0.147600 0.131500 0.149500 0.147600 0.071800 0.149900 0.177000 0.132400 0.116500 0.117100 0.196800 0.165900 0.148200 0.133200 0.165700 0.101400 0.116500 0.071900 0.000000 0.147600 0.133100 0.149900 0.183100 0.116500 0.132100 0.071800 0.134500 0.144600 0.132400 0.116500 0.178700 0.180500 0.133000 0.146900 0.054300 0.071900 0.116500 0.087800 0.026600 0.178700 0.132900 0.117100 0.152000 0.115500 0.085500 0.132400 0.147600
Ibex 0.000000 0.164300 0.085600 0.221400 0.055800 0.000000 0.055800 0.055600 0.055000 0.103100 0.027400 0.082300 0.055600 0.027200 0.041500 0.098300 0.101800 0.085800 0.085100 0.070100 0.041400 0.027600 0.103300 0.147600 0.000000 0.042300 0.070800 0.085000 0.027200 0.041100 0.103100 0.056600 0.113600 0.055600 0.027700 0.083000 0.027200 0.041600 0.069300 0.147000 0.103300 0.027600 0.088200 0.147000 0.083000 0.041600 0.070600 0.056600 0.055700 0.055300 0.055600 0.055000
GyrantGaze 0.041400 0.184100 0.071600 0.206000 0.042000 0.042100 0.042000 0.041800 0.041300 0.088800 0.071500 0.068700 0.041800 0.013700 0.027800 0.084300 0.057100 0.042800 0.071100 0.056200 0.027700 0.013700 0.088900 0.133100 0.042300 0.000000 0.056800 0.071000 0.013700 0.027500 0.088800 0.042600 0.099600 0.041800 0.013700 0.069400 0.070100 0.028000 0.055600 0.132700 0.088900 0.013700 0.073800 0.132600 0.069400 0.028000 0.056600 0.042600 0.042700 0.041600 0.041800 0.041300
Hartebeest 0.070800 0.202200 0.103000 0.225100 0.071800 0.070800 0.056700 0.056700 0.071100 0.105000 0.102800 0.098500 0.013700 0.042000 0.028200 0.115400 0.103400 0.087100 0.102300 0.086600 0.056800 0.042600 0.105100 0.149900 0.070800 0.056800 0.000000 0.102200 0.042000 0.056300 0.105000 0.042800 0.115300 0.013700 0.042000 0.099600 0.100700 0.056700 0.055800 0.149300 0.105100 0.042000 0.089800 0.149200 0.099600 0.056600 0.056900 0.072800 0.056600 0.071200 0.042000 0.070700
Bongo 0.085000 0.200600 0.086600 0.223300 0.056300 0.085000 0.086200 0.086000 0.027100 0.137000 0.117600 0.112900 0.085900 0.056000 0.071300 0.130300 0.102500 0.086300 0.117100 0.041400 0.071100 0.056000 0.137200 0.183100 0.085000 0.071000 0.102200 0.000000 0.056000 0.041300 0.137000 0.087500 0.146600 0.085900 0.056000 0.114000 0.115300 0.071600 0.100000 0.182200 0.137200 0.056000 0.121400 0.182200 0.114000 0.070800 0.101900 0.087500 0.086000 0.085500 0.056000 0.027100
Gerenuk 0.027800 0.166000 0.056400 0.186700 0.027400 0.027200 0.027500 0.027700 0.027100 0.072900 0.056300 0.054200 0.027900 0.000000 0.013700 0.069300 0.071700 0.056400 0.056100 0.041600 0.013900 0.000000 0.073000 0.116500 0.027200 0.013700 0.042000 0.056000 0.000000 0.013700 0.072900 0.028000 0.084100 0.027500 0.000000 0.055800 0.055200 0.013600 0.041200 0.116200 0.073000 0.000000 0.058200 0.116100 0.054800 0.013600 0.041900 0.028000 0.027500 0.027400 0.027500 0.027700
CommonElan 0.041100 0.182500 0.071600 0.204200 0.041600 0.041100 0.041600 0.041500 0.013600 0.088000 0.070800 0.068200 0.041500 0.013800 0.027600 0.083800 0.056500 0.041700 0.070600 0.027300 0.027500 0.013500 0.088100 0.132100 0.041100 0.027500 0.056300 0.041300 0.013700 0.000000 0.088000 0.042200 0.098900 0.041500 0.013500 0.068800 0.069500 0.027400 0.055200 0.131600 0.088200 0.013500 0.073200 0.131600 0.068800 0.027400 0.056200 0.042200 0.041900 0.041300 0.041800 0.013600
MuntiacusR 0.103100 0.185800 0.138100 0.246100 0.104700 0.103100 0.087900 0.103700 0.103000 0.000000 0.104900 0.131600 0.088200 0.072900 0.073300 0.150100 0.120800 0.103800 0.088300 0.120300 0.058000 0.072900 0.028900 0.071800 0.103100 0.088800 0.105000 0.137000 0.072900 0.088000 0.000000 0.090000 0.132200 0.088200 0.072900 0.133100 0.134800 0.088500 0.102500 0.071700 0.029100 0.072900 0.014500 0.072400 0.133100 0.088200 0.073200 0.106300 0.072200 0.072600 0.088200 0.103000
HarveysDui 0.056600 0.186000 0.088100 0.208300 0.057400 0.056600 0.042500 0.056900 0.056500 0.090000 0.088000 0.084200 0.028000 0.027900 0.014000 0.100700 0.088600 0.072500 0.087500 0.072100 0.043000 0.028000 0.090100 0.134500 0.056600 0.042600 0.042800 0.087500 0.028000 0.042200 0.090000 0.000000 0.100700 0.028000 0.028200 0.085100 0.086200 0.042500 0.041800 0.134000 0.090100 0.028000 0.074900 0.134000 0.085100 0.042400 0.042600 0.058200 0.042400 0.056900 0.028000 0.056500
Pronghorn 0.113600 0.194400 0.147700 0.215700 0.115400 0.113600 0.098500 0.115000 0.113600 0.132200 0.147400 0.141900 0.099100 0.084100 0.084500 0.160200 0.099400 0.083800 0.114900 0.130400 0.099600 0.084100 0.132400 0.144600 0.113600 0.099600 0.115300 0.146600 0.084100 0.098900 0.132200 0.100700 0.000000 0.099100 0.084100 0.143100 0.144700 0.099600 0.113100 0.144200 0.132400 0.084100 0.117100 0.144000 0.143100 0.100000 0.115100 0.116900 0.083400 0.084000 0.099100 0.113600
BlueWildeb 0.055600 0.183100 0.086600 0.204600 0.056400 0.055600 0.041900 0.041800 0.055500 0.088200 0.086400 0.083100 0.000000 0.027400 0.013700 0.099200 0.086900 0.071700 0.086000 0.070800 0.041800 0.027500 0.088300 0.132400 0.055600 0.041800 0.013700 0.085900 0.027500 0.041500 0.088200 0.028000 0.099100 0.000000 0.027500 0.083900 0.084700 0.041900 0.041200 0.132100 0.088800 0.027900 0.073300 0.131900 0.083900 0.041700 0.041900 0.057200 0.041700 0.055900 0.027900 0.055500
Gemsbok 0.027200 0.166000 0.056400 0.186700 0.027600 0.027600 0.027600 0.027900 0.027200 0.072900 0.056300 0.054200 0.027500 0.000000 0.014000 0.069300 0.071700 0.056400 0.056100 0.041600 0.013700 0.000000 0.073000 0.116500 0.027700 0.013700 0.042000 0.056000 0.000000 0.013500 0.072900 0.028200 0.084100 0.027500 0.000000 0.054800 0.055200 0.013800 0.041200 0.116200 0.073000 0.000000 0.058200 0.116100 0.054800 0.013800 0.041900 0.028000 0.028100 0.027400 0.027500 0.027200
Yak 0.083000 0.232200 0.115000 0.254800 0.084300 0.083000 0.084100 0.084100 0.083000 0.133100 0.114900 0.026300 0.083900 0.054800 0.069600 0.097200 0.131200 0.114700 0.114500 0.098700 0.069500 0.054800 0.133400 0.178700 0.083000 0.069400 0.099600 0.114000 0.055800 0.068800 0.133100 0.085100 0.143100 0.083900 0.054800 0.000000 0.112500 0.069400 0.040400 0.178500 0.133400 0.054800 0.117800 0.178000 0.000000 0.069300 0.099500 0.085400 0.084100 0.083700 0.083900 0.083000
BlueSheep 0.026900 0.197900 0.116100 0.239300 0.085100 0.026900 0.085000 0.084800 0.083800 0.134800 0.055500 0.111500 0.084700 0.055200 0.070300 0.128600 0.133200 0.116300 0.115500 0.099800 0.070900 0.055200 0.135000 0.180500 0.027200 0.070100 0.100700 0.115300 0.055200 0.069500 0.134800 0.086200 0.144700 0.084700 0.055200 0.112500 0.000000 0.070000 0.098600 0.179700 0.135000 0.055200 0.119400 0.179700 0.112500 0.069900 0.085500 0.085600 0.084800 0.084300 0.084700 0.083800
BohorReedb 0.041300 0.184000 0.071500 0.205800 0.013700 0.041300 0.041900 0.041800 0.041300 0.088500 0.071300 0.068700 0.041700 0.013600 0.028000 0.054000 0.087300 0.071500 0.071000 0.056200 0.027600 0.013600 0.088700 0.133000 0.041600 0.028000 0.056700 0.071600 0.013600 0.027400 0.088500 0.042500 0.099600 0.041900 0.013800 0.069400 0.070000 0.000000 0.055600 0.132600 0.088700 0.013800 0.073600 0.132600 0.069400 0.027600 0.056500 0.042500 0.041800 0.041600 0.041700 0.041300
KirksDik 0.069300 0.198000 0.100800 0.219800 0.070300 0.069300 0.055500 0.070100 0.069300 0.102500 0.100600 0.040100 0.041200 0.041200 0.027300 0.083300 0.101000 0.085200 0.100200 0.084800 0.055700 0.041800 0.102700 0.146900 0.069300 0.055600 0.055800 0.100000 0.041200 0.055200 0.102500 0.041800 0.113100 0.041200 0.041200 0.040400 0.098600 0.055600 0.000000 0.146600 0.102700 0.041200 0.088800 0.146400 0.040400 0.055500 0.055700 0.071300 0.055500 0.069800 0.041200 0.069300
RoeDeer 0.147000 0.233100 0.183900 0.295400 0.149400 0.147000 0.131100 0.149000 0.147100 0.071700 0.149600 0.176800 0.132100 0.116200 0.116800 0.196100 0.165000 0.147500 0.132900 0.165000 0.101200 0.116200 0.072400 0.054300 0.147000 0.132700 0.149300 0.182200 0.116200 0.131600 0.071700 0.134000 0.144200 0.132100 0.116200 0.178500 0.179700 0.132600 0.146600 0.000000 0.071800 0.116200 0.087600 0.054100 0.178500 0.132500 0.116900 0.135700 0.115300 0.085400 0.132100 0.147100
WhiteLippe 0.103300 0.186300 0.138400 0.246800 0.104900 0.103300 0.087800 0.104400 0.103100 0.028900 0.105100 0.131800 0.088300 0.073000 0.073400 0.150400 0.120900 0.103900 0.088800 0.088200 0.058100 0.073000 0.000000 0.071900 0.103300 0.088900 0.105100 0.137200 0.073000 0.088200 0.029100 0.090100 0.132400 0.088800 0.073000 0.133400 0.135000 0.088700 0.102700 0.071800 0.000000 0.072800 0.044300 0.071700 0.133400 0.088500 0.073300 0.106500 0.072300 0.072700 0.088300 0.103100
ThomsonGaz 0.027200 0.166000 0.056400 0.186700 0.027600 0.027200 0.027600 0.027700 0.027000 0.072900 0.056300 0.054200 0.027500 0.000000 0.014000 0.069300 0.071700 0.056400 0.056100 0.041600 0.013700 0.000000 0.073000 0.116500 0.027600 0.013700 0.042000 0.056000 0.000000 0.013500 0.072900 0.028000 0.084100 0.027900 0.000000 0.054800 0.055200 0.013800 0.041200 0.116200 0.072800 0.000000 0.058200 0.116400 0.054800 0.013600 0.042300 0.028000 0.028200 0.027400 0.027500 0.027200
MuntiacusC 0.088200 0.169600 0.122400 0.228600 0.089500 0.088200 0.072900 0.089100 0.088000 0.014500 0.089700 0.116400 0.073300 0.058200 0.058500 0.134500 0.105400 0.088700 0.089100 0.105000 0.043400 0.058200 0.044300 0.087800 0.088200 0.073800 0.089800 0.121400 0.058200 0.073200 0.014500 0.074900 0.117100 0.073300 0.058200 0.117800 0.119400 0.073600 0.088800 0.087600 0.044300 0.058200 0.000000 0.087500 0.117800 0.073500 0.058400 0.090900 0.057600 0.057900 0.073300 0.088000
WhiteTaile 0.147000 0.232500 0.183700 0.295300 0.149400 0.147000 0.131000 0.148900 0.147000 0.071600 0.149400 0.176300 0.131900 0.116100 0.116700 0.195900 0.165100 0.147600 0.132700 0.165000 0.101100 0.116100 0.071700 0.026600 0.147000 0.132600 0.149200 0.182200 0.116100 0.131600 0.072400 0.134000 0.144000 0.131900 0.116100 0.178000 0.179700 0.132600 0.146400 0.054100 0.071700 0.116400 0.087500 0.000000 0.178000 0.132400 0.116700 0.151400 0.115100 0.085600 0.131900 0.147000
Cattle 0.083000 0.232200 0.115000 0.254800 0.084300 0.083000 0.084100 0.084800 0.083000 0.133100 0.114900 0.027200 0.083900 0.054800 0.069600 0.097200 0.131200 0.114700 0.114500 0.098700 0.069500 0.054800 0.133400 0.178700 0.083000 0.069400 0.099600 0.114000 0.054800 0.068800 0.133100 0.085100 0.143100 0.083900 0.054800 0.000000 0.112500 0.069400 0.040400 0.178500 0.133400 0.054800 0.117800 0.178000 0.000000 0.069300 0.099500 0.085400 0.084100 0.083700 0.083900 0.083000
RoyalAntel 0.041300 0.166700 0.071400 0.205100 0.041900 0.041300 0.041800 0.041700 0.041200 0.088400 0.071200 0.068700 0.041700 0.013600 0.028000 0.084200 0.087100 0.071400 0.071000 0.056100 0.027600 0.013800 0.088500 0.132900 0.041600 0.028000 0.056600 0.070800 0.013600 0.027400 0.088200 0.042400 0.100000 0.041700 0.013800 0.069300 0.069900 0.027600 0.055500 0.132500 0.088500 0.013600 0.073500 0.132400 0.069300 0.000000 0.056500 0.042500 0.041800 0.041500 0.041700 0.041200
Steenbok 0.070600 0.166900 0.102700 0.187500 0.071600 0.070600 0.056500 0.071300 0.070500 0.073200 0.071700 0.098500 0.041900 0.041900 0.028600 0.115200 0.103000 0.088200 0.071400 0.086300 0.028300 0.042300 0.073300 0.117100 0.070600 0.056600 0.056900 0.101900 0.041900 0.056200 0.073200 0.042600 0.115100 0.041900 0.041900 0.099500 0.085500 0.056500 0.055700 0.116900 0.073300 0.042300 0.058400 0.116700 0.099500 0.056500 0.000000 0.072600 0.056400 0.041800 0.041900 0.070500
Impala 0.056600 0.205000 0.088200 0.208000 0.057000 0.056600 0.057400 0.057200 0.056500 0.106300 0.088000 0.084600 0.057200 0.028000 0.042800 0.100400 0.104700 0.088200 0.088200 0.072100 0.042600 0.028000 0.106300 0.152000 0.056600 0.042600 0.072800 0.087500 0.028000 0.042200 0.106300 0.058200 0.116900 0.057200 0.028000 0.085400 0.085600 0.042500 0.071300 0.135700 0.106500 0.028000 0.090900 0.151400 0.085400 0.042500 0.072600 0.000000 0.057100 0.057100 0.057200 0.056600
Klipspring 0.055700 0.131800 0.086700 0.184700 0.056400 0.055700 0.041400 0.056300 0.055600 0.072200 0.086600 0.083300 0.041700 0.028000 0.027700 0.069800 0.071000 0.055900 0.086200 0.070900 0.041900 0.027500 0.072300 0.115500 0.055700 0.042700 0.056600 0.086000 0.027500 0.041900 0.072200 0.042400 0.083400 0.041700 0.028100 0.084100 0.084800 0.041800 0.055500 0.115300 0.072300 0.028200 0.057600 0.115100 0.084100 0.041800 0.056400 0.057100 0.000000 0.056000 0.042200 0.055600
ForestMusk 0.055300 0.165700 0.086200 0.223000 0.056100 0.055300 0.056000 0.055900 0.055300 0.072600 0.056200 0.082900 0.055900 0.027300 0.041800 0.098800 0.102200 0.086100 0.056000 0.070500 0.013900 0.027900 0.072700 0.085500 0.055300 0.041600 0.071200 0.085500 0.027400 0.041300 0.072600 0.056900 0.084000 0.055900 0.027400 0.083700 0.084300 0.041600 0.069800 0.085400 0.072700 0.027400 0.057900 0.085600 0.083700 0.041500 0.041800 0.057100 0.056000 0.000000 0.055900 0.055300
Bushbuck 0.055600 0.148700 0.056400 0.168500 0.056400 0.055600 0.041700 0.056200 0.027200 0.088200 0.086400 0.083100 0.027500 0.027500 0.013900 0.099200 0.086900 0.071200 0.086000 0.041600 0.041800 0.027800 0.088300 0.132400 0.055600 0.041800 0.042000 0.056000 0.027500 0.041800 0.088200 0.028000 0.099100 0.027900 0.027500 0.083900 0.084700 0.041700 0.041200 0.132100 0.088300 0.027500 0.073300 0.131900 0.083900 0.041700 0.041900 0.057200 0.042200 0.055900 0.000000 0.027600
GreaterKud 0.055000 0.164000 0.055800 0.184500 0.055700 0.055000 0.055700 0.055600 0.000000 0.103000 0.085400 0.082300 0.055500 0.027200 0.041900 0.098200 0.070800 0.055700 0.085100 0.013700 0.041300 0.027200 0.103100 0.147600 0.055000 0.041300 0.070700 0.027100 0.027700 0.013600 0.103000 0.056500 0.113600 0.055500 0.027200 0.083000 0.083800 0.041300 0.069300 0.147100 0.103100 0.027200 0.088000 0.147000 0.083000 0.041200 0.070500 0.056600 0.055600 0.055300 0.027600 0.000000
