1
52 1
Argali 0.000000 0.000300 0.000100 0.000200 0.002500 0.000000 0.000100 0.000100 0.000100 0.000100 0.000000 0.000100 0.002500 0.000100 0.000100 0.000100 0.000100 0.000100 0.002500 0.000100 0.000100 0.000000 0.002500 0.000100 0.000000 0.000100 0.002500 0.000100 0.000100 0.002500 0.000100 0.000100 0.005000 0.002500 0.002500 0.000100 0.010000 0.000100 0.000100 0.002500 0.002500 0.002500 0.000100 0.000100 0.000100 0.000100 0.002600 0.002500 0.002500 0.000100 0.000100 0.000100
LesserMous 0.000300 0.000000 0.000300 0.000200 0.002500 0.000300 0.000200 0.000300 0.000300 0.000300 0.000300 0.000300 0.002500 0.000200 0.000300 0.000200 0.000200 0.000200 0.002500 0.000300 0.000200 0.000300 0.002500 0.000300 0.000300 0.000300 0.002500 0.000300 0.000300 0.002500 0.000200 0.000300 0.005000 0.002500 0.002500 0.000300 0.010000 0.000200 0.000300 0.002500 0.002500 0.002500 0.000300 0.000300 0.000300 0.000300 0.002500 0.002500 0.002500 0.000300 0.000300 0.000300
LesserKudu 0.000100 0.000300 0.000000 0.000200 0.002500 0.000100 0.000100 0.000100 0.000000 0.000100 0.000100 0.000100 0.002500 0.000100 0.000100 0.000100 0.000100 0.000100 0.002500 0.000000 0.000100 0.000100 0.002500 0.000100 0.000100 0.000100 0.002500 0.000000 0.000100 0.002500 0.000100 0.000100 0.005000 0.002500 0.002500 0.000100 0.010000 0.000100 0.000100 0.002500 0.002500 0.002500 0.000100 0.000100 0.000100 0.000100 0.002500 0.002500 0.002500 0.000100 0.000000 0.000000
KillerWhal 0.000200 0.000200 0.000200 0.000000 0.002500 0.000200 0.000200 0.000200 0.000200 0.000200 0.000300 0.000200 0.002500 0.000200 0.000200 0.000200 0.000100 0.000200 0.002500 0.000200 0.000200 0.000200 0.002500 0.000200 0.000200 0.000200 0.002500 0.000200 0.000200 0.002500 0.000200 0.000200 0.005000 0.002500 0.002500 0.000200 0.010000 0.000200 0.000200 0.002500 0.002500 0.002500 0.000200 0.000200 0.000200 0.000200 0.002500 0.002500 0.002500 0.000200 0.000200 0.000200
DefassaWat 0.002500 0.002500 0.002500 0.002500 0.000000 0.002500 0.002500 0.002500 0.002500 0.002500 0.002500 0.002500 0.005000 0.002500 0.002500 0.002500 0.002500 0.002500 0.005000 0.002500 0.002500 0.002500 0.005000 0.002500 0.002500 0.002500 0.005000 0.002500 0.002500 0.005000 0.002500 0.002500 0.007500 0.005000 0.005000 0.002500 0.007500 0.002500 0.002500 0.000100 0.005000 0.005000 0.002500 0.002500 0.002500 0.002500 0.005000 0.005000 0.005000 0.002500 0.002500 0.002500
Sheep 0.000000 0.000300 0.000100 0.000200 0.002500 0.000000 0.000100 0.000100 0.000100 0.000100 0.000000 0.000100 0.002500 0.000100 0.000100 0.000100 0.000100 0.000100 0.002500 0.000100 0.000100 0.000000 0.002500 0.000100 0.000000 0.000100 0.002500 0.000100 0.000100 0.002500 0.000100 0.000100 0.005000 0.002500 0.002500 0.000100 0.010000 0.000100 0.000100 0.002500 0.002500 0.002500 0.000100 0.000100 0.000100 0.000100 0.002600 0.002500 0.002500 0.000100 0.000100 0.000100
MaxwellsDu 0.000100 0.000200 0.000100 0.000200 0.002500 0.000100 0.000000 0.000000 0.000100 0.000100 0.000100 0.000100 0.002500 0.000000 0.000100 0.000000 0.000100 0.000100 0.002500 0.000100 0.000000 0.000100 0.002500 0.000100 0.000100 0.000100 0.002500 0.000100 0.000000 0.002500 0.000100 0.000000 0.005000 0.002500 0.002500 0.000100 0.010000 0.000000 0.000100 0.002500 0.002500 0.002500 0.000100 0.000100 0.000100 0.000000 0.002500 0.002500 0.002500 0.000100 0.000100 0.000100
GazellaPrz 0.000100 0.000300 0.000100 0.000200 0.002500 0.000100 0.000000 0.000000 0.000100 0.000100 0.000100 0.000100 0.002500 0.000000 0.000100 0.000100 0.000100 0.000100 0.002500 0.000100 0.000100 0.000100 0.002500 0.000100 0.000100 0.000100 0.002500 0.000100 0.000000 0.002500 0.000100 0.000000 0.005000 0.002500 0.002500 0.000100 0.010000 0.000000 0.000100 0.002500 0.002500 0.002500 0.000100 0.000100 0.000100 0.000100 0.002500 0.002500 0.002500 0.000100 0.000100 0.000100
MountainNy 0.000100 0.000300 0.000000 0.000200 0.002500 0.000100 0.000100 0.000100 0.000000 0.000100 0.000100 0.000100 0.002500 0.000100 0.000100 0.000100 0.000100 0.000100 0.002500 0.000000 0.000100 0.000100 0.002500 0.000100 0.000100 0.000100 0.002500 0.000000 0.000100 0.002500 0.000100 0.000100 0.005000 0.002500 0.002500 0.000100 0.010000 0.000100 0.000100 0.002500 0.002500 0.002500 0.000100 0.000100 0.000100 0.000100 0.002500 0.002500 0.002500 0.000100 0.000000 0.000000
MuntiacusM 0.000100 0.000300 0.000100 0.000200 0.002500 0.000100 0.000100 0.000100 0.000100 0.000000 0.000200 0.000100 0.002500 0.000100 0.000100 0.000100 0.000100 0.000100 0.002500 0.000100 0.000100 0.000100 0.002500 0.000100 0.000100 0.000100 0.002500 0.000100 0.000100 0.002500 0.000000 0.000100 0.005000 0.002500 0.002500 0.000100 0.010000 0.000100 0.000100 0.002500 0.002500 0.002500 0.000000 0.000100 0.000100 0.000100 0.002500 0.002500 0.002500 0.000100 0.000100 0.000100
goat 0.000000 0.000300 0.000100 0.000300 0.002500 0.000000 0.000100 0.000100 0.000100 0.000200 0.000000 0.000100 0.002500 0.000100 0.000100 0.000100 0.000200 0.000200 0.002500 0.000100 0.000100 0.000100 0.002500 0.000200 0.000000 0.000100 0.002500 0.000100 0.000100 0.002500 0.000100 0.000100 0.005000 0.002500 0.002500 0.000200 0.010000 0.000100 0.000200 0.002500 0.002500 0.002500 0.000200 0.000200 0.000200 0.000100 0.002500 0.002500 0.002500 0.000100 0.000100 0.000100
AfricanBuf 0.000100 0.000300 0.000100 0.000200 0.002500 0.000100 0.000100 0.000100 0.000100 0.000100 0.000100 0.000000 0.002500 0.000100 0.000100 0.000100 0.000100 0.000100 0.002500 0.000100 0.000100 0.000100 0.002500 0.000100 0.000100 0.000100 0.002500 0.000100 0.000100 0.002500 0.000100 0.000100 0.005000 0.002500 0.002500 0.000000 0.010000 0.000100 0.000100 0.002500 0.002500 0.002500 0.000100 0.000100 0.000000 0.000100 0.002500 0.002500 0.002500 0.000100 0.000100 0.000100
Topi 0.002500 0.002500 0.002500 0.002500 0.005000 0.002500 0.002500 0.002500 0.002500 0.002500 0.002500 0.002500 0.000000 0.002500 0.002500 0.002500 0.002500 0.002500 0.005000 0.002500 0.002500 0.002500 0.005000 0.002500 0.002500 0.002500 0.000000 0.002500 0.002500 0.005000 0.002500 0.002500 0.007500 0.000000 0.000000 0.002500 0.012600 0.002500 0.002500 0.005000 0.005000 0.005000 0.002500 0.002500 0.002500 0.002500 0.005000 0.005000 0.005000 0.002500 0.002500 0.002500
CommonDuik 0.000100 0.000200 0.000100 0.000200 0.002500 0.000100 0.000000 0.000000 0.000100 0.000100 0.000100 0.000100 0.002500 0.000000 0.000000 0.000000 0.000100 0.000100 0.002500 0.000100 0.000000 0.000100 0.002500 0.000100 0.000100 0.000000 0.002500 0.000100 0.000000 0.002500 0.000100 0.000000 0.005000 0.002500 0.002500 0.000100 0.010000 0.000000 0.000000 0.002500 0.002500 0.002500 0.000100 0.000100 0.000100 0.000000 0.002500 0.002500 0.002500 0.000000 0.000100 0.000100
Suni 0.000100 0.000300 0.000100 0.000200 0.002500 0.000100 0.000100 0.000100 0.000100 0.000100 0.000100 0.000100 0.002500 0.000000 0.000000 0.000100 0.000100 0.000100 0.002500 0.000100 0.000100 0.000100 0.002500 0.000100 0.000100 0.000100 0.002500 0.000100 0.000100 0.002500 0.000100 0.000100 0.005000 0.002500 0.002500 0.000100 0.010000 0.000000 0.000100 0.002500 0.002500 0.002500 0.000100 0.000100 0.000100 0.000100 0.002500 0.002500 0.002500 0.000100 0.000100 0.000100
Springbuck 0.000100 0.000200 0.000100 0.000200 0.002500 0.000100 0.000000 0.000100 0.000100 0.000100 0.000100 0.000100 0.002500 0.000000 0.000100 0.000000 0.000100 0.000100 0.002500 0.000100 0.000000 0.000100 0.002500 0.000100 0.000100 0.000000 0.002500 0.000100 0.000000 0.002500 0.000100 0.000000 0.005000 0.002500 0.002500 0.000100 0.010000 0.000000 0.000000 0.002500 0.002500 0.002500 0.000100 0.000100 0.000100 0.000100 0.002500 0.002500 0.002500 0.000100 0.000100 0.000100
Okapi 0.000100 0.000200 0.000100 0.000100 0.002500 0.000100 0.000100 0.000100 0.000100 0.000100 0.000200 0.000100 0.002500 0.000100 0.000100 0.000100 0.000000 0.000000 0.002500 0.000100 0.000100 0.000100 0.002500 0.000100 0.000100 0.000100 0.002500 0.000100 0.000100 0.002500 0.000100 0.000100 0.005000 0.002500 0.002500 0.000100 0.010000 0.000100 0.000100 0.002500 0.002500 0.002500 0.000100 0.000100 0.000100 0.000100 0.002500 0.002500 0.002500 0.000100 0.000100 0.000100
Giraffe 0.000100 0.000200 0.000100 0.000200 0.002500 0.000100 0.000100 0.000100 0.000100 0.000100 0.000200 0.000100 0.002500 0.000100 0.000100 0.000100 0.000000 0.000000 0.002500 0.000100 0.000100 0.000200 0.002500 0.000100 0.000200 0.000100 0.002500 0.000100 0.000100 0.002500 0.000100 0.000100 0.005000 0.002500 0.002500 0.000100 0.010000 0.000100 0.000100 0.002500 0.002500 0.002500 0.000100 0.000100 0.000100 0.000100 0.002500 0.002500 0.002500 0.000100 0.000100 0.000100
TibetanAnt 0.002500 0.002500 0.002500 0.002500 0.005000 0.002500 0.002500 0.002500 0.002500 0.002500 0.002500 0.002500 0.005000 0.002500 0.002500 0.002500 0.002500 0.002500 0.000000 0.002500 0.002500 0.002500 0.005000 0.002500 0.002500 0.002500 0.005000 0.002500 0.002500 0.005000 0.002500 0.002500 0.007500 0.005000 0.005000 0.002500 0.012600 0.002500 0.002500 0.005000 0.005000 0.000100 0.002500 0.002500 0.002500 0.002500 0.005100 0.005000 0.005000 0.002500 0.002500 0.002500
Sitatunga 0.000100 0.000300 0.000000 0.000200 0.002500 0.000100 0.000100 0.000100 0.000000 0.000100 0.000100 0.000100 0.002500 0.000100 0.000100 0.000100 0.000100 0.000100 0.002500 0.000000 0.000100 0.000100 0.002500 0.000100 0.000100 0.000100 0.002500 0.000000 0.000100 0.002500 0.000100 0.000100 0.005000 0.002500 0.002500 0.000100 0.010000 0.000100 0.000100 0.002500 0.002500 0.002500 0.000100 0.000100 0.000100 0.000100 0.002500 0.002500 0.002500 0.000100 0.000000 0.000000
Oribi 0.000100 0.000200 0.000100 0.000200 0.002500 0.000100 0.000000 0.000100 0.000100 0.000100 0.000100 0.000100 0.002500 0.000000 0.000100 0.000000 0.000100 0.000100 0.002500 0.000100 0.000000 0.000100 0.002500 0.000100 0.000100 0.000100 0.002500 0.000100 0.000000 0.002500 0.000100 0.000000 0.005000 0.002500 0.002500 0.000100 0.010000 0.000000 0.000100 0.002500 0.002500 0.002500 0.000100 0.000100 0.000100 0.000100 0.002500 0.002500 0.002500 0.000100 0.000100 0.000100
BarbaryShe 0.000000 0.000300 0.000100 0.000200 0.002500 0.000000 0.000100 0.000100 0.000100 0.000100 0.000100 0.000100 0.002500 0.000100 0.000100 0.000100 0.000100 0.000200 0.002500 0.000100 0.000100 0.000000 0.002500 0.000100 0.000000 0.000100 0.002500 0.000100 0.000100 0.002500 0.000100 0.000100 0.005000 0.002500 0.002500 0.000100 0.010000 0.000100 0.000100 0.002500 0.002500 0.002500 0.000100 0.000100 0.000100 0.000100 0.002500 0.002500 0.002500 0.000100 0.000100 0.000100
Daviddeer 0.002500 0.002500 0.002500 0.002500 0.005000 0.002500 0.002500 0.002500 0.002500 0.002500 0.002500 0.002500 0.005000 0.002500 0.002500 0.002500 0.002500 0.002500 0.005000 0.002500 0.002500 0.002500 0.000000 0.002500 0.002500 0.002500 0.005000 0.002500 0.002500 0.005000 0.002500 0.002500 0.002500 0.005000 0.005000 0.002500 0.012600 0.002500 0.002500 0.005000 0.000000 0.005000 0.002500 0.002500 0.002500 0.002500 0.005000 0.005000 0.005000 0.002500 0.002500 0.002500
Reindeer 0.000100 0.000300 0.000100 0.000200 0.002500 0.000100 0.000100 0.000100 0.000100 0.000100 0.000200 0.000100 0.002500 0.000100 0.000100 0.000100 0.000100 0.000100 0.002500 0.000100 0.000100 0.000100 0.002500 0.000000 0.000100 0.000100 0.002500 0.000100 0.000100 0.002500 0.000100 0.000100 0.005000 0.002500 0.002500 0.000100 0.010000 0.000100 0.000100 0.002500 0.002500 0.002500 0.000100 0.000000 0.000100 0.000100 0.002500 0.002500 0.002500 0.000100 0.000100 0.000100
Ibex 0.000000 0.000300 0.000100 0.000200 0.002500 0.000000 0.000100 0.000100 0.000100 0.000100 0.000000 0.000100 0.002500 0.000100 0.000100 0.000100 0.000100 0.000200 0.002500 0.000100 0.000100 0.000000 0.002500 0.000100 0.000000 0.000100 0.002500 0.000100 0.000100 0.002500 0.000100 0.000100 0.005000 0.002500 0.002500 0.000100 0.010000 0.000100 0.000100 0.002500 0.002500 0.002500 0.000100 0.000100 0.000100 0.000100 0.002500 0.002500 0.002500 0.000100 0.000100 0.000100
GyrantGaze 0.000100 0.000300 0.000100 0.000200 0.002500 0.000100 0.000100 0.000100 0.000100 0.000100 0.000100 0.000100 0.002500 0.000000 0.000100 0.000000 0.000100 0.000100 0.002500 0.000100 0.000100 0.000100 0.002500 0.000100 0.000100 0.000000 0.002500 0.000100 0.000000 0.002500 0.000100 0.000000 0.005000 0.002500 0.002500 0.000100 0.010000 0.000000 0.000000 0.002500 0.002500 0.002500 0.000100 0.000100 0.000100 0.000100 0.002500 0.002500 0.002500 0.000100 0.000100 0.000100
Hartebeest 0.002500 0.002500 0.002500 0.002500 0.005000 0.002500 0.002500 0.002500 0.002500 0.002500 0.002500 0.002500 0.000000 0.002500 0.002500 0.002500 0.002500 0.002500 0.005000 0.002500 0.002500 0.002500 0.005000 0.002500 0.002500 0.002500 0.000000 0.002500 0.002500 0.005000 0.002500 0.002500 0.007500 0.000000 0.000000 0.002500 0.012600 0.002500 0.002500 0.005000 0.005000 0.005000 0.002500 0.002500 0.002500 0.002500 0.005000 0.005000 0.005000 0.002500 0.002500 0.002500
Bongo 0.000100 0.000300 0.000000 0.000200 0.002500 0.000100 0.000100 0.000100 0.000000 0.000100 0.000100 0.000100 0.002500 0.000100 0.000100 0.000100 0.000100 0.000100 0.002500 0.000000 0.000100 0.000100 0.002500 0.000100 0.000100 0.000100 0.002500 0.000000 0.000100 0.002500 0.000100 0.000100 0.005000 0.002500 0.002500 0.000100 0.010000 0.000100 0.000100 0.002500 0.002500 0.002500 0.000100 0.000100 0.000100 0.000100 0.002500 0.002500 0.002500 0.000100 0.000000 0.000000
Gerenuk 0.000100 0.000300 0.000100 0.000200 0.002500 0.000100 0.000000 0.000000 0.000100 0.000100 0.000100 0.000100 0.002500 0.000000 0.000100 0.000000 0.000100 0.000100 0.002500 0.000100 0.000000 0.000100 0.002500 0.000100 0.000100 0.000000 0.002500 0.000100 0.000000 0.002500 0.000100 0.000000 0.005000 0.002500 0.002500 0.000100 0.010000 0.000000 0.000000 0.002500 0.002500 0.002500 0.000100 0.000100 0.000100 0.000100 0.002500 0.002500 0.002500 0.000000 0.000100 0.000100
CommonElan 0.002500 0.002500 0.002500 0.002500 0.005000 0.002500 0.002500 0.002500 0.002500 0.002500 0.002500 0.002500 0.005000 0.002500 0.002500 0.002500 0.002500 0.002500 0.005000 0.002500 0.002500 0.002500 0.005000 0.002500 0.002500 0.002500 0.005000 0.002500 0.002500 0.000000 0.002500 0.002500 0.007500 0.005000 0.005000 0.002500 0.012600 0.002500 0.002500 0.005000 0.005000 0.005000 0.002500 0.002500 0.002500 0.002500 0.005000 0.000100 0.005000 0.002500 0.002500 0.002500
MuntiacusR 0.000100 0.000200 0.000100 0.000200 0.002500 0.000100 0.000100 0.000100 0.000100 0.000000 0.000100 0.000100 0.002500 0.000100 0.000100 0.000100 0.000100 0.000100 0.002500 0.000100 0.000100 0.000100 0.002500 0.000100 0.000100 0.000100 0.002500 0.000100 0.000100 0.002500 0.000000 0.000100 0.005000 0.002500 0.002500 0.000100 0.010000 0.000100 0.000100 0.002500 0.002500 0.002500 0.000000 0.000100 0.000100 0.000100 0.002500 0.002500 0.002500 0.000100 0.000100 0.000100
HarveysDui 0.000100 0.000300 0.000100 0.000200 0.002500 0.000100 0.000000 0.000000 0.000100 0.000100 0.000100 0.000100 0.002500 0.000000 0.000100 0.000000 0.000100 0.000100 0.002500 0.000100 0.000000 0.000100 0.002500 0.000100 0.000100 0.000000 0.002500 0.000100 0.000000 0.002500 0.000100 0.000000 0.005000 0.002500 0.002500 0.000100 0.010000 0.000000 0.000000 0.002500 0.002500 0.002500 0.000100 0.000100 0.000100 0.000000 0.002500 0.002500 0.002500 0.000100 0.000100 0.000100
Pronghorn 0.005000 0.005000 0.005000 0.005000 0.007500 0.005000 0.005000 0.005000 0.005000 0.005000 0.005000 0.005000 0.007500 0.005000 0.005000 0.005000 0.005000 0.005000 0.007500 0.005000 0.005000 0.005000 0.002500 0.005000 0.005000 0.005000 0.007500 0.005000 0.005000 0.007500 0.005000 0.005000 0.000000 0.007500 0.007500 0.005000 0.015100 0.005000 0.005000 0.007500 0.002500 0.007500 0.005000 0.005000 0.005000 0.005000 0.007500 0.007500 0.002500 0.005000 0.005000 0.005000
BlueWildeb 0.002500 0.002500 0.002500 0.002500 0.005000 0.002500 0.002500 0.002500 0.002500 0.002500 0.002500 0.002500 0.000000 0.002500 0.002500 0.002500 0.002500 0.002500 0.005000 0.002500 0.002500 0.002500 0.005000 0.002500 0.002500 0.002500 0.000000 0.002500 0.002500 0.005000 0.002500 0.002500 0.007500 0.000000 0.000000 0.002500 0.012600 0.002500 0.002500 0.005000 0.005000 0.005000 0.002500 0.002500 0.002500 0.002500 0.005000 0.005000 0.005000 0.002500 0.002500 0.002500
Gemsbok 0.002500 0.002500 0.002500 0.002500 0.005000 0.002500 0.002500 0.002500 0.002500 0.002500 0.002500 0.002500 0.000000 0.002500 0.002500 0.002500 0.002500 0.002500 0.005000 0.002500 0.002500 0.002500 0.005000 0.002500 0.002500 0.002500 0.000000 0.002500 0.002500 0.005000 0.002500 0.002500 0.007500 0.000000 0.000000 0.002500 0.012600 0.002500 0.002500 0.005000 0.005000 0.005000 0.002500 0.002500 0.002500 0.002500 0.005000 0.005000 0.005000 0.002500 0.002500 0.002500
Yak 0.000100 0.000300 0.000100 0.000200 0.002500 0.000100 0.000100 0.000100 0.000100 0.000100 0.000200 0.000000 0.002500 0.000100 0.000100 0.000100 0.000100 0.000100 0.002500 0.000100 0.000100 0.000100 0.002500 0.000100 0.000100 0.000100 0.002500 0.000100 0.000100 0.002500 0.000100 0.000100 0.005000 0.002500 0.002500 0.000000 0.010000 0.000100 0.000100 0.002500 0.002500 0.002500 0.000100 0.000100 0.000000 0.000100 0.002500 0.002500 0.002500 0.000100 0.000100 0.000100
BlueSheep 0.010000 0.010000 0.010000 0.010000 0.007500 0.010000 0.010000 0.010000 0.010000 0.010000 0.010000 0.010000 0.012600 0.010000 0.010000 0.010000 0.010000 0.010000 0.012600 0.010000 0.010000 0.010000 0.012600 0.010000 0.010000 0.010000 0.012600 0.010000 0.010000 0.012600 0.010000 0.010000 0.015100 0.012600 0.012600 0.010000 0.000000 0.010000 0.010000 0.007500 0.012600 0.012500 0.010000 0.010000 0.010000 0.010000 0.012800 0.012600 0.012600 0.010000 0.010000 0.010000
BohorReedb 0.000100 0.000200 0.000100 0.000200 0.002500 0.000100 0.000000 0.000000 0.000100 0.000100 0.000100 0.000100 0.002500 0.000000 0.000000 0.000000 0.000100 0.000100 0.002500 0.000100 0.000000 0.000100 0.002500 0.000100 0.000100 0.000000 0.002500 0.000100 0.000000 0.002500 0.000100 0.000000 0.005000 0.002500 0.002500 0.000100 0.010000 0.000000 0.000000 0.002500 0.002500 0.002500 0.000100 0.000100 0.000100 0.000000 0.002500 0.002500 0.002500 0.000000 0.000100 0.000100
KirksDik 0.000100 0.000300 0.000100 0.000200 0.002500 0.000100 0.000100 0.000100 0.000100 0.000100 0.000200 0.000100 0.002500 0.000000 0.000100 0.000000 0.000100 0.000100 0.002500 0.000100 0.000100 0.000100 0.002500 0.000100 0.000100 0.000000 0.002500 0.000100 0.000000 0.002500 0.000100 0.000000 0.005000 0.002500 0.002500 0.000100 0.010000 0.000000 0.000000 0.002500 0.002500 0.002500 0.000100 0.000100 0.000100 0.000100 0.002500 0.002500 0.002500 0.000100 0.000100 0.000100
RoeDeer 0.002500 0.002500 0.002500 0.002500 0.000100 0.002500 0.002500 0.002500 0.002500 0.002500 0.002500 0.002500 0.005000 0.002500 0.002500 0.002500 0.002500 0.002500 0.005000 0.002500 0.002500 0.002500 0.005000 0.002500 0.002500 0.002500 0.005000 0.002500 0.002500 0.005000 0.002500 0.002500 0.007500 0.005000 0.005000 0.002500 0.007500 0.002500 0.002500 0.000000 0.005000 0.005000 0.002500 0.002500 0.002500 0.002500 0.005000 0.005000 0.005000 0.002500 0.002500 0.002500
WhiteLippe 0.002500 0.002500 0.002500 0.002500 0.005000 0.002500 0.002500 0.002500 0.002500 0.002500 0.002500 0.002500 0.005000 0.002500 0.002500 0.002500 0.002500 0.002500 0.005000 0.002500 0.002500 0.002500 0.000000 0.002500 0.002500 0.002500 0.005000 0.002500 0.002500 0.005000 0.002500 0.002500 0.002500 0.005000 0.005000 0.002500 0.012600 0.002500 0.002500 0.005000 0.000000 0.005000 0.002500 0.002500 0.002500 0.002500 0.005000 0.005000 0.005000 0.002500 0.002500 0.002500
ThomsonGaz 0.002500 0.002500 0.002500 0.002500 0.005000 0.002500 0.002500 0.002500 0.002500 0.002500 0.002500 0.002500 0.005000 0.002500 0.002500 0.002500 0.002500 0.002500 0.000100 0.002500 0.002500 0.002500 0.005000 0.002500 0.002500 0.002500 0.005000 0.002500 0.002500 0.005000 0.002500 0.002500 0.007500 0.005000 0.005000 0.002500 0.012500 0.002500 0.002500 0.005000 0.005000 0.000000 0.002500 0.002500 0.002500 0.002500 0.005000 0.005000 0.005000 0.002500 0.002500 0.002500
MuntiacusC 0.000100 0.000300 0.000100 0.000200 0.002500 0.000100 0.000100 0.000100 0.000100 0.000000 0.000200 0.000100 0.002500 0.000100 0.000100 0.000100 0.000100 0.000100 0.002500 0.000100 0.000100 0.000100 0.002500 0.000100 0.000100 0.000100 0.002500 0.000100 0.000100 0.002500 0.000000 0.000100 0.005000 0.002500 0.002500 0.000100 0.010000 0.000100 0.000100 0.002500 0.002500 0.002500 0.000000 0.000000 0.000100 0.000100 0.002500 0.002500 0.002500 0.000100 0.000100 0.000100
WhiteTaile 0.000100 0.000300 0.000100 0.000200 0.002500 0.000100 0.000100 0.000100 0.000100 0.000100 0.000200 0.000100 0.002500 0.000100 0.000100 0.000100 0.000100 0.000100 0.002500 0.000100 0.000100 0.000100 0.002500 0.000000 0.000100 0.000100 0.002500 0.000100 0.000100 0.002500 0.000100 0.000100 0.005000 0.002500 0.002500 0.000100 0.010000 0.000100 0.000100 0.002500 0.002500 0.002500 0.000000 0.000000 0.000100 0.000100 0.002500 0.002500 0.002500 0.000100 0.000100 0.000100
Cattle 0.000100 0.000300 0.000100 0.000200 0.002500 0.000100 0.000100 0.000100 0.000100 0.000100 0.000200 0.000000 0.002500 0.000100 0.000100 0.000100 0.000100 0.000100 0.002500 0.000100 0.000100 0.000100 0.002500 0.000100 0.000100 0.000100 0.002500 0.000100 0.000100 0.002500 0.000100 0.000100 0.005000 0.002500 0.002500 0.000000 0.010000 0.000100 0.000100 0.002500 0.002500 0.002500 0.000100 0.000100 0.000000 0.000100 0.002500 0.002500 0.002500 0.000100 0.000100 0.000100
RoyalAntel 0.000100 0.000300 0.000100 0.000200 0.002500 0.000100 0.000000 0.000100 0.000100 0.000100 0.000100 0.000100 0.002500 0.000000 0.000100 0.000100 0.000100 0.000100 0.002500 0.000100 0.000100 0.000100 0.002500 0.000100 0.000100 0.000100 0.002500 0.000100 0.000100 0.002500 0.000100 0.000000 0.005000 0.002500 0.002500 0.000100 0.010000 0.000000 0.000100 0.002500 0.002500 0.002500 0.000100 0.000100 0.000100 0.000000 0.002500 0.002500 0.002500 0.000100 0.000100 0.000100
Steenbok 0.002600 0.002500 0.002500 0.002500 0.005000 0.002600 0.002500 0.002500 0.002500 0.002500 0.002500 0.002500 0.005000 0.002500 0.002500 0.002500 0.002500 0.002500 0.005100 0.002500 0.002500 0.002500 0.005000 0.002500 0.002500 0.002500 0.005000 0.002500 0.002500 0.005000 0.002500 0.002500 0.007500 0.005000 0.005000 0.002500 0.012800 0.002500 0.002500 0.005000 0.005000 0.005000 0.002500 0.002500 0.002500 0.002500 0.000000 0.005000 0.005000 0.002500 0.002500 0.002500
Impala 0.002500 0.002500 0.002500 0.002500 0.005000 0.002500 0.002500 0.002500 0.002500 0.002500 0.002500 0.002500 0.005000 0.002500 0.002500 0.002500 0.002500 0.002500 0.005000 0.002500 0.002500 0.002500 0.005000 0.002500 0.002500 0.002500 0.005000 0.002500 0.002500 0.000100 0.002500 0.002500 0.007500 0.005000 0.005000 0.002500 0.012600 0.002500 0.002500 0.005000 0.005000 0.005000 0.002500 0.002500 0.002500 0.002500 0.005000 0.000000 0.005000 0.002500 0.002500 0.002500
Klipspring 0.002500 0.002500 0.002500 0.002500 0.005000 0.002500 0.002500 0.002500 0.002500 0.002500 0.002500 0.002500 0.005000 0.002500 0.002500 0.002500 0.002500 0.002500 0.005000 0.002500 0.002500 0.002500 0.005000 0.002500 0.002500 0.002500 0.005000 0.002500 0.002500 0.005000 0.002500 0.002500 0.002500 0.005000 0.005000 0.002500 0.012600 0.002500 0.002500 0.005000 0.005000 0.005000 0.002500 0.002500 0.002500 0.002500 0.005000 0.005000 0.000000 0.002500 0.002500 0.002500
ForestMusk 0.000100 0.000300 0.000100 0.000200 0.002500 0.000100 0.000100 0.000100 0.000100 0.000100 0.000100 0.000100 0.002500 0.000000 0.000100 0.000100 0.000100 0.000100 0.002500 0.000100 0.000100 0.000100 0.002500 0.000100 0.000100 0.000100 0.002500 0.000100 0.000000 0.002500 0.000100 0.000100 0.005000 0.002500 0.002500 0.000100 0.010000 0.000000 0.000100 0.002500 0.002500 0.002500 0.000100 0.000100 0.000100 0.000100 0.002500 0.002500 0.002500 0.000000 0.000100 0.000100
Bushbuck 0.000100 0.000300 0.000000 0.000200 0.002500 0.000100 0.000100 0.000100 0.000000 0.000100 0.000100 0.000100 0.002500 0.000100 0.000100 0.000100 0.000100 0.000100 0.002500 0.000000 0.000100 0.000100 0.002500 0.000100 0.000100 0.000100 0.002500 0.000000 0.000100 0.002500 0.000100 0.000100 0.005000 0.002500 0.002500 0.000100 0.010000 0.000100 0.000100 0.002500 0.002500 0.002500 0.000100 0.000100 0.000100 0.000100 0.002500 0.002500 0.002500 0.000100 0.000000 0.000000
GreaterKud 0.000100 0.000300 0.000000 0.000200 0.002500 0.000100 0.000100 0.000100 0.000000 0.000100 0.000100 0.000100 0.002500 0.000100 0.000100 0.000100 0.000100 0.000100 0.002500 0.000000 0.000100 0.000100 0.002500 0.000100 0.000100 0.000100 0.002500 0.000000 0.000100 0.002500 0.000100 0.000100 0.005000 0.002500 0.002500 0.000100 0.010000 0.000100 0.000100 0.002500 0.002500 0.002500 0.000100 0.000100 0.000100 0.000100 0.002500 0.002500 0.002500 0.000100 0.000000 0.000000
