1
52 1
Argali 0.000000 0.176100 0.077400 0.110400 0.047500 0.000000 0.057500 0.126000 0.067400 0.104300 0.027300 0.087100 0.056100 0.047600 0.056800 0.108300 0.065900 0.067200 0.018200 0.067400 0.057100 0.027400 0.106400 0.097100 0.036500 0.047200 0.046900 0.067400 0.085400 0.067400 0.104200 0.057400 0.168400 0.047100 0.046800 0.078800 0.036400 0.047900 0.047100 0.126400 0.116800 0.056700 0.115100 0.086800 0.078800 0.077100 0.078600 0.056500 0.066700 0.057200 0.067400 0.067200
LesserMous 0.176100 0.000000 0.198400 0.245500 0.192000 0.177400 0.200300 0.281400 0.186800 0.235900 0.211800 0.246600 0.204700 0.192100 0.178100 0.266700 0.187200 0.191000 0.176300 0.186800 0.202700 0.212300 0.236500 0.226100 0.198700 0.190100 0.194500 0.186800 0.215000 0.186800 0.236100 0.203900 0.311900 0.195500 0.188300 0.220500 0.222300 0.193400 0.179100 0.234200 0.223800 0.201000 0.248700 0.213700 0.220500 0.203000 0.232000 0.176500 0.213800 0.178700 0.186800 0.186100
LesserKudu 0.077400 0.198400 0.000000 0.135500 0.068900 0.077900 0.058900 0.148700 0.009500 0.128200 0.108400 0.088800 0.077300 0.048700 0.078500 0.132400 0.087700 0.089400 0.077500 0.009500 0.078800 0.108900 0.130000 0.120500 0.118400 0.068400 0.067900 0.009500 0.107800 0.009500 0.128100 0.058700 0.171300 0.068100 0.067800 0.080300 0.118100 0.069500 0.078700 0.150800 0.119000 0.078200 0.139500 0.131000 0.080300 0.078700 0.101600 0.057600 0.068300 0.079100 0.009500 0.009400
KillerWhal 0.110400 0.245500 0.135500 0.000000 0.102000 0.111200 0.113500 0.173000 0.124300 0.152800 0.132100 0.122800 0.110100 0.102400 0.100900 0.157900 0.121300 0.112700 0.110600 0.124300 0.112600 0.143900 0.143400 0.133800 0.142200 0.101400 0.100500 0.124300 0.136800 0.124300 0.152800 0.113200 0.206100 0.100800 0.100300 0.114400 0.142000 0.092000 0.112400 0.164800 0.154500 0.111500 0.164700 0.144700 0.114400 0.134600 0.114800 0.111100 0.122800 0.112900 0.124300 0.123900
DefassaWat 0.047500 0.192000 0.068900 0.102000 0.000000 0.047800 0.048800 0.117900 0.058700 0.095500 0.077400 0.078500 0.047600 0.038700 0.048100 0.099800 0.063900 0.058600 0.047600 0.058700 0.048400 0.077700 0.098000 0.078300 0.087200 0.038400 0.038100 0.058700 0.077000 0.058700 0.095300 0.053500 0.167700 0.038200 0.038100 0.070000 0.086900 0.019200 0.048300 0.118300 0.108300 0.048000 0.095600 0.088400 0.070000 0.068500 0.049200 0.047800 0.062000 0.048500 0.058800 0.058500
Sheep 0.000000 0.177400 0.077900 0.111200 0.047800 0.000000 0.054400 0.126600 0.067900 0.104900 0.027500 0.087700 0.056500 0.047900 0.057000 0.109100 0.066300 0.067600 0.018300 0.067900 0.057500 0.027600 0.107200 0.097800 0.036800 0.047500 0.047300 0.067900 0.086000 0.067900 0.104800 0.057800 0.169600 0.047400 0.047200 0.074500 0.036700 0.048200 0.047400 0.127300 0.117600 0.057000 0.115800 0.087400 0.074500 0.077600 0.079200 0.056900 0.067200 0.057600 0.067900 0.067700
MaxwellsDu 0.057500 0.200300 0.058900 0.113500 0.048800 0.054400 0.000000 0.129100 0.048800 0.107000 0.087900 0.085800 0.057500 0.009500 0.058300 0.100300 0.067600 0.048600 0.057700 0.048800 0.058600 0.088300 0.109000 0.099600 0.097900 0.048400 0.048100 0.048800 0.087500 0.048800 0.106900 0.019100 0.172600 0.048300 0.048100 0.070000 0.097600 0.049200 0.058500 0.129600 0.119600 0.058100 0.118100 0.109900 0.070000 0.058600 0.059700 0.057900 0.068500 0.058800 0.048800 0.048600
GazellaPrz 0.126000 0.281400 0.148700 0.173000 0.117900 0.126600 0.129100 0.000000 0.138200 0.147000 0.146900 0.126500 0.126200 0.118400 0.084600 0.117100 0.114000 0.137700 0.126200 0.138200 0.086600 0.158900 0.144100 0.134200 0.157000 0.076200 0.096400 0.138200 0.115200 0.138200 0.147000 0.128800 0.176300 0.096600 0.116600 0.129900 0.125100 0.087200 0.106600 0.164700 0.155300 0.085900 0.158100 0.145100 0.129900 0.127500 0.108700 0.125500 0.114100 0.126700 0.138100 0.137700
MountainNy 0.067400 0.186800 0.009500 0.124300 0.058700 0.067900 0.048800 0.138200 0.000000 0.117800 0.098100 0.078600 0.067300 0.038800 0.068400 0.121600 0.077500 0.079100 0.067500 0.000000 0.068600 0.098500 0.119500 0.110000 0.108100 0.058300 0.057900 0.000000 0.097600 0.000000 0.117700 0.048600 0.160100 0.058100 0.057900 0.070000 0.107800 0.059300 0.068500 0.140300 0.108700 0.068100 0.128900 0.120400 0.070000 0.068500 0.091000 0.047800 0.078500 0.068800 0.000000 0.000000
MuntiacusM 0.104300 0.235900 0.128200 0.152800 0.095500 0.104900 0.107000 0.147000 0.117800 0.000000 0.118400 0.110400 0.109300 0.095900 0.062600 0.131200 0.114600 0.117100 0.104500 0.117800 0.084700 0.137800 0.018800 0.019000 0.128600 0.073900 0.077300 0.117800 0.114200 0.117800 0.000000 0.106400 0.184700 0.077500 0.094700 0.125500 0.117700 0.089200 0.105800 0.037900 0.028500 0.084000 0.009400 0.028600 0.125500 0.106300 0.120100 0.105500 0.109600 0.106100 0.117600 0.117200
goat 0.027300 0.211800 0.108400 0.132100 0.077400 0.027500 0.087900 0.146900 0.098100 0.118400 0.000000 0.087200 0.085800 0.077600 0.087100 0.107700 0.096000 0.097800 0.046300 0.098100 0.087300 0.036900 0.124400 0.114100 0.009000 0.077000 0.076600 0.098100 0.095800 0.098100 0.118500 0.087700 0.192700 0.076800 0.076400 0.078800 0.017900 0.067600 0.076800 0.144200 0.135300 0.086700 0.129100 0.103400 0.078800 0.108000 0.110200 0.086400 0.093200 0.087500 0.098100 0.097800
AfricanBuf 0.087100 0.246600 0.088800 0.122800 0.078500 0.087700 0.085800 0.126500 0.078600 0.110400 0.087200 0.000000 0.075800 0.078700 0.067800 0.078400 0.097500 0.099300 0.087300 0.078600 0.068300 0.118900 0.098100 0.088600 0.097100 0.058000 0.056700 0.078600 0.097400 0.078600 0.110000 0.089000 0.179600 0.056900 0.077500 0.043900 0.076700 0.068800 0.088500 0.118300 0.108600 0.067800 0.121600 0.098800 0.043900 0.109600 0.111800 0.087700 0.098600 0.088800 0.078600 0.078400
Topi 0.056100 0.204700 0.077300 0.110100 0.047600 0.056500 0.057500 0.126200 0.067300 0.109300 0.085800 0.075800 0.000000 0.047600 0.056900 0.097900 0.066000 0.067200 0.056300 0.067300 0.057100 0.086100 0.106400 0.097000 0.095600 0.047200 0.027500 0.067300 0.085400 0.067300 0.108800 0.047700 0.164900 0.027500 0.046900 0.077400 0.095400 0.048000 0.057000 0.126500 0.116700 0.056700 0.120400 0.107100 0.077400 0.077000 0.078400 0.056500 0.057100 0.057200 0.067400 0.067200
CommonDuik 0.047600 0.192100 0.048700 0.102400 0.038700 0.047900 0.009500 0.118400 0.038800 0.095900 0.077600 0.078700 0.047600 0.000000 0.048200 0.089500 0.057500 0.038600 0.047700 0.038800 0.048500 0.077900 0.098500 0.088900 0.087500 0.038500 0.038200 0.038800 0.077200 0.038800 0.095700 0.009500 0.160600 0.038300 0.038200 0.070100 0.087300 0.039100 0.048400 0.118900 0.108900 0.048100 0.106800 0.099200 0.070100 0.048400 0.049400 0.047900 0.058300 0.048600 0.038800 0.038600
Suni 0.056800 0.178100 0.078500 0.100900 0.048100 0.057000 0.058300 0.084600 0.068400 0.062600 0.087100 0.067800 0.056900 0.048200 0.000000 0.089000 0.047200 0.068200 0.057000 0.068400 0.038200 0.087300 0.067400 0.057900 0.097000 0.028400 0.028100 0.068400 0.066700 0.068400 0.062400 0.058100 0.147200 0.028200 0.047500 0.079700 0.076600 0.048500 0.057800 0.087100 0.077500 0.037900 0.073200 0.067900 0.079700 0.058000 0.079700 0.057300 0.067600 0.058000 0.068400 0.068100
Springbuck 0.108300 0.266700 0.132400 0.157900 0.099800 0.109100 0.100300 0.117100 0.121600 0.131200 0.107700 0.078400 0.097900 0.089500 0.089000 0.000000 0.118900 0.110400 0.108500 0.121600 0.068300 0.141200 0.128400 0.118800 0.117600 0.058100 0.078200 0.121600 0.074700 0.121600 0.131000 0.100000 0.221600 0.078500 0.098500 0.101800 0.086500 0.079100 0.088600 0.149200 0.139500 0.067800 0.142200 0.129700 0.101800 0.109600 0.101100 0.109000 0.096600 0.110500 0.121700 0.121300
Okapi 0.065900 0.187200 0.087700 0.121300 0.063900 0.066300 0.067600 0.114000 0.077500 0.114600 0.096000 0.097500 0.066000 0.057500 0.047200 0.118900 0.000000 0.037500 0.066000 0.077500 0.067100 0.096200 0.116900 0.107600 0.105700 0.056900 0.056700 0.077500 0.090500 0.077500 0.114400 0.067400 0.145100 0.056800 0.056600 0.078700 0.105600 0.063900 0.067000 0.116000 0.127300 0.066500 0.125500 0.117800 0.078700 0.087200 0.088900 0.066300 0.076800 0.057200 0.077600 0.077300
Giraffe 0.067200 0.191000 0.089400 0.112700 0.058600 0.067600 0.048600 0.137700 0.079100 0.117100 0.097800 0.099300 0.067200 0.038600 0.068200 0.110400 0.037500 0.000000 0.067300 0.079100 0.068400 0.098100 0.119100 0.109600 0.107800 0.058100 0.057800 0.079100 0.097300 0.079100 0.117000 0.048500 0.171200 0.057900 0.057700 0.080200 0.107500 0.059100 0.068300 0.118300 0.129700 0.067800 0.128300 0.120000 0.080200 0.089000 0.059200 0.067600 0.078300 0.058400 0.079100 0.078800
TibetanAnt 0.018200 0.176300 0.077500 0.110600 0.047600 0.018300 0.057700 0.126200 0.067500 0.104500 0.046300 0.087300 0.056300 0.047700 0.057000 0.108500 0.066000 0.067300 0.000000 0.067500 0.057200 0.046400 0.106600 0.097200 0.055600 0.047300 0.047000 0.067500 0.085500 0.067500 0.104400 0.057500 0.168500 0.047200 0.046900 0.078900 0.055500 0.048000 0.057100 0.126700 0.116900 0.056800 0.115300 0.087000 0.078900 0.077200 0.078700 0.056600 0.066900 0.057400 0.067600 0.067300
Sitatunga 0.067400 0.186800 0.009500 0.124300 0.058700 0.067900 0.048800 0.138200 0.000000 0.117800 0.098100 0.078600 0.067300 0.038800 0.068400 0.121600 0.077500 0.079100 0.067500 0.000000 0.068600 0.098500 0.119500 0.110000 0.108100 0.058300 0.057900 0.000000 0.097600 0.000000 0.117700 0.048600 0.160100 0.058100 0.057900 0.070000 0.107800 0.059300 0.068500 0.140300 0.108700 0.068100 0.128900 0.120400 0.070000 0.068500 0.091000 0.047800 0.078500 0.068800 0.000000 0.000000
Oribi 0.057100 0.202700 0.078800 0.112600 0.048400 0.057500 0.058600 0.086600 0.068600 0.084700 0.087300 0.068300 0.057100 0.048500 0.038200 0.068300 0.067100 0.068400 0.057200 0.068600 0.000000 0.087600 0.087700 0.078300 0.097100 0.009400 0.028400 0.068600 0.042000 0.068600 0.084500 0.058400 0.171200 0.028500 0.047700 0.080200 0.076800 0.048800 0.038100 0.097500 0.098000 0.018800 0.095400 0.088400 0.080200 0.057900 0.059100 0.057500 0.047800 0.058300 0.068600 0.068400
BarbaryShe 0.027400 0.212300 0.108900 0.143900 0.077700 0.027600 0.088300 0.158900 0.098500 0.137800 0.036900 0.118900 0.086100 0.077900 0.087300 0.141200 0.096200 0.098100 0.046400 0.098500 0.087600 0.000000 0.138600 0.129100 0.046200 0.077200 0.076800 0.098500 0.096000 0.098500 0.137700 0.088000 0.203800 0.077000 0.076600 0.108800 0.046100 0.078500 0.077100 0.159100 0.149400 0.086900 0.149000 0.118400 0.108800 0.108400 0.110600 0.086600 0.097500 0.086700 0.098500 0.098200
Daviddeer 0.106400 0.236500 0.130000 0.143400 0.098000 0.107200 0.109000 0.144100 0.119500 0.018800 0.124400 0.098100 0.106400 0.098500 0.067400 0.128400 0.116900 0.119100 0.106600 0.119500 0.087700 0.138600 0.000000 0.018700 0.135100 0.077300 0.076900 0.119500 0.116600 0.119500 0.018800 0.108700 0.169700 0.077100 0.096900 0.110800 0.115000 0.085500 0.108100 0.037300 0.009200 0.087000 0.028500 0.028200 0.110800 0.108300 0.121400 0.107200 0.118300 0.108500 0.119500 0.119200
Reindeer 0.097100 0.226100 0.120500 0.133800 0.078300 0.097800 0.099600 0.134200 0.110000 0.019000 0.114100 0.088600 0.097000 0.088900 0.057900 0.118800 0.107600 0.109600 0.097200 0.110000 0.078300 0.129100 0.018700 0.000000 0.124600 0.067900 0.067500 0.110000 0.102900 0.110000 0.019000 0.099200 0.159400 0.067700 0.087500 0.101000 0.104900 0.064600 0.098600 0.037700 0.028300 0.077600 0.009300 0.009400 0.101000 0.098900 0.111700 0.097800 0.108900 0.099100 0.110000 0.109700
Ibex 0.036500 0.198700 0.118400 0.142200 0.087200 0.036800 0.097900 0.157000 0.108100 0.128600 0.009000 0.097100 0.095600 0.087500 0.097000 0.117600 0.105700 0.107800 0.055600 0.108100 0.097100 0.046200 0.135100 0.124600 0.000000 0.086700 0.086300 0.108100 0.095500 0.108100 0.128700 0.097600 0.203800 0.086500 0.086100 0.088800 0.027000 0.077400 0.086500 0.154800 0.146100 0.096500 0.139300 0.113800 0.088800 0.118000 0.120400 0.096100 0.103100 0.097400 0.108100 0.107800
GyrantGaze 0.047200 0.190100 0.068400 0.101400 0.038400 0.047500 0.048400 0.076200 0.058300 0.073900 0.077000 0.058000 0.047200 0.038500 0.028400 0.058100 0.056900 0.058100 0.047300 0.058300 0.009400 0.077200 0.077300 0.067900 0.086700 0.000000 0.018800 0.058300 0.037400 0.058300 0.073700 0.048300 0.159100 0.018800 0.037800 0.069600 0.066600 0.038700 0.028400 0.097200 0.087400 0.009300 0.084600 0.077900 0.069600 0.047900 0.048800 0.047500 0.037900 0.048200 0.058300 0.058100
Hartebeest 0.046900 0.194500 0.067900 0.100500 0.038100 0.047300 0.048100 0.096400 0.057900 0.077300 0.076600 0.056700 0.027500 0.038200 0.028100 0.078200 0.056700 0.057800 0.047000 0.057900 0.028400 0.076800 0.076900 0.067500 0.086300 0.018800 0.000000 0.057900 0.056600 0.057900 0.076800 0.048000 0.155200 0.000100 0.037600 0.067900 0.066300 0.038500 0.047700 0.096600 0.087000 0.028200 0.088200 0.077500 0.067900 0.067600 0.069000 0.047200 0.057400 0.047900 0.058000 0.057800
Bongo 0.067400 0.186800 0.009500 0.124300 0.058700 0.067900 0.048800 0.138200 0.000000 0.117800 0.098100 0.078600 0.067300 0.038800 0.068400 0.121600 0.077500 0.079100 0.067500 0.000000 0.068600 0.098500 0.119500 0.110000 0.108100 0.058300 0.057900 0.000000 0.097600 0.000000 0.117700 0.048600 0.160100 0.058100 0.057900 0.070000 0.107800 0.059300 0.068500 0.140300 0.108700 0.068100 0.128900 0.120400 0.070000 0.068500 0.091000 0.047800 0.078500 0.068800 0.000000 0.000000
Gerenuk 0.085400 0.215000 0.107800 0.136800 0.077000 0.086000 0.087500 0.115200 0.097600 0.114200 0.095800 0.097400 0.085400 0.077200 0.066700 0.074700 0.090500 0.097300 0.085500 0.097600 0.042000 0.096000 0.116600 0.102900 0.095500 0.037400 0.056600 0.097600 0.000000 0.097600 0.113900 0.087300 0.202800 0.056700 0.076000 0.109900 0.085400 0.077700 0.066400 0.136800 0.127000 0.046700 0.125000 0.113300 0.109900 0.086400 0.088200 0.085900 0.076200 0.087000 0.097600 0.097300
CommonElan 0.067400 0.186800 0.009500 0.124300 0.058700 0.067900 0.048800 0.138200 0.000000 0.117800 0.098100 0.078600 0.067300 0.038800 0.068400 0.121600 0.077500 0.079100 0.067500 0.000000 0.068600 0.098500 0.119500 0.110000 0.108100 0.058300 0.057900 0.000000 0.097600 0.000000 0.117700 0.048600 0.160100 0.058100 0.057900 0.070000 0.107800 0.059300 0.068500 0.140300 0.108700 0.068100 0.128900 0.120400 0.070000 0.068500 0.091000 0.047800 0.078500 0.068800 0.000000 0.000000
MuntiacusR 0.104200 0.236100 0.128100 0.152800 0.095300 0.104800 0.106900 0.147000 0.117700 0.000000 0.118500 0.110000 0.108800 0.095700 0.062400 0.131000 0.114400 0.117000 0.104400 0.117700 0.084500 0.137700 0.018800 0.019000 0.128700 0.073700 0.076800 0.117700 0.113900 0.117700 0.000000 0.106300 0.184400 0.077000 0.094500 0.125200 0.117700 0.089200 0.105700 0.037900 0.028500 0.083900 0.009400 0.028600 0.125200 0.106100 0.120000 0.105300 0.109600 0.106200 0.117500 0.117100
HarveysDui 0.057400 0.203900 0.058700 0.113200 0.053500 0.057800 0.019100 0.128800 0.048600 0.106400 0.087700 0.089000 0.047700 0.009500 0.058100 0.100000 0.067400 0.048500 0.057500 0.048600 0.058400 0.088000 0.108700 0.099200 0.097600 0.048300 0.048000 0.048600 0.087300 0.048600 0.106300 0.000000 0.172100 0.048100 0.047900 0.080500 0.097400 0.053000 0.058300 0.108200 0.119200 0.058000 0.117500 0.109500 0.080500 0.058400 0.059500 0.057700 0.077500 0.058600 0.048700 0.048500
Pronghorn 0.168400 0.311900 0.171300 0.206100 0.167700 0.169600 0.172600 0.176300 0.160100 0.184700 0.192700 0.179600 0.164900 0.160600 0.147200 0.221600 0.145100 0.171200 0.168500 0.160100 0.171200 0.203800 0.169700 0.159400 0.203800 0.159100 0.155200 0.160100 0.202800 0.160100 0.184400 0.172100 0.000000 0.155600 0.157900 0.158600 0.203600 0.157400 0.171100 0.179800 0.158200 0.170000 0.197300 0.171000 0.158600 0.194900 0.163000 0.146200 0.182500 0.123500 0.160000 0.159600
BlueWildeb 0.047100 0.195500 0.068100 0.100800 0.038200 0.047400 0.048300 0.096600 0.058100 0.077500 0.076800 0.056900 0.027500 0.038300 0.028200 0.078500 0.056800 0.057900 0.047200 0.058100 0.028500 0.077000 0.077100 0.067700 0.086500 0.018800 0.000100 0.058100 0.056700 0.058100 0.077000 0.048100 0.155600 0.000000 0.037700 0.068100 0.066500 0.038600 0.047800 0.096900 0.087300 0.028200 0.088500 0.077700 0.068100 0.067800 0.069200 0.047400 0.057600 0.048000 0.058100 0.057900
Gemsbok 0.046800 0.188300 0.067800 0.100300 0.038100 0.047200 0.048100 0.116600 0.057900 0.094700 0.076400 0.077500 0.046900 0.038200 0.047500 0.098500 0.056600 0.057700 0.046900 0.057900 0.047700 0.076600 0.096900 0.087500 0.086100 0.037800 0.037600 0.057900 0.076000 0.057900 0.094500 0.047900 0.157900 0.037700 0.000000 0.069000 0.085900 0.038400 0.047600 0.116900 0.107200 0.047300 0.105400 0.097600 0.069000 0.067500 0.068800 0.028000 0.057300 0.047800 0.057900 0.057700
Yak 0.078800 0.220500 0.080300 0.114400 0.070000 0.074500 0.070000 0.129900 0.070000 0.125500 0.078800 0.043900 0.077400 0.070100 0.079700 0.101800 0.078700 0.080200 0.078900 0.070000 0.080200 0.108800 0.110800 0.101000 0.088800 0.069600 0.067900 0.070000 0.109900 0.070000 0.125200 0.080500 0.158600 0.068100 0.069000 0.000000 0.088800 0.060300 0.080000 0.120600 0.121600 0.079500 0.137200 0.111600 0.000000 0.101300 0.103400 0.079200 0.090300 0.069300 0.070000 0.069700
BlueSheep 0.036400 0.222300 0.118100 0.142000 0.086900 0.036700 0.097600 0.125100 0.107800 0.117700 0.017900 0.076700 0.095400 0.087300 0.076600 0.086500 0.105600 0.107500 0.055500 0.107800 0.076800 0.046100 0.115000 0.104900 0.027000 0.066600 0.066300 0.107800 0.085400 0.107800 0.117700 0.097400 0.203600 0.066500 0.085900 0.088800 0.000000 0.067000 0.086400 0.134600 0.125600 0.076200 0.128300 0.094300 0.088800 0.117700 0.120100 0.096000 0.104900 0.097100 0.107900 0.107500
BohorReedb 0.047900 0.193400 0.069500 0.092000 0.019200 0.048200 0.049200 0.087200 0.059300 0.089200 0.067600 0.068800 0.048000 0.039100 0.048500 0.079100 0.063900 0.059100 0.048000 0.059300 0.048800 0.078500 0.085500 0.064600 0.077400 0.038700 0.038500 0.059300 0.077700 0.059300 0.089200 0.053000 0.157400 0.038600 0.038400 0.060300 0.067000 0.000000 0.048700 0.105500 0.096200 0.048400 0.089300 0.075100 0.060300 0.069100 0.070500 0.048200 0.058600 0.048900 0.059300 0.059100
KirksDik 0.047100 0.179100 0.078700 0.112400 0.048300 0.047400 0.058500 0.106600 0.068500 0.105800 0.076800 0.088500 0.057000 0.048400 0.057800 0.088600 0.067000 0.068300 0.057100 0.068500 0.038100 0.077100 0.108100 0.098600 0.086500 0.028400 0.047700 0.068500 0.066400 0.068500 0.105700 0.058300 0.171100 0.047800 0.047600 0.080000 0.086400 0.048700 0.000000 0.128500 0.118600 0.037800 0.116700 0.108900 0.080000 0.057800 0.059000 0.057400 0.047700 0.058200 0.068500 0.068300
RoeDeer 0.126400 0.234200 0.150800 0.164800 0.118300 0.127300 0.129600 0.164700 0.140300 0.037900 0.144200 0.118300 0.126500 0.118900 0.087100 0.149200 0.116000 0.118300 0.126700 0.140300 0.097500 0.159100 0.037300 0.037700 0.154800 0.097200 0.096600 0.140300 0.136800 0.140300 0.037900 0.108200 0.179800 0.096900 0.116900 0.120600 0.134600 0.105500 0.128500 0.000000 0.046900 0.107000 0.047700 0.047300 0.120600 0.128800 0.142500 0.127300 0.138900 0.118200 0.140200 0.139900
WhiteLippe 0.116800 0.223800 0.119000 0.154500 0.108300 0.117600 0.119600 0.155300 0.108700 0.028500 0.135300 0.108600 0.116700 0.108900 0.077500 0.139500 0.127300 0.129700 0.116900 0.108700 0.098000 0.149400 0.009200 0.028300 0.146100 0.087400 0.087000 0.108700 0.127000 0.108700 0.028500 0.119200 0.158200 0.087300 0.107200 0.121600 0.125600 0.096200 0.118600 0.046900 0.000000 0.097200 0.038200 0.037900 0.121600 0.118800 0.132300 0.096700 0.128900 0.119000 0.108700 0.108400
ThomsonGaz 0.056700 0.201000 0.078200 0.111500 0.048000 0.057000 0.058100 0.085900 0.068100 0.084000 0.086700 0.067800 0.056700 0.048100 0.037900 0.067800 0.066500 0.067800 0.056800 0.068100 0.018800 0.086900 0.087000 0.077600 0.096500 0.009300 0.028200 0.068100 0.046700 0.068100 0.083900 0.058000 0.170000 0.028200 0.047300 0.079500 0.076200 0.048400 0.037800 0.107000 0.097200 0.000000 0.094700 0.087700 0.079500 0.057500 0.058600 0.057000 0.047400 0.057800 0.068100 0.067800
MuntiacusC 0.115100 0.248700 0.139500 0.164700 0.095600 0.115800 0.118100 0.158100 0.128900 0.009400 0.129100 0.121600 0.120400 0.106800 0.073200 0.142200 0.125500 0.128300 0.115300 0.128900 0.095400 0.149000 0.028500 0.009300 0.139300 0.084600 0.088200 0.128900 0.125000 0.128900 0.009400 0.117500 0.197300 0.088500 0.105400 0.137200 0.128300 0.089300 0.116700 0.047700 0.038200 0.094700 0.000000 0.018900 0.137200 0.117200 0.131400 0.116200 0.120300 0.117100 0.128800 0.128300
WhiteTaile 0.086800 0.213700 0.131000 0.144700 0.088400 0.087400 0.109900 0.145100 0.120400 0.028600 0.103400 0.098800 0.107100 0.099200 0.067900 0.129700 0.117800 0.120000 0.087000 0.120400 0.088400 0.118400 0.028200 0.009400 0.113800 0.077900 0.077500 0.120400 0.113300 0.120400 0.028600 0.109500 0.171000 0.077700 0.097600 0.111600 0.094300 0.075100 0.108900 0.047300 0.037900 0.087700 0.018900 0.000000 0.111600 0.109100 0.122400 0.108000 0.119200 0.109400 0.120500 0.120100
Cattle 0.078800 0.220500 0.080300 0.114400 0.070000 0.074500 0.070000 0.129900 0.070000 0.125500 0.078800 0.043900 0.077400 0.070100 0.079700 0.101800 0.078700 0.080200 0.078900 0.070000 0.080200 0.108800 0.110800 0.101000 0.088800 0.069600 0.067900 0.070000 0.109900 0.070000 0.125200 0.080500 0.158600 0.068100 0.069000 0.000000 0.088800 0.060300 0.080000 0.120600 0.121600 0.079500 0.137200 0.111600 0.000000 0.101300 0.103400 0.079200 0.090300 0.069300 0.070000 0.069700
RoyalAntel 0.077100 0.203000 0.078700 0.134600 0.068500 0.077600 0.058600 0.127500 0.068500 0.106300 0.108000 0.109600 0.077000 0.048400 0.058000 0.109600 0.087200 0.089000 0.077200 0.068500 0.057900 0.108400 0.108300 0.098900 0.118000 0.047900 0.067600 0.068500 0.086400 0.068500 0.106100 0.058400 0.194900 0.067800 0.067500 0.101300 0.117700 0.069100 0.057800 0.128800 0.118800 0.057500 0.117200 0.109100 0.101300 0.000000 0.079700 0.077500 0.047800 0.078600 0.068600 0.068300
Steenbok 0.078600 0.232000 0.101600 0.114800 0.049200 0.079200 0.059700 0.108700 0.091000 0.120100 0.110200 0.111800 0.078400 0.049400 0.079700 0.101100 0.088900 0.059200 0.078700 0.091000 0.059100 0.110600 0.121400 0.111700 0.120400 0.048800 0.069000 0.091000 0.088200 0.091000 0.120000 0.059500 0.163000 0.069200 0.068800 0.103400 0.120100 0.070500 0.059000 0.142500 0.132300 0.058600 0.131400 0.122400 0.103400 0.079700 0.000000 0.079000 0.069000 0.080200 0.091000 0.090700
Impala 0.056500 0.176500 0.057600 0.111100 0.047800 0.056900 0.057900 0.125500 0.047800 0.105500 0.086400 0.087700 0.056500 0.047900 0.057300 0.109000 0.066300 0.067600 0.056600 0.047800 0.057500 0.086600 0.107200 0.097800 0.096100 0.047500 0.047200 0.047800 0.085900 0.047800 0.105300 0.057700 0.146200 0.047400 0.028000 0.079200 0.096000 0.048200 0.057400 0.127300 0.096700 0.057000 0.116200 0.108000 0.079200 0.077500 0.079000 0.000000 0.067200 0.057600 0.047800 0.047700
Klipspring 0.066700 0.213800 0.068300 0.122800 0.062000 0.067200 0.068500 0.114100 0.078500 0.109600 0.093200 0.098600 0.057100 0.058300 0.067600 0.096600 0.076800 0.078300 0.066900 0.078500 0.047800 0.097500 0.118300 0.108900 0.103100 0.037900 0.057400 0.078500 0.076200 0.078500 0.109600 0.077500 0.182500 0.057600 0.057300 0.090300 0.104900 0.058600 0.047700 0.138900 0.128900 0.047400 0.120300 0.119200 0.090300 0.047800 0.069000 0.067200 0.000000 0.068100 0.078500 0.078300
ForestMusk 0.057200 0.178700 0.079100 0.112900 0.048500 0.057600 0.058800 0.126700 0.068800 0.106100 0.087500 0.088800 0.057200 0.048600 0.058000 0.110500 0.057200 0.058400 0.057400 0.068800 0.058300 0.086700 0.108500 0.099100 0.097400 0.048200 0.047900 0.068800 0.087000 0.068800 0.106200 0.058600 0.123500 0.048000 0.047800 0.069300 0.097100 0.048900 0.058200 0.118200 0.119000 0.057800 0.117100 0.109400 0.069300 0.078600 0.080200 0.057600 0.068100 0.000000 0.068900 0.068600
Bushbuck 0.067400 0.186800 0.009500 0.124300 0.058800 0.067900 0.048800 0.138100 0.000000 0.117600 0.098100 0.078600 0.067400 0.038800 0.068400 0.121700 0.077600 0.079100 0.067600 0.000000 0.068600 0.098500 0.119500 0.110000 0.108100 0.058300 0.058000 0.000000 0.097600 0.000000 0.117500 0.048700 0.160000 0.058100 0.057900 0.070000 0.107900 0.059300 0.068500 0.140200 0.108700 0.068100 0.128800 0.120500 0.070000 0.068600 0.091000 0.047800 0.078500 0.068900 0.000000 0.000100
GreaterKud 0.067200 0.186100 0.009400 0.123900 0.058500 0.067700 0.048600 0.137700 0.000000 0.117200 0.097800 0.078400 0.067200 0.038600 0.068100 0.121300 0.077300 0.078800 0.067300 0.000000 0.068400 0.098200 0.119200 0.109700 0.107800 0.058100 0.057800 0.000000 0.097300 0.000000 0.117100 0.048500 0.159600 0.057900 0.057700 0.069700 0.107500 0.059100 0.068300 0.139900 0.108400 0.067800 0.128300 0.120100 0.069700 0.068300 0.090700 0.047700 0.078300 0.068600 0.000100 0.000000
