1
52 1
Argali 0.000000 0.042400 0.014200 0.032500 0.011000 0.002200 0.008400 0.010600 0.017700 0.020500 0.008800 0.014500 0.007700 0.008300 0.010500 0.009900 0.020900 0.019700 0.008300 0.017000 0.011000 0.003800 0.019100 0.023200 0.007200 0.011600 0.008300 0.017100 0.012700 0.016500 0.020600 0.009900 0.023500 0.009400 0.006600 0.014000 0.003300 0.012500 0.009400 0.025200 0.020800 0.009900 0.020500 0.021500 0.014100 0.011400 0.011000 0.008800 0.009400 0.017900 0.016500 0.016500
LesserMous 0.042400 0.000000 0.043400 0.042100 0.044300 0.042300 0.043900 0.043600 0.047000 0.045800 0.045200 0.043900 0.042800 0.042700 0.043300 0.045100 0.047100 0.045200 0.043300 0.046400 0.046400 0.040600 0.045300 0.047900 0.043400 0.043900 0.043300 0.044700 0.047100 0.045200 0.045900 0.044000 0.045800 0.044600 0.040500 0.043200 0.039900 0.044700 0.044500 0.051400 0.046000 0.043900 0.045800 0.046400 0.044500 0.044900 0.047000 0.042300 0.041600 0.045300 0.044600 0.045800
LesserKudu 0.014200 0.043400 0.000000 0.035900 0.018300 0.014100 0.015600 0.017900 0.003300 0.025900 0.016100 0.012700 0.014900 0.015500 0.016800 0.017400 0.023600 0.022500 0.015500 0.002700 0.019700 0.012200 0.024200 0.028500 0.015500 0.019100 0.015500 0.002700 0.020800 0.002200 0.025900 0.017200 0.028200 0.016700 0.013900 0.013300 0.013800 0.019800 0.016800 0.030600 0.024800 0.017300 0.025900 0.026700 0.013200 0.020100 0.018500 0.014900 0.016600 0.023000 0.002200 0.002200
KillerWhal 0.032500 0.042100 0.035900 0.000000 0.035400 0.032400 0.033400 0.035200 0.038300 0.035900 0.034700 0.035800 0.031200 0.032300 0.034200 0.034400 0.036500 0.035400 0.032900 0.037700 0.036900 0.029700 0.034300 0.039100 0.031800 0.034400 0.032900 0.036500 0.039000 0.037100 0.035900 0.034700 0.037600 0.034100 0.030700 0.035300 0.030700 0.035700 0.032900 0.041300 0.034900 0.032200 0.035900 0.035900 0.036500 0.037200 0.034600 0.030000 0.032900 0.035800 0.037200 0.038300
DefassaWat 0.011000 0.044300 0.018300 0.035400 0.000000 0.011000 0.011000 0.010600 0.021800 0.023400 0.012200 0.017500 0.009900 0.010500 0.012800 0.011000 0.023100 0.021900 0.012700 0.021200 0.012100 0.009400 0.021700 0.027200 0.010500 0.012500 0.010500 0.021100 0.014000 0.020600 0.023400 0.012100 0.027600 0.011600 0.008800 0.017300 0.009900 0.001600 0.010500 0.028100 0.023400 0.011000 0.023400 0.025400 0.017400 0.012500 0.013400 0.011000 0.012700 0.020700 0.019500 0.020600
Sheep 0.002200 0.042300 0.014100 0.032400 0.011000 0.000000 0.008400 0.010600 0.017600 0.020500 0.008800 0.014500 0.007700 0.008200 0.010500 0.009900 0.020900 0.019700 0.008200 0.017000 0.011000 0.003800 0.019100 0.023200 0.007200 0.011600 0.008200 0.017000 0.012700 0.016400 0.020600 0.009900 0.023500 0.009400 0.006600 0.014000 0.003300 0.012500 0.009400 0.025400 0.020800 0.009900 0.020500 0.021500 0.014100 0.011400 0.011000 0.008800 0.009400 0.017900 0.016500 0.016400
MaxwellsDu 0.008400 0.043900 0.015600 0.033400 0.011000 0.008400 0.000000 0.010400 0.019000 0.021700 0.011200 0.014800 0.008800 0.004400 0.011500 0.009900 0.021400 0.019300 0.009400 0.018400 0.012100 0.006600 0.021200 0.025400 0.009500 0.011500 0.009300 0.018400 0.013800 0.017800 0.021700 0.005500 0.024600 0.010500 0.007700 0.014500 0.007800 0.012500 0.009300 0.026400 0.022900 0.009900 0.021700 0.023600 0.014900 0.012600 0.012100 0.008800 0.011200 0.017100 0.017200 0.017900
GazellaPrz 0.010600 0.043600 0.017900 0.035200 0.010600 0.010600 0.010400 0.000000 0.021900 0.022400 0.011800 0.015800 0.009400 0.010100 0.013500 0.009500 0.022400 0.021200 0.012300 0.021000 0.010700 0.009000 0.020700 0.025000 0.010100 0.011200 0.009900 0.021200 0.013500 0.020400 0.022500 0.010500 0.026300 0.011000 0.008300 0.015700 0.009500 0.012100 0.009900 0.027100 0.022400 0.009500 0.022400 0.023200 0.014500 0.013100 0.012700 0.010100 0.012100 0.020500 0.019300 0.020400
MountainNy 0.017700 0.047000 0.003300 0.038300 0.021800 0.017600 0.019000 0.021900 0.000000 0.029400 0.019500 0.016100 0.017200 0.018900 0.020400 0.020800 0.027300 0.026300 0.018900 0.002700 0.023400 0.015500 0.027700 0.032000 0.017800 0.022500 0.018900 0.002700 0.024800 0.002200 0.029400 0.020800 0.030600 0.020100 0.017300 0.016700 0.017200 0.023300 0.020200 0.033000 0.027200 0.021000 0.029400 0.029100 0.016900 0.023600 0.022000 0.017200 0.018900 0.026500 0.003300 0.003300
MuntiacusM 0.020500 0.045800 0.025900 0.035900 0.023400 0.020500 0.021700 0.022400 0.029400 0.000000 0.024100 0.024100 0.020600 0.022300 0.023400 0.024000 0.025700 0.024500 0.021800 0.028800 0.025100 0.020100 0.003900 0.014500 0.022300 0.025100 0.021200 0.028800 0.027400 0.028200 0.001100 0.023000 0.027500 0.022300 0.020700 0.024600 0.018800 0.024900 0.023400 0.015600 0.005500 0.024000 0.001100 0.012800 0.024600 0.025200 0.025200 0.021700 0.022400 0.024200 0.027100 0.028300
goat 0.008800 0.045200 0.016100 0.034700 0.012200 0.008800 0.011200 0.011800 0.019500 0.024100 0.000000 0.016700 0.008800 0.010500 0.012700 0.011000 0.023000 0.021800 0.010500 0.018900 0.013300 0.007200 0.022400 0.026600 0.003800 0.012700 0.009400 0.018900 0.015000 0.018300 0.024100 0.012100 0.025800 0.010500 0.007700 0.015500 0.007700 0.013600 0.010500 0.028800 0.024100 0.011000 0.024100 0.024800 0.015700 0.013700 0.013300 0.009900 0.011600 0.020000 0.017200 0.018400
AfricanBuf 0.014500 0.043900 0.012700 0.035800 0.017500 0.014500 0.014800 0.015800 0.016100 0.024100 0.016700 0.000000 0.014400 0.014700 0.016100 0.016300 0.024000 0.022900 0.016100 0.015500 0.017500 0.012700 0.022400 0.025400 0.015000 0.018000 0.014900 0.015500 0.020300 0.015000 0.024100 0.016300 0.025800 0.016100 0.013300 0.006100 0.013300 0.019000 0.015700 0.027600 0.024100 0.016300 0.024100 0.023700 0.007200 0.019000 0.017500 0.014400 0.016700 0.021100 0.013900 0.015000
Topi 0.007700 0.042800 0.014900 0.031200 0.009900 0.007700 0.008800 0.009400 0.017200 0.020600 0.008800 0.014400 0.000000 0.008200 0.010600 0.008800 0.019500 0.018400 0.008300 0.016600 0.011000 0.006000 0.019000 0.023100 0.006000 0.010500 0.001600 0.016600 0.012900 0.016100 0.020600 0.009900 0.023500 0.002700 0.004400 0.013800 0.006600 0.011400 0.008200 0.025300 0.019500 0.008900 0.020600 0.020200 0.013800 0.011400 0.011000 0.006600 0.009400 0.016600 0.016100 0.017200
CommonDuik 0.008300 0.042700 0.015500 0.032300 0.010500 0.008200 0.004400 0.010100 0.018900 0.022300 0.010500 0.014700 0.008200 0.000000 0.011000 0.009400 0.021100 0.018800 0.008800 0.018300 0.011800 0.006600 0.020700 0.024800 0.008800 0.010400 0.008800 0.018300 0.013500 0.017700 0.022300 0.004700 0.024000 0.009900 0.007200 0.014400 0.007200 0.011900 0.008800 0.025900 0.022400 0.008800 0.022300 0.023100 0.014400 0.012000 0.011600 0.008200 0.011000 0.016600 0.016600 0.017900
Suni 0.010500 0.043300 0.016800 0.034200 0.012800 0.010500 0.011500 0.013500 0.020400 0.023400 0.012700 0.016100 0.010600 0.011000 0.000000 0.012700 0.021700 0.020500 0.012100 0.019800 0.015100 0.008800 0.021800 0.025900 0.011200 0.014300 0.011000 0.019800 0.016800 0.019200 0.023400 0.012900 0.025900 0.012100 0.009400 0.015500 0.009400 0.014300 0.012100 0.027000 0.023600 0.012600 0.023400 0.024400 0.015500 0.014200 0.014900 0.010600 0.013300 0.019400 0.018000 0.019100
Springbuck 0.009900 0.045100 0.017400 0.034400 0.011000 0.009900 0.009900 0.009500 0.020800 0.024000 0.011000 0.016300 0.008800 0.009400 0.012700 0.000000 0.023000 0.021800 0.011600 0.020200 0.011000 0.007700 0.022400 0.026500 0.009400 0.010500 0.009400 0.020200 0.007200 0.019600 0.024000 0.011000 0.025700 0.010500 0.007700 0.016100 0.008800 0.012500 0.009400 0.028700 0.024100 0.008800 0.024000 0.024800 0.016200 0.012500 0.012100 0.009500 0.010500 0.020100 0.018500 0.019700
Okapi 0.020900 0.047100 0.023600 0.036500 0.023100 0.020900 0.021400 0.022400 0.027300 0.025700 0.023000 0.024000 0.019500 0.021100 0.021700 0.023000 0.000000 0.006600 0.022400 0.026500 0.024900 0.019100 0.024100 0.028300 0.021300 0.023000 0.020000 0.025500 0.027200 0.026100 0.025800 0.023000 0.027500 0.021200 0.019500 0.024600 0.019600 0.024900 0.022200 0.030400 0.024700 0.021800 0.025700 0.026500 0.022200 0.024400 0.024000 0.020500 0.023400 0.021200 0.024800 0.026100
Giraffe 0.019700 0.045200 0.022500 0.035400 0.021900 0.019700 0.019300 0.021200 0.026300 0.024500 0.021800 0.022900 0.018400 0.018800 0.020500 0.021800 0.006600 0.000000 0.020100 0.025600 0.023600 0.017900 0.022900 0.027000 0.020300 0.022900 0.018800 0.024500 0.026000 0.024100 0.024500 0.020600 0.025900 0.020000 0.018300 0.023500 0.018400 0.023500 0.021000 0.029300 0.023600 0.021800 0.024500 0.025500 0.022300 0.022000 0.022800 0.018400 0.022200 0.018900 0.023600 0.024900
TibetanAnt 0.008300 0.043300 0.015500 0.032900 0.012700 0.008200 0.009400 0.012300 0.018900 0.021800 0.010500 0.016100 0.008300 0.008800 0.012100 0.011600 0.022400 0.020100 0.000000 0.018300 0.013900 0.005500 0.020700 0.024800 0.008800 0.013200 0.008800 0.018300 0.015500 0.017700 0.021800 0.010500 0.025100 0.010000 0.007200 0.015600 0.007200 0.014200 0.011000 0.027000 0.022400 0.011000 0.021700 0.023100 0.015800 0.014100 0.013800 0.009300 0.012100 0.017200 0.016600 0.017800
Sitatunga 0.017000 0.046400 0.002700 0.037700 0.021200 0.017000 0.018400 0.021000 0.002700 0.028800 0.018900 0.015500 0.016600 0.018300 0.019800 0.020200 0.026500 0.025600 0.018300 0.000000 0.022800 0.014900 0.027100 0.031400 0.017200 0.021900 0.018300 0.002200 0.024100 0.001600 0.028800 0.020200 0.029900 0.019500 0.016700 0.016100 0.016600 0.022700 0.019600 0.032400 0.026600 0.020400 0.028800 0.028500 0.016000 0.023000 0.021400 0.016600 0.018300 0.026000 0.001600 0.002200
Oribi 0.011000 0.046400 0.019700 0.036900 0.012100 0.011000 0.012100 0.010700 0.023400 0.025100 0.013300 0.017500 0.011000 0.011800 0.015100 0.011000 0.024900 0.023600 0.013900 0.022800 0.000000 0.010500 0.024800 0.027900 0.011600 0.013000 0.011600 0.022800 0.013800 0.021900 0.025100 0.012100 0.026900 0.012700 0.009900 0.017400 0.009900 0.013600 0.011600 0.030000 0.026500 0.011000 0.025100 0.026100 0.017600 0.014800 0.014400 0.011700 0.013800 0.022200 0.021100 0.020800
BarbaryShe 0.003800 0.040600 0.012200 0.029700 0.009400 0.003800 0.006600 0.009000 0.015500 0.020100 0.007200 0.012700 0.006000 0.006600 0.008800 0.007700 0.019100 0.017900 0.005500 0.014900 0.010500 0.000000 0.018400 0.022600 0.005500 0.009900 0.006600 0.014900 0.012200 0.014400 0.020100 0.008200 0.022900 0.007700 0.005000 0.011800 0.003800 0.010800 0.007700 0.024700 0.020100 0.008200 0.020100 0.020800 0.012300 0.010800 0.010500 0.007100 0.008800 0.016100 0.014400 0.014400
Daviddeer 0.019100 0.045300 0.024200 0.034300 0.021700 0.019100 0.021200 0.020700 0.027700 0.003900 0.022400 0.022400 0.019000 0.020700 0.021800 0.022400 0.024100 0.022900 0.020700 0.027100 0.024800 0.018400 0.000000 0.012800 0.020700 0.023500 0.019500 0.027100 0.025900 0.026600 0.003900 0.021300 0.024700 0.020700 0.019000 0.022900 0.017300 0.023100 0.020700 0.014000 0.002800 0.022300 0.003900 0.011100 0.022900 0.023600 0.023500 0.020100 0.020700 0.022500 0.025400 0.026600
Reindeer 0.023200 0.047900 0.028500 0.039100 0.027200 0.023200 0.025400 0.025000 0.032000 0.014500 0.026600 0.025400 0.023100 0.024800 0.025900 0.026500 0.028300 0.027000 0.024800 0.031400 0.027900 0.022600 0.012800 0.000000 0.024800 0.027700 0.023700 0.031400 0.030100 0.030800 0.014500 0.025500 0.028800 0.024900 0.023200 0.026000 0.021400 0.028700 0.025400 0.013400 0.014500 0.026500 0.014500 0.007200 0.026000 0.028100 0.027700 0.024200 0.024900 0.026700 0.029700 0.030800
Ibex 0.007200 0.043400 0.015500 0.031800 0.010500 0.007200 0.009500 0.010100 0.017800 0.022300 0.003800 0.015000 0.006000 0.008800 0.011200 0.009400 0.021300 0.020300 0.008800 0.017200 0.011600 0.005500 0.020700 0.024800 0.000000 0.011000 0.007700 0.017200 0.013500 0.016600 0.022300 0.010500 0.022900 0.008800 0.006100 0.014400 0.006100 0.011900 0.008800 0.027000 0.021300 0.009500 0.022300 0.022000 0.014500 0.012000 0.011600 0.007100 0.009900 0.018300 0.016700 0.017800
GyrantGaze 0.011600 0.043900 0.019100 0.034400 0.012500 0.011600 0.011500 0.011200 0.022500 0.025100 0.012700 0.018000 0.010500 0.010400 0.014300 0.010500 0.023000 0.022900 0.013200 0.021900 0.013000 0.009900 0.023500 0.027700 0.011000 0.000000 0.009900 0.021900 0.015000 0.021300 0.025200 0.012700 0.026800 0.011000 0.009400 0.017700 0.010500 0.014000 0.011000 0.029800 0.025200 0.007100 0.025100 0.025900 0.016800 0.014200 0.013800 0.011200 0.013200 0.020000 0.020200 0.021300
Hartebeest 0.008300 0.043300 0.015500 0.032900 0.010500 0.008200 0.009300 0.009900 0.018900 0.021200 0.009400 0.014900 0.001600 0.008800 0.011000 0.009400 0.020000 0.018800 0.008800 0.018300 0.011600 0.006600 0.019500 0.023700 0.007700 0.009900 0.000000 0.018300 0.013300 0.017700 0.021200 0.010500 0.024000 0.001100 0.004900 0.014400 0.007200 0.011900 0.008800 0.025800 0.021200 0.009300 0.021200 0.021900 0.014400 0.012000 0.011600 0.008200 0.009900 0.016000 0.016600 0.017700
Bongo 0.017100 0.044700 0.002700 0.036500 0.021100 0.017000 0.018400 0.021200 0.002700 0.028800 0.018900 0.015500 0.016600 0.018300 0.019800 0.020200 0.025500 0.024500 0.018300 0.002200 0.022800 0.014900 0.027100 0.031400 0.017200 0.021900 0.018300 0.000000 0.024100 0.001600 0.028800 0.020200 0.028800 0.019500 0.016700 0.016100 0.016600 0.022700 0.019600 0.032400 0.026500 0.020400 0.028800 0.028400 0.016300 0.023000 0.021300 0.016600 0.018300 0.025900 0.002700 0.002700
Gerenuk 0.012700 0.047100 0.020800 0.039000 0.014000 0.012700 0.013800 0.013500 0.024800 0.027400 0.015000 0.020300 0.012900 0.013500 0.016800 0.007200 0.027200 0.026000 0.015500 0.024100 0.013800 0.012200 0.025900 0.030100 0.013500 0.015000 0.013300 0.024100 0.000000 0.023300 0.027400 0.013800 0.028900 0.014400 0.011600 0.020300 0.011600 0.015400 0.013300 0.032400 0.027900 0.013800 0.027400 0.028500 0.020400 0.016500 0.016100 0.014000 0.014400 0.024000 0.022200 0.023100
CommonElan 0.016500 0.045200 0.002200 0.037100 0.020600 0.016400 0.017800 0.020400 0.002200 0.028200 0.018300 0.015000 0.016100 0.017700 0.019200 0.019600 0.026100 0.024100 0.017700 0.001600 0.021900 0.014400 0.026600 0.030800 0.016600 0.021300 0.017700 0.001600 0.023300 0.000000 0.028200 0.019400 0.029400 0.019000 0.016100 0.015500 0.016100 0.022100 0.019100 0.031800 0.026000 0.019800 0.028200 0.027900 0.015700 0.022400 0.020800 0.016000 0.017700 0.025300 0.002200 0.002200
MuntiacusR 0.020600 0.045900 0.025900 0.035900 0.023400 0.020600 0.021700 0.022500 0.029400 0.001100 0.024100 0.024100 0.020600 0.022300 0.023400 0.024000 0.025800 0.024500 0.021800 0.028800 0.025100 0.020100 0.003900 0.014500 0.022300 0.025200 0.021200 0.028800 0.027400 0.028200 0.000000 0.023000 0.027500 0.022400 0.020700 0.024600 0.018800 0.024900 0.023500 0.015600 0.005500 0.024000 0.001100 0.012800 0.024600 0.025200 0.025200 0.021700 0.022400 0.024200 0.027100 0.028300
HarveysDui 0.009900 0.044000 0.017200 0.034700 0.012100 0.009900 0.005500 0.010500 0.020800 0.023000 0.012100 0.016300 0.009900 0.004700 0.012900 0.011000 0.023000 0.020600 0.010500 0.020200 0.012100 0.008200 0.021300 0.025500 0.010500 0.012700 0.010500 0.020200 0.013800 0.019400 0.023000 0.000000 0.025800 0.011600 0.008800 0.016300 0.008800 0.013600 0.010400 0.026600 0.023000 0.011000 0.023000 0.023800 0.016300 0.013700 0.013200 0.009900 0.012700 0.017700 0.018600 0.019600
Pronghorn 0.023500 0.045800 0.028200 0.037600 0.027600 0.023500 0.024600 0.026300 0.030600 0.027500 0.025800 0.025800 0.023500 0.024000 0.025900 0.025700 0.027500 0.025900 0.025100 0.029900 0.026900 0.022900 0.024700 0.028800 0.022900 0.026800 0.024000 0.028800 0.028900 0.029400 0.027500 0.025800 0.000000 0.025200 0.022400 0.026300 0.021200 0.029100 0.026300 0.031200 0.023600 0.027000 0.027500 0.025900 0.026300 0.028400 0.028000 0.022300 0.024600 0.024600 0.029400 0.030500
BlueWildeb 0.009400 0.044600 0.016700 0.034100 0.011600 0.009400 0.010500 0.011000 0.020100 0.022300 0.010500 0.016100 0.002700 0.009900 0.012100 0.010500 0.021200 0.020000 0.010000 0.019500 0.012700 0.007700 0.020700 0.024900 0.008800 0.011000 0.001100 0.019500 0.014400 0.019000 0.022400 0.011600 0.025200 0.000000 0.006100 0.015500 0.008300 0.013100 0.009900 0.027000 0.022400 0.010500 0.022300 0.023100 0.015500 0.013100 0.012700 0.009400 0.011000 0.017200 0.017900 0.019000
Gemsbok 0.006600 0.040500 0.013900 0.030700 0.008800 0.006600 0.007700 0.008300 0.017300 0.020700 0.007700 0.013300 0.004400 0.007200 0.009400 0.007700 0.019500 0.018300 0.007200 0.016700 0.009900 0.005000 0.019000 0.023200 0.006100 0.009400 0.004900 0.016700 0.011600 0.016100 0.020700 0.008800 0.022400 0.006100 0.000000 0.012700 0.005500 0.010300 0.007200 0.025300 0.020700 0.007700 0.020700 0.021400 0.012700 0.010300 0.009900 0.006600 0.008300 0.015700 0.015000 0.016100
Yak 0.014000 0.043200 0.013300 0.035300 0.017300 0.014000 0.014500 0.015700 0.016700 0.024600 0.015500 0.006100 0.013800 0.014400 0.015500 0.016100 0.024600 0.023500 0.015600 0.016100 0.017400 0.011800 0.022900 0.026000 0.014400 0.017700 0.014400 0.016100 0.020300 0.015500 0.024600 0.016300 0.026300 0.015500 0.012700 0.000000 0.012700 0.018800 0.015500 0.028100 0.024700 0.016200 0.024600 0.024100 0.002200 0.018800 0.017300 0.013800 0.016100 0.020500 0.014400 0.015500
BlueSheep 0.003300 0.039900 0.013800 0.030700 0.009900 0.003300 0.007800 0.009500 0.017200 0.018800 0.007700 0.013300 0.006600 0.007200 0.009400 0.008800 0.019600 0.018400 0.007200 0.016600 0.009900 0.003800 0.017300 0.021400 0.006100 0.010500 0.007200 0.016600 0.011600 0.016100 0.018800 0.008800 0.021200 0.008300 0.005500 0.012700 0.000000 0.011400 0.008300 0.023600 0.019000 0.008800 0.018700 0.019700 0.012900 0.010300 0.009900 0.007700 0.008300 0.016600 0.015000 0.016100
BohorReedb 0.012500 0.044700 0.019800 0.035700 0.001600 0.012500 0.012500 0.012100 0.023300 0.024900 0.013600 0.019000 0.011400 0.011900 0.014300 0.012500 0.024900 0.023500 0.014200 0.022700 0.013600 0.010800 0.023100 0.028700 0.011900 0.014000 0.011900 0.022700 0.015400 0.022100 0.024900 0.013600 0.029100 0.013100 0.010300 0.018800 0.011400 0.000000 0.011900 0.029600 0.024900 0.012400 0.024800 0.026900 0.018900 0.014200 0.014900 0.012400 0.014200 0.022400 0.021000 0.022100
KirksDik 0.009400 0.044500 0.016800 0.032900 0.010500 0.009400 0.009300 0.009900 0.020200 0.023400 0.010500 0.015700 0.008200 0.008800 0.012100 0.009400 0.022200 0.021000 0.011000 0.019600 0.011600 0.007700 0.020700 0.025400 0.008800 0.011000 0.008800 0.019600 0.013300 0.019100 0.023500 0.010400 0.026300 0.009900 0.007200 0.015500 0.008300 0.011900 0.000000 0.028100 0.023500 0.009300 0.023400 0.024200 0.015500 0.012000 0.008300 0.009300 0.011000 0.019000 0.018000 0.019100
RoeDeer 0.025200 0.051400 0.030600 0.041300 0.028100 0.025400 0.026400 0.027100 0.033000 0.015600 0.028800 0.027600 0.025300 0.025900 0.027000 0.028700 0.030400 0.029300 0.027000 0.032400 0.030000 0.024700 0.014000 0.013400 0.027000 0.029800 0.025800 0.032400 0.032400 0.031800 0.015600 0.026600 0.031200 0.027000 0.025300 0.028100 0.023600 0.029600 0.028100 0.000000 0.015700 0.028600 0.015600 0.012800 0.028100 0.029100 0.029900 0.026400 0.026700 0.028900 0.030700 0.031800
WhiteLippe 0.020800 0.046000 0.024800 0.034900 0.023400 0.020800 0.022900 0.022400 0.027200 0.005500 0.024100 0.024100 0.019500 0.022400 0.023600 0.024100 0.024700 0.023600 0.022400 0.026600 0.026500 0.020100 0.002800 0.014500 0.021300 0.025200 0.021200 0.026500 0.027900 0.026000 0.005500 0.023000 0.023600 0.022400 0.020700 0.024700 0.019000 0.024900 0.023500 0.015700 0.000000 0.024200 0.005500 0.011700 0.024600 0.025300 0.025200 0.020600 0.022400 0.024200 0.026000 0.027100
ThomsonGaz 0.009900 0.043900 0.017300 0.032200 0.011000 0.009900 0.009900 0.009500 0.021000 0.024000 0.011000 0.016300 0.008900 0.008800 0.012600 0.008800 0.021800 0.021800 0.011000 0.020400 0.011000 0.008200 0.022300 0.026500 0.009500 0.007100 0.009300 0.020400 0.013800 0.019800 0.024000 0.011000 0.027000 0.010500 0.007700 0.016200 0.008800 0.012400 0.009300 0.028600 0.024200 0.000000 0.024000 0.024900 0.015200 0.012500 0.011000 0.009600 0.011600 0.019900 0.018500 0.019600
MuntiacusC 0.020500 0.045800 0.025900 0.035900 0.023400 0.020500 0.021700 0.022400 0.029400 0.001100 0.024100 0.024100 0.020600 0.022300 0.023400 0.024000 0.025700 0.024500 0.021700 0.028800 0.025100 0.020100 0.003900 0.014500 0.022300 0.025100 0.021200 0.028800 0.027400 0.028200 0.001100 0.023000 0.027500 0.022300 0.020700 0.024600 0.018700 0.024800 0.023400 0.015600 0.005500 0.024000 0.000000 0.012800 0.024600 0.025200 0.025200 0.021700 0.022300 0.024200 0.027100 0.028200
WhiteTaile 0.021500 0.046400 0.026700 0.035900 0.025400 0.021500 0.023600 0.023200 0.029100 0.012800 0.024800 0.023700 0.020200 0.023100 0.024400 0.024800 0.026500 0.025500 0.023100 0.028500 0.026100 0.020800 0.011100 0.007200 0.022000 0.025900 0.021900 0.028400 0.028500 0.027900 0.012800 0.023800 0.025900 0.023100 0.021400 0.024100 0.019700 0.026900 0.024200 0.012800 0.011700 0.024900 0.012800 0.000000 0.024200 0.026300 0.026000 0.021300 0.023100 0.025000 0.027900 0.029000
Cattle 0.014100 0.044500 0.013200 0.036500 0.017400 0.014100 0.014900 0.014500 0.016900 0.024600 0.015700 0.007200 0.013800 0.014400 0.015500 0.016200 0.022200 0.022300 0.015800 0.016000 0.017600 0.012300 0.022900 0.026000 0.014500 0.016800 0.014400 0.016300 0.020400 0.015700 0.024600 0.016300 0.026300 0.015500 0.012700 0.002200 0.012900 0.018900 0.015500 0.028100 0.024600 0.015200 0.024600 0.024200 0.000000 0.018700 0.017300 0.013800 0.016600 0.020500 0.014400 0.015700
RoyalAntel 0.011400 0.044900 0.020100 0.037200 0.012500 0.011400 0.012600 0.013100 0.023600 0.025200 0.013700 0.019000 0.011400 0.012000 0.014200 0.012500 0.024400 0.022000 0.014100 0.023000 0.014800 0.010800 0.023600 0.028100 0.012000 0.014200 0.012000 0.023000 0.016500 0.022400 0.025200 0.013700 0.028400 0.013100 0.010300 0.018800 0.010300 0.014200 0.012000 0.029100 0.025300 0.012500 0.025200 0.026300 0.018700 0.000000 0.013700 0.012500 0.011700 0.022700 0.021300 0.022400
Steenbok 0.011000 0.047000 0.018500 0.034600 0.013400 0.011000 0.012100 0.012700 0.022000 0.025200 0.013300 0.017500 0.011000 0.011600 0.014900 0.012100 0.024000 0.022800 0.013800 0.021400 0.014400 0.010500 0.023500 0.027700 0.011600 0.013800 0.011600 0.021300 0.016100 0.020800 0.025200 0.013200 0.028000 0.012700 0.009900 0.017300 0.009900 0.014900 0.008300 0.029900 0.025200 0.011000 0.025200 0.026000 0.017300 0.013700 0.000000 0.011000 0.012700 0.022500 0.019700 0.020800
Impala 0.008800 0.042300 0.014900 0.030000 0.011000 0.008800 0.008800 0.010100 0.017200 0.021700 0.009900 0.014400 0.006600 0.008200 0.010600 0.009500 0.020500 0.018400 0.009300 0.016600 0.011700 0.007100 0.020100 0.024200 0.007100 0.011200 0.008200 0.016600 0.014000 0.016000 0.021700 0.009900 0.022300 0.009400 0.006600 0.013800 0.007700 0.012400 0.009300 0.026400 0.020600 0.009600 0.021700 0.021300 0.013800 0.012500 0.011000 0.000000 0.010500 0.016600 0.016000 0.017200
Klipspring 0.009400 0.041600 0.016600 0.032900 0.012700 0.009400 0.011200 0.012100 0.018900 0.022400 0.011600 0.016700 0.009400 0.011000 0.013300 0.010500 0.023400 0.022200 0.012100 0.018300 0.013800 0.008800 0.020700 0.024900 0.009900 0.013200 0.009900 0.018300 0.014400 0.017700 0.022400 0.012700 0.024600 0.011000 0.008300 0.016100 0.008300 0.014200 0.011000 0.026700 0.022400 0.011600 0.022300 0.023100 0.016600 0.011700 0.012700 0.010500 0.000000 0.020600 0.016600 0.017800
ForestMusk 0.017900 0.045300 0.023000 0.035800 0.020700 0.017900 0.017100 0.020500 0.026500 0.024200 0.020000 0.021100 0.016600 0.016600 0.019400 0.020100 0.021200 0.018900 0.017200 0.026000 0.022200 0.016100 0.022500 0.026700 0.018300 0.020000 0.016000 0.025900 0.024000 0.025300 0.024200 0.017700 0.024600 0.017200 0.015700 0.020500 0.016600 0.022400 0.019000 0.028900 0.024200 0.019900 0.024200 0.025000 0.020500 0.022700 0.022500 0.016600 0.020600 0.000000 0.024200 0.025500
Bushbuck 0.016500 0.044600 0.002200 0.037200 0.019500 0.016500 0.017200 0.019300 0.003300 0.027100 0.017200 0.013900 0.016100 0.016600 0.018000 0.018500 0.024800 0.023600 0.016600 0.001600 0.021100 0.014400 0.025400 0.029700 0.016700 0.020200 0.016600 0.002700 0.022200 0.002200 0.027100 0.018600 0.029400 0.017900 0.015000 0.014400 0.015000 0.021000 0.018000 0.030700 0.026000 0.018500 0.027100 0.027900 0.014400 0.021300 0.019700 0.016000 0.016600 0.024200 0.000000 0.002200
GreaterKud 0.016500 0.045800 0.002200 0.038300 0.020600 0.016400 0.017900 0.020400 0.003300 0.028300 0.018400 0.015000 0.017200 0.017900 0.019100 0.019700 0.026100 0.024900 0.017800 0.002200 0.020800 0.014400 0.026600 0.030800 0.017800 0.021300 0.017700 0.002700 0.023100 0.002200 0.028300 0.019600 0.030500 0.019000 0.016100 0.015500 0.016100 0.022100 0.019100 0.031800 0.027100 0.019600 0.028200 0.029000 0.015700 0.022400 0.020800 0.017200 0.017800 0.025500 0.002200 0.000000
