1
52 1
Argali 0.000000 0.000300 0.000000 0.033900 0.000300 0.000000 0.000000 0.000200 0.000000 0.000200 0.000000 0.000000 0.000000 0.000000 0.000100 0.000000 0.000200 0.000200 0.000000 0.000000 0.000000 0.000000 0.000200 0.000200 0.000000 0.000200 0.000000 0.000000 0.000000 0.000000 0.000200 0.033700 0.000200 0.000000 0.000000 0.000000 0.000000 0.000000 0.000000 0.000200 0.000200 0.000200 0.000200 0.000200 0.000000 0.000000 0.000200 0.000000 0.069500 0.000000 0.000000 0.000000
LesserMous 0.000300 0.000000 0.000300 0.033700 0.000700 0.000300 0.000300 0.000600 0.000300 0.000600 0.000300 0.000300 0.000300 0.000300 0.000500 0.000300 0.000600 0.000600 0.000300 0.000300 0.000300 0.000300 0.000600 0.000600 0.000300 0.000600 0.000300 0.000300 0.000300 0.000300 0.000600 0.033900 0.000600 0.000300 0.000300 0.000300 0.000300 0.000300 0.000300 0.000600 0.000600 0.000600 0.000600 0.000600 0.000300 0.000300 0.000600 0.000300 0.070200 0.000300 0.000300 0.000300
LesserKudu 0.000000 0.000300 0.000000 0.033900 0.000300 0.000000 0.000000 0.000200 0.000000 0.000200 0.000000 0.000000 0.000000 0.000000 0.000100 0.000000 0.000200 0.000200 0.000000 0.000000 0.000000 0.000000 0.000200 0.000200 0.000000 0.000200 0.000000 0.000000 0.000000 0.000000 0.000200 0.033700 0.000200 0.000000 0.000000 0.000000 0.000000 0.000000 0.000000 0.000200 0.000200 0.000200 0.000200 0.000200 0.000000 0.000000 0.000200 0.000000 0.069500 0.000000 0.000000 0.000000
KillerWhal 0.033900 0.033700 0.033900 0.000000 0.034600 0.033900 0.033900 0.033400 0.033900 0.033500 0.033900 0.033900 0.033900 0.033900 0.035100 0.033900 0.033500 0.033500 0.033900 0.033900 0.033900 0.033900 0.033500 0.033500 0.033900 0.033600 0.033900 0.033900 0.033900 0.033900 0.033500 0.000100 0.033900 0.033900 0.033900 0.033900 0.033900 0.033900 0.033900 0.033500 0.033500 0.033600 0.033500 0.033500 0.033900 0.033900 0.034900 0.033900 0.110700 0.033900 0.033900 0.033900
DefassaWat 0.000300 0.000700 0.000300 0.034600 0.000000 0.000300 0.000300 0.000200 0.000300 0.000600 0.000300 0.000300 0.000300 0.000300 0.000100 0.000300 0.000600 0.000600 0.000300 0.000300 0.000300 0.000300 0.000600 0.000600 0.000300 0.000600 0.000300 0.000300 0.000300 0.000300 0.000600 0.034600 0.000500 0.000300 0.000300 0.000300 0.000300 0.000300 0.000300 0.000600 0.000600 0.000600 0.000600 0.000600 0.000300 0.000300 0.000500 0.000300 0.071200 0.000300 0.000300 0.000300
Sheep 0.000000 0.000300 0.000000 0.033900 0.000300 0.000000 0.000000 0.000200 0.000000 0.000200 0.000000 0.000000 0.000000 0.000000 0.000100 0.000000 0.000200 0.000200 0.000000 0.000000 0.000000 0.000000 0.000200 0.000200 0.000000 0.000200 0.000000 0.000000 0.000000 0.000000 0.000200 0.033700 0.000200 0.000000 0.000000 0.000000 0.000000 0.000000 0.000000 0.000200 0.000200 0.000200 0.000200 0.000200 0.000000 0.000000 0.000200 0.000000 0.069500 0.000000 0.000000 0.000000
MaxwellsDu 0.000000 0.000300 0.000000 0.033900 0.000300 0.000000 0.000000 0.000200 0.000000 0.000200 0.000000 0.000000 0.000000 0.000000 0.000100 0.000000 0.000200 0.000200 0.000000 0.000000 0.000000 0.000000 0.000200 0.000200 0.000000 0.000200 0.000000 0.000000 0.000000 0.000000 0.000200 0.033700 0.000200 0.000000 0.000000 0.000000 0.000000 0.000000 0.000000 0.000200 0.000200 0.000200 0.000200 0.000200 0.000000 0.000000 0.000200 0.000000 0.069500 0.000000 0.000000 0.000000
GazellaPrz 0.000200 0.000600 0.000200 0.033400 0.000200 0.000200 0.000200 0.000000 0.000200 0.000400 0.000200 0.000200 0.000200 0.000200 0.000300 0.000200 0.000400 0.000400 0.000200 0.000200 0.000200 0.000200 0.000400 0.000400 0.000200 0.000400 0.000200 0.000200 0.000200 0.000200 0.000400 0.033400 0.000400 0.000200 0.000200 0.000200 0.000200 0.000200 0.000200 0.000400 0.000400 0.000400 0.000400 0.000400 0.000200 0.000200 0.000400 0.000200 0.068900 0.000200 0.000200 0.000200
MountainNy 0.000000 0.000300 0.000000 0.033900 0.000300 0.000000 0.000000 0.000200 0.000000 0.000200 0.000000 0.000000 0.000000 0.000000 0.000100 0.000000 0.000200 0.000200 0.000000 0.000000 0.000000 0.000000 0.000200 0.000200 0.000000 0.000200 0.000000 0.000000 0.000000 0.000000 0.000200 0.033700 0.000200 0.000000 0.000000 0.000000 0.000000 0.000000 0.000000 0.000200 0.000200 0.000200 0.000200 0.000200 0.000000 0.000000 0.000200 0.000000 0.069500 0.000000 0.000000 0.000000
MuntiacusM 0.000200 0.000600 0.000200 0.033500 0.000600 0.000200 0.000200 0.000400 0.000200 0.000000 0.000200 0.000200 0.000200 0.000200 0.000300 0.000200 0.000400 0.000400 0.000200 0.000200 0.000200 0.000200 0.000000 0.000000 0.000200 0.000400 0.000200 0.000200 0.000200 0.000200 0.000000 0.033500 0.000400 0.000200 0.000200 0.000200 0.000200 0.000200 0.000200 0.000000 0.000000 0.000400 0.000000 0.000000 0.000200 0.000200 0.000400 0.000200 0.069000 0.000200 0.000200 0.000200
goat 0.000000 0.000300 0.000000 0.033900 0.000300 0.000000 0.000000 0.000200 0.000000 0.000200 0.000000 0.000000 0.000000 0.000000 0.000100 0.000000 0.000200 0.000200 0.000000 0.000000 0.000000 0.000000 0.000200 0.000200 0.000000 0.000200 0.000000 0.000000 0.000000 0.000000 0.000200 0.033700 0.000200 0.000000 0.000000 0.000000 0.000000 0.000000 0.000000 0.000200 0.000200 0.000200 0.000200 0.000200 0.000000 0.000000 0.000200 0.000000 0.069500 0.000000 0.000000 0.000000
AfricanBuf 0.000000 0.000300 0.000000 0.033900 0.000300 0.000000 0.000000 0.000200 0.000000 0.000200 0.000000 0.000000 0.000000 0.000000 0.000100 0.000000 0.000200 0.000200 0.000000 0.000000 0.000000 0.000000 0.000200 0.000200 0.000000 0.000200 0.000000 0.000000 0.000000 0.000000 0.000200 0.033700 0.000200 0.000000 0.000000 0.000000 0.000000 0.000000 0.000000 0.000200 0.000200 0.000200 0.000200 0.000200 0.000000 0.000000 0.000200 0.000000 0.069500 0.000000 0.000000 0.000000
Topi 0.000000 0.000300 0.000000 0.033900 0.000300 0.000000 0.000000 0.000200 0.000000 0.000200 0.000000 0.000000 0.000000 0.000000 0.000100 0.000000 0.000200 0.000200 0.000000 0.000000 0.000000 0.000000 0.000200 0.000200 0.000000 0.000200 0.000000 0.000000 0.000000 0.000000 0.000200 0.033700 0.000200 0.000000 0.000000 0.000000 0.000000 0.000000 0.000000 0.000200 0.000200 0.000200 0.000200 0.000200 0.000000 0.000000 0.000200 0.000000 0.069500 0.000000 0.000000 0.000000
CommonDuik 0.000000 0.000300 0.000000 0.033900 0.000300 0.000000 0.000000 0.000200 0.000000 0.000200 0.000000 0.000000 0.000000 0.000000 0.000100 0.000000 0.000200 0.000200 0.000000 0.000000 0.000000 0.000000 0.000200 0.000200 0.000000 0.000200 0.000000 0.000000 0.000000 0.000000 0.000200 0.033700 0.000200 0.000000 0.000000 0.000000 0.000000 0.000000 0.000000 0.000200 0.000200 0.000200 0.000200 0.000200 0.000000 0.000000 0.000200 0.000000 0.069500 0.000000 0.000000 0.000000
Suni 0.000100 0.000500 0.000100 0.035100 0.000100 0.000100 0.000100 0.000300 0.000100 0.000300 0.000100 0.000100 0.000100 0.000100 0.000000 0.000100 0.000300 0.000300 0.000100 0.000100 0.000100 0.000100 0.000300 0.000300 0.000100 0.000300 0.000100 0.000100 0.000100 0.000100 0.000300 0.035100 0.000300 0.000100 0.000100 0.000100 0.000100 0.000100 0.000100 0.000300 0.000300 0.000300 0.000300 0.000300 0.000100 0.000100 0.000300 0.000100 0.072300 0.000100 0.000100 0.000100
Springbuck 0.000000 0.000300 0.000000 0.033900 0.000300 0.000000 0.000000 0.000200 0.000000 0.000200 0.000000 0.000000 0.000000 0.000000 0.000100 0.000000 0.000200 0.000200 0.000000 0.000000 0.000000 0.000000 0.000200 0.000200 0.000000 0.000200 0.000000 0.000000 0.000000 0.000000 0.000200 0.033700 0.000200 0.000000 0.000000 0.000000 0.000000 0.000000 0.000000 0.000200 0.000200 0.000200 0.000200 0.000200 0.000000 0.000000 0.000200 0.000000 0.069500 0.000000 0.000000 0.000000
Okapi 0.000200 0.000600 0.000200 0.033500 0.000600 0.000200 0.000200 0.000400 0.000200 0.000400 0.000200 0.000200 0.000200 0.000200 0.000300 0.000200 0.000000 0.000000 0.000200 0.000200 0.000200 0.000200 0.000400 0.000400 0.000200 0.000400 0.000200 0.000200 0.000200 0.000200 0.000400 0.033500 0.000400 0.000200 0.000200 0.000200 0.000200 0.000200 0.000200 0.000400 0.000400 0.000400 0.000400 0.000400 0.000200 0.000200 0.000400 0.000200 0.069000 0.000200 0.000200 0.000200
Giraffe 0.000200 0.000600 0.000200 0.033500 0.000600 0.000200 0.000200 0.000400 0.000200 0.000400 0.000200 0.000200 0.000200 0.000200 0.000300 0.000200 0.000000 0.000000 0.000200 0.000200 0.000200 0.000200 0.000400 0.000400 0.000200 0.000400 0.000200 0.000200 0.000200 0.000200 0.000400 0.033500 0.000400 0.000200 0.000200 0.000200 0.000200 0.000200 0.000200 0.000400 0.000400 0.000400 0.000400 0.000400 0.000200 0.000200 0.000400 0.000200 0.069000 0.000200 0.000200 0.000200
TibetanAnt 0.000000 0.000300 0.000000 0.033900 0.000300 0.000000 0.000000 0.000200 0.000000 0.000200 0.000000 0.000000 0.000000 0.000000 0.000100 0.000000 0.000200 0.000200 0.000000 0.000000 0.000000 0.000000 0.000200 0.000200 0.000000 0.000200 0.000000 0.000000 0.000000 0.000000 0.000200 0.033700 0.000200 0.000000 0.000000 0.000000 0.000000 0.000000 0.000000 0.000200 0.000200 0.000200 0.000200 0.000200 0.000000 0.000000 0.000200 0.000000 0.069500 0.000000 0.000000 0.000000
Sitatunga 0.000000 0.000300 0.000000 0.033900 0.000300 0.000000 0.000000 0.000200 0.000000 0.000200 0.000000 0.000000 0.000000 0.000000 0.000100 0.000000 0.000200 0.000200 0.000000 0.000000 0.000000 0.000000 0.000200 0.000200 0.000000 0.000200 0.000000 0.000000 0.000000 0.000000 0.000200 0.033700 0.000200 0.000000 0.000000 0.000000 0.000000 0.000000 0.000000 0.000200 0.000200 0.000200 0.000200 0.000200 0.000000 0.000000 0.000200 0.000000 0.069500 0.000000 0.000000 0.000000
Oribi 0.000000 0.000300 0.000000 0.033900 0.000300 0.000000 0.000000 0.000200 0.000000 0.000200 0.000000 0.000000 0.000000 0.000000 0.000100 0.000000 0.000200 0.000200 0.000000 0.000000 0.000000 0.000000 0.000200 0.000200 0.000000 0.000200 0.000000 0.000000 0.000000 0.000000 0.000200 0.033700 0.000200 0.000000 0.000000 0.000000 0.000000 0.000000 0.000000 0.000200 0.000200 0.000200 0.000200 0.000200 0.000000 0.000000 0.000200 0.000000 0.069500 0.000000 0.000000 0.000000
BarbaryShe 0.000000 0.000300 0.000000 0.033900 0.000300 0.000000 0.000000 0.000200 0.000000 0.000200 0.000000 0.000000 0.000000 0.000000 0.000100 0.000000 0.000200 0.000200 0.000000 0.000000 0.000000 0.000000 0.000200 0.000200 0.000000 0.000200 0.000000 0.000000 0.000000 0.000000 0.000200 0.033700 0.000200 0.000000 0.000000 0.000000 0.000000 0.000000 0.000000 0.000200 0.000200 0.000200 0.000200 0.000200 0.000000 0.000000 0.000200 0.000000 0.069500 0.000000 0.000000 0.000000
Daviddeer 0.000200 0.000600 0.000200 0.033500 0.000600 0.000200 0.000200 0.000400 0.000200 0.000000 0.000200 0.000200 0.000200 0.000200 0.000300 0.000200 0.000400 0.000400 0.000200 0.000200 0.000200 0.000200 0.000000 0.000000 0.000200 0.000400 0.000200 0.000200 0.000200 0.000200 0.000000 0.033500 0.000400 0.000200 0.000200 0.000200 0.000200 0.000200 0.000200 0.000000 0.000000 0.000400 0.000000 0.000000 0.000200 0.000200 0.000400 0.000200 0.069000 0.000200 0.000200 0.000200
Reindeer 0.000200 0.000600 0.000200 0.033500 0.000600 0.000200 0.000200 0.000400 0.000200 0.000000 0.000200 0.000200 0.000200 0.000200 0.000300 0.000200 0.000400 0.000400 0.000200 0.000200 0.000200 0.000200 0.000000 0.000000 0.000200 0.000400 0.000200 0.000200 0.000200 0.000200 0.000000 0.033500 0.000400 0.000200 0.000200 0.000200 0.000200 0.000200 0.000200 0.000000 0.000000 0.000400 0.000000 0.000000 0.000200 0.000200 0.000400 0.000200 0.069000 0.000200 0.000200 0.000200
Ibex 0.000000 0.000300 0.000000 0.033900 0.000300 0.000000 0.000000 0.000200 0.000000 0.000200 0.000000 0.000000 0.000000 0.000000 0.000100 0.000000 0.000200 0.000200 0.000000 0.000000 0.000000 0.000000 0.000200 0.000200 0.000000 0.000200 0.000000 0.000000 0.000000 0.000000 0.000200 0.033700 0.000200 0.000000 0.000000 0.000000 0.000000 0.000000 0.000000 0.000200 0.000200 0.000200 0.000200 0.000200 0.000000 0.000000 0.000200 0.000000 0.069500 0.000000 0.000000 0.000000
GyrantGaze 0.000200 0.000600 0.000200 0.033600 0.000600 0.000200 0.000200 0.000400 0.000200 0.000400 0.000200 0.000200 0.000200 0.000200 0.000300 0.000200 0.000400 0.000400 0.000200 0.000200 0.000200 0.000200 0.000400 0.000400 0.000200 0.000000 0.000200 0.000200 0.000200 0.000200 0.000400 0.033600 0.000400 0.000200 0.000200 0.000200 0.000200 0.000200 0.000200 0.000400 0.000400 0.000000 0.000400 0.000400 0.000200 0.000200 0.000400 0.000200 0.069200 0.000200 0.000200 0.000200
Hartebeest 0.000000 0.000300 0.000000 0.033900 0.000300 0.000000 0.000000 0.000200 0.000000 0.000200 0.000000 0.000000 0.000000 0.000000 0.000100 0.000000 0.000200 0.000200 0.000000 0.000000 0.000000 0.000000 0.000200 0.000200 0.000000 0.000200 0.000000 0.000000 0.000000 0.000000 0.000200 0.033700 0.000200 0.000000 0.000000 0.000000 0.000000 0.000000 0.000000 0.000200 0.000200 0.000200 0.000200 0.000200 0.000000 0.000000 0.000200 0.000000 0.069500 0.000000 0.000000 0.000000
Bongo 0.000000 0.000300 0.000000 0.033900 0.000300 0.000000 0.000000 0.000200 0.000000 0.000200 0.000000 0.000000 0.000000 0.000000 0.000100 0.000000 0.000200 0.000200 0.000000 0.000000 0.000000 0.000000 0.000200 0.000200 0.000000 0.000200 0.000000 0.000000 0.000000 0.000000 0.000200 0.033700 0.000200 0.000000 0.000000 0.000000 0.000000 0.000000 0.000000 0.000200 0.000200 0.000200 0.000200 0.000200 0.000000 0.000000 0.000200 0.000000 0.069500 0.000000 0.000000 0.000000
Gerenuk 0.000000 0.000300 0.000000 0.033900 0.000300 0.000000 0.000000 0.000200 0.000000 0.000200 0.000000 0.000000 0.000000 0.000000 0.000100 0.000000 0.000200 0.000200 0.000000 0.000000 0.000000 0.000000 0.000200 0.000200 0.000000 0.000200 0.000000 0.000000 0.000000 0.000000 0.000200 0.033700 0.000200 0.000000 0.000000 0.000000 0.000000 0.000000 0.000000 0.000200 0.000200 0.000200 0.000200 0.000200 0.000000 0.000000 0.000200 0.000000 0.069500 0.000000 0.000000 0.000000
CommonElan 0.000000 0.000300 0.000000 0.033900 0.000300 0.000000 0.000000 0.000200 0.000000 0.000200 0.000000 0.000000 0.000000 0.000000 0.000100 0.000000 0.000200 0.000200 0.000000 0.000000 0.000000 0.000000 0.000200 0.000200 0.000000 0.000200 0.000000 0.000000 0.000000 0.000000 0.000200 0.033700 0.000200 0.000000 0.000000 0.000000 0.000000 0.000000 0.000000 0.000200 0.000200 0.000200 0.000200 0.000200 0.000000 0.000000 0.000200 0.000000 0.069500 0.000000 0.000000 0.000000
MuntiacusR 0.000200 0.000600 0.000200 0.033500 0.000600 0.000200 0.000200 0.000400 0.000200 0.000000 0.000200 0.000200 0.000200 0.000200 0.000300 0.000200 0.000400 0.000400 0.000200 0.000200 0.000200 0.000200 0.000000 0.000000 0.000200 0.000400 0.000200 0.000200 0.000200 0.000200 0.000000 0.033500 0.000400 0.000200 0.000200 0.000200 0.000200 0.000200 0.000200 0.000000 0.000000 0.000400 0.000000 0.000000 0.000200 0.000200 0.000400 0.000200 0.069000 0.000200 0.000200 0.000200
HarveysDui 0.033700 0.033900 0.033700 0.000100 0.034600 0.033700 0.033700 0.033400 0.033700 0.033500 0.033700 0.033700 0.033700 0.033700 0.035100 0.033700 0.033500 0.033500 0.033700 0.033700 0.033700 0.033700 0.033500 0.033500 0.033700 0.033600 0.033700 0.033700 0.033700 0.033700 0.033500 0.000000 0.033900 0.033700 0.033700 0.033700 0.033700 0.033700 0.033700 0.033500 0.033500 0.033600 0.033500 0.033500 0.033700 0.033700 0.034900 0.033700 0.108800 0.033700 0.033700 0.033700
Pronghorn 0.000200 0.000600 0.000200 0.033900 0.000500 0.000200 0.000200 0.000400 0.000200 0.000400 0.000200 0.000200 0.000200 0.000200 0.000300 0.000200 0.000400 0.000400 0.000200 0.000200 0.000200 0.000200 0.000400 0.000400 0.000200 0.000400 0.000200 0.000200 0.000200 0.000200 0.000400 0.033900 0.000000 0.000200 0.000200 0.000200 0.000200 0.000200 0.000200 0.000400 0.000400 0.000400 0.000400 0.000400 0.000200 0.000200 0.000400 0.000200 0.069800 0.000200 0.000200 0.000200
BlueWildeb 0.000000 0.000300 0.000000 0.033900 0.000300 0.000000 0.000000 0.000200 0.000000 0.000200 0.000000 0.000000 0.000000 0.000000 0.000100 0.000000 0.000200 0.000200 0.000000 0.000000 0.000000 0.000000 0.000200 0.000200 0.000000 0.000200 0.000000 0.000000 0.000000 0.000000 0.000200 0.033700 0.000200 0.000000 0.000000 0.000000 0.000000 0.000000 0.000000 0.000200 0.000200 0.000200 0.000200 0.000200 0.000000 0.000000 0.000200 0.000000 0.069500 0.000000 0.000000 0.000000
Gemsbok 0.000000 0.000300 0.000000 0.033900 0.000300 0.000000 0.000000 0.000200 0.000000 0.000200 0.000000 0.000000 0.000000 0.000000 0.000100 0.000000 0.000200 0.000200 0.000000 0.000000 0.000000 0.000000 0.000200 0.000200 0.000000 0.000200 0.000000 0.000000 0.000000 0.000000 0.000200 0.033700 0.000200 0.000000 0.000000 0.000000 0.000000 0.000000 0.000000 0.000200 0.000200 0.000200 0.000200 0.000200 0.000000 0.000000 0.000200 0.000000 0.069500 0.000000 0.000000 0.000000
Yak 0.000000 0.000300 0.000000 0.033900 0.000300 0.000000 0.000000 0.000200 0.000000 0.000200 0.000000 0.000000 0.000000 0.000000 0.000100 0.000000 0.000200 0.000200 0.000000 0.000000 0.000000 0.000000 0.000200 0.000200 0.000000 0.000200 0.000000 0.000000 0.000000 0.000000 0.000200 0.033700 0.000200 0.000000 0.000000 0.000000 0.000000 0.000000 0.000000 0.000200 0.000200 0.000200 0.000200 0.000200 0.000000 0.000000 0.000200 0.000000 0.069500 0.000000 0.000000 0.000000
BlueSheep 0.000000 0.000300 0.000000 0.033900 0.000300 0.000000 0.000000 0.000200 0.000000 0.000200 0.000000 0.000000 0.000000 0.000000 0.000100 0.000000 0.000200 0.000200 0.000000 0.000000 0.000000 0.000000 0.000200 0.000200 0.000000 0.000200 0.000000 0.000000 0.000000 0.000000 0.000200 0.033700 0.000200 0.000000 0.000000 0.000000 0.000000 0.000000 0.000000 0.000200 0.000200 0.000200 0.000200 0.000200 0.000000 0.000000 0.000200 0.000000 0.069500 0.000000 0.000000 0.000000
BohorReedb 0.000000 0.000300 0.000000 0.033900 0.000300 0.000000 0.000000 0.000200 0.000000 0.000200 0.000000 0.000000 0.000000 0.000000 0.000100 0.000000 0.000200 0.000200 0.000000 0.000000 0.000000 0.000000 0.000200 0.000200 0.000000 0.000200 0.000000 0.000000 0.000000 0.000000 0.000200 0.033700 0.000200 0.000000 0.000000 0.000000 0.000000 0.000000 0.000000 0.000200 0.000200 0.000200 0.000200 0.000200 0.000000 0.000000 0.000200 0.000000 0.069500 0.000000 0.000000 0.000000
KirksDik 0.000000 0.000300 0.000000 0.033900 0.000300 0.000000 0.000000 0.000200 0.000000 0.000200 0.000000 0.000000 0.000000 0.000000 0.000100 0.000000 0.000200 0.000200 0.000000 0.000000 0.000000 0.000000 0.000200 0.000200 0.000000 0.000200 0.000000 0.000000 0.000000 0.000000 0.000200 0.033700 0.000200 0.000000 0.000000 0.000000 0.000000 0.000000 0.000000 0.000200 0.000200 0.000200 0.000200 0.000200 0.000000 0.000000 0.000200 0.000000 0.069500 0.000000 0.000000 0.000000
RoeDeer 0.000200 0.000600 0.000200 0.033500 0.000600 0.000200 0.000200 0.000400 0.000200 0.000000 0.000200 0.000200 0.000200 0.000200 0.000300 0.000200 0.000400 0.000400 0.000200 0.000200 0.000200 0.000200 0.000000 0.000000 0.000200 0.000400 0.000200 0.000200 0.000200 0.000200 0.000000 0.033500 0.000400 0.000200 0.000200 0.000200 0.000200 0.000200 0.000200 0.000000 0.000000 0.000400 0.000000 0.000000 0.000200 0.000200 0.000400 0.000200 0.069000 0.000200 0.000200 0.000200
WhiteLippe 0.000200 0.000600 0.000200 0.033500 0.000600 0.000200 0.000200 0.000400 0.000200 0.000000 0.000200 0.000200 0.000200 0.000200 0.000300 0.000200 0.000400 0.000400 0.000200 0.000200 0.000200 0.000200 0.000000 0.000000 0.000200 0.000400 0.000200 0.000200 0.000200 0.000200 0.000000 0.033500 0.000400 0.000200 0.000200 0.000200 0.000200 0.000200 0.000200 0.000000 0.000000 0.000400 0.000000 0.000000 0.000200 0.000200 0.000400 0.000200 0.069000 0.000200 0.000200 0.000200
ThomsonGaz 0.000200 0.000600 0.000200 0.033600 0.000600 0.000200 0.000200 0.000400 0.000200 0.000400 0.000200 0.000200 0.000200 0.000200 0.000300 0.000200 0.000400 0.000400 0.000200 0.000200 0.000200 0.000200 0.000400 0.000400 0.000200 0.000000 0.000200 0.000200 0.000200 0.000200 0.000400 0.033600 0.000400 0.000200 0.000200 0.000200 0.000200 0.000200 0.000200 0.000400 0.000400 0.000000 0.000400 0.000400 0.000200 0.000200 0.000400 0.000200 0.069200 0.000200 0.000200 0.000200
MuntiacusC 0.000200 0.000600 0.000200 0.033500 0.000600 0.000200 0.000200 0.000400 0.000200 0.000000 0.000200 0.000200 0.000200 0.000200 0.000300 0.000200 0.000400 0.000400 0.000200 0.000200 0.000200 0.000200 0.000000 0.000000 0.000200 0.000400 0.000200 0.000200 0.000200 0.000200 0.000000 0.033500 0.000400 0.000200 0.000200 0.000200 0.000200 0.000200 0.000200 0.000000 0.000000 0.000400 0.000000 0.000000 0.000200 0.000200 0.000400 0.000200 0.069000 0.000200 0.000200 0.000200
WhiteTaile 0.000200 0.000600 0.000200 0.033500 0.000600 0.000200 0.000200 0.000400 0.000200 0.000000 0.000200 0.000200 0.000200 0.000200 0.000300 0.000200 0.000400 0.000400 0.000200 0.000200 0.000200 0.000200 0.000000 0.000000 0.000200 0.000400 0.000200 0.000200 0.000200 0.000200 0.000000 0.033500 0.000400 0.000200 0.000200 0.000200 0.000200 0.000200 0.000200 0.000000 0.000000 0.000400 0.000000 0.000000 0.000200 0.000200 0.000400 0.000200 0.069000 0.000200 0.000200 0.000200
Cattle 0.000000 0.000300 0.000000 0.033900 0.000300 0.000000 0.000000 0.000200 0.000000 0.000200 0.000000 0.000000 0.000000 0.000000 0.000100 0.000000 0.000200 0.000200 0.000000 0.000000 0.000000 0.000000 0.000200 0.000200 0.000000 0.000200 0.000000 0.000000 0.000000 0.000000 0.000200 0.033700 0.000200 0.000000 0.000000 0.000000 0.000000 0.000000 0.000000 0.000200 0.000200 0.000200 0.000200 0.000200 0.000000 0.000000 0.000200 0.000000 0.069500 0.000000 0.000000 0.000000
RoyalAntel 0.000000 0.000300 0.000000 0.033900 0.000300 0.000000 0.000000 0.000200 0.000000 0.000200 0.000000 0.000000 0.000000 0.000000 0.000100 0.000000 0.000200 0.000200 0.000000 0.000000 0.000000 0.000000 0.000200 0.000200 0.000000 0.000200 0.000000 0.000000 0.000000 0.000000 0.000200 0.033700 0.000200 0.000000 0.000000 0.000000 0.000000 0.000000 0.000000 0.000200 0.000200 0.000200 0.000200 0.000200 0.000000 0.000000 0.000200 0.000000 0.069500 0.000000 0.000000 0.000000
Steenbok 0.000200 0.000600 0.000200 0.034900 0.000500 0.000200 0.000200 0.000400 0.000200 0.000400 0.000200 0.000200 0.000200 0.000200 0.000300 0.000200 0.000400 0.000400 0.000200 0.000200 0.000200 0.000200 0.000400 0.000400 0.000200 0.000400 0.000200 0.000200 0.000200 0.000200 0.000400 0.034900 0.000400 0.000200 0.000200 0.000200 0.000200 0.000200 0.000200 0.000400 0.000400 0.000400 0.000400 0.000400 0.000200 0.000200 0.000000 0.000200 0.071900 0.000200 0.000200 0.000200
Impala 0.000000 0.000300 0.000000 0.033900 0.000300 0.000000 0.000000 0.000200 0.000000 0.000200 0.000000 0.000000 0.000000 0.000000 0.000100 0.000000 0.000200 0.000200 0.000000 0.000000 0.000000 0.000000 0.000200 0.000200 0.000000 0.000200 0.000000 0.000000 0.000000 0.000000 0.000200 0.033700 0.000200 0.000000 0.000000 0.000000 0.000000 0.000000 0.000000 0.000200 0.000200 0.000200 0.000200 0.000200 0.000000 0.000000 0.000200 0.000000 0.069500 0.000000 0.000000 0.000000
Klipspring 0.069500 0.070200 0.069500 0.110700 0.071200 0.069500 0.069500 0.068900 0.069500 0.069000 0.069500 0.069500 0.069500 0.069500 0.072300 0.069500 0.069000 0.069000 0.069500 0.069500 0.069500 0.069500 0.069000 0.069000 0.069500 0.069200 0.069500 0.069500 0.069500 0.069500 0.069000 0.108800 0.069800 0.069500 0.069500 0.069500 0.069500 0.069500 0.069500 0.069000 0.069000 0.069200 0.069000 0.069000 0.069500 0.069500 0.071900 0.069500 0.000000 0.069500 0.069500 0.069500
ForestMusk 0.000000 0.000300 0.000000 0.033900 0.000300 0.000000 0.000000 0.000200 0.000000 0.000200 0.000000 0.000000 0.000000 0.000000 0.000100 0.000000 0.000200 0.000200 0.000000 0.000000 0.000000 0.000000 0.000200 0.000200 0.000000 0.000200 0.000000 0.000000 0.000000 0.000000 0.000200 0.033700 0.000200 0.000000 0.000000 0.000000 0.000000 0.000000 0.000000 0.000200 0.000200 0.000200 0.000200 0.000200 0.000000 0.000000 0.000200 0.000000 0.069500 0.000000 0.000000 0.000000
Bushbuck 0.000000 0.000300 0.000000 0.033900 0.000300 0.000000 0.000000 0.000200 0.000000 0.000200 0.000000 0.000000 0.000000 0.000000 0.000100 0.000000 0.000200 0.000200 0.000000 0.000000 0.000000 0.000000 0.000200 0.000200 0.000000 0.000200 0.000000 0.000000 0.000000 0.000000 0.000200 0.033700 0.000200 0.000000 0.000000 0.000000 0.000000 0.000000 0.000000 0.000200 0.000200 0.000200 0.000200 0.000200 0.000000 0.000000 0.000200 0.000000 0.069500 0.000000 0.000000 0.000000
GreaterKud 0.000000 0.000300 0.000000 0.033900 0.000300 0.000000 0.000000 0.000200 0.000000 0.000200 0.000000 0.000000 0.000000 0.000000 0.000100 0.000000 0.000200 0.000200 0.000000 0.000000 0.000000 0.000000 0.000200 0.000200 0.000000 0.000200 0.000000 0.000000 0.000000 0.000000 0.000200 0.033700 0.000200 0.000000 0.000000 0.000000 0.000000 0.000000 0.000000 0.000200 0.000200 0.000200 0.000200 0.000200 0.000000 0.000000 0.000200 0.000000 0.069500 0.000000 0.000000 0.000000
