1
52 1
Argali 0.000000 0.543100 0.266600 0.480600 0.179000 0.000000 0.156700 0.155100 0.251300 0.237000 0.053800 0.176600 0.144300 0.171300 0.127300 0.177000 0.225200 0.241800 0.077700 0.199900 0.185200 0.042900 0.242700 0.213200 0.053800 0.153800 0.132400 0.231400 0.165400 0.199900 0.262600 0.105500 0.363800 0.132600 0.118700 0.187700 0.090100 0.179000 0.165100 0.215700 0.208100 0.176300 0.237000 0.200900 0.189500 0.189800 0.177300 0.161100 0.208000 0.193300 0.228700 0.212100
LesserMous 0.543100 0.000000 0.599500 0.413900 0.529000 0.543100 0.573800 0.457200 0.536300 0.489000 0.553600 0.506200 0.548100 0.571800 0.487800 0.564300 0.389900 0.421300 0.582600 0.510400 0.597000 0.536700 0.435900 0.377800 0.551700 0.621800 0.532400 0.559500 0.549300 0.510000 0.477500 0.529300 0.530600 0.531400 0.503900 0.516200 0.507300 0.568100 0.611800 0.454000 0.427300 0.605500 0.489000 0.364400 0.521400 0.586100 0.564600 0.535500 0.536000 0.433600 0.552100 0.577900
LesserKudu 0.266600 0.599500 0.000000 0.566600 0.184100 0.266600 0.202700 0.271600 0.081200 0.248500 0.263800 0.139400 0.217800 0.231900 0.169900 0.223100 0.214100 0.202700 0.223300 0.058700 0.202400 0.264600 0.250200 0.250000 0.263400 0.171500 0.205200 0.058100 0.210900 0.058700 0.275300 0.245800 0.290500 0.205600 0.218300 0.150900 0.269600 0.184000 0.224000 0.284600 0.230000 0.194600 0.248500 0.237100 0.152200 0.253900 0.195200 0.205100 0.227000 0.286200 0.059000 0.071100
KillerWhal 0.480600 0.413900 0.566600 0.000000 0.509200 0.480600 0.508700 0.473300 0.544400 0.467800 0.534600 0.425300 0.526100 0.450300 0.431500 0.547400 0.458100 0.416000 0.462500 0.515900 0.555400 0.517100 0.412300 0.466200 0.532900 0.475100 0.509900 0.568600 0.531500 0.515200 0.456200 0.425000 0.529800 0.468700 0.442000 0.477900 0.527900 0.508200 0.533900 0.391000 0.366500 0.501300 0.467800 0.450900 0.482700 0.566700 0.548100 0.536200 0.517400 0.443600 0.517500 0.544000
DefassaWat 0.179000 0.529000 0.184100 0.509200 0.000000 0.179000 0.131500 0.157300 0.144100 0.211500 0.138200 0.110600 0.132700 0.145500 0.116100 0.179500 0.168700 0.159400 0.166600 0.147700 0.188000 0.177800 0.199000 0.201300 0.163400 0.130300 0.121100 0.149400 0.167800 0.121100 0.237100 0.131700 0.320800 0.121000 0.082100 0.122000 0.208900 0.022000 0.153800 0.232800 0.166700 0.152900 0.211500 0.217900 0.123100 0.149900 0.179800 0.150000 0.117400 0.169300 0.147600 0.161700
Sheep 0.000000 0.543100 0.266600 0.480600 0.179000 0.000000 0.156700 0.155100 0.251300 0.237000 0.053800 0.176600 0.144300 0.171300 0.127300 0.177000 0.225200 0.241800 0.077700 0.199900 0.185200 0.043000 0.242700 0.213200 0.053800 0.153800 0.132400 0.231400 0.165400 0.199900 0.262600 0.105500 0.363800 0.132600 0.118500 0.187700 0.090100 0.179000 0.165100 0.215700 0.208100 0.174600 0.237000 0.200900 0.189500 0.189800 0.177300 0.161100 0.208000 0.193300 0.228700 0.212100
MaxwellsDu 0.156700 0.573800 0.202700 0.508700 0.131500 0.156700 0.000000 0.161500 0.188200 0.200500 0.167800 0.154600 0.149200 0.082000 0.145000 0.157100 0.174400 0.193100 0.184000 0.151700 0.164000 0.182400 0.187800 0.190700 0.167600 0.119900 0.137000 0.167000 0.145300 0.165000 0.226400 0.069400 0.312200 0.137200 0.149500 0.166200 0.187000 0.131400 0.157700 0.164200 0.155500 0.142800 0.200500 0.178200 0.167700 0.181200 0.170200 0.166300 0.159200 0.186500 0.165000 0.179800
GazellaPrz 0.155100 0.457200 0.271600 0.473300 0.157300 0.155100 0.161500 0.000000 0.256000 0.247100 0.153600 0.167300 0.161800 0.190100 0.117900 0.079900 0.139900 0.173600 0.168400 0.203600 0.120800 0.154100 0.202800 0.234500 0.153400 0.105900 0.149600 0.235900 0.068600 0.203600 0.241700 0.147600 0.303900 0.149800 0.135100 0.178800 0.183400 0.157300 0.104400 0.207600 0.169600 0.128500 0.247100 0.221700 0.180400 0.152200 0.129300 0.205500 0.172100 0.211600 0.233100 0.249100
MountainNy 0.251300 0.536300 0.081200 0.544400 0.144100 0.251300 0.188200 0.256000 0.000000 0.186100 0.220900 0.125500 0.203200 0.188700 0.156300 0.208900 0.198800 0.188300 0.236700 0.046500 0.216000 0.221500 0.202900 0.205600 0.220600 0.184500 0.190600 0.047000 0.196800 0.046500 0.211900 0.230400 0.274300 0.191000 0.203400 0.137000 0.225700 0.170100 0.237400 0.237400 0.184600 0.207600 0.186100 0.192900 0.138100 0.237900 0.181300 0.218300 0.158100 0.241100 0.023100 0.034800
MuntiacusM 0.237000 0.489000 0.248500 0.467800 0.211500 0.237000 0.200500 0.247100 0.186100 0.000000 0.221100 0.149700 0.218100 0.171500 0.168600 0.239900 0.166500 0.157200 0.237400 0.207200 0.268400 0.206000 0.065700 0.113600 0.218700 0.259200 0.204800 0.225000 0.226900 0.190800 0.024700 0.184800 0.344700 0.205200 0.188000 0.161900 0.181800 0.211500 0.255100 0.100500 0.064200 0.284100 0.000000 0.101300 0.163500 0.241500 0.254800 0.280600 0.214200 0.241200 0.191300 0.190000
goat 0.053800 0.553600 0.263800 0.534600 0.138200 0.053800 0.167800 0.153600 0.220900 0.221100 0.000000 0.188000 0.155500 0.210100 0.138100 0.150200 0.222500 0.239100 0.088300 0.197900 0.183500 0.031500 0.254200 0.196400 0.020900 0.178500 0.143700 0.228900 0.138800 0.197800 0.244200 0.141900 0.430400 0.144000 0.129800 0.199000 0.077500 0.138800 0.176000 0.256500 0.219600 0.201000 0.219100 0.212400 0.200700 0.201200 0.150300 0.146900 0.219000 0.231900 0.226300 0.209900
AfricanBuf 0.176600 0.506200 0.139400 0.425300 0.110600 0.176600 0.154600 0.167300 0.125500 0.149700 0.188000 0.000000 0.127600 0.169600 0.136900 0.190500 0.120700 0.141500 0.163500 0.101700 0.171100 0.175200 0.136700 0.170700 0.187600 0.138300 0.115100 0.103000 0.178100 0.075100 0.176100 0.154500 0.274700 0.115300 0.100800 0.037100 0.179700 0.110600 0.163200 0.143800 0.119800 0.162200 0.149200 0.157900 0.037500 0.145800 0.190900 0.200800 0.166000 0.179900 0.101700 0.115700
Topi 0.144300 0.548100 0.217800 0.526100 0.132700 0.144300 0.149200 0.161800 0.203200 0.218100 0.155500 0.127600 0.000000 0.136600 0.132600 0.157600 0.188300 0.206500 0.132000 0.179800 0.178500 0.143400 0.205100 0.208100 0.155300 0.133600 0.011600 0.181800 0.145600 0.179700 0.244400 0.122600 0.297100 0.060200 0.072100 0.139200 0.201500 0.132500 0.158000 0.239700 0.171600 0.130900 0.218100 0.194500 0.140500 0.126400 0.157600 0.141800 0.133800 0.174000 0.179700 0.194900
CommonDuik 0.171300 0.571800 0.231900 0.450300 0.145500 0.171300 0.082000 0.190100 0.188700 0.171500 0.210100 0.169600 0.136600 0.000000 0.107300 0.184800 0.219600 0.207500 0.199200 0.179900 0.221800 0.197400 0.158900 0.191300 0.209800 0.146600 0.124400 0.195900 0.172700 0.193700 0.197000 0.057200 0.345900 0.124600 0.136900 0.179900 0.231000 0.145400 0.185500 0.164900 0.128000 0.169700 0.171500 0.178300 0.182900 0.168100 0.198300 0.180700 0.120700 0.201900 0.165500 0.180300
Suni 0.127300 0.487800 0.169900 0.431500 0.116100 0.127300 0.145000 0.117900 0.156300 0.168600 0.138100 0.136900 0.132600 0.107300 0.000000 0.115200 0.182500 0.146400 0.115700 0.133400 0.120400 0.126500 0.156200 0.160600 0.137900 0.117200 0.120700 0.162000 0.102600 0.133400 0.193800 0.119200 0.369300 0.120900 0.107100 0.148200 0.154700 0.116000 0.115600 0.190300 0.125900 0.139700 0.168600 0.148500 0.149500 0.149800 0.115400 0.125400 0.117400 0.196000 0.133800 0.147400
Springbuck 0.177000 0.564300 0.223100 0.547400 0.179500 0.177000 0.157100 0.079900 0.208900 0.239900 0.150200 0.190500 0.157600 0.184800 0.115200 0.000000 0.194600 0.184600 0.165200 0.185700 0.118500 0.150600 0.257900 0.257800 0.150000 0.067200 0.145600 0.216300 0.010900 0.213900 0.265800 0.170200 0.346600 0.145800 0.157700 0.201700 0.180000 0.179300 0.090300 0.230400 0.222700 0.089700 0.239900 0.245100 0.203300 0.188800 0.065500 0.174600 0.167500 0.234800 0.213900 0.229200
Okapi 0.225200 0.389900 0.214100 0.458100 0.168700 0.225200 0.174400 0.139900 0.198800 0.166500 0.222500 0.120700 0.188300 0.219600 0.182500 0.194600 0.000000 0.048400 0.209900 0.174500 0.187600 0.223200 0.153200 0.173500 0.222100 0.198300 0.175100 0.176600 0.181900 0.145000 0.193400 0.188400 0.272900 0.145700 0.130100 0.133000 0.226400 0.168600 0.195300 0.146300 0.150200 0.222900 0.166500 0.160400 0.134300 0.192700 0.224100 0.236300 0.184800 0.166800 0.174400 0.190100
Giraffe 0.241800 0.421300 0.202700 0.416000 0.159400 0.241800 0.193100 0.173600 0.188300 0.157200 0.239100 0.141500 0.206500 0.207500 0.146400 0.184600 0.048400 0.000000 0.198800 0.193200 0.177500 0.239700 0.144600 0.164300 0.238600 0.187700 0.193800 0.195400 0.172500 0.164600 0.182700 0.206600 0.306000 0.165300 0.122900 0.153100 0.242900 0.159200 0.185100 0.138500 0.142000 0.211200 0.157200 0.151900 0.154500 0.227700 0.212300 0.224100 0.175100 0.185000 0.165000 0.179800
TibetanAnt 0.077700 0.582600 0.223300 0.462500 0.166600 0.077700 0.184000 0.168400 0.236700 0.237400 0.088300 0.163500 0.132000 0.199200 0.115700 0.165200 0.209900 0.198800 0.000000 0.214200 0.145000 0.077200 0.242900 0.213600 0.088200 0.142000 0.120100 0.216600 0.153600 0.185800 0.262900 0.131000 0.416400 0.120300 0.106600 0.174700 0.126500 0.166500 0.140000 0.245600 0.208400 0.164500 0.237400 0.201300 0.176300 0.176700 0.139700 0.124800 0.195100 0.206900 0.214100 0.197900
Sitatunga 0.199900 0.510400 0.058700 0.515900 0.147700 0.199900 0.151700 0.203600 0.046500 0.207200 0.197900 0.101700 0.179800 0.179900 0.133400 0.185700 0.174500 0.193200 0.214200 0.000000 0.192900 0.198500 0.194100 0.196800 0.197600 0.161800 0.167200 0.023700 0.173600 0.023400 0.234000 0.193400 0.251100 0.167500 0.180200 0.113600 0.202300 0.147600 0.214900 0.229500 0.175500 0.185300 0.207200 0.183900 0.114600 0.214300 0.185800 0.196000 0.189600 0.247600 0.023700 0.035500
Oribi 0.185200 0.597000 0.202400 0.555400 0.188000 0.185200 0.164000 0.120800 0.216000 0.268400 0.183500 0.171100 0.178500 0.221800 0.120400 0.118500 0.187600 0.177500 0.145000 0.192900 0.000000 0.184000 0.255100 0.223900 0.183200 0.095000 0.166000 0.195000 0.106800 0.179100 0.295900 0.192100 0.396400 0.166300 0.165300 0.182800 0.187500 0.187900 0.106600 0.257400 0.218500 0.117900 0.268400 0.211000 0.184400 0.196700 0.093500 0.168400 0.217100 0.245000 0.192700 0.208000
BarbaryShe 0.042900 0.536700 0.264600 0.517100 0.177800 0.043000 0.182400 0.154100 0.221500 0.206000 0.031500 0.175200 0.143400 0.197400 0.126500 0.150600 0.223200 0.239700 0.077200 0.198500 0.184000 0.000000 0.240500 0.211700 0.031500 0.179000 0.131600 0.229600 0.139200 0.198400 0.230900 0.129900 0.431500 0.131800 0.117900 0.186300 0.043800 0.177700 0.176600 0.243200 0.206400 0.201500 0.206000 0.199500 0.188000 0.188400 0.150800 0.160200 0.206500 0.219300 0.227000 0.210500
Daviddeer 0.242700 0.435900 0.250200 0.412300 0.199000 0.242700 0.187800 0.202800 0.202900 0.065700 0.254200 0.136700 0.205100 0.158900 0.156200 0.257900 0.153200 0.144600 0.242900 0.194100 0.255100 0.240500 0.000000 0.101300 0.253700 0.246400 0.191800 0.211700 0.244700 0.177900 0.064100 0.172200 0.296600 0.192200 0.175300 0.149000 0.215600 0.199000 0.242500 0.089500 0.025400 0.271500 0.065500 0.088900 0.150600 0.228200 0.273300 0.267900 0.201500 0.228500 0.178300 0.194500
Reindeer 0.213200 0.377800 0.250000 0.466200 0.201300 0.213200 0.190700 0.234500 0.205600 0.113600 0.196400 0.170700 0.208100 0.191300 0.160600 0.257800 0.173500 0.164300 0.213600 0.196800 0.223900 0.211700 0.101300 0.000000 0.224300 0.246300 0.195300 0.213300 0.245100 0.181200 0.138200 0.175600 0.328100 0.224900 0.207600 0.182300 0.188300 0.201100 0.242500 0.109300 0.099500 0.241000 0.113600 0.011400 0.183900 0.260400 0.241800 0.209500 0.233400 0.200700 0.181800 0.197100
Ibex 0.053800 0.551700 0.263400 0.532900 0.163400 0.053800 0.167600 0.153400 0.220600 0.218700 0.020900 0.187600 0.155300 0.209800 0.137900 0.150000 0.222100 0.238600 0.088200 0.197600 0.183200 0.031500 0.253700 0.224300 0.000000 0.178200 0.143500 0.228500 0.138600 0.197400 0.243700 0.141700 0.429200 0.143800 0.129600 0.198700 0.077400 0.163300 0.175800 0.256000 0.219200 0.200600 0.218700 0.212000 0.200400 0.200900 0.150100 0.171700 0.218700 0.231500 0.225900 0.209600
GyrantGaze 0.153800 0.621800 0.171500 0.475100 0.130300 0.153800 0.119900 0.105900 0.184500 0.259200 0.178500 0.138300 0.133600 0.146600 0.117200 0.067200 0.198300 0.187700 0.142000 0.161800 0.095000 0.179000 0.246400 0.246300 0.178200 0.000000 0.121600 0.163600 0.056500 0.161800 0.285600 0.132700 0.288300 0.121000 0.133900 0.149700 0.210700 0.130300 0.056400 0.218800 0.211300 0.021900 0.259200 0.233600 0.151100 0.164200 0.068200 0.151400 0.170100 0.183000 0.161700 0.176100
Hartebeest 0.132400 0.532400 0.205200 0.509900 0.121100 0.132400 0.137000 0.149600 0.190600 0.204800 0.143700 0.115100 0.011600 0.124400 0.120700 0.145600 0.175100 0.193800 0.120100 0.167200 0.166000 0.131600 0.191800 0.195300 0.143500 0.121600 0.000000 0.169100 0.133700 0.167100 0.231100 0.110500 0.298900 0.048300 0.060200 0.126800 0.189100 0.120700 0.146100 0.226700 0.158700 0.119200 0.204800 0.182600 0.128000 0.114000 0.145700 0.130100 0.119800 0.161800 0.167100 0.182100
Bongo 0.231400 0.559500 0.058100 0.568600 0.149400 0.231400 0.167000 0.235900 0.047000 0.225000 0.228900 0.103000 0.181800 0.195900 0.162000 0.216300 0.176600 0.195400 0.216600 0.023700 0.195000 0.229600 0.211700 0.213300 0.228500 0.163600 0.169100 0.000000 0.203900 0.023800 0.252200 0.209800 0.254100 0.169400 0.182400 0.114900 0.234100 0.149300 0.217400 0.247300 0.192300 0.187300 0.225000 0.200300 0.116000 0.217000 0.187900 0.198000 0.191700 0.236500 0.023900 0.036100
Gerenuk 0.165400 0.549300 0.210900 0.531500 0.167800 0.165400 0.145300 0.068600 0.196800 0.226900 0.138800 0.178100 0.145600 0.172700 0.102600 0.010900 0.181900 0.172500 0.153600 0.173600 0.106800 0.139200 0.244700 0.245100 0.138600 0.056500 0.133700 0.203900 0.000000 0.201600 0.252800 0.158300 0.333500 0.133900 0.145800 0.189400 0.168200 0.167600 0.078600 0.217900 0.209900 0.078600 0.226900 0.232400 0.191000 0.176500 0.055800 0.163100 0.155800 0.222800 0.201600 0.216800
CommonElan 0.199900 0.510000 0.058700 0.515200 0.121100 0.199900 0.165000 0.203600 0.046500 0.190800 0.197800 0.075100 0.179700 0.193700 0.133400 0.213900 0.145000 0.164600 0.185800 0.023400 0.179100 0.198400 0.177900 0.181200 0.197400 0.161800 0.167100 0.023800 0.201600 0.000000 0.217300 0.178300 0.251100 0.167500 0.151900 0.087000 0.202200 0.121100 0.186400 0.213100 0.159900 0.185200 0.190800 0.168500 0.087800 0.200000 0.185800 0.195800 0.189500 0.217700 0.023700 0.035100
MuntiacusR 0.262600 0.477500 0.275300 0.456200 0.237100 0.262600 0.226400 0.241700 0.211900 0.024700 0.244200 0.176100 0.244400 0.197000 0.193800 0.265800 0.193400 0.182700 0.262900 0.234000 0.295900 0.230900 0.064100 0.138200 0.243700 0.285600 0.231100 0.252200 0.252800 0.217300 0.000000 0.210300 0.337000 0.231600 0.214000 0.188000 0.207000 0.237100 0.281100 0.126700 0.062900 0.310400 0.024700 0.125900 0.189900 0.268900 0.280900 0.306500 0.240200 0.267400 0.217800 0.216300
HarveysDui 0.105500 0.529300 0.245800 0.425000 0.131700 0.105500 0.069400 0.147600 0.230400 0.184800 0.141900 0.154500 0.122600 0.057200 0.119200 0.170200 0.188400 0.206600 0.131000 0.193400 0.192100 0.129900 0.172200 0.175600 0.141700 0.132700 0.110500 0.209800 0.158300 0.178300 0.210300 0.000000 0.362100 0.110700 0.096900 0.166000 0.186700 0.131700 0.144200 0.149900 0.141800 0.155600 0.184800 0.163400 0.167600 0.167900 0.183500 0.140600 0.159400 0.159400 0.207300 0.222900
Pronghorn 0.363800 0.530600 0.290500 0.529800 0.320800 0.363800 0.312200 0.303900 0.274300 0.344700 0.430400 0.274700 0.297100 0.345900 0.369300 0.346600 0.272900 0.306000 0.416400 0.251100 0.396400 0.431500 0.296600 0.328100 0.429200 0.288300 0.298900 0.254100 0.333500 0.251100 0.337000 0.362100 0.000000 0.332100 0.346100 0.286000 0.403500 0.320700 0.366200 0.298100 0.274700 0.282000 0.344700 0.314600 0.288600 0.339000 0.380200 0.408200 0.306700 0.331600 0.250700 0.267700
BlueWildeb 0.132600 0.531400 0.205600 0.468700 0.121000 0.132600 0.137200 0.149800 0.191000 0.205200 0.144000 0.115300 0.060200 0.124600 0.120900 0.145800 0.145700 0.165300 0.120300 0.167500 0.166300 0.131800 0.192200 0.224900 0.143800 0.121000 0.048300 0.169400 0.133900 0.167500 0.231600 0.110700 0.332100 0.000000 0.035100 0.127000 0.189500 0.120900 0.146300 0.228400 0.159000 0.145100 0.205200 0.212000 0.128200 0.114400 0.145900 0.130300 0.122000 0.161400 0.167400 0.182500
Gemsbok 0.118700 0.503900 0.218300 0.442000 0.082100 0.118500 0.149500 0.135100 0.203400 0.188000 0.129800 0.100800 0.072100 0.136900 0.107100 0.157700 0.130100 0.122900 0.106600 0.180200 0.165300 0.117900 0.175300 0.207600 0.129600 0.133900 0.060200 0.182400 0.145800 0.151900 0.214000 0.096900 0.346100 0.035100 0.000000 0.112500 0.173700 0.080300 0.132000 0.210000 0.143300 0.157000 0.188000 0.195000 0.113600 0.112600 0.158000 0.141900 0.134100 0.146700 0.180200 0.195300
Yak 0.187700 0.516200 0.150900 0.477900 0.122000 0.187700 0.166200 0.178800 0.137000 0.161900 0.199000 0.037100 0.139200 0.179900 0.148200 0.201700 0.133000 0.153100 0.174700 0.113600 0.182800 0.186300 0.149000 0.182300 0.198700 0.149700 0.126800 0.114900 0.189400 0.087000 0.188000 0.166000 0.286000 0.127000 0.112500 0.000000 0.162600 0.121900 0.174400 0.184500 0.132000 0.173300 0.161900 0.169600 0.024500 0.157700 0.202000 0.183700 0.177300 0.191200 0.113500 0.127500
BlueSheep 0.090100 0.507300 0.269600 0.527900 0.208900 0.090100 0.187000 0.183400 0.225700 0.181800 0.077500 0.179700 0.201500 0.231000 0.154700 0.180000 0.226400 0.242900 0.126500 0.202300 0.187500 0.043800 0.215600 0.188300 0.077400 0.210700 0.189100 0.234100 0.168200 0.202200 0.207000 0.186700 0.403500 0.189500 0.173700 0.162600 0.000000 0.208800 0.207800 0.219500 0.182100 0.233800 0.181800 0.176000 0.192700 0.222000 0.180200 0.189300 0.239700 0.251800 0.231400 0.214600
BohorReedb 0.179000 0.568100 0.184000 0.508200 0.022000 0.179000 0.131400 0.157300 0.170100 0.211500 0.138800 0.110600 0.132500 0.145400 0.116000 0.179300 0.168600 0.159200 0.166500 0.147600 0.187900 0.177700 0.199000 0.201100 0.163300 0.130300 0.120700 0.149300 0.167600 0.121100 0.237100 0.131700 0.320700 0.120900 0.080300 0.121900 0.208800 0.000000 0.153800 0.232800 0.166600 0.152900 0.211500 0.217600 0.123100 0.149800 0.179700 0.149800 0.142500 0.196000 0.147600 0.161600
KirksDik 0.165100 0.611800 0.224000 0.533900 0.153800 0.165100 0.157700 0.104400 0.237400 0.255100 0.176000 0.163200 0.158000 0.185500 0.115600 0.090300 0.195300 0.185100 0.140000 0.214900 0.106600 0.176600 0.242500 0.242500 0.175800 0.056400 0.146100 0.217400 0.078600 0.186400 0.281100 0.144200 0.366200 0.146300 0.132000 0.174400 0.207800 0.153800 0.000000 0.231000 0.208000 0.078400 0.255100 0.230000 0.176000 0.176400 0.090600 0.175000 0.194800 0.194500 0.214800 0.230200
RoeDeer 0.215700 0.454000 0.284600 0.391000 0.232800 0.215700 0.164200 0.207600 0.237400 0.100500 0.256500 0.143800 0.239700 0.164900 0.190300 0.230400 0.146300 0.138500 0.245600 0.229500 0.257400 0.243200 0.089500 0.109300 0.256000 0.218800 0.226700 0.247300 0.217900 0.213100 0.126700 0.149900 0.298100 0.228400 0.210000 0.184500 0.219500 0.232800 0.231000 0.000000 0.087800 0.242700 0.101800 0.097400 0.186300 0.263700 0.274800 0.269700 0.206400 0.202400 0.213700 0.230000
WhiteLippe 0.208100 0.427300 0.230000 0.366500 0.166700 0.208100 0.155500 0.169600 0.184600 0.064200 0.219600 0.119800 0.171600 0.128000 0.125900 0.222700 0.150200 0.142000 0.208400 0.175500 0.218500 0.206400 0.025400 0.099500 0.219200 0.211300 0.158700 0.192300 0.209900 0.159900 0.062900 0.141800 0.274700 0.159000 0.143300 0.132000 0.182100 0.166600 0.208000 0.087800 0.000000 0.235800 0.064200 0.087300 0.133300 0.192400 0.237300 0.232900 0.168700 0.194700 0.160300 0.175800
ThomsonGaz 0.176300 0.605500 0.194600 0.501300 0.152900 0.174600 0.142800 0.128500 0.207600 0.284100 0.201000 0.162200 0.130900 0.169700 0.139700 0.089700 0.222900 0.211200 0.164500 0.185300 0.117900 0.201500 0.271500 0.241000 0.200600 0.021900 0.119200 0.187300 0.078600 0.185200 0.310400 0.155600 0.282000 0.145100 0.157000 0.173300 0.233800 0.152900 0.078400 0.242700 0.235800 0.000000 0.284100 0.228600 0.174800 0.188000 0.089900 0.173600 0.193100 0.179400 0.185200 0.199800
MuntiacusC 0.237000 0.489000 0.248500 0.467800 0.211500 0.237000 0.200500 0.247100 0.186100 0.000000 0.219100 0.149200 0.218100 0.171500 0.168600 0.239900 0.166500 0.157200 0.237400 0.207200 0.268400 0.206000 0.065500 0.113600 0.218700 0.259200 0.204800 0.225000 0.226900 0.190800 0.024700 0.184800 0.344700 0.205200 0.188000 0.161900 0.181800 0.211500 0.255100 0.101800 0.064200 0.284100 0.000000 0.101300 0.163500 0.241500 0.254800 0.280600 0.214200 0.241200 0.191300 0.190000
WhiteTaile 0.200900 0.364400 0.237100 0.450900 0.217900 0.200900 0.178200 0.221700 0.192900 0.101300 0.212400 0.157900 0.194500 0.178300 0.148500 0.245100 0.160400 0.151900 0.201300 0.183900 0.211000 0.199500 0.088900 0.011400 0.212000 0.233600 0.182600 0.200300 0.232400 0.168500 0.125900 0.163400 0.314600 0.212000 0.195000 0.169600 0.176000 0.217600 0.230000 0.097400 0.087300 0.228600 0.101300 0.000000 0.171200 0.247100 0.229300 0.225700 0.220700 0.188500 0.169000 0.184200
Cattle 0.189500 0.521400 0.152200 0.482700 0.123100 0.189500 0.167700 0.180400 0.138100 0.163500 0.200700 0.037500 0.140500 0.182900 0.149500 0.203300 0.134300 0.154500 0.176300 0.114600 0.184400 0.188000 0.150600 0.183900 0.200400 0.151100 0.128000 0.116000 0.191000 0.087800 0.189900 0.167600 0.288600 0.128200 0.113600 0.024500 0.192700 0.123100 0.176000 0.186300 0.133300 0.174800 0.163500 0.171200 0.000000 0.159200 0.203800 0.213500 0.178900 0.193000 0.114600 0.128700
RoyalAntel 0.189800 0.586100 0.253900 0.566700 0.149900 0.189800 0.181200 0.152200 0.237900 0.241500 0.201200 0.145800 0.126400 0.168100 0.149800 0.188800 0.192700 0.227700 0.176700 0.214300 0.196700 0.188400 0.228200 0.260400 0.200900 0.164200 0.114000 0.217000 0.176500 0.200000 0.268900 0.167900 0.339000 0.114400 0.112600 0.157700 0.222000 0.149800 0.176400 0.263700 0.192400 0.188000 0.241500 0.247100 0.159200 0.000000 0.189200 0.199100 0.164500 0.222300 0.214200 0.230500
Steenbok 0.177300 0.564600 0.195200 0.548100 0.179800 0.177300 0.170200 0.129300 0.181300 0.254800 0.150300 0.190900 0.157600 0.198300 0.115400 0.065500 0.224100 0.212300 0.139700 0.185800 0.093500 0.150800 0.273300 0.241800 0.150100 0.068200 0.145700 0.187900 0.055800 0.185800 0.280900 0.183500 0.380200 0.145900 0.158000 0.202000 0.180200 0.179700 0.090600 0.274800 0.237300 0.089900 0.254800 0.229300 0.203800 0.189200 0.000000 0.149100 0.194200 0.235300 0.185800 0.200400
Impala 0.161100 0.535500 0.205100 0.536200 0.150000 0.161100 0.166300 0.205500 0.218300 0.280600 0.146900 0.200800 0.141800 0.180700 0.125400 0.174600 0.236300 0.224100 0.124800 0.196000 0.168400 0.160200 0.267900 0.209500 0.171700 0.151400 0.130100 0.198000 0.163100 0.195800 0.306500 0.140600 0.408200 0.130300 0.141900 0.183700 0.189300 0.149800 0.175000 0.269700 0.232900 0.173600 0.280600 0.225700 0.213500 0.199100 0.149100 0.000000 0.177200 0.231200 0.195900 0.210500
Klipspring 0.208000 0.536000 0.227000 0.517400 0.117400 0.208000 0.159200 0.172100 0.158100 0.214200 0.219000 0.166000 0.133800 0.120700 0.117400 0.167500 0.184800 0.175100 0.195100 0.189600 0.217100 0.206500 0.201500 0.233400 0.218700 0.170100 0.119800 0.191700 0.155800 0.189500 0.240200 0.159400 0.306700 0.122000 0.134100 0.177300 0.239700 0.142500 0.194800 0.206400 0.168700 0.193100 0.214200 0.220700 0.178900 0.164500 0.194200 0.177200 0.000000 0.198200 0.162000 0.176500
ForestMusk 0.193300 0.433600 0.286200 0.443600 0.169300 0.193300 0.186500 0.211600 0.241100 0.241200 0.231900 0.179900 0.174000 0.201900 0.196000 0.234800 0.166800 0.185000 0.206900 0.247600 0.245000 0.219300 0.228500 0.200700 0.231500 0.183000 0.161800 0.236500 0.222800 0.217700 0.267400 0.159400 0.331600 0.161400 0.146700 0.191200 0.251800 0.196000 0.194500 0.202400 0.194700 0.179400 0.241200 0.188500 0.193000 0.222300 0.235300 0.231200 0.198200 0.000000 0.247500 0.263800
Bushbuck 0.228700 0.552100 0.059000 0.517500 0.147600 0.228700 0.165000 0.233100 0.023100 0.191300 0.226300 0.101700 0.179700 0.165500 0.133800 0.213900 0.174400 0.165000 0.214100 0.023700 0.192700 0.227000 0.178300 0.181800 0.225900 0.161700 0.167100 0.023900 0.201600 0.023700 0.217800 0.207300 0.250700 0.167400 0.180200 0.113500 0.231400 0.147600 0.214800 0.213700 0.160300 0.185200 0.191300 0.169000 0.114600 0.214200 0.185800 0.195900 0.162000 0.247500 0.000000 0.011800
GreaterKud 0.212100 0.577900 0.071100 0.544000 0.161700 0.212100 0.179800 0.249100 0.034800 0.190000 0.209900 0.115700 0.194900 0.180300 0.147400 0.229200 0.190100 0.179800 0.197900 0.035500 0.208000 0.210500 0.194500 0.197100 0.209600 0.176100 0.182100 0.036100 0.216800 0.035100 0.216300 0.222900 0.267700 0.182500 0.195300 0.127500 0.214600 0.161600 0.230200 0.230000 0.175800 0.199800 0.190000 0.184200 0.128700 0.230500 0.200400 0.210500 0.176500 0.263800 0.011800 0.000000
