1
52 1
Argali 0.000000 0.381900 0.131900 0.379300 0.050800 0.007400 0.050200 0.062300 0.136700 0.170800 0.019100 0.091900 0.038700 0.038500 0.090100 0.074700 0.141700 0.128900 0.034600 0.128000 0.054600 0.019200 0.142700 0.152800 0.019100 0.074000 0.038500 0.119800 0.078000 0.140300 0.161200 0.050200 0.145300 0.042600 0.042600 0.100200 0.019100 0.058600 0.070000 0.170100 0.146600 0.065900 0.166500 0.151500 0.095600 0.082000 0.061900 0.090400 0.102700 0.108300 0.120400 0.106500
LesserMous 0.381900 0.000000 0.395300 0.402700 0.390900 0.396100 0.395000 0.375000 0.367100 0.344200 0.378000 0.351700 0.365600 0.386300 0.384700 0.405900 0.342500 0.349400 0.370000 0.378000 0.373900 0.366900 0.353700 0.349100 0.377700 0.399900 0.375200 0.391200 0.418800 0.393200 0.337400 0.388100 0.352900 0.376500 0.388200 0.356400 0.390000 0.382600 0.413200 0.330800 0.358300 0.402500 0.338900 0.356800 0.351800 0.358600 0.396100 0.405500 0.414200 0.324800 0.375300 0.392700
LesserKudu 0.131900 0.395300 0.000000 0.370100 0.132600 0.132300 0.139500 0.157100 0.033600 0.181400 0.127900 0.102900 0.136600 0.127200 0.126000 0.175500 0.166100 0.157400 0.148900 0.033600 0.153700 0.141400 0.153700 0.181400 0.128100 0.173800 0.135900 0.041300 0.178300 0.044900 0.176500 0.135200 0.156200 0.140600 0.140700 0.111300 0.136400 0.140700 0.164400 0.180700 0.157600 0.164900 0.177100 0.179500 0.107500 0.147600 0.160700 0.134900 0.160400 0.115300 0.026200 0.037300
KillerWhal 0.379300 0.402700 0.370100 0.000000 0.352000 0.369700 0.376700 0.371200 0.355100 0.381400 0.352300 0.347600 0.346600 0.360200 0.372000 0.374600 0.319000 0.278200 0.373100 0.365400 0.378600 0.382700 0.349700 0.354500 0.352900 0.379500 0.355700 0.377800 0.386100 0.380100 0.363200 0.393100 0.301100 0.351200 0.362200 0.315100 0.363900 0.373100 0.379400 0.325800 0.343100 0.384200 0.370700 0.351400 0.310900 0.345700 0.403400 0.380100 0.356200 0.320200 0.351400 0.357600
DefassaWat 0.050800 0.390900 0.132600 0.352000 0.000000 0.050900 0.054400 0.058500 0.128700 0.158200 0.038900 0.092400 0.042900 0.042600 0.098800 0.062700 0.142300 0.116500 0.046700 0.120100 0.042800 0.055200 0.121800 0.122700 0.039000 0.062100 0.050700 0.120400 0.066200 0.132300 0.139800 0.058400 0.137500 0.046800 0.046800 0.092300 0.046900 0.027000 0.062200 0.148600 0.125700 0.054200 0.153800 0.134700 0.087700 0.078400 0.074400 0.078500 0.082400 0.109000 0.112400 0.098700
Sheep 0.007400 0.396100 0.132300 0.369700 0.050900 0.000000 0.050300 0.070600 0.137100 0.162400 0.019200 0.092200 0.038800 0.038600 0.090400 0.074900 0.142100 0.129300 0.042600 0.128400 0.054800 0.027100 0.134500 0.144400 0.019200 0.074200 0.038700 0.120100 0.078300 0.140700 0.152900 0.050400 0.154600 0.042700 0.042700 0.100600 0.019200 0.058800 0.070200 0.161700 0.138400 0.066100 0.158100 0.143200 0.096000 0.082300 0.070200 0.090700 0.103000 0.117300 0.120800 0.106800
MaxwellsDu 0.050200 0.395000 0.139500 0.376700 0.054400 0.050300 0.000000 0.065800 0.144300 0.173900 0.054300 0.103900 0.050300 0.034300 0.106000 0.078200 0.139700 0.126900 0.054100 0.135600 0.058200 0.062600 0.145900 0.147300 0.054300 0.077500 0.058000 0.136000 0.077500 0.147900 0.164400 0.049800 0.161800 0.054200 0.062200 0.116400 0.054300 0.066100 0.077600 0.173400 0.149900 0.069500 0.169500 0.150400 0.111700 0.077400 0.081600 0.089800 0.102000 0.124500 0.128000 0.114100
GazellaPrz 0.062300 0.375000 0.157100 0.371200 0.058500 0.070600 0.065800 0.000000 0.153200 0.188300 0.058400 0.116900 0.062400 0.054000 0.102000 0.066200 0.154000 0.136700 0.058100 0.144500 0.046400 0.066800 0.159700 0.170000 0.058500 0.065600 0.070200 0.144900 0.069600 0.148200 0.169400 0.069800 0.157600 0.066300 0.066400 0.120300 0.066500 0.078500 0.065700 0.178200 0.163600 0.057700 0.183900 0.164100 0.115600 0.089800 0.061700 0.110600 0.110500 0.129000 0.136900 0.122700
MountainNy 0.136700 0.367100 0.033600 0.355100 0.128700 0.137100 0.144300 0.153200 0.000000 0.186700 0.124000 0.107500 0.141400 0.131900 0.147800 0.171600 0.161600 0.153500 0.153800 0.014800 0.149800 0.146300 0.158600 0.177500 0.124300 0.169800 0.140700 0.014900 0.174400 0.018500 0.172600 0.131300 0.143600 0.145400 0.145600 0.107500 0.141300 0.136400 0.160400 0.176800 0.162500 0.161000 0.182300 0.175000 0.103600 0.152400 0.139500 0.139600 0.156500 0.119900 0.014900 0.026000
MuntiacusM 0.170800 0.344200 0.181400 0.381400 0.158200 0.162400 0.173900 0.188300 0.186700 0.000000 0.176000 0.145000 0.171300 0.170100 0.159400 0.188000 0.174300 0.169200 0.166100 0.177400 0.161800 0.177000 0.046700 0.075500 0.176300 0.191600 0.179600 0.177700 0.196200 0.190200 0.011500 0.178700 0.181500 0.175500 0.184800 0.144600 0.176000 0.180100 0.191900 0.091700 0.054600 0.182400 0.003800 0.074900 0.140600 0.146600 0.178300 0.196200 0.178200 0.134300 0.169800 0.181000
goat 0.019100 0.378000 0.127900 0.352300 0.038900 0.019200 0.054300 0.058400 0.124000 0.176000 0.000000 0.079600 0.034900 0.042500 0.094500 0.062600 0.146400 0.124800 0.038700 0.123900 0.042700 0.023100 0.147600 0.148800 0.000000 0.062000 0.034700 0.124300 0.066100 0.136200 0.157300 0.054300 0.132700 0.038700 0.038700 0.096300 0.015300 0.054700 0.058100 0.157100 0.151600 0.054100 0.171600 0.147500 0.091700 0.078200 0.066100 0.086500 0.090500 0.104400 0.116300 0.102500
AfricanBuf 0.091900 0.351700 0.102900 0.347600 0.092400 0.092200 0.103900 0.116900 0.107500 0.145000 0.079600 0.000000 0.096400 0.095800 0.090400 0.121700 0.133700 0.138400 0.100200 0.107400 0.104800 0.092600 0.126400 0.136100 0.079800 0.124700 0.095900 0.116200 0.120400 0.119600 0.140200 0.087000 0.133000 0.100400 0.096300 0.055200 0.088000 0.104700 0.116200 0.140000 0.130300 0.116100 0.140700 0.148300 0.051300 0.095100 0.112100 0.103400 0.120300 0.092200 0.099800 0.102800
Topi 0.038700 0.365600 0.136600 0.346600 0.042900 0.038800 0.050300 0.062400 0.141400 0.171300 0.034900 0.096400 0.000000 0.038600 0.102700 0.066700 0.124500 0.112000 0.034700 0.132700 0.046700 0.035000 0.143100 0.153300 0.034900 0.066100 0.007600 0.133100 0.066100 0.145100 0.161700 0.054300 0.150300 0.011400 0.042700 0.096300 0.034900 0.042700 0.066100 0.166100 0.147100 0.050100 0.166900 0.143300 0.091700 0.066000 0.078400 0.094700 0.094600 0.112800 0.125100 0.111000
CommonDuik 0.038500 0.386300 0.127200 0.360200 0.042600 0.038600 0.034300 0.054000 0.131900 0.170100 0.042500 0.095800 0.038600 0.000000 0.093900 0.066300 0.136700 0.119800 0.042400 0.123300 0.046400 0.050700 0.142200 0.152300 0.042600 0.065700 0.046300 0.123700 0.069700 0.135500 0.160700 0.038200 0.149200 0.042400 0.050400 0.104100 0.042500 0.054300 0.065700 0.169500 0.146100 0.057700 0.165800 0.155400 0.099300 0.073700 0.069800 0.086000 0.094100 0.112100 0.115700 0.102000
Suni 0.090100 0.384700 0.126000 0.372000 0.098800 0.090400 0.106000 0.102000 0.147800 0.159400 0.094500 0.090400 0.102700 0.093900 0.000000 0.123500 0.166100 0.161700 0.106500 0.147600 0.102700 0.107400 0.140700 0.168300 0.094700 0.122300 0.110600 0.147800 0.126500 0.159900 0.150200 0.093600 0.173900 0.106700 0.106800 0.098700 0.102800 0.110900 0.114000 0.158600 0.144600 0.113900 0.155200 0.171500 0.094900 0.089200 0.118200 0.085200 0.109600 0.136600 0.140100 0.134300
Springbuck 0.074700 0.405900 0.175500 0.374600 0.062700 0.074900 0.078200 0.066200 0.171600 0.188000 0.062600 0.121700 0.066700 0.066300 0.123500 0.000000 0.158800 0.141500 0.062400 0.162600 0.042600 0.079400 0.155800 0.166000 0.062700 0.046000 0.074500 0.163100 0.026500 0.166500 0.165500 0.082300 0.171700 0.062500 0.078900 0.129400 0.062600 0.082900 0.061800 0.183400 0.159700 0.038200 0.179900 0.160200 0.124600 0.102700 0.074000 0.123700 0.106700 0.151800 0.155000 0.140300
Okapi 0.141700 0.342500 0.166100 0.319000 0.142300 0.142100 0.139700 0.154000 0.161600 0.174300 0.146400 0.133700 0.124500 0.136700 0.166100 0.158800 0.000000 0.062000 0.145900 0.144400 0.145800 0.147200 0.159300 0.169700 0.146600 0.157100 0.132600 0.162600 0.157300 0.165900 0.169400 0.144800 0.149100 0.137400 0.146100 0.133800 0.137400 0.128000 0.166300 0.164300 0.154600 0.148300 0.170000 0.145900 0.129700 0.144000 0.161900 0.162400 0.171200 0.142000 0.145600 0.148300
Giraffe 0.128900 0.349400 0.157400 0.278200 0.116500 0.129300 0.126900 0.136700 0.153500 0.169200 0.124800 0.138400 0.112000 0.119800 0.161700 0.141500 0.062000 0.000000 0.133000 0.135900 0.128800 0.134200 0.150200 0.147100 0.125000 0.148800 0.120000 0.153900 0.148900 0.157100 0.155300 0.136500 0.131600 0.124600 0.142100 0.120900 0.133500 0.128800 0.149000 0.155100 0.145500 0.131400 0.164900 0.137200 0.117000 0.140000 0.153500 0.145000 0.148900 0.137400 0.137100 0.131300
TibetanAnt 0.034600 0.370000 0.148900 0.373100 0.046700 0.042600 0.054100 0.058100 0.153800 0.166100 0.038700 0.100200 0.034700 0.042400 0.106500 0.062400 0.145900 0.133000 0.000000 0.145000 0.042600 0.034900 0.138200 0.148200 0.038700 0.069800 0.042400 0.145500 0.065800 0.157500 0.156600 0.058100 0.136500 0.038600 0.038600 0.108600 0.038700 0.054500 0.069900 0.165400 0.142100 0.061800 0.161700 0.146900 0.099900 0.069800 0.074000 0.098500 0.098400 0.099700 0.137400 0.123200
Sitatunga 0.128000 0.378000 0.033600 0.365400 0.120100 0.128400 0.135600 0.144500 0.014800 0.177400 0.123900 0.107400 0.132700 0.123300 0.147600 0.162600 0.144400 0.135900 0.145000 0.000000 0.141000 0.137500 0.149700 0.168300 0.124100 0.161000 0.132000 0.014900 0.165500 0.018400 0.163500 0.122700 0.143500 0.136700 0.136800 0.099000 0.132500 0.128100 0.151700 0.176600 0.153600 0.152200 0.173100 0.166500 0.095200 0.143700 0.139300 0.139500 0.147700 0.119800 0.007400 0.018500
Oribi 0.054600 0.373900 0.153700 0.378600 0.042800 0.054800 0.058200 0.046400 0.149800 0.161800 0.042700 0.104800 0.046700 0.046400 0.102700 0.042600 0.145800 0.128800 0.042600 0.141000 0.000000 0.055100 0.134000 0.143900 0.042800 0.042200 0.054500 0.141500 0.046100 0.153400 0.143400 0.058300 0.149900 0.050600 0.058700 0.108200 0.042700 0.062700 0.050100 0.161000 0.137900 0.034400 0.157500 0.138300 0.103300 0.082200 0.054100 0.102900 0.094500 0.129800 0.133400 0.119200
BarbaryShe 0.019200 0.366900 0.141400 0.382700 0.055200 0.027100 0.062600 0.066800 0.146300 0.177000 0.023100 0.092600 0.035000 0.050700 0.107400 0.079400 0.147200 0.134200 0.034900 0.137500 0.055100 0.000000 0.153000 0.158700 0.023200 0.078600 0.034800 0.137900 0.078600 0.149900 0.167300 0.062600 0.142000 0.046900 0.046900 0.109600 0.023200 0.054900 0.074600 0.171600 0.157000 0.062400 0.172600 0.162000 0.105100 0.074500 0.074600 0.103600 0.107700 0.109000 0.129800 0.115600
Daviddeer 0.142700 0.353700 0.153700 0.349700 0.121800 0.134500 0.145900 0.159700 0.158600 0.046700 0.147600 0.126400 0.143100 0.142200 0.140700 0.155800 0.159300 0.150200 0.138200 0.149700 0.134000 0.153000 0.000000 0.070700 0.147900 0.163100 0.151200 0.149900 0.167500 0.162100 0.042600 0.150500 0.162600 0.147200 0.147500 0.125900 0.147600 0.142900 0.163300 0.082800 0.007600 0.154300 0.042700 0.058200 0.121900 0.119500 0.150200 0.158700 0.149900 0.116200 0.142100 0.153300
Reindeer 0.152800 0.349100 0.181400 0.354500 0.122700 0.144400 0.147300 0.170000 0.177500 0.075500 0.148800 0.136100 0.153300 0.152300 0.168300 0.166000 0.169700 0.147100 0.148200 0.168300 0.143900 0.158700 0.070700 0.000000 0.149000 0.173400 0.161500 0.168600 0.178000 0.181000 0.067000 0.169700 0.163700 0.157400 0.166800 0.126800 0.157800 0.153000 0.164600 0.058800 0.078800 0.164400 0.075500 0.042600 0.131600 0.137900 0.169000 0.169100 0.151300 0.130000 0.160700 0.163200
Ibex 0.019100 0.377700 0.128100 0.352900 0.039000 0.019200 0.054300 0.058500 0.124300 0.176300 0.000000 0.079800 0.034900 0.042600 0.094700 0.062700 0.146600 0.125000 0.038700 0.124100 0.042800 0.023200 0.147900 0.149000 0.000000 0.062100 0.034700 0.124500 0.066200 0.136400 0.157500 0.054400 0.132900 0.038800 0.038300 0.096400 0.015300 0.054800 0.058200 0.157400 0.151900 0.054200 0.171900 0.147800 0.091800 0.078300 0.066300 0.086600 0.090600 0.104600 0.116500 0.102700
GyrantGaze 0.074000 0.399900 0.173800 0.379500 0.062100 0.074200 0.077500 0.065600 0.169800 0.191600 0.062000 0.124700 0.066100 0.065700 0.122300 0.046000 0.157100 0.148800 0.069800 0.161000 0.042200 0.078600 0.163100 0.173400 0.062100 0.000000 0.073800 0.161500 0.049500 0.164800 0.172800 0.081500 0.170100 0.061900 0.073900 0.128100 0.054100 0.082100 0.061300 0.190700 0.167000 0.022500 0.187200 0.167500 0.123400 0.101700 0.073300 0.122500 0.105600 0.150000 0.153400 0.138900
Hartebeest 0.038500 0.375200 0.135900 0.355700 0.050700 0.038700 0.058000 0.070200 0.140700 0.179600 0.034700 0.095900 0.007600 0.046300 0.110600 0.074500 0.132600 0.120000 0.042400 0.132000 0.054500 0.034800 0.151200 0.161500 0.034700 0.073800 0.000000 0.132400 0.073800 0.144300 0.170000 0.062000 0.149500 0.019100 0.042500 0.104300 0.034700 0.050400 0.073900 0.174400 0.155200 0.057800 0.175200 0.151400 0.099800 0.073800 0.078000 0.102600 0.102500 0.116600 0.124400 0.110500
Bongo 0.119800 0.391200 0.041300 0.377800 0.120400 0.120100 0.136000 0.144900 0.014900 0.177700 0.124300 0.116200 0.133100 0.123700 0.147800 0.163100 0.162600 0.153900 0.145500 0.014900 0.141500 0.137900 0.149900 0.168600 0.124500 0.161500 0.132400 0.000000 0.166000 0.018500 0.163800 0.123100 0.143900 0.137100 0.137200 0.099200 0.133000 0.128500 0.152200 0.176900 0.153900 0.152700 0.173400 0.166800 0.095400 0.152700 0.122700 0.148500 0.156800 0.128700 0.015000 0.026100
Gerenuk 0.078000 0.418800 0.178300 0.386100 0.066200 0.078300 0.077500 0.069600 0.174400 0.196200 0.066100 0.120400 0.066100 0.069700 0.126500 0.026500 0.157300 0.148900 0.065800 0.165500 0.046100 0.078600 0.167500 0.178000 0.066200 0.049500 0.073800 0.166000 0.000000 0.169300 0.177400 0.085600 0.183500 0.065900 0.082200 0.132400 0.066000 0.082100 0.065200 0.190400 0.171500 0.037800 0.191800 0.172000 0.127600 0.101800 0.077300 0.126700 0.109800 0.154400 0.157900 0.143300
CommonElan 0.140300 0.393200 0.044900 0.380100 0.132300 0.140700 0.147900 0.148200 0.018500 0.190200 0.136200 0.119600 0.145100 0.135500 0.159900 0.166500 0.165900 0.157100 0.157500 0.018400 0.153400 0.149900 0.162100 0.181000 0.136400 0.164800 0.144300 0.018500 0.169300 0.000000 0.176100 0.134900 0.155800 0.149100 0.149200 0.111100 0.144900 0.140400 0.164100 0.189300 0.166100 0.156000 0.185800 0.179100 0.107300 0.147500 0.143100 0.151800 0.160100 0.132100 0.018600 0.029700
MuntiacusR 0.161200 0.337400 0.176500 0.363200 0.139800 0.152900 0.164400 0.169400 0.172600 0.011500 0.157300 0.140200 0.161700 0.160700 0.150200 0.165500 0.169400 0.155300 0.156600 0.163500 0.143400 0.167300 0.042600 0.067000 0.157500 0.172800 0.170000 0.163800 0.177400 0.176100 0.000000 0.169100 0.167600 0.165900 0.175100 0.130900 0.166400 0.170400 0.173100 0.079000 0.050500 0.163900 0.007700 0.062500 0.126800 0.137500 0.164300 0.186400 0.159700 0.138300 0.155900 0.167100
HarveysDui 0.050200 0.388100 0.135200 0.393100 0.058400 0.050400 0.049800 0.069800 0.131300 0.178700 0.054300 0.087000 0.054300 0.038200 0.093600 0.082300 0.144800 0.136500 0.058100 0.122700 0.058300 0.062600 0.150500 0.169700 0.054400 0.081500 0.062000 0.123100 0.085600 0.134900 0.169100 0.000000 0.139800 0.058200 0.066200 0.103700 0.054300 0.062100 0.073500 0.187200 0.154500 0.073500 0.174300 0.172700 0.099000 0.081600 0.069500 0.093800 0.110300 0.128800 0.115200 0.101500
Pronghorn 0.145300 0.352900 0.156200 0.301100 0.137500 0.154600 0.161800 0.157600 0.143600 0.181500 0.132700 0.133000 0.150300 0.149200 0.173900 0.171700 0.149100 0.131600 0.136500 0.143500 0.149900 0.142000 0.162600 0.163700 0.132900 0.170100 0.149500 0.143900 0.183500 0.155800 0.167600 0.139800 0.000000 0.154400 0.145800 0.141600 0.141500 0.150000 0.173500 0.163000 0.157800 0.161300 0.177200 0.170600 0.137700 0.161100 0.148000 0.166000 0.179000 0.111100 0.135900 0.130200
BlueWildeb 0.042600 0.376500 0.140600 0.351200 0.046800 0.042700 0.054200 0.066300 0.145400 0.175500 0.038700 0.100400 0.011400 0.042400 0.106700 0.062500 0.137400 0.124600 0.038600 0.136700 0.050600 0.046900 0.147200 0.157400 0.038800 0.061900 0.019100 0.137100 0.065900 0.149100 0.165900 0.058200 0.154400 0.000000 0.046600 0.100300 0.038700 0.054600 0.062000 0.174800 0.151200 0.054000 0.171100 0.147300 0.095800 0.078000 0.082200 0.098700 0.090300 0.116900 0.129100 0.115000
Gemsbok 0.042600 0.388200 0.140700 0.362200 0.046800 0.042700 0.062200 0.066400 0.145600 0.184800 0.038700 0.096300 0.042700 0.050400 0.106800 0.078900 0.146100 0.142100 0.038600 0.136800 0.058700 0.046900 0.147500 0.166800 0.038300 0.073900 0.042500 0.137200 0.082200 0.149200 0.175100 0.066200 0.145800 0.046600 0.000000 0.113200 0.038700 0.054600 0.078200 0.175000 0.151500 0.070000 0.180400 0.165200 0.108600 0.078100 0.082300 0.098800 0.107000 0.104400 0.129200 0.115100
Yak 0.100200 0.356400 0.111300 0.315100 0.092300 0.100600 0.116400 0.120300 0.107500 0.144600 0.096300 0.055200 0.096300 0.104100 0.098700 0.129400 0.133800 0.120900 0.108600 0.099000 0.108200 0.109600 0.125900 0.126800 0.096400 0.128100 0.104300 0.099200 0.132400 0.111100 0.130900 0.103700 0.141600 0.100300 0.113200 0.000000 0.104800 0.113100 0.119500 0.130700 0.129900 0.119500 0.140300 0.121600 0.003800 0.103300 0.115400 0.120200 0.111600 0.104800 0.091400 0.102700
BlueSheep 0.019100 0.390000 0.136400 0.363900 0.046900 0.019200 0.054300 0.066500 0.141300 0.176000 0.015300 0.088000 0.034900 0.042500 0.102800 0.062600 0.137400 0.133500 0.038700 0.132500 0.042700 0.023200 0.147600 0.157800 0.015300 0.054100 0.034700 0.133000 0.066000 0.144900 0.166400 0.054300 0.141500 0.038700 0.038700 0.104800 0.000000 0.054700 0.058100 0.175300 0.151600 0.046200 0.171600 0.156500 0.100300 0.078200 0.066100 0.094700 0.098800 0.112900 0.124900 0.110900
BohorReedb 0.058600 0.382600 0.140700 0.373100 0.027000 0.058800 0.066100 0.078500 0.136400 0.180100 0.054700 0.104700 0.042700 0.054300 0.110900 0.082900 0.128000 0.128800 0.054500 0.128100 0.062700 0.054900 0.142900 0.153000 0.054800 0.082100 0.050400 0.128500 0.082100 0.140400 0.170400 0.062100 0.150000 0.054600 0.054600 0.113100 0.054700 0.000000 0.082200 0.174800 0.146900 0.065900 0.175700 0.155700 0.108500 0.078100 0.086300 0.090500 0.098600 0.117000 0.120500 0.106600
KirksDik 0.070000 0.413200 0.164400 0.379400 0.062200 0.070200 0.077600 0.065700 0.160400 0.191900 0.058100 0.116200 0.066100 0.065700 0.114000 0.061800 0.166300 0.149000 0.069900 0.151700 0.050100 0.074600 0.163300 0.164600 0.058200 0.061300 0.073900 0.152200 0.065200 0.164100 0.173100 0.073500 0.173500 0.062000 0.078200 0.119500 0.058100 0.082200 0.000000 0.181900 0.167200 0.053400 0.187500 0.158500 0.114600 0.110100 0.081400 0.114200 0.105800 0.153700 0.144100 0.129800
RoeDeer 0.170100 0.330800 0.180700 0.325800 0.148600 0.161700 0.173400 0.178200 0.176800 0.091700 0.157100 0.140000 0.166100 0.169500 0.158600 0.183400 0.164300 0.155100 0.165400 0.176600 0.161000 0.171600 0.082800 0.058800 0.157400 0.190700 0.174400 0.176900 0.190400 0.189300 0.079000 0.187200 0.163000 0.174800 0.175000 0.130700 0.175300 0.174800 0.181900 0.000000 0.082600 0.177100 0.087600 0.070500 0.135500 0.150300 0.177300 0.177200 0.168300 0.138100 0.169000 0.180200
WhiteLippe 0.146600 0.358300 0.157600 0.343100 0.125700 0.138400 0.149900 0.163600 0.162500 0.054600 0.151600 0.130300 0.147100 0.146100 0.144600 0.159700 0.154600 0.145500 0.142100 0.153600 0.137900 0.157000 0.007600 0.078800 0.151900 0.167000 0.155200 0.153900 0.171500 0.166100 0.050500 0.154500 0.157800 0.151200 0.151500 0.129900 0.151600 0.146900 0.167200 0.082600 0.000000 0.158200 0.050600 0.066100 0.125900 0.123300 0.154000 0.163000 0.153900 0.124600 0.146000 0.157200
ThomsonGaz 0.065900 0.402500 0.164900 0.384200 0.054200 0.066100 0.069500 0.057700 0.161000 0.182400 0.054100 0.116100 0.050100 0.057700 0.113900 0.038200 0.148300 0.131400 0.061800 0.152200 0.034400 0.062400 0.154300 0.164400 0.054200 0.022500 0.057800 0.152700 0.037800 0.156000 0.163900 0.073500 0.161300 0.054000 0.070000 0.119500 0.046200 0.065900 0.053400 0.177100 0.158200 0.000000 0.178100 0.149900 0.115000 0.085300 0.065300 0.114100 0.097400 0.141300 0.144700 0.130400
MuntiacusC 0.166500 0.338900 0.177100 0.370700 0.153800 0.158100 0.169500 0.183900 0.182300 0.003800 0.171600 0.140700 0.166900 0.165800 0.155200 0.179900 0.170000 0.164900 0.161700 0.173100 0.157500 0.172600 0.042700 0.075500 0.171900 0.187200 0.175200 0.173400 0.191800 0.185800 0.007700 0.174300 0.177200 0.171100 0.180400 0.140300 0.171600 0.175700 0.187500 0.087600 0.050600 0.178100 0.000000 0.070900 0.136300 0.142400 0.174000 0.191800 0.173800 0.138800 0.165500 0.176700
WhiteTaile 0.151500 0.356800 0.179500 0.351400 0.134700 0.143200 0.150400 0.164100 0.175000 0.074900 0.147500 0.148300 0.143300 0.155400 0.171500 0.160200 0.145900 0.137200 0.146900 0.166500 0.138300 0.162000 0.058200 0.042600 0.147800 0.167500 0.151400 0.166800 0.172000 0.179100 0.062500 0.172700 0.170600 0.147300 0.165200 0.121600 0.156500 0.155700 0.158500 0.070500 0.066100 0.149900 0.070900 0.000000 0.126300 0.136800 0.163200 0.172100 0.145700 0.136800 0.158800 0.170100
Cattle 0.095600 0.351800 0.107500 0.310900 0.087700 0.096000 0.111700 0.115600 0.103600 0.140600 0.091700 0.051300 0.091700 0.099300 0.094900 0.124600 0.129700 0.117000 0.099900 0.095200 0.103300 0.105100 0.121900 0.131600 0.091800 0.123400 0.099800 0.095400 0.127600 0.107300 0.126800 0.099000 0.137700 0.095800 0.108600 0.003800 0.100300 0.108500 0.114600 0.135500 0.125900 0.115000 0.136300 0.126300 0.000000 0.099500 0.110500 0.116300 0.116200 0.100900 0.087600 0.098900
RoyalAntel 0.082000 0.358600 0.147600 0.345700 0.078400 0.082300 0.077400 0.089800 0.152400 0.146600 0.078200 0.095100 0.066000 0.073700 0.089200 0.102700 0.144000 0.140000 0.069800 0.143700 0.082200 0.074500 0.119500 0.137900 0.078300 0.101700 0.073800 0.152700 0.101800 0.147500 0.137500 0.081600 0.161100 0.078000 0.078100 0.103300 0.078200 0.078100 0.110100 0.150300 0.123300 0.085300 0.142400 0.136800 0.099500 0.000000 0.106000 0.105800 0.093400 0.115500 0.136100 0.130400
Steenbok 0.061900 0.396100 0.160700 0.403400 0.074400 0.070200 0.081600 0.061700 0.139500 0.178300 0.066100 0.112100 0.078400 0.069800 0.118200 0.074000 0.161900 0.153500 0.074000 0.139300 0.054100 0.074600 0.150200 0.169000 0.066300 0.073300 0.078000 0.122700 0.077300 0.143100 0.164300 0.069500 0.148000 0.082200 0.082300 0.115400 0.066100 0.086300 0.081400 0.177300 0.154000 0.065300 0.174000 0.163200 0.110500 0.106000 0.000000 0.135400 0.126800 0.132800 0.131800 0.117800
Impala 0.090400 0.405500 0.134900 0.380100 0.078500 0.090700 0.089800 0.110600 0.139600 0.196200 0.086500 0.103400 0.094700 0.086000 0.085200 0.123700 0.162400 0.145000 0.098500 0.139500 0.102900 0.103600 0.158700 0.169100 0.086600 0.122500 0.102600 0.148500 0.126700 0.151800 0.186400 0.093800 0.166000 0.098700 0.098800 0.120200 0.094700 0.090500 0.114200 0.177200 0.163000 0.114100 0.191800 0.172100 0.116300 0.105800 0.135400 0.000000 0.118200 0.128600 0.131900 0.126200
Klipspring 0.102700 0.414200 0.160400 0.356200 0.082400 0.103000 0.102000 0.110500 0.156500 0.178200 0.090500 0.120300 0.094600 0.094100 0.109600 0.106700 0.171200 0.148900 0.098400 0.147700 0.094500 0.107700 0.149900 0.151300 0.090600 0.105600 0.102500 0.156800 0.109800 0.160100 0.159700 0.110300 0.179000 0.090300 0.107000 0.111600 0.098800 0.098600 0.105800 0.168300 0.153900 0.097400 0.173800 0.145700 0.116200 0.093400 0.126800 0.118200 0.000000 0.141400 0.140200 0.134400
ForestMusk 0.108300 0.324800 0.115300 0.320200 0.109000 0.117300 0.124500 0.129000 0.119900 0.134300 0.104400 0.092200 0.112800 0.112100 0.136600 0.151800 0.142000 0.137400 0.099700 0.119800 0.129800 0.109000 0.116200 0.130000 0.104600 0.150000 0.116600 0.128700 0.154400 0.132100 0.138300 0.128800 0.111100 0.116900 0.104400 0.104800 0.112900 0.117000 0.153700 0.138100 0.124600 0.141300 0.138800 0.136800 0.100900 0.115500 0.132800 0.128600 0.141400 0.000000 0.112200 0.123500
Bushbuck 0.120400 0.375300 0.026200 0.351400 0.112400 0.120800 0.128000 0.136900 0.014900 0.169800 0.116300 0.099800 0.125100 0.115700 0.140100 0.155000 0.145600 0.137100 0.137400 0.007400 0.133400 0.129800 0.142100 0.160700 0.116500 0.153400 0.124400 0.015000 0.157900 0.018600 0.155900 0.115200 0.135900 0.129100 0.129200 0.091400 0.124900 0.120500 0.144100 0.169000 0.146000 0.144700 0.165500 0.158800 0.087600 0.136100 0.131800 0.131900 0.140200 0.112200 0.000000 0.011100
GreaterKud 0.106500 0.392700 0.037300 0.357600 0.098700 0.106800 0.114100 0.122700 0.026000 0.181000 0.102500 0.102800 0.111000 0.102000 0.134300 0.140300 0.148300 0.131300 0.123200 0.018500 0.119200 0.115600 0.153300 0.163200 0.102700 0.138900 0.110500 0.026100 0.143300 0.029700 0.167100 0.101500 0.130200 0.115000 0.115100 0.102700 0.110900 0.106600 0.129800 0.180200 0.157200 0.130400 0.176700 0.170100 0.098900 0.130400 0.117800 0.126200 0.134400 0.123500 0.011100 0.000000
