1
52 1
Argali 0.000000 0.640500 0.290500 0.516300 0.101300 0.000000 0.144700 0.192100 0.305600 0.170500 0.048600 0.120700 0.066800 0.112400 0.084900 0.153100 0.169000 0.136300 0.081900 0.280600 0.164800 0.048500 0.148200 0.199500 0.096700 0.195400 0.083000 0.260700 0.263100 0.260700 0.170500 0.129200 0.233100 0.101500 0.145100 0.119600 0.048600 0.101200 0.131900 0.185900 0.147300 0.195900 0.188600 0.201600 0.120100 0.179700 0.148400 0.149500 0.167800 0.216800 0.278200 0.260700
LesserMous 0.640500 0.000000 0.764400 0.409100 0.643100 0.640500 0.732000 0.717400 0.786100 0.477800 0.635300 0.618400 0.646000 0.687800 0.619600 0.680800 0.671300 0.661500 0.661000 0.767800 0.696100 0.660300 0.498800 0.499600 0.644500 0.733500 0.666200 0.729600 0.680200 0.729600 0.477800 0.717600 0.594300 0.647800 0.751200 0.610600 0.635300 0.638300 0.736200 0.548500 0.495300 0.700400 0.499600 0.505500 0.613600 0.648800 0.700700 0.633500 0.723500 0.654900 0.757600 0.729600
LesserKudu 0.290500 0.764400 0.000000 0.553400 0.272600 0.290500 0.325600 0.268500 0.064600 0.295800 0.306100 0.237000 0.220200 0.295800 0.239800 0.233600 0.317500 0.364800 0.234300 0.039600 0.242900 0.253100 0.272800 0.319300 0.354600 0.306600 0.235100 0.026200 0.337900 0.026200 0.295800 0.313700 0.390200 0.220800 0.259200 0.201300 0.306100 0.254200 0.281000 0.308700 0.272100 0.272900 0.272700 0.322100 0.203500 0.292800 0.263100 0.337600 0.320900 0.334300 0.053000 0.026200
KillerWhal 0.516300 0.409100 0.553400 0.000000 0.545100 0.516300 0.579000 0.561000 0.570900 0.422700 0.512800 0.496000 0.521300 0.563800 0.498100 0.499400 0.443600 0.482000 0.535800 0.549900 0.513500 0.535400 0.390200 0.445900 0.577200 0.550700 0.516400 0.521600 0.579100 0.521600 0.422700 0.535000 0.535300 0.522100 0.559900 0.490000 0.512800 0.515800 0.545000 0.434700 0.387600 0.552200 0.443400 0.450800 0.492700 0.557200 0.517100 0.514600 0.555700 0.472500 0.543700 0.521600
DefassaWat 0.101300 0.643100 0.272600 0.545100 0.000000 0.101300 0.161800 0.194200 0.287600 0.150200 0.117600 0.102500 0.066500 0.130200 0.067300 0.134900 0.244800 0.211300 0.082700 0.262400 0.148200 0.117500 0.128500 0.179900 0.167500 0.179000 0.082600 0.242900 0.241100 0.242900 0.150200 0.147500 0.233700 0.102500 0.146700 0.101600 0.117600 0.049000 0.132200 0.165900 0.127800 0.162300 0.168200 0.181700 0.102100 0.163400 0.131900 0.168500 0.151000 0.197100 0.260100 0.242900
Sheep 0.000000 0.640500 0.290500 0.516300 0.101300 0.000000 0.144700 0.192100 0.305600 0.170500 0.048600 0.120700 0.066800 0.112400 0.084900 0.153100 0.169000 0.136300 0.081900 0.280600 0.164800 0.048500 0.148200 0.199500 0.096700 0.195400 0.083000 0.260700 0.263100 0.260700 0.170500 0.129200 0.233100 0.101500 0.145100 0.119600 0.048600 0.101200 0.131900 0.185900 0.147300 0.195900 0.188600 0.201600 0.120100 0.179700 0.148400 0.149500 0.167800 0.216800 0.278200 0.260700
MaxwellsDu 0.144700 0.732000 0.325600 0.579000 0.161800 0.144700 0.000000 0.232400 0.304900 0.215100 0.160200 0.163900 0.145500 0.029300 0.129300 0.159900 0.245500 0.251300 0.160000 0.316800 0.172000 0.160100 0.193100 0.241500 0.207800 0.167500 0.126600 0.297200 0.302300 0.297200 0.215100 0.029300 0.235000 0.181400 0.221300 0.162900 0.160200 0.144600 0.173600 0.229200 0.192100 0.167900 0.232200 0.243700 0.163500 0.220400 0.156500 0.157200 0.175100 0.219700 0.314000 0.297200
GazellaPrz 0.192100 0.717400 0.268500 0.561000 0.194200 0.192100 0.232400 0.000000 0.249400 0.270600 0.207300 0.178700 0.159800 0.200900 0.178700 0.105600 0.296100 0.302900 0.172800 0.258700 0.117400 0.207100 0.247300 0.295300 0.254900 0.145400 0.175000 0.240500 0.254200 0.240500 0.270600 0.217700 0.367700 0.194300 0.233000 0.212700 0.207300 0.193800 0.088100 0.284200 0.245900 0.145700 0.287800 0.298200 0.213500 0.198200 0.102800 0.275200 0.222800 0.311400 0.256500 0.240500
MountainNy 0.305600 0.786100 0.064600 0.570900 0.287600 0.305600 0.304900 0.249400 0.000000 0.311800 0.321100 0.251800 0.235000 0.275400 0.254800 0.214300 0.372000 0.380000 0.249000 0.052600 0.224000 0.267900 0.288600 0.334800 0.330600 0.286500 0.249800 0.039100 0.355600 0.039100 0.311800 0.292900 0.405700 0.235700 0.273500 0.215900 0.321100 0.269100 0.260900 0.324500 0.287900 0.253400 0.288400 0.337800 0.218200 0.272300 0.243400 0.352600 0.299500 0.310000 0.066000 0.039100
MuntiacusM 0.170500 0.477800 0.295800 0.422700 0.150200 0.170500 0.215100 0.270600 0.311800 0.000000 0.188500 0.112500 0.131400 0.180600 0.112700 0.187700 0.183200 0.148000 0.148200 0.285500 0.201100 0.188200 0.017500 0.073600 0.244100 0.234400 0.149200 0.264000 0.215400 0.264000 0.000000 0.200000 0.148600 0.172800 0.218400 0.111400 0.188500 0.130400 0.203200 0.056600 0.018900 0.235300 0.018900 0.074300 0.111900 0.217500 0.183100 0.181700 0.205500 0.133100 0.282700 0.264000
goat 0.048600 0.635300 0.306100 0.512800 0.117600 0.048600 0.160200 0.207300 0.321100 0.188500 0.000000 0.137300 0.083100 0.128000 0.101400 0.169300 0.222200 0.189400 0.097900 0.296600 0.180500 0.064400 0.165900 0.216800 0.046400 0.210900 0.099200 0.276500 0.261100 0.276500 0.188500 0.144900 0.250300 0.117800 0.160600 0.136100 0.000000 0.117500 0.147700 0.203600 0.164900 0.211400 0.206400 0.219000 0.136700 0.195400 0.164200 0.165400 0.183900 0.233900 0.294000 0.276500
AfricanBuf 0.120700 0.618400 0.237000 0.496000 0.102500 0.120700 0.163900 0.178700 0.251800 0.112500 0.137300 0.000000 0.085400 0.132000 0.068300 0.101100 0.227900 0.194300 0.101300 0.226200 0.115200 0.137100 0.091700 0.143500 0.188100 0.146300 0.101900 0.207500 0.158600 0.207500 0.112500 0.149400 0.216200 0.122400 0.166200 0.067100 0.137300 0.084900 0.116300 0.128700 0.091200 0.146600 0.130600 0.144900 0.067900 0.165600 0.098800 0.170900 0.153100 0.160700 0.224300 0.207500
Topi 0.066800 0.646000 0.220200 0.521300 0.066500 0.066800 0.145500 0.159800 0.235000 0.131400 0.083100 0.085400 0.000000 0.113900 0.050500 0.118000 0.207000 0.173900 0.049100 0.209100 0.131700 0.049100 0.110200 0.161800 0.132400 0.162600 0.014900 0.190600 0.221900 0.190600 0.131400 0.130900 0.234700 0.033300 0.079300 0.084700 0.083100 0.066400 0.098000 0.147400 0.109500 0.163000 0.110100 0.163400 0.085000 0.146900 0.115300 0.151500 0.134100 0.179000 0.207300 0.190600
CommonDuik 0.112400 0.687800 0.295800 0.563800 0.130200 0.112400 0.029300 0.200900 0.275400 0.180600 0.128000 0.132000 0.113900 0.000000 0.097600 0.128700 0.251300 0.219100 0.127800 0.286400 0.140500 0.127900 0.159100 0.208300 0.175400 0.169900 0.129500 0.267100 0.269200 0.267100 0.180600 0.013800 0.202600 0.148200 0.189200 0.131000 0.128000 0.113200 0.142800 0.195300 0.158200 0.170300 0.197800 0.210200 0.131500 0.188600 0.125000 0.125500 0.143100 0.224600 0.283800 0.267100
Suni 0.084900 0.619600 0.239800 0.498100 0.067300 0.084900 0.129300 0.178700 0.254800 0.112700 0.101400 0.068300 0.050500 0.097600 0.000000 0.101100 0.228300 0.194700 0.066500 0.228900 0.115100 0.101300 0.091800 0.143800 0.151500 0.146300 0.066900 0.209900 0.202700 0.209900 0.112700 0.114600 0.216600 0.085900 0.131000 0.067700 0.101400 0.050200 0.116200 0.129000 0.091300 0.146600 0.130800 0.145200 0.068000 0.130600 0.098800 0.134600 0.117300 0.161100 0.226900 0.209900
Springbuck 0.153100 0.680800 0.233600 0.499400 0.134900 0.153100 0.159900 0.105600 0.214300 0.187700 0.169300 0.101100 0.118000 0.128700 0.101100 0.000000 0.299700 0.266200 0.133300 0.222700 0.045800 0.152300 0.165200 0.216000 0.219600 0.075500 0.134100 0.204300 0.191800 0.204300 0.187700 0.145600 0.289600 0.154900 0.161900 0.100200 0.169300 0.117200 0.046200 0.202800 0.164300 0.075700 0.205600 0.218100 0.100600 0.196400 0.030600 0.202400 0.149100 0.233000 0.220900 0.204300
Okapi 0.169000 0.671300 0.317500 0.443600 0.244800 0.169000 0.245500 0.296100 0.372000 0.183200 0.222200 0.227900 0.207000 0.251300 0.228300 0.299700 0.000000 0.096900 0.221800 0.348600 0.309900 0.221900 0.161500 0.211200 0.272800 0.300800 0.185500 0.327600 0.312000 0.327600 0.183200 0.252100 0.241900 0.246800 0.249000 0.226000 0.222200 0.244200 0.273700 0.198100 0.160600 0.301900 0.200700 0.213200 0.226900 0.285500 0.292800 0.235800 0.276700 0.210100 0.345400 0.327600
Giraffe 0.136300 0.661500 0.364800 0.482000 0.211300 0.136300 0.251300 0.302900 0.380000 0.148000 0.189400 0.194300 0.173900 0.219100 0.194700 0.266200 0.096900 0.000000 0.189100 0.356400 0.277100 0.189100 0.126700 0.177300 0.240300 0.308100 0.190200 0.334900 0.321500 0.334900 0.148000 0.237500 0.208700 0.213200 0.217000 0.192600 0.189400 0.210900 0.241100 0.163400 0.126000 0.309200 0.165700 0.179000 0.193400 0.292200 0.260000 0.203400 0.243600 0.176500 0.353100 0.334900
TibetanAnt 0.081900 0.661000 0.234300 0.535800 0.082700 0.081900 0.160000 0.172800 0.249000 0.148200 0.097900 0.101300 0.049100 0.127800 0.066500 0.133300 0.221800 0.189100 0.000000 0.223500 0.145400 0.097800 0.126900 0.177600 0.146200 0.175700 0.065100 0.205000 0.239200 0.205000 0.148200 0.144700 0.249900 0.082800 0.126600 0.100500 0.097900 0.082700 0.113100 0.163700 0.126100 0.142100 0.166000 0.179400 0.100900 0.160300 0.129400 0.165100 0.148100 0.194600 0.221600 0.205000
Sitatunga 0.280600 0.767800 0.039600 0.549900 0.262400 0.280600 0.316800 0.258700 0.052600 0.285500 0.296600 0.226200 0.209100 0.286400 0.228900 0.222700 0.348600 0.356400 0.223500 0.000000 0.232500 0.242600 0.262200 0.309900 0.346200 0.297300 0.224300 0.013300 0.371900 0.013300 0.285500 0.304600 0.382500 0.209700 0.249100 0.190000 0.296600 0.243700 0.271000 0.298800 0.261500 0.263000 0.262000 0.312700 0.192000 0.283400 0.252900 0.328900 0.311700 0.325200 0.040400 0.013300
Oribi 0.164800 0.696100 0.242900 0.513500 0.148200 0.164800 0.172000 0.117400 0.224000 0.201100 0.180500 0.115200 0.131700 0.140500 0.115100 0.045800 0.309900 0.277100 0.145400 0.232500 0.000000 0.180300 0.178900 0.228200 0.229300 0.088200 0.147400 0.214400 0.206000 0.214400 0.201100 0.157100 0.300200 0.131000 0.207300 0.148900 0.180500 0.130800 0.060300 0.215700 0.178000 0.088300 0.218500 0.230500 0.149500 0.206500 0.041600 0.213100 0.160700 0.244800 0.230600 0.214400
BarbaryShe 0.048500 0.660300 0.253100 0.535400 0.117500 0.048500 0.160100 0.207100 0.267900 0.188200 0.064400 0.137100 0.049100 0.127900 0.101300 0.152300 0.221900 0.189100 0.097800 0.242600 0.180300 0.000000 0.165700 0.216500 0.112200 0.210700 0.065100 0.223600 0.280300 0.223600 0.188200 0.144700 0.250000 0.082700 0.110600 0.119000 0.064400 0.117400 0.147600 0.203300 0.164700 0.211200 0.165600 0.218700 0.119500 0.195200 0.164100 0.165200 0.183700 0.233600 0.240500 0.223600
Daviddeer 0.148200 0.498800 0.272800 0.390200 0.128500 0.148200 0.193100 0.247300 0.288600 0.017500 0.165900 0.091700 0.110200 0.159100 0.091800 0.165200 0.161500 0.126700 0.126900 0.262200 0.178900 0.165700 0.000000 0.054000 0.220300 0.211900 0.127700 0.241400 0.190200 0.241400 0.018900 0.178000 0.127300 0.150200 0.196000 0.090800 0.165900 0.109400 0.180800 0.037000 0.000000 0.212600 0.037500 0.054600 0.091200 0.195200 0.161300 0.160100 0.182800 0.111600 0.259600 0.241400
Reindeer 0.199500 0.499600 0.319300 0.445900 0.179900 0.199500 0.241500 0.295300 0.334800 0.073600 0.216800 0.143500 0.161800 0.208300 0.143800 0.216000 0.211200 0.177300 0.177600 0.309900 0.228200 0.216500 0.054000 0.000000 0.230300 0.260100 0.178800 0.288700 0.245000 0.288700 0.073600 0.227300 0.178300 0.202100 0.245100 0.142300 0.216800 0.160600 0.230500 0.053400 0.054200 0.261100 0.091500 0.034600 0.143000 0.206100 0.210900 0.209300 0.233200 0.163900 0.306800 0.288700
Ibex 0.096700 0.644500 0.354600 0.577200 0.167500 0.096700 0.207800 0.254900 0.330600 0.244100 0.046400 0.188100 0.132400 0.175400 0.151500 0.219600 0.272800 0.240300 0.146200 0.346200 0.229300 0.112200 0.220300 0.230300 0.000000 0.259200 0.148200 0.325200 0.316000 0.325200 0.244100 0.192600 0.303300 0.167700 0.208300 0.186400 0.046400 0.167300 0.196500 0.258200 0.219000 0.259900 0.261800 0.232600 0.187200 0.243600 0.213000 0.214500 0.233400 0.246000 0.343000 0.325200
GyrantGaze 0.195400 0.733500 0.306600 0.550700 0.179000 0.195400 0.167500 0.145400 0.286500 0.234400 0.210900 0.146300 0.162600 0.169900 0.146300 0.075500 0.300800 0.308100 0.175700 0.297300 0.088200 0.210700 0.211900 0.260100 0.259200 0.000000 0.143200 0.278200 0.238100 0.278200 0.234400 0.170300 0.331500 0.197700 0.236800 0.179800 0.210900 0.161600 0.089500 0.248400 0.210700 0.086100 0.251500 0.262700 0.180500 0.235800 0.073500 0.242600 0.190800 0.276300 0.294900 0.278200
Hartebeest 0.083000 0.666200 0.235100 0.516400 0.082600 0.083000 0.126600 0.175000 0.249800 0.149200 0.099200 0.101900 0.014900 0.129500 0.066900 0.134100 0.185500 0.190200 0.065100 0.224300 0.147400 0.065100 0.127700 0.178800 0.148200 0.143200 0.000000 0.205700 0.239500 0.205700 0.149200 0.129900 0.251500 0.049600 0.094700 0.101000 0.099200 0.082600 0.113800 0.164800 0.127000 0.143600 0.127700 0.180500 0.101500 0.162500 0.131100 0.167500 0.150100 0.195800 0.222300 0.205700
Bongo 0.260700 0.729600 0.026200 0.521600 0.242900 0.260700 0.297200 0.240500 0.039100 0.264000 0.276500 0.207500 0.190600 0.267100 0.209900 0.204300 0.327600 0.334900 0.205000 0.013300 0.214400 0.223600 0.241400 0.288700 0.325200 0.278200 0.205700 0.000000 0.349400 0.000000 0.264000 0.284900 0.359900 0.191200 0.230700 0.172100 0.276500 0.224600 0.251900 0.277400 0.240800 0.244600 0.241300 0.291300 0.173900 0.264300 0.234200 0.308300 0.291500 0.304000 0.026700 0.000000
Gerenuk 0.263100 0.680200 0.337900 0.579100 0.241100 0.263100 0.302300 0.254200 0.355600 0.215400 0.261100 0.158600 0.221900 0.269200 0.202700 0.191800 0.312000 0.321500 0.239200 0.371900 0.206000 0.280300 0.190200 0.245000 0.316000 0.238100 0.239500 0.349400 0.000000 0.349400 0.215400 0.289200 0.304400 0.267000 0.308100 0.198900 0.261100 0.220000 0.206800 0.231100 0.187200 0.239000 0.234800 0.247200 0.198400 0.247200 0.188600 0.270600 0.296900 0.310500 0.368500 0.349400
CommonElan 0.260700 0.729600 0.026200 0.521600 0.242900 0.260700 0.297200 0.240500 0.039100 0.264000 0.276500 0.207500 0.190600 0.267100 0.209900 0.204300 0.327600 0.334900 0.205000 0.013300 0.214400 0.223600 0.241400 0.288700 0.325200 0.278200 0.205700 0.000000 0.349400 0.000000 0.264000 0.284900 0.359900 0.191200 0.230700 0.172100 0.276500 0.224600 0.251900 0.277400 0.240800 0.244600 0.241300 0.291300 0.173900 0.264300 0.234200 0.308300 0.291500 0.304000 0.026700 0.000000
MuntiacusR 0.170500 0.477800 0.295800 0.422700 0.150200 0.170500 0.215100 0.270600 0.311800 0.000000 0.188500 0.112500 0.131400 0.180600 0.112700 0.187700 0.183200 0.148000 0.148200 0.285500 0.201100 0.188200 0.018900 0.073600 0.244100 0.234400 0.149200 0.264000 0.215400 0.264000 0.000000 0.200000 0.148600 0.172800 0.218400 0.111400 0.188500 0.130400 0.203200 0.056600 0.018900 0.235300 0.018900 0.074300 0.111900 0.217500 0.183100 0.181700 0.205500 0.133100 0.282700 0.264000
HarveysDui 0.129200 0.717600 0.313700 0.535000 0.147500 0.129200 0.029300 0.217700 0.292900 0.200000 0.144900 0.149400 0.130900 0.013800 0.114600 0.145600 0.252100 0.237500 0.144700 0.304600 0.157100 0.144700 0.178000 0.227300 0.192600 0.170300 0.129900 0.284900 0.289200 0.284900 0.200000 0.000000 0.221100 0.165700 0.206400 0.148300 0.144900 0.130100 0.159600 0.214500 0.177000 0.170800 0.217300 0.229300 0.148900 0.205700 0.141500 0.142100 0.160000 0.243500 0.301800 0.284900
Pronghorn 0.233100 0.594300 0.390200 0.535300 0.233700 0.233100 0.235000 0.367700 0.405700 0.148600 0.250300 0.216200 0.234700 0.202600 0.216600 0.289600 0.241900 0.208700 0.249900 0.382500 0.300200 0.250000 0.127300 0.178300 0.303300 0.331500 0.251500 0.359900 0.304400 0.359900 0.148600 0.221100 0.000000 0.277000 0.317500 0.214500 0.250300 0.232900 0.303200 0.164200 0.126500 0.292600 0.166500 0.179900 0.215500 0.316200 0.282800 0.241700 0.266200 0.238200 0.338200 0.359900
BlueWildeb 0.101500 0.647800 0.220800 0.522100 0.102500 0.101500 0.181400 0.194300 0.235700 0.172800 0.117800 0.122400 0.033300 0.148200 0.085900 0.154900 0.246800 0.213200 0.082800 0.209700 0.131000 0.082700 0.150200 0.202100 0.167700 0.197700 0.049600 0.191200 0.267000 0.191200 0.172800 0.165700 0.277000 0.000000 0.112300 0.121300 0.117800 0.102400 0.133400 0.188400 0.149300 0.198200 0.150100 0.204200 0.121800 0.181800 0.150100 0.187600 0.169800 0.219600 0.207900 0.191200
Gemsbok 0.145100 0.751200 0.259200 0.559900 0.146700 0.145100 0.221300 0.233000 0.273500 0.218400 0.160600 0.166200 0.079300 0.189200 0.131000 0.161900 0.249000 0.217000 0.126600 0.249100 0.207300 0.110600 0.196000 0.245100 0.208300 0.236800 0.094700 0.230700 0.308100 0.230700 0.218400 0.206400 0.317500 0.112300 0.000000 0.130000 0.160600 0.146400 0.140400 0.212000 0.194900 0.237500 0.195900 0.247500 0.130500 0.221900 0.191500 0.192700 0.142100 0.223200 0.246900 0.230700
Yak 0.119600 0.610600 0.201300 0.490000 0.101600 0.119600 0.162900 0.212700 0.215900 0.111400 0.136100 0.067100 0.084700 0.131000 0.067700 0.100200 0.226000 0.192600 0.100500 0.190000 0.148900 0.119000 0.090800 0.142300 0.186400 0.179800 0.101000 0.172100 0.198900 0.172100 0.111400 0.148300 0.214500 0.121300 0.130000 0.000000 0.136100 0.084100 0.150400 0.127600 0.090300 0.180400 0.129300 0.143700 0.000000 0.147400 0.132600 0.169400 0.151900 0.159300 0.188300 0.172100
BlueSheep 0.048600 0.635300 0.306100 0.512800 0.117600 0.048600 0.160200 0.207300 0.321100 0.188500 0.000000 0.137300 0.083100 0.128000 0.101400 0.169300 0.222200 0.189400 0.097900 0.296600 0.180500 0.064400 0.165900 0.216800 0.046400 0.210900 0.099200 0.276500 0.261100 0.276500 0.188500 0.144900 0.250300 0.117800 0.160600 0.136100 0.000000 0.117500 0.147700 0.203600 0.164900 0.211400 0.206400 0.219000 0.136700 0.195400 0.164200 0.165400 0.183900 0.233900 0.294000 0.276500
BohorReedb 0.101200 0.638300 0.254200 0.515800 0.049000 0.101200 0.144600 0.193800 0.269100 0.130400 0.117500 0.084900 0.066400 0.113200 0.050200 0.117200 0.244200 0.210900 0.082700 0.243700 0.130800 0.117400 0.109400 0.160600 0.167300 0.161600 0.082600 0.224600 0.220000 0.224600 0.130400 0.130100 0.232900 0.102400 0.146400 0.084100 0.117500 0.000000 0.132100 0.146300 0.108700 0.161900 0.148300 0.162100 0.084500 0.145900 0.114600 0.115400 0.133200 0.177700 0.241600 0.224600
KirksDik 0.131900 0.736200 0.281000 0.545000 0.132200 0.131900 0.173600 0.088100 0.260900 0.203200 0.147700 0.116300 0.098000 0.142800 0.116200 0.046200 0.273700 0.241100 0.113100 0.271000 0.060300 0.147600 0.180800 0.230500 0.196500 0.089500 0.113800 0.251900 0.206800 0.251900 0.203200 0.159600 0.303200 0.133400 0.140400 0.150400 0.147700 0.132100 0.000000 0.197100 0.179800 0.089700 0.220800 0.232900 0.151000 0.210000 0.045300 0.216900 0.163800 0.248000 0.268800 0.251900
RoeDeer 0.185900 0.548500 0.308700 0.434700 0.165900 0.185900 0.229200 0.284200 0.324500 0.056600 0.203600 0.128700 0.147400 0.195300 0.129000 0.202800 0.198100 0.163400 0.163700 0.298800 0.215700 0.203300 0.037000 0.053400 0.258200 0.248400 0.164800 0.277400 0.231100 0.277400 0.056600 0.214500 0.164200 0.188400 0.212000 0.127600 0.203600 0.146300 0.197100 0.000000 0.037000 0.249300 0.075100 0.053900 0.128100 0.193100 0.197900 0.196400 0.220300 0.149300 0.295900 0.277400
WhiteLippe 0.147300 0.495300 0.272100 0.387600 0.127800 0.147300 0.192100 0.245900 0.287900 0.018900 0.164900 0.091200 0.109500 0.158200 0.091300 0.164300 0.160600 0.126000 0.126100 0.261500 0.178000 0.164700 0.000000 0.054200 0.219000 0.210700 0.127000 0.240800 0.187200 0.240800 0.018900 0.177000 0.126500 0.149300 0.194900 0.090300 0.164900 0.108700 0.179800 0.037000 0.000000 0.211400 0.037600 0.054700 0.090700 0.194100 0.160400 0.159200 0.181700 0.111000 0.259000 0.240800
ThomsonGaz 0.195900 0.700400 0.272900 0.552200 0.162300 0.195900 0.167900 0.145700 0.253400 0.235300 0.211400 0.146600 0.163000 0.170300 0.146600 0.075700 0.301900 0.309200 0.142100 0.263000 0.088300 0.211200 0.212600 0.261100 0.259900 0.086100 0.143600 0.244600 0.239000 0.244600 0.235300 0.170800 0.292600 0.198200 0.237500 0.180400 0.211400 0.161900 0.089700 0.249300 0.211400 0.000000 0.252500 0.263700 0.181100 0.236500 0.073700 0.243200 0.191300 0.277300 0.260800 0.244600
MuntiacusC 0.188600 0.499600 0.272700 0.443400 0.168200 0.188600 0.232200 0.287800 0.288400 0.018900 0.206400 0.130600 0.110100 0.197800 0.130800 0.205600 0.200700 0.165700 0.166000 0.262000 0.218500 0.165600 0.037500 0.091500 0.261800 0.251500 0.127700 0.241300 0.234800 0.241300 0.018900 0.217300 0.166500 0.150100 0.195900 0.129300 0.206400 0.148300 0.220800 0.075100 0.037600 0.252500 0.000000 0.092400 0.129900 0.234800 0.200500 0.199000 0.223300 0.151400 0.259500 0.241300
WhiteTaile 0.201600 0.505500 0.322100 0.450800 0.181700 0.201600 0.243700 0.298200 0.337800 0.074300 0.219000 0.144900 0.163400 0.210200 0.145200 0.218100 0.213200 0.179000 0.179400 0.312700 0.230500 0.218700 0.054600 0.034600 0.232600 0.262700 0.180500 0.291300 0.247200 0.291300 0.074300 0.229300 0.179900 0.204200 0.247500 0.143700 0.219000 0.162100 0.232900 0.053900 0.054700 0.263700 0.092400 0.000000 0.144300 0.208000 0.213000 0.211300 0.235500 0.165500 0.309600 0.291300
Cattle 0.120100 0.613600 0.203500 0.492700 0.102100 0.120100 0.163500 0.213500 0.218200 0.111900 0.136700 0.067900 0.085000 0.131500 0.068000 0.100600 0.226900 0.193400 0.100900 0.192000 0.149500 0.119500 0.091200 0.143000 0.187200 0.180500 0.101500 0.173900 0.198400 0.173900 0.111900 0.148900 0.215500 0.121800 0.130500 0.000000 0.136700 0.084500 0.151000 0.128100 0.090700 0.181100 0.129900 0.144300 0.000000 0.148000 0.133100 0.170100 0.152500 0.160000 0.190300 0.173900
RoyalAntel 0.179700 0.648800 0.292800 0.557200 0.163400 0.179700 0.220400 0.198200 0.272300 0.217500 0.195400 0.165600 0.146900 0.188600 0.130600 0.196400 0.285500 0.292200 0.160300 0.283400 0.206500 0.195200 0.195200 0.206100 0.243600 0.235800 0.162500 0.264300 0.247200 0.264300 0.217500 0.205700 0.316200 0.181800 0.221900 0.147400 0.195400 0.145900 0.210000 0.193100 0.194100 0.236500 0.234800 0.208000 0.148000 0.000000 0.190800 0.227100 0.210400 0.260300 0.280800 0.264300
Steenbok 0.148400 0.700700 0.263100 0.517100 0.131900 0.148400 0.156500 0.102800 0.243400 0.183100 0.164200 0.098800 0.115300 0.125000 0.098800 0.030600 0.292800 0.260000 0.129400 0.252900 0.041600 0.164100 0.161300 0.210900 0.213000 0.073500 0.131100 0.234200 0.188600 0.234200 0.183100 0.141500 0.282800 0.150100 0.191500 0.132600 0.164200 0.114600 0.045300 0.197900 0.160400 0.073700 0.200500 0.213000 0.133100 0.190800 0.000000 0.196400 0.144800 0.227500 0.250800 0.234200
Impala 0.149500 0.633500 0.337600 0.514600 0.168500 0.149500 0.157200 0.275200 0.352600 0.181700 0.165400 0.170900 0.151500 0.125500 0.134600 0.202400 0.235800 0.203400 0.165100 0.328900 0.213100 0.165200 0.160100 0.209300 0.214500 0.242600 0.167500 0.308300 0.270600 0.308300 0.181700 0.142100 0.241700 0.187600 0.192700 0.169400 0.165400 0.115400 0.216900 0.196400 0.159200 0.243200 0.199000 0.211300 0.170100 0.227100 0.196400 0.000000 0.180600 0.229400 0.326000 0.308300
Klipspring 0.167800 0.723500 0.320900 0.555700 0.151000 0.167800 0.175100 0.222800 0.299500 0.205500 0.183900 0.153100 0.134100 0.143100 0.117300 0.149100 0.276700 0.243600 0.148100 0.311700 0.160700 0.183700 0.182800 0.233200 0.233400 0.190800 0.150100 0.291500 0.296900 0.291500 0.205500 0.160000 0.266200 0.169800 0.142100 0.151900 0.183900 0.133200 0.163800 0.220300 0.181700 0.191300 0.223300 0.235500 0.152500 0.210400 0.144800 0.180600 0.000000 0.210900 0.308800 0.291500
ForestMusk 0.216800 0.654900 0.334300 0.472500 0.197100 0.216800 0.219700 0.311400 0.310000 0.133100 0.233900 0.160700 0.179000 0.224600 0.161100 0.233000 0.210100 0.176500 0.194600 0.325200 0.244800 0.233600 0.111600 0.163900 0.246000 0.276300 0.195800 0.304000 0.310500 0.304000 0.133100 0.243500 0.238200 0.219600 0.223200 0.159300 0.233900 0.177700 0.248000 0.149300 0.111000 0.277300 0.151400 0.165500 0.160000 0.260300 0.227500 0.229400 0.210900 0.000000 0.322900 0.304000
Bushbuck 0.278200 0.757600 0.053000 0.543700 0.260100 0.278200 0.314000 0.256500 0.066000 0.282700 0.294000 0.224300 0.207300 0.283800 0.226900 0.220900 0.345400 0.353100 0.221600 0.040400 0.230600 0.240500 0.259600 0.306800 0.343000 0.294900 0.222300 0.026700 0.368500 0.026700 0.282700 0.301800 0.338200 0.207900 0.246900 0.188300 0.294000 0.241600 0.268800 0.295900 0.259000 0.260800 0.259500 0.309600 0.190300 0.280800 0.250800 0.326000 0.308800 0.322900 0.000000 0.024600
GreaterKud 0.260700 0.729600 0.026200 0.521600 0.242900 0.260700 0.297200 0.240500 0.039100 0.264000 0.276500 0.207500 0.190600 0.267100 0.209900 0.204300 0.327600 0.334900 0.205000 0.013300 0.214400 0.223600 0.241400 0.288700 0.325200 0.278200 0.205700 0.000000 0.349400 0.000000 0.264000 0.284900 0.359900 0.191200 0.230700 0.172100 0.276500 0.224600 0.251900 0.277400 0.240800 0.244600 0.241300 0.291300 0.173900 0.264300 0.234200 0.308300 0.291500 0.304000 0.024600 0.000000
