1
52 1
Argali 0.000000 0.038400 0.000100 0.000200 0.000000 0.000000 0.012500 0.000000 0.000100 0.000100 0.000000 0.000000 0.000000 0.000000 0.000000 0.012800 0.000100 0.000100 0.000000 0.000100 0.000100 0.000000 0.000000 0.000200 0.000000 0.000100 0.000000 0.000100 0.000100 0.000100 0.000100 0.000000 0.000200 0.000000 0.000000 0.000000 0.000000 0.000000 0.000100 0.000100 0.000000 0.000100 0.000100 0.000100 0.000000 0.000000 0.000000 0.000000 0.012500 0.000100 0.000100 0.000100
LesserMous 0.038400 0.000000 0.038400 0.038300 0.038400 0.038500 0.051300 0.038400 0.038400 0.039000 0.038400 0.038700 0.038400 0.038400 0.038400 0.052500 0.038300 0.038300 0.038400 0.038400 0.038400 0.038400 0.038700 0.038800 0.038400 0.039000 0.038400 0.038400 0.039000 0.038400 0.039000 0.038500 0.038200 0.038400 0.038400 0.038500 0.038400 0.038400 0.038400 0.039300 0.038700 0.039000 0.039000 0.038700 0.038500 0.038400 0.038700 0.038400 0.051200 0.039000 0.038400 0.038400
LesserKudu 0.000100 0.038400 0.000000 0.000300 0.000100 0.000200 0.012500 0.000100 0.000000 0.000200 0.000100 0.000200 0.000100 0.000100 0.000100 0.012800 0.000200 0.000200 0.000100 0.000000 0.000200 0.000100 0.000200 0.000300 0.000100 0.000200 0.000100 0.000000 0.000200 0.000000 0.000200 0.000200 0.000400 0.000100 0.000100 0.000200 0.000100 0.000100 0.000200 0.000300 0.000200 0.000200 0.000200 0.000200 0.000200 0.000100 0.000200 0.000100 0.012500 0.000200 0.000000 0.000000
KillerWhal 0.000200 0.038300 0.000300 0.000000 0.000200 0.000300 0.012500 0.000200 0.000300 0.000400 0.000200 0.000300 0.000200 0.000200 0.000200 0.012800 0.000200 0.000200 0.000200 0.000300 0.000200 0.000200 0.000300 0.000400 0.000200 0.000400 0.000200 0.000300 0.000400 0.000300 0.000400 0.000300 0.000400 0.000200 0.000200 0.000300 0.000200 0.000200 0.000300 0.000400 0.000300 0.000400 0.000400 0.000400 0.000300 0.000200 0.000300 0.000200 0.012500 0.000400 0.000300 0.000300
DefassaWat 0.000000 0.038400 0.000100 0.000200 0.000000 0.000000 0.012500 0.000000 0.000100 0.000100 0.000000 0.000000 0.000000 0.000000 0.000000 0.012800 0.000100 0.000100 0.000000 0.000100 0.000100 0.000000 0.000000 0.000200 0.000000 0.000100 0.000000 0.000100 0.000100 0.000100 0.000100 0.000000 0.000200 0.000000 0.000000 0.000000 0.000000 0.000000 0.000100 0.000100 0.000000 0.000100 0.000100 0.000100 0.000000 0.000000 0.000000 0.000000 0.012500 0.000100 0.000100 0.000100
Sheep 0.000000 0.038500 0.000200 0.000300 0.000000 0.000000 0.012500 0.000000 0.000200 0.000100 0.000000 0.000100 0.000000 0.000000 0.000000 0.012800 0.000200 0.000200 0.000000 0.000200 0.000100 0.000000 0.000100 0.000200 0.000000 0.000200 0.000000 0.000200 0.000200 0.000200 0.000100 0.000100 0.000300 0.000000 0.000000 0.000100 0.000000 0.000000 0.000100 0.000100 0.000100 0.000200 0.000100 0.000200 0.000100 0.000000 0.000100 0.000000 0.012500 0.000200 0.000200 0.000200
MaxwellsDu 0.012500 0.051300 0.012500 0.012500 0.012500 0.012500 0.000000 0.012500 0.012500 0.012700 0.012500 0.012600 0.012500 0.012500 0.012500 0.025700 0.012500 0.012500 0.012500 0.012500 0.012500 0.012500 0.012600 0.012700 0.012500 0.012700 0.012500 0.012500 0.012700 0.012500 0.012700 0.012500 0.012500 0.012500 0.012500 0.012500 0.012500 0.012500 0.012500 0.012800 0.012600 0.012700 0.012700 0.012600 0.012500 0.012500 0.012600 0.012500 0.025000 0.012700 0.012500 0.012500
GazellaPrz 0.000000 0.038400 0.000100 0.000200 0.000000 0.000000 0.012500 0.000000 0.000100 0.000100 0.000000 0.000000 0.000000 0.000000 0.000000 0.012800 0.000100 0.000100 0.000000 0.000100 0.000000 0.000000 0.000000 0.000200 0.000000 0.000100 0.000000 0.000100 0.000100 0.000100 0.000100 0.000000 0.000200 0.000000 0.000000 0.000000 0.000000 0.000000 0.000100 0.000100 0.000000 0.000100 0.000100 0.000100 0.000000 0.000000 0.000000 0.000000 0.012500 0.000100 0.000100 0.000100
MountainNy 0.000100 0.038400 0.000000 0.000300 0.000100 0.000200 0.012500 0.000100 0.000000 0.000200 0.000100 0.000200 0.000100 0.000100 0.000100 0.012800 0.000200 0.000200 0.000100 0.000000 0.000200 0.000100 0.000200 0.000300 0.000100 0.000200 0.000100 0.000000 0.000200 0.000000 0.000200 0.000200 0.000400 0.000100 0.000100 0.000200 0.000100 0.000100 0.000200 0.000300 0.000200 0.000200 0.000200 0.000200 0.000200 0.000100 0.000200 0.000100 0.012500 0.000200 0.000000 0.000000
MuntiacusM 0.000100 0.039000 0.000200 0.000400 0.000100 0.000100 0.012700 0.000100 0.000200 0.000000 0.000100 0.000100 0.000100 0.000100 0.000100 0.013000 0.000200 0.000200 0.000100 0.000200 0.000200 0.000100 0.000000 0.000100 0.000100 0.000200 0.000100 0.000200 0.000200 0.000200 0.000000 0.000200 0.000400 0.000100 0.000100 0.000200 0.000100 0.000100 0.000200 0.000000 0.000000 0.000200 0.000000 0.000100 0.000200 0.000100 0.000100 0.000100 0.012700 0.000100 0.000200 0.000200
goat 0.000000 0.038400 0.000100 0.000200 0.000000 0.000000 0.012500 0.000000 0.000100 0.000100 0.000000 0.000000 0.000000 0.000000 0.000000 0.012800 0.000100 0.000100 0.000000 0.000100 0.000100 0.000000 0.000000 0.000200 0.000000 0.000100 0.000000 0.000100 0.000100 0.000100 0.000100 0.000000 0.000200 0.000000 0.000000 0.000000 0.000000 0.000000 0.000100 0.000100 0.000000 0.000100 0.000100 0.000100 0.000000 0.000000 0.000000 0.000000 0.012500 0.000100 0.000100 0.000100
AfricanBuf 0.000000 0.038700 0.000200 0.000300 0.000000 0.000100 0.012600 0.000000 0.000200 0.000100 0.000000 0.000000 0.000000 0.000000 0.000000 0.012900 0.000200 0.000200 0.000000 0.000200 0.000100 0.000000 0.000100 0.000200 0.000000 0.000100 0.000000 0.000200 0.000100 0.000200 0.000100 0.000100 0.000300 0.000000 0.000000 0.000100 0.000000 0.000000 0.000100 0.000200 0.000100 0.000100 0.000100 0.000100 0.000100 0.000000 0.000100 0.000000 0.012600 0.000100 0.000200 0.000200
Topi 0.000000 0.038400 0.000100 0.000200 0.000000 0.000000 0.012500 0.000000 0.000100 0.000100 0.000000 0.000000 0.000000 0.000000 0.000000 0.012800 0.000100 0.000100 0.000000 0.000100 0.000100 0.000000 0.000000 0.000200 0.000000 0.000100 0.000000 0.000100 0.000100 0.000100 0.000100 0.000000 0.000200 0.000000 0.000000 0.000000 0.000000 0.000000 0.000100 0.000100 0.000000 0.000100 0.000100 0.000100 0.000000 0.000000 0.000000 0.000000 0.012500 0.000100 0.000100 0.000100
CommonDuik 0.000000 0.038400 0.000100 0.000200 0.000000 0.000000 0.012500 0.000000 0.000100 0.000100 0.000000 0.000000 0.000000 0.000000 0.000000 0.012800 0.000100 0.000100 0.000000 0.000100 0.000100 0.000000 0.000000 0.000200 0.000000 0.000100 0.000000 0.000100 0.000100 0.000100 0.000100 0.000000 0.000200 0.000000 0.000000 0.000000 0.000000 0.000000 0.000100 0.000100 0.000000 0.000100 0.000100 0.000100 0.000000 0.000000 0.000000 0.000000 0.012500 0.000100 0.000100 0.000100
Suni 0.000000 0.038400 0.000100 0.000200 0.000000 0.000000 0.012500 0.000000 0.000100 0.000100 0.000000 0.000000 0.000000 0.000000 0.000000 0.012800 0.000100 0.000100 0.000000 0.000100 0.000100 0.000000 0.000000 0.000200 0.000000 0.000100 0.000000 0.000100 0.000100 0.000100 0.000100 0.000000 0.000200 0.000000 0.000000 0.000000 0.000000 0.000000 0.000100 0.000100 0.000000 0.000100 0.000100 0.000100 0.000000 0.000000 0.000000 0.000000 0.012500 0.000100 0.000100 0.000100
Springbuck 0.012800 0.052500 0.012800 0.012800 0.012800 0.012800 0.025700 0.012800 0.012800 0.013000 0.012800 0.012900 0.012800 0.012800 0.012800 0.000000 0.012800 0.012800 0.012800 0.012800 0.012800 0.012800 0.012900 0.012900 0.012800 0.012900 0.012800 0.012800 0.012900 0.012800 0.013000 0.012800 0.012800 0.012800 0.012800 0.012800 0.012800 0.012800 0.012800 0.013000 0.012900 0.012900 0.013000 0.012900 0.012800 0.012800 0.012900 0.012800 0.000200 0.013000 0.012800 0.012800
Okapi 0.000100 0.038300 0.000200 0.000200 0.000100 0.000200 0.012500 0.000100 0.000200 0.000200 0.000100 0.000200 0.000100 0.000100 0.000100 0.012800 0.000000 0.000000 0.000100 0.000200 0.000100 0.000100 0.000200 0.000300 0.000100 0.000200 0.000100 0.000200 0.000200 0.000200 0.000200 0.000200 0.000100 0.000100 0.000100 0.000200 0.000100 0.000100 0.000200 0.000300 0.000200 0.000200 0.000200 0.000200 0.000200 0.000100 0.000200 0.000100 0.012500 0.000200 0.000200 0.000200
Giraffe 0.000100 0.038300 0.000200 0.000200 0.000100 0.000200 0.012500 0.000100 0.000200 0.000200 0.000100 0.000200 0.000100 0.000100 0.000100 0.012800 0.000000 0.000000 0.000100 0.000200 0.000100 0.000100 0.000200 0.000300 0.000100 0.000200 0.000100 0.000200 0.000200 0.000200 0.000200 0.000200 0.000100 0.000100 0.000100 0.000200 0.000100 0.000100 0.000200 0.000300 0.000200 0.000200 0.000200 0.000200 0.000200 0.000100 0.000200 0.000100 0.012500 0.000200 0.000200 0.000200
TibetanAnt 0.000000 0.038400 0.000100 0.000200 0.000000 0.000000 0.012500 0.000000 0.000100 0.000100 0.000000 0.000000 0.000000 0.000000 0.000000 0.012800 0.000100 0.000100 0.000000 0.000100 0.000100 0.000000 0.000000 0.000200 0.000000 0.000100 0.000000 0.000100 0.000100 0.000100 0.000100 0.000000 0.000200 0.000000 0.000000 0.000000 0.000000 0.000000 0.000100 0.000100 0.000000 0.000100 0.000100 0.000100 0.000000 0.000000 0.000000 0.000000 0.012500 0.000100 0.000100 0.000100
Sitatunga 0.000100 0.038400 0.000000 0.000300 0.000100 0.000200 0.012500 0.000100 0.000000 0.000200 0.000100 0.000200 0.000100 0.000100 0.000100 0.012800 0.000200 0.000200 0.000100 0.000000 0.000200 0.000100 0.000200 0.000300 0.000100 0.000200 0.000100 0.000000 0.000200 0.000000 0.000200 0.000200 0.000400 0.000100 0.000100 0.000200 0.000100 0.000100 0.000200 0.000300 0.000200 0.000200 0.000200 0.000200 0.000200 0.000100 0.000200 0.000100 0.012500 0.000200 0.000000 0.000000
Oribi 0.000100 0.038400 0.000200 0.000200 0.000100 0.000100 0.012500 0.000000 0.000200 0.000200 0.000100 0.000100 0.000100 0.000100 0.000100 0.012800 0.000100 0.000100 0.000100 0.000200 0.000000 0.000100 0.000100 0.000200 0.000100 0.000200 0.000100 0.000200 0.000200 0.000200 0.000200 0.000100 0.000200 0.000100 0.000100 0.000100 0.000100 0.000100 0.000100 0.000200 0.000100 0.000200 0.000200 0.000200 0.000100 0.000100 0.000100 0.000100 0.012500 0.000200 0.000200 0.000200
BarbaryShe 0.000000 0.038400 0.000100 0.000200 0.000000 0.000000 0.012500 0.000000 0.000100 0.000100 0.000000 0.000000 0.000000 0.000000 0.000000 0.012800 0.000100 0.000100 0.000000 0.000100 0.000100 0.000000 0.000000 0.000200 0.000000 0.000100 0.000000 0.000100 0.000100 0.000100 0.000100 0.000000 0.000200 0.000000 0.000000 0.000000 0.000000 0.000000 0.000100 0.000100 0.000000 0.000100 0.000100 0.000100 0.000000 0.000000 0.000000 0.000000 0.012500 0.000100 0.000100 0.000100
Daviddeer 0.000000 0.038700 0.000200 0.000300 0.000000 0.000100 0.012600 0.000000 0.000200 0.000000 0.000000 0.000100 0.000000 0.000000 0.000000 0.012900 0.000200 0.000200 0.000000 0.000200 0.000100 0.000000 0.000000 0.000100 0.000000 0.000100 0.000000 0.000200 0.000100 0.000200 0.000000 0.000100 0.000300 0.000000 0.000000 0.000100 0.000000 0.000000 0.000100 0.000100 0.000000 0.000100 0.000000 0.000000 0.000100 0.000000 0.000100 0.000000 0.012600 0.000000 0.000200 0.000200
Reindeer 0.000200 0.038800 0.000300 0.000400 0.000200 0.000200 0.012700 0.000200 0.000300 0.000100 0.000200 0.000200 0.000200 0.000200 0.000200 0.012900 0.000300 0.000300 0.000200 0.000300 0.000200 0.000200 0.000100 0.000000 0.000200 0.000300 0.000200 0.000300 0.000300 0.000300 0.000100 0.000100 0.000400 0.000200 0.000200 0.000100 0.000200 0.000200 0.000200 0.000200 0.000100 0.000300 0.000100 0.000000 0.000100 0.000200 0.000200 0.000200 0.012700 0.000100 0.000300 0.000300
Ibex 0.000000 0.038400 0.000100 0.000200 0.000000 0.000000 0.012500 0.000000 0.000100 0.000100 0.000000 0.000000 0.000000 0.000000 0.000000 0.012800 0.000100 0.000100 0.000000 0.000100 0.000100 0.000000 0.000000 0.000200 0.000000 0.000100 0.000000 0.000100 0.000100 0.000100 0.000100 0.000000 0.000200 0.000000 0.000000 0.000000 0.000000 0.000000 0.000100 0.000100 0.000000 0.000100 0.000100 0.000100 0.000000 0.000000 0.000000 0.000000 0.012500 0.000100 0.000100 0.000100
GyrantGaze 0.000100 0.039000 0.000200 0.000400 0.000100 0.000200 0.012700 0.000100 0.000200 0.000200 0.000100 0.000100 0.000100 0.000100 0.000100 0.012900 0.000200 0.000200 0.000100 0.000200 0.000200 0.000100 0.000100 0.000300 0.000100 0.000000 0.000100 0.000200 0.000000 0.000200 0.000200 0.000200 0.000400 0.000100 0.000100 0.000200 0.000100 0.000100 0.000200 0.000300 0.000100 0.000000 0.000200 0.000200 0.000200 0.000100 0.000100 0.000100 0.012700 0.000200 0.000200 0.000200
Hartebeest 0.000000 0.038400 0.000100 0.000200 0.000000 0.000000 0.012500 0.000000 0.000100 0.000100 0.000000 0.000000 0.000000 0.000000 0.000000 0.012800 0.000100 0.000100 0.000000 0.000100 0.000100 0.000000 0.000000 0.000200 0.000000 0.000100 0.000000 0.000100 0.000100 0.000100 0.000100 0.000000 0.000200 0.000000 0.000000 0.000000 0.000000 0.000000 0.000100 0.000100 0.000000 0.000100 0.000100 0.000100 0.000000 0.000000 0.000000 0.000000 0.012500 0.000100 0.000100 0.000100
Bongo 0.000100 0.038400 0.000000 0.000300 0.000100 0.000200 0.012500 0.000100 0.000000 0.000200 0.000100 0.000200 0.000100 0.000100 0.000100 0.012800 0.000200 0.000200 0.000100 0.000000 0.000200 0.000100 0.000200 0.000300 0.000100 0.000200 0.000100 0.000000 0.000200 0.000000 0.000200 0.000200 0.000400 0.000100 0.000100 0.000200 0.000100 0.000100 0.000200 0.000300 0.000200 0.000200 0.000200 0.000200 0.000200 0.000100 0.000200 0.000100 0.012500 0.000200 0.000000 0.000000
Gerenuk 0.000100 0.039000 0.000200 0.000400 0.000100 0.000200 0.012700 0.000100 0.000200 0.000200 0.000100 0.000100 0.000100 0.000100 0.000100 0.012900 0.000200 0.000200 0.000100 0.000200 0.000200 0.000100 0.000100 0.000300 0.000100 0.000000 0.000100 0.000200 0.000000 0.000200 0.000200 0.000200 0.000400 0.000100 0.000100 0.000200 0.000100 0.000100 0.000200 0.000300 0.000100 0.000000 0.000200 0.000200 0.000200 0.000100 0.000100 0.000100 0.012700 0.000200 0.000200 0.000200
CommonElan 0.000100 0.038400 0.000000 0.000300 0.000100 0.000200 0.012500 0.000100 0.000000 0.000200 0.000100 0.000200 0.000100 0.000100 0.000100 0.012800 0.000200 0.000200 0.000100 0.000000 0.000200 0.000100 0.000200 0.000300 0.000100 0.000200 0.000100 0.000000 0.000200 0.000000 0.000200 0.000200 0.000400 0.000100 0.000100 0.000200 0.000100 0.000100 0.000200 0.000300 0.000200 0.000200 0.000200 0.000200 0.000200 0.000100 0.000200 0.000100 0.012500 0.000200 0.000000 0.000000
MuntiacusR 0.000100 0.039000 0.000200 0.000400 0.000100 0.000100 0.012700 0.000100 0.000200 0.000000 0.000100 0.000100 0.000100 0.000100 0.000100 0.013000 0.000200 0.000200 0.000100 0.000200 0.000200 0.000100 0.000000 0.000100 0.000100 0.000200 0.000100 0.000200 0.000200 0.000200 0.000000 0.000200 0.000400 0.000100 0.000100 0.000200 0.000100 0.000100 0.000200 0.000000 0.000000 0.000200 0.000000 0.000100 0.000200 0.000100 0.000100 0.000100 0.012700 0.000100 0.000200 0.000200
HarveysDui 0.000000 0.038500 0.000200 0.000300 0.000000 0.000100 0.012500 0.000000 0.000200 0.000200 0.000000 0.000100 0.000000 0.000000 0.000000 0.012800 0.000200 0.000200 0.000000 0.000200 0.000100 0.000000 0.000100 0.000100 0.000000 0.000200 0.000000 0.000200 0.000200 0.000200 0.000200 0.000000 0.000300 0.000000 0.000000 0.000000 0.000000 0.000000 0.000100 0.000200 0.000100 0.000200 0.000200 0.000000 0.000000 0.000000 0.000100 0.000000 0.012500 0.000100 0.000200 0.000200
Pronghorn 0.000200 0.038200 0.000400 0.000400 0.000200 0.000300 0.012500 0.000200 0.000400 0.000400 0.000200 0.000300 0.000200 0.000200 0.000200 0.012800 0.000100 0.000100 0.000200 0.000400 0.000200 0.000200 0.000300 0.000400 0.000200 0.000400 0.000200 0.000400 0.000400 0.000400 0.000400 0.000300 0.000000 0.000200 0.000200 0.000300 0.000200 0.000200 0.000300 0.000400 0.000300 0.000400 0.000400 0.000400 0.000300 0.000200 0.000300 0.000200 0.012400 0.000300 0.000400 0.000400
BlueWildeb 0.000000 0.038400 0.000100 0.000200 0.000000 0.000000 0.012500 0.000000 0.000100 0.000100 0.000000 0.000000 0.000000 0.000000 0.000000 0.012800 0.000100 0.000100 0.000000 0.000100 0.000100 0.000000 0.000000 0.000200 0.000000 0.000100 0.000000 0.000100 0.000100 0.000100 0.000100 0.000000 0.000200 0.000000 0.000000 0.000000 0.000000 0.000000 0.000100 0.000100 0.000000 0.000100 0.000100 0.000100 0.000000 0.000000 0.000000 0.000000 0.012500 0.000100 0.000100 0.000100
Gemsbok 0.000000 0.038400 0.000100 0.000200 0.000000 0.000000 0.012500 0.000000 0.000100 0.000100 0.000000 0.000000 0.000000 0.000000 0.000000 0.012800 0.000100 0.000100 0.000000 0.000100 0.000100 0.000000 0.000000 0.000200 0.000000 0.000100 0.000000 0.000100 0.000100 0.000100 0.000100 0.000000 0.000200 0.000000 0.000000 0.000000 0.000000 0.000000 0.000100 0.000100 0.000000 0.000100 0.000100 0.000100 0.000000 0.000000 0.000000 0.000000 0.012500 0.000100 0.000100 0.000100
Yak 0.000000 0.038500 0.000200 0.000300 0.000000 0.000100 0.012500 0.000000 0.000200 0.000200 0.000000 0.000100 0.000000 0.000000 0.000000 0.012800 0.000200 0.000200 0.000000 0.000200 0.000100 0.000000 0.000100 0.000100 0.000000 0.000200 0.000000 0.000200 0.000200 0.000200 0.000200 0.000000 0.000300 0.000000 0.000000 0.000000 0.000000 0.000000 0.000100 0.000200 0.000100 0.000200 0.000200 0.000000 0.000000 0.000000 0.000100 0.000000 0.012500 0.000100 0.000200 0.000200
BlueSheep 0.000000 0.038400 0.000100 0.000200 0.000000 0.000000 0.012500 0.000000 0.000100 0.000100 0.000000 0.000000 0.000000 0.000000 0.000000 0.012800 0.000100 0.000100 0.000000 0.000100 0.000100 0.000000 0.000000 0.000200 0.000000 0.000100 0.000000 0.000100 0.000100 0.000100 0.000100 0.000000 0.000200 0.000000 0.000000 0.000000 0.000000 0.000000 0.000100 0.000100 0.000000 0.000100 0.000100 0.000100 0.000000 0.000000 0.000000 0.000000 0.012500 0.000100 0.000100 0.000100
BohorReedb 0.000000 0.038400 0.000100 0.000200 0.000000 0.000000 0.012500 0.000000 0.000100 0.000100 0.000000 0.000000 0.000000 0.000000 0.000000 0.012800 0.000100 0.000100 0.000000 0.000100 0.000100 0.000000 0.000000 0.000200 0.000000 0.000100 0.000000 0.000100 0.000100 0.000100 0.000100 0.000000 0.000200 0.000000 0.000000 0.000000 0.000000 0.000000 0.000100 0.000100 0.000000 0.000100 0.000100 0.000100 0.000000 0.000000 0.000000 0.000000 0.012500 0.000100 0.000100 0.000100
KirksDik 0.000100 0.038400 0.000200 0.000300 0.000100 0.000100 0.012500 0.000100 0.000200 0.000200 0.000100 0.000100 0.000100 0.000100 0.000100 0.012800 0.000200 0.000200 0.000100 0.000200 0.000100 0.000100 0.000100 0.000200 0.000100 0.000200 0.000100 0.000200 0.000200 0.000200 0.000200 0.000100 0.000300 0.000100 0.000100 0.000100 0.000100 0.000100 0.000000 0.000200 0.000100 0.000200 0.000200 0.000200 0.000100 0.000100 0.000100 0.000100 0.012500 0.000200 0.000200 0.000200
RoeDeer 0.000100 0.039300 0.000300 0.000400 0.000100 0.000100 0.012800 0.000100 0.000300 0.000000 0.000100 0.000200 0.000100 0.000100 0.000100 0.013000 0.000300 0.000300 0.000100 0.000300 0.000200 0.000100 0.000100 0.000200 0.000100 0.000300 0.000100 0.000300 0.000300 0.000300 0.000000 0.000200 0.000400 0.000100 0.000100 0.000200 0.000100 0.000100 0.000200 0.000000 0.000100 0.000300 0.000000 0.000100 0.000200 0.000100 0.000200 0.000100 0.012800 0.000100 0.000300 0.000300
WhiteLippe 0.000000 0.038700 0.000200 0.000300 0.000000 0.000100 0.012600 0.000000 0.000200 0.000000 0.000000 0.000100 0.000000 0.000000 0.000000 0.012900 0.000200 0.000200 0.000000 0.000200 0.000100 0.000000 0.000000 0.000100 0.000000 0.000100 0.000000 0.000200 0.000100 0.000200 0.000000 0.000100 0.000300 0.000000 0.000000 0.000100 0.000000 0.000000 0.000100 0.000100 0.000000 0.000100 0.000000 0.000000 0.000100 0.000000 0.000100 0.000000 0.012600 0.000000 0.000200 0.000200
ThomsonGaz 0.000100 0.039000 0.000200 0.000400 0.000100 0.000200 0.012700 0.000100 0.000200 0.000200 0.000100 0.000100 0.000100 0.000100 0.000100 0.012900 0.000200 0.000200 0.000100 0.000200 0.000200 0.000100 0.000100 0.000300 0.000100 0.000000 0.000100 0.000200 0.000000 0.000200 0.000200 0.000200 0.000400 0.000100 0.000100 0.000200 0.000100 0.000100 0.000200 0.000300 0.000100 0.000000 0.000200 0.000200 0.000200 0.000100 0.000100 0.000100 0.012700 0.000200 0.000200 0.000200
MuntiacusC 0.000100 0.039000 0.000200 0.000400 0.000100 0.000100 0.012700 0.000100 0.000200 0.000000 0.000100 0.000100 0.000100 0.000100 0.000100 0.013000 0.000200 0.000200 0.000100 0.000200 0.000200 0.000100 0.000000 0.000100 0.000100 0.000200 0.000100 0.000200 0.000200 0.000200 0.000000 0.000200 0.000400 0.000100 0.000100 0.000200 0.000100 0.000100 0.000200 0.000000 0.000000 0.000200 0.000000 0.000100 0.000200 0.000100 0.000100 0.000100 0.012700 0.000100 0.000200 0.000200
WhiteTaile 0.000100 0.038700 0.000200 0.000400 0.000100 0.000200 0.012600 0.000100 0.000200 0.000100 0.000100 0.000100 0.000100 0.000100 0.000100 0.012900 0.000200 0.000200 0.000100 0.000200 0.000200 0.000100 0.000000 0.000000 0.000100 0.000200 0.000100 0.000200 0.000200 0.000200 0.000100 0.000000 0.000400 0.000100 0.000100 0.000000 0.000100 0.000100 0.000200 0.000100 0.000000 0.000200 0.000100 0.000000 0.000000 0.000100 0.000100 0.000100 0.012600 0.000100 0.000200 0.000200
Cattle 0.000000 0.038500 0.000200 0.000300 0.000000 0.000100 0.012500 0.000000 0.000200 0.000200 0.000000 0.000100 0.000000 0.000000 0.000000 0.012800 0.000200 0.000200 0.000000 0.000200 0.000100 0.000000 0.000100 0.000100 0.000000 0.000200 0.000000 0.000200 0.000200 0.000200 0.000200 0.000000 0.000300 0.000000 0.000000 0.000000 0.000000 0.000000 0.000100 0.000200 0.000100 0.000200 0.000200 0.000000 0.000000 0.000000 0.000100 0.000000 0.012500 0.000100 0.000200 0.000200
RoyalAntel 0.000000 0.038400 0.000100 0.000200 0.000000 0.000000 0.012500 0.000000 0.000100 0.000100 0.000000 0.000000 0.000000 0.000000 0.000000 0.012800 0.000100 0.000100 0.000000 0.000100 0.000100 0.000000 0.000000 0.000200 0.000000 0.000100 0.000000 0.000100 0.000100 0.000100 0.000100 0.000000 0.000200 0.000000 0.000000 0.000000 0.000000 0.000000 0.000100 0.000100 0.000000 0.000100 0.000100 0.000100 0.000000 0.000000 0.000000 0.000000 0.012500 0.000100 0.000100 0.000100
Steenbok 0.000000 0.038700 0.000200 0.000300 0.000000 0.000100 0.012600 0.000000 0.000200 0.000100 0.000000 0.000100 0.000000 0.000000 0.000000 0.012900 0.000200 0.000200 0.000000 0.000200 0.000100 0.000000 0.000100 0.000200 0.000000 0.000100 0.000000 0.000200 0.000100 0.000200 0.000100 0.000100 0.000300 0.000000 0.000000 0.000100 0.000000 0.000000 0.000100 0.000200 0.000100 0.000100 0.000100 0.000100 0.000100 0.000000 0.000000 0.000000 0.012600 0.000100 0.000200 0.000200
Impala 0.000000 0.038400 0.000100 0.000200 0.000000 0.000000 0.012500 0.000000 0.000100 0.000100 0.000000 0.000000 0.000000 0.000000 0.000000 0.012800 0.000100 0.000100 0.000000 0.000100 0.000100 0.000000 0.000000 0.000200 0.000000 0.000100 0.000000 0.000100 0.000100 0.000100 0.000100 0.000000 0.000200 0.000000 0.000000 0.000000 0.000000 0.000000 0.000100 0.000100 0.000000 0.000100 0.000100 0.000100 0.000000 0.000000 0.000000 0.000000 0.012500 0.000100 0.000100 0.000100
Klipspring 0.012500 0.051200 0.012500 0.012500 0.012500 0.012500 0.025000 0.012500 0.012500 0.012700 0.012500 0.012600 0.012500 0.012500 0.012500 0.000200 0.012500 0.012500 0.012500 0.012500 0.012500 0.012500 0.012600 0.012700 0.012500 0.012700 0.012500 0.012500 0.012700 0.012500 0.012700 0.012500 0.012400 0.012500 0.012500 0.012500 0.012500 0.012500 0.012500 0.012800 0.012600 0.012700 0.012700 0.012600 0.012500 0.012500 0.012600 0.012500 0.000000 0.012800 0.012500 0.012500
ForestMusk 0.000100 0.039000 0.000200 0.000400 0.000100 0.000200 0.012700 0.000100 0.000200 0.000100 0.000100 0.000100 0.000100 0.000100 0.000100 0.013000 0.000200 0.000200 0.000100 0.000200 0.000200 0.000100 0.000000 0.000100 0.000100 0.000200 0.000100 0.000200 0.000200 0.000200 0.000100 0.000100 0.000300 0.000100 0.000100 0.000100 0.000100 0.000100 0.000200 0.000100 0.000000 0.000200 0.000100 0.000100 0.000100 0.000100 0.000100 0.000100 0.012800 0.000000 0.000200 0.000200
Bushbuck 0.000100 0.038400 0.000000 0.000300 0.000100 0.000200 0.012500 0.000100 0.000000 0.000200 0.000100 0.000200 0.000100 0.000100 0.000100 0.012800 0.000200 0.000200 0.000100 0.000000 0.000200 0.000100 0.000200 0.000300 0.000100 0.000200 0.000100 0.000000 0.000200 0.000000 0.000200 0.000200 0.000400 0.000100 0.000100 0.000200 0.000100 0.000100 0.000200 0.000300 0.000200 0.000200 0.000200 0.000200 0.000200 0.000100 0.000200 0.000100 0.012500 0.000200 0.000000 0.000000
GreaterKud 0.000100 0.038400 0.000000 0.000300 0.000100 0.000200 0.012500 0.000100 0.000000 0.000200 0.000100 0.000200 0.000100 0.000100 0.000100 0.012800 0.000200 0.000200 0.000100 0.000000 0.000200 0.000100 0.000200 0.000300 0.000100 0.000200 0.000100 0.000000 0.000200 0.000000 0.000200 0.000200 0.000400 0.000100 0.000100 0.000200 0.000100 0.000100 0.000200 0.000300 0.000200 0.000200 0.000200 0.000200 0.000200 0.000100 0.000200 0.000100 0.012500 0.000200 0.000000 0.000000
