1
52 1
Argali 0.000000 0.000500 0.000200 0.000700 0.000100 0.000100 0.000100 0.000100 0.000200 0.000200 0.000000 0.000100 0.000100 0.000100 0.012300 0.000100 0.000100 0.000100 0.000000 0.000200 0.000200 0.000100 0.000100 0.000100 0.000000 0.000100 0.000100 0.000200 0.000100 0.000200 0.000200 0.000100 0.000100 0.000100 0.000200 0.000100 0.000000 0.000100 0.000100 0.000100 0.000200 0.000100 0.000200 0.000200 0.000100 0.000200 0.000100 0.000100 0.000200 0.000300 0.000200 0.000200
LesserMous 0.000500 0.000000 0.000800 0.000600 0.000600 0.000600 0.000700 0.000700 0.000800 0.000600 0.000500 0.000700 0.000600 0.000600 0.012500 0.000700 0.000500 0.000400 0.000500 0.000800 0.000800 0.000600 0.000500 0.000500 0.000500 0.000700 0.000600 0.000800 0.000600 0.000800 0.000600 0.000600 0.000400 0.000600 0.000600 0.000700 0.000500 0.000600 0.000500 0.000500 0.000600 0.000600 0.000600 0.000600 0.000700 0.000800 0.000700 0.000600 0.000600 0.000600 0.000800 0.000800
LesserKudu 0.000200 0.000800 0.000000 0.001000 0.000100 0.000100 0.000200 0.000100 0.000000 0.000200 0.000200 0.000200 0.000200 0.000100 0.012700 0.000200 0.000300 0.000200 0.000200 0.000000 0.000200 0.000200 0.000300 0.000300 0.000200 0.000100 0.000200 0.000000 0.000100 0.000000 0.000200 0.000100 0.000300 0.000200 0.000300 0.000200 0.000200 0.000100 0.000200 0.000300 0.000400 0.000100 0.000200 0.000400 0.000200 0.000300 0.000100 0.000200 0.000200 0.000300 0.000000 0.000000
KillerWhal 0.000700 0.000600 0.001000 0.000000 0.000800 0.000800 0.000900 0.001000 0.001000 0.001100 0.000700 0.000800 0.000500 0.000800 0.012500 0.000900 0.000600 0.000800 0.000700 0.000800 0.000700 0.000500 0.001000 0.001000 0.000700 0.000900 0.000500 0.000800 0.000800 0.001000 0.001100 0.000800 0.000900 0.000500 0.000800 0.000800 0.000700 0.000800 0.000900 0.001000 0.001000 0.000800 0.001100 0.000800 0.000800 0.000600 0.000900 0.000800 0.000600 0.000900 0.001000 0.001000
DefassaWat 0.000100 0.000600 0.000100 0.000800 0.000000 0.000000 0.000100 0.000100 0.000100 0.000100 0.000100 0.000100 0.000100 0.000000 0.012400 0.000100 0.000200 0.000100 0.000100 0.000200 0.000100 0.000100 0.000200 0.000200 0.000100 0.000100 0.000100 0.000200 0.000000 0.000100 0.000100 0.000000 0.000200 0.000100 0.000200 0.000100 0.000100 0.000000 0.000100 0.000200 0.000200 0.000000 0.000100 0.000200 0.000100 0.000200 0.000100 0.000100 0.000100 0.000200 0.000100 0.000100
Sheep 0.000100 0.000600 0.000100 0.000800 0.000000 0.000000 0.000100 0.000100 0.000100 0.000100 0.000100 0.000100 0.000100 0.000000 0.012400 0.000100 0.000200 0.000100 0.000100 0.000200 0.000100 0.000100 0.000200 0.000200 0.000100 0.000100 0.000100 0.000200 0.000000 0.000100 0.000100 0.000000 0.000200 0.000100 0.000200 0.000100 0.000100 0.000000 0.000100 0.000200 0.000200 0.000000 0.000100 0.000200 0.000100 0.000200 0.000100 0.000100 0.000100 0.000200 0.000100 0.000100
MaxwellsDu 0.000100 0.000700 0.000200 0.000900 0.000100 0.000100 0.000000 0.000100 0.000200 0.000200 0.000100 0.000100 0.000200 0.000100 0.012400 0.000100 0.000200 0.000200 0.000100 0.000200 0.000200 0.000200 0.000300 0.000300 0.000100 0.000100 0.000200 0.000200 0.000100 0.000200 0.000200 0.000100 0.000300 0.000200 0.000300 0.000100 0.000100 0.000100 0.000100 0.000300 0.000300 0.000100 0.000200 0.000300 0.000100 0.000300 0.000100 0.000200 0.000200 0.000300 0.000200 0.000200
GazellaPrz 0.000100 0.000700 0.000100 0.001000 0.000100 0.000100 0.000100 0.000000 0.000100 0.000200 0.000100 0.000100 0.000200 0.000100 0.012500 0.000100 0.000200 0.000200 0.000100 0.000200 0.000200 0.000200 0.000300 0.000300 0.000100 0.000100 0.000200 0.000200 0.000100 0.000100 0.000200 0.000100 0.000300 0.000200 0.000200 0.000100 0.000100 0.000100 0.000100 0.000300 0.000300 0.000100 0.000200 0.000300 0.000100 0.000300 0.000100 0.000200 0.000200 0.000300 0.000100 0.000100
MountainNy 0.000200 0.000800 0.000000 0.001000 0.000100 0.000100 0.000200 0.000100 0.000000 0.000200 0.000200 0.000200 0.000200 0.000100 0.012700 0.000200 0.000300 0.000200 0.000200 0.000000 0.000200 0.000200 0.000300 0.000300 0.000200 0.000100 0.000200 0.000000 0.000100 0.000000 0.000200 0.000100 0.000300 0.000200 0.000300 0.000200 0.000200 0.000100 0.000200 0.000300 0.000400 0.000100 0.000200 0.000400 0.000200 0.000300 0.000100 0.000200 0.000200 0.000300 0.000000 0.000000
MuntiacusM 0.000200 0.000600 0.000200 0.001100 0.000100 0.000100 0.000200 0.000200 0.000200 0.000000 0.000200 0.000200 0.000200 0.000100 0.012600 0.000200 0.000200 0.000100 0.000200 0.000300 0.000200 0.000200 0.000100 0.000100 0.000200 0.000200 0.000200 0.000300 0.000100 0.000200 0.000000 0.000100 0.000200 0.000200 0.000400 0.000200 0.000200 0.000100 0.000200 0.000100 0.000100 0.000100 0.000000 0.000100 0.000200 0.000300 0.000200 0.000200 0.000200 0.000200 0.000200 0.000200
goat 0.000000 0.000500 0.000200 0.000700 0.000100 0.000100 0.000100 0.000100 0.000200 0.000200 0.000000 0.000100 0.000100 0.000100 0.012300 0.000100 0.000100 0.000100 0.000000 0.000200 0.000200 0.000100 0.000100 0.000100 0.000000 0.000100 0.000100 0.000200 0.000100 0.000200 0.000200 0.000100 0.000100 0.000100 0.000200 0.000100 0.000000 0.000100 0.000100 0.000100 0.000200 0.000100 0.000200 0.000200 0.000100 0.000200 0.000100 0.000100 0.000200 0.000300 0.000200 0.000200
AfricanBuf 0.000100 0.000700 0.000200 0.000800 0.000100 0.000100 0.000100 0.000100 0.000200 0.000200 0.000100 0.000000 0.000200 0.000100 0.012600 0.000100 0.000200 0.000200 0.000100 0.000200 0.000200 0.000200 0.000200 0.000200 0.000100 0.000100 0.000200 0.000200 0.000100 0.000200 0.000200 0.000100 0.000300 0.000200 0.000300 0.000000 0.000100 0.000100 0.000100 0.000200 0.000200 0.000100 0.000200 0.000300 0.000000 0.000100 0.000100 0.000200 0.000200 0.000200 0.000200 0.000200
Topi 0.000100 0.000600 0.000200 0.000500 0.000100 0.000100 0.000200 0.000200 0.000200 0.000200 0.000100 0.000200 0.000000 0.000100 0.012400 0.000200 0.000200 0.000100 0.000100 0.000200 0.000100 0.000100 0.000200 0.000200 0.000100 0.000200 0.000000 0.000200 0.000100 0.000200 0.000200 0.000100 0.000200 0.000000 0.000100 0.000200 0.000100 0.000100 0.000200 0.000200 0.000200 0.000100 0.000200 0.000100 0.000200 0.000100 0.000200 0.000100 0.000300 0.000300 0.000200 0.000200
CommonDuik 0.000100 0.000600 0.000100 0.000800 0.000000 0.000000 0.000100 0.000100 0.000100 0.000100 0.000100 0.000100 0.000100 0.000000 0.012400 0.000100 0.000200 0.000100 0.000100 0.000200 0.000100 0.000100 0.000200 0.000200 0.000100 0.000100 0.000100 0.000200 0.000000 0.000100 0.000100 0.000000 0.000200 0.000100 0.000200 0.000100 0.000100 0.000000 0.000100 0.000200 0.000200 0.000000 0.000100 0.000200 0.000100 0.000200 0.000100 0.000100 0.000100 0.000200 0.000100 0.000100
Suni 0.012300 0.012500 0.012700 0.012500 0.012400 0.012400 0.012400 0.012500 0.012700 0.012600 0.012300 0.012600 0.012400 0.012400 0.000000 0.012500 0.012600 0.012400 0.012300 0.012800 0.012700 0.012500 0.012500 0.012500 0.012300 0.012600 0.012400 0.012800 0.012400 0.012700 0.012600 0.012400 0.012300 0.012400 0.012600 0.012600 0.012300 0.012400 0.012600 0.012500 0.012600 0.012400 0.012600 0.012600 0.012600 0.012600 0.012600 0.012400 0.012400 0.012500 0.012700 0.012700
Springbuck 0.000100 0.000700 0.000200 0.000900 0.000100 0.000100 0.000100 0.000100 0.000200 0.000200 0.000100 0.000100 0.000200 0.000100 0.012500 0.000000 0.000200 0.000200 0.000100 0.000200 0.000200 0.000200 0.000200 0.000200 0.000100 0.000100 0.000200 0.000200 0.000100 0.000200 0.000200 0.000100 0.000300 0.000200 0.000300 0.000100 0.000100 0.000100 0.000100 0.000200 0.000300 0.000100 0.000200 0.000300 0.000100 0.000200 0.000100 0.000200 0.000200 0.000200 0.000200 0.000200
Okapi 0.000100 0.000500 0.000300 0.000600 0.000200 0.000200 0.000200 0.000200 0.000300 0.000200 0.000100 0.000200 0.000200 0.000200 0.012600 0.000200 0.000000 0.000100 0.000100 0.000300 0.000300 0.000100 0.000100 0.000100 0.000100 0.000200 0.000200 0.000300 0.000200 0.000300 0.000200 0.000200 0.000100 0.000200 0.000300 0.000200 0.000100 0.000200 0.000200 0.000100 0.000200 0.000200 0.000200 0.000200 0.000200 0.000300 0.000200 0.000200 0.000200 0.000200 0.000300 0.000300
Giraffe 0.000100 0.000400 0.000200 0.000800 0.000100 0.000100 0.000200 0.000200 0.000200 0.000100 0.000100 0.000200 0.000100 0.000100 0.012400 0.000200 0.000100 0.000000 0.000100 0.000300 0.000200 0.000100 0.000100 0.000100 0.000100 0.000200 0.000100 0.000300 0.000100 0.000200 0.000100 0.000100 0.000100 0.000100 0.000200 0.000200 0.000100 0.000100 0.000200 0.000100 0.000100 0.000100 0.000100 0.000100 0.000200 0.000300 0.000200 0.000100 0.000300 0.000200 0.000200 0.000200
TibetanAnt 0.000000 0.000500 0.000200 0.000700 0.000100 0.000100 0.000100 0.000100 0.000200 0.000200 0.000000 0.000100 0.000100 0.000100 0.012300 0.000100 0.000100 0.000100 0.000000 0.000200 0.000200 0.000100 0.000100 0.000100 0.000000 0.000100 0.000100 0.000200 0.000100 0.000200 0.000200 0.000100 0.000100 0.000100 0.000200 0.000100 0.000000 0.000100 0.000100 0.000100 0.000200 0.000100 0.000200 0.000200 0.000100 0.000200 0.000100 0.000100 0.000200 0.000300 0.000200 0.000200
Sitatunga 0.000200 0.000800 0.000000 0.000800 0.000200 0.000200 0.000200 0.000200 0.000000 0.000300 0.000200 0.000200 0.000200 0.000200 0.012800 0.000200 0.000300 0.000300 0.000200 0.000000 0.000200 0.000300 0.000400 0.000400 0.000200 0.000100 0.000200 0.000000 0.000200 0.000000 0.000300 0.000200 0.000400 0.000200 0.000200 0.000200 0.000200 0.000200 0.000200 0.000400 0.000400 0.000200 0.000300 0.000300 0.000200 0.000200 0.000100 0.000300 0.000300 0.000400 0.000000 0.000000
Oribi 0.000200 0.000800 0.000200 0.000700 0.000100 0.000100 0.000200 0.000200 0.000200 0.000200 0.000200 0.000200 0.000100 0.000100 0.012700 0.000200 0.000300 0.000200 0.000200 0.000200 0.000000 0.000200 0.000300 0.000300 0.000200 0.000200 0.000100 0.000200 0.000100 0.000200 0.000200 0.000100 0.000300 0.000100 0.000200 0.000200 0.000200 0.000100 0.000200 0.000300 0.000400 0.000100 0.000200 0.000200 0.000200 0.000200 0.000200 0.000200 0.000200 0.000200 0.000200 0.000200
BarbaryShe 0.000100 0.000600 0.000200 0.000500 0.000100 0.000100 0.000200 0.000200 0.000200 0.000200 0.000100 0.000200 0.000100 0.000100 0.012500 0.000200 0.000100 0.000100 0.000100 0.000300 0.000200 0.000000 0.000200 0.000200 0.000100 0.000200 0.000100 0.000300 0.000100 0.000200 0.000200 0.000100 0.000200 0.000100 0.000200 0.000200 0.000100 0.000100 0.000200 0.000200 0.000200 0.000100 0.000200 0.000200 0.000200 0.000200 0.000200 0.000100 0.000100 0.000300 0.000200 0.000200
Daviddeer 0.000100 0.000500 0.000300 0.001000 0.000200 0.000200 0.000300 0.000300 0.000300 0.000100 0.000100 0.000200 0.000200 0.000200 0.012500 0.000200 0.000100 0.000100 0.000100 0.000400 0.000300 0.000200 0.000000 0.000000 0.000100 0.000200 0.000200 0.000400 0.000200 0.000300 0.000100 0.000200 0.000100 0.000200 0.000300 0.000200 0.000100 0.000200 0.000200 0.000000 0.000100 0.000200 0.000100 0.000100 0.000200 0.000300 0.000200 0.000200 0.000300 0.000300 0.000300 0.000300
Reindeer 0.000100 0.000500 0.000300 0.001000 0.000200 0.000200 0.000300 0.000300 0.000300 0.000100 0.000100 0.000200 0.000200 0.000200 0.012500 0.000200 0.000100 0.000100 0.000100 0.000400 0.000300 0.000200 0.000000 0.000000 0.000100 0.000200 0.000200 0.000400 0.000200 0.000300 0.000100 0.000200 0.000100 0.000200 0.000300 0.000200 0.000100 0.000200 0.000200 0.000000 0.000100 0.000200 0.000100 0.000100 0.000200 0.000300 0.000200 0.000200 0.000300 0.000300 0.000300 0.000300
Ibex 0.000000 0.000500 0.000200 0.000700 0.000100 0.000100 0.000100 0.000100 0.000200 0.000200 0.000000 0.000100 0.000100 0.000100 0.012300 0.000100 0.000100 0.000100 0.000000 0.000200 0.000200 0.000100 0.000100 0.000100 0.000000 0.000100 0.000100 0.000200 0.000100 0.000200 0.000200 0.000100 0.000100 0.000100 0.000200 0.000100 0.000000 0.000100 0.000100 0.000100 0.000200 0.000100 0.000200 0.000200 0.000100 0.000200 0.000100 0.000100 0.000200 0.000300 0.000200 0.000200
GyrantGaze 0.000100 0.000700 0.000100 0.000900 0.000100 0.000100 0.000100 0.000100 0.000100 0.000200 0.000100 0.000100 0.000200 0.000100 0.012600 0.000100 0.000200 0.000200 0.000100 0.000100 0.000200 0.000200 0.000200 0.000200 0.000100 0.000000 0.000200 0.000100 0.000100 0.000100 0.000200 0.000100 0.000300 0.000200 0.000300 0.000100 0.000100 0.000100 0.000100 0.000200 0.000300 0.000100 0.000200 0.000300 0.000100 0.000200 0.000100 0.000200 0.000200 0.000200 0.000100 0.000100
Hartebeest 0.000100 0.000600 0.000200 0.000500 0.000100 0.000100 0.000200 0.000200 0.000200 0.000200 0.000100 0.000200 0.000000 0.000100 0.012400 0.000200 0.000200 0.000100 0.000100 0.000200 0.000100 0.000100 0.000200 0.000200 0.000100 0.000200 0.000000 0.000200 0.000100 0.000200 0.000200 0.000100 0.000200 0.000000 0.000100 0.000200 0.000100 0.000100 0.000200 0.000200 0.000200 0.000100 0.000200 0.000100 0.000200 0.000100 0.000200 0.000100 0.000300 0.000300 0.000200 0.000200
Bongo 0.000200 0.000800 0.000000 0.000800 0.000200 0.000200 0.000200 0.000200 0.000000 0.000300 0.000200 0.000200 0.000200 0.000200 0.012800 0.000200 0.000300 0.000300 0.000200 0.000000 0.000200 0.000300 0.000400 0.000400 0.000200 0.000100 0.000200 0.000000 0.000200 0.000000 0.000300 0.000200 0.000400 0.000200 0.000200 0.000200 0.000200 0.000200 0.000200 0.000400 0.000400 0.000200 0.000300 0.000300 0.000200 0.000200 0.000100 0.000300 0.000300 0.000400 0.000000 0.000000
Gerenuk 0.000100 0.000600 0.000100 0.000800 0.000000 0.000000 0.000100 0.000100 0.000100 0.000100 0.000100 0.000100 0.000100 0.000000 0.012400 0.000100 0.000200 0.000100 0.000100 0.000200 0.000100 0.000100 0.000200 0.000200 0.000100 0.000100 0.000100 0.000200 0.000000 0.000100 0.000100 0.000000 0.000200 0.000100 0.000200 0.000100 0.000100 0.000000 0.000100 0.000200 0.000200 0.000000 0.000100 0.000200 0.000100 0.000200 0.000100 0.000100 0.000100 0.000200 0.000100 0.000100
CommonElan 0.000200 0.000800 0.000000 0.001000 0.000100 0.000100 0.000200 0.000100 0.000000 0.000200 0.000200 0.000200 0.000200 0.000100 0.012700 0.000200 0.000300 0.000200 0.000200 0.000000 0.000200 0.000200 0.000300 0.000300 0.000200 0.000100 0.000200 0.000000 0.000100 0.000000 0.000200 0.000100 0.000300 0.000200 0.000300 0.000200 0.000200 0.000100 0.000200 0.000300 0.000400 0.000100 0.000200 0.000400 0.000200 0.000300 0.000100 0.000200 0.000200 0.000300 0.000000 0.000000
MuntiacusR 0.000200 0.000600 0.000200 0.001100 0.000100 0.000100 0.000200 0.000200 0.000200 0.000000 0.000200 0.000200 0.000200 0.000100 0.012600 0.000200 0.000200 0.000100 0.000200 0.000300 0.000200 0.000200 0.000100 0.000100 0.000200 0.000200 0.000200 0.000300 0.000100 0.000200 0.000000 0.000100 0.000200 0.000200 0.000400 0.000200 0.000200 0.000100 0.000200 0.000100 0.000100 0.000100 0.000000 0.000100 0.000200 0.000300 0.000200 0.000200 0.000200 0.000200 0.000200 0.000200
HarveysDui 0.000100 0.000600 0.000100 0.000800 0.000000 0.000000 0.000100 0.000100 0.000100 0.000100 0.000100 0.000100 0.000100 0.000000 0.012400 0.000100 0.000200 0.000100 0.000100 0.000200 0.000100 0.000100 0.000200 0.000200 0.000100 0.000100 0.000100 0.000200 0.000000 0.000100 0.000100 0.000000 0.000200 0.000100 0.000200 0.000100 0.000100 0.000000 0.000100 0.000200 0.000200 0.000000 0.000100 0.000200 0.000100 0.000200 0.000100 0.000100 0.000100 0.000200 0.000100 0.000100
Pronghorn 0.000100 0.000400 0.000300 0.000900 0.000200 0.000200 0.000300 0.000300 0.000300 0.000200 0.000100 0.000300 0.000200 0.000200 0.012300 0.000300 0.000100 0.000100 0.000100 0.000400 0.000300 0.000200 0.000100 0.000100 0.000100 0.000300 0.000200 0.000400 0.000200 0.000300 0.000200 0.000200 0.000000 0.000200 0.000300 0.000300 0.000100 0.000200 0.000300 0.000100 0.000200 0.000200 0.000200 0.000200 0.000300 0.000300 0.000300 0.000200 0.000400 0.000200 0.000300 0.000300
BlueWildeb 0.000100 0.000600 0.000200 0.000500 0.000100 0.000100 0.000200 0.000200 0.000200 0.000200 0.000100 0.000200 0.000000 0.000100 0.012400 0.000200 0.000200 0.000100 0.000100 0.000200 0.000100 0.000100 0.000200 0.000200 0.000100 0.000200 0.000000 0.000200 0.000100 0.000200 0.000200 0.000100 0.000200 0.000000 0.000100 0.000200 0.000100 0.000100 0.000200 0.000200 0.000200 0.000100 0.000200 0.000100 0.000200 0.000100 0.000200 0.000100 0.000300 0.000300 0.000200 0.000200
Gemsbok 0.000200 0.000600 0.000300 0.000800 0.000200 0.000200 0.000300 0.000200 0.000300 0.000400 0.000200 0.000300 0.000100 0.000200 0.012600 0.000300 0.000300 0.000200 0.000200 0.000200 0.000200 0.000200 0.000300 0.000300 0.000200 0.000300 0.000100 0.000200 0.000200 0.000300 0.000400 0.000200 0.000300 0.000100 0.000000 0.000300 0.000200 0.000200 0.000200 0.000300 0.000400 0.000200 0.000400 0.000200 0.000300 0.000200 0.000200 0.000200 0.000400 0.000500 0.000300 0.000300
Yak 0.000100 0.000700 0.000200 0.000800 0.000100 0.000100 0.000100 0.000100 0.000200 0.000200 0.000100 0.000000 0.000200 0.000100 0.012600 0.000100 0.000200 0.000200 0.000100 0.000200 0.000200 0.000200 0.000200 0.000200 0.000100 0.000100 0.000200 0.000200 0.000100 0.000200 0.000200 0.000100 0.000300 0.000200 0.000300 0.000000 0.000100 0.000100 0.000100 0.000200 0.000200 0.000100 0.000200 0.000300 0.000000 0.000100 0.000100 0.000200 0.000200 0.000200 0.000200 0.000200
BlueSheep 0.000000 0.000500 0.000200 0.000700 0.000100 0.000100 0.000100 0.000100 0.000200 0.000200 0.000000 0.000100 0.000100 0.000100 0.012300 0.000100 0.000100 0.000100 0.000000 0.000200 0.000200 0.000100 0.000100 0.000100 0.000000 0.000100 0.000100 0.000200 0.000100 0.000200 0.000200 0.000100 0.000100 0.000100 0.000200 0.000100 0.000000 0.000100 0.000100 0.000100 0.000200 0.000100 0.000200 0.000200 0.000100 0.000200 0.000100 0.000100 0.000200 0.000300 0.000200 0.000200
BohorReedb 0.000100 0.000600 0.000100 0.000800 0.000000 0.000000 0.000100 0.000100 0.000100 0.000100 0.000100 0.000100 0.000100 0.000000 0.012400 0.000100 0.000200 0.000100 0.000100 0.000200 0.000100 0.000100 0.000200 0.000200 0.000100 0.000100 0.000100 0.000200 0.000000 0.000100 0.000100 0.000000 0.000200 0.000100 0.000200 0.000100 0.000100 0.000000 0.000100 0.000200 0.000200 0.000000 0.000100 0.000200 0.000100 0.000200 0.000100 0.000100 0.000100 0.000200 0.000100 0.000100
KirksDik 0.000100 0.000500 0.000200 0.000900 0.000100 0.000100 0.000100 0.000100 0.000200 0.000200 0.000100 0.000100 0.000200 0.000100 0.012600 0.000100 0.000200 0.000200 0.000100 0.000200 0.000200 0.000200 0.000200 0.000200 0.000100 0.000100 0.000200 0.000200 0.000100 0.000200 0.000200 0.000100 0.000300 0.000200 0.000200 0.000100 0.000100 0.000100 0.000000 0.000200 0.000300 0.000100 0.000200 0.000300 0.000100 0.000200 0.000100 0.000200 0.000200 0.000200 0.000200 0.000200
RoeDeer 0.000100 0.000500 0.000300 0.001000 0.000200 0.000200 0.000300 0.000300 0.000300 0.000100 0.000100 0.000200 0.000200 0.000200 0.012500 0.000200 0.000100 0.000100 0.000100 0.000400 0.000300 0.000200 0.000000 0.000000 0.000100 0.000200 0.000200 0.000400 0.000200 0.000300 0.000100 0.000200 0.000100 0.000200 0.000300 0.000200 0.000100 0.000200 0.000200 0.000000 0.000100 0.000200 0.000100 0.000100 0.000200 0.000300 0.000200 0.000200 0.000300 0.000300 0.000300 0.000300
WhiteLippe 0.000200 0.000600 0.000400 0.001000 0.000200 0.000200 0.000300 0.000300 0.000400 0.000100 0.000200 0.000200 0.000200 0.000200 0.012600 0.000300 0.000200 0.000100 0.000200 0.000400 0.000400 0.000200 0.000100 0.000100 0.000200 0.000300 0.000200 0.000400 0.000200 0.000400 0.000100 0.000200 0.000200 0.000200 0.000400 0.000200 0.000200 0.000200 0.000300 0.000100 0.000000 0.000200 0.000100 0.000100 0.000200 0.000200 0.000300 0.000200 0.000400 0.000300 0.000400 0.000400
ThomsonGaz 0.000100 0.000600 0.000100 0.000800 0.000000 0.000000 0.000100 0.000100 0.000100 0.000100 0.000100 0.000100 0.000100 0.000000 0.012400 0.000100 0.000200 0.000100 0.000100 0.000200 0.000100 0.000100 0.000200 0.000200 0.000100 0.000100 0.000100 0.000200 0.000000 0.000100 0.000100 0.000000 0.000200 0.000100 0.000200 0.000100 0.000100 0.000000 0.000100 0.000200 0.000200 0.000000 0.000100 0.000200 0.000100 0.000200 0.000100 0.000100 0.000100 0.000200 0.000100 0.000100
MuntiacusC 0.000200 0.000600 0.000200 0.001100 0.000100 0.000100 0.000200 0.000200 0.000200 0.000000 0.000200 0.000200 0.000200 0.000100 0.012600 0.000200 0.000200 0.000100 0.000200 0.000300 0.000200 0.000200 0.000100 0.000100 0.000200 0.000200 0.000200 0.000300 0.000100 0.000200 0.000000 0.000100 0.000200 0.000200 0.000400 0.000200 0.000200 0.000100 0.000200 0.000100 0.000100 0.000100 0.000000 0.000100 0.000200 0.000300 0.000200 0.000200 0.000200 0.000200 0.000200 0.000200
WhiteTaile 0.000200 0.000600 0.000400 0.000800 0.000200 0.000200 0.000300 0.000300 0.000400 0.000100 0.000200 0.000300 0.000100 0.000200 0.012600 0.000300 0.000200 0.000100 0.000200 0.000300 0.000200 0.000200 0.000100 0.000100 0.000200 0.000300 0.000100 0.000300 0.000200 0.000400 0.000100 0.000200 0.000200 0.000100 0.000200 0.000300 0.000200 0.000200 0.000300 0.000100 0.000100 0.000200 0.000100 0.000000 0.000300 0.000200 0.000300 0.000200 0.000400 0.000300 0.000400 0.000400
Cattle 0.000100 0.000700 0.000200 0.000800 0.000100 0.000100 0.000100 0.000100 0.000200 0.000200 0.000100 0.000000 0.000200 0.000100 0.012600 0.000100 0.000200 0.000200 0.000100 0.000200 0.000200 0.000200 0.000200 0.000200 0.000100 0.000100 0.000200 0.000200 0.000100 0.000200 0.000200 0.000100 0.000300 0.000200 0.000300 0.000000 0.000100 0.000100 0.000100 0.000200 0.000200 0.000100 0.000200 0.000300 0.000000 0.000100 0.000100 0.000200 0.000200 0.000200 0.000200 0.000200
RoyalAntel 0.000200 0.000800 0.000300 0.000600 0.000200 0.000200 0.000300 0.000300 0.000300 0.000300 0.000200 0.000100 0.000100 0.000200 0.012600 0.000200 0.000300 0.000300 0.000200 0.000200 0.000200 0.000200 0.000300 0.000300 0.000200 0.000200 0.000100 0.000200 0.000200 0.000300 0.000300 0.000200 0.000300 0.000100 0.000200 0.000100 0.000200 0.000200 0.000200 0.000300 0.000200 0.000200 0.000300 0.000200 0.000100 0.000000 0.000200 0.000200 0.000300 0.000400 0.000300 0.000300
Steenbok 0.000100 0.000700 0.000100 0.000900 0.000100 0.000100 0.000100 0.000100 0.000100 0.000200 0.000100 0.000100 0.000200 0.000100 0.012600 0.000100 0.000200 0.000200 0.000100 0.000100 0.000200 0.000200 0.000200 0.000200 0.000100 0.000100 0.000200 0.000100 0.000100 0.000100 0.000200 0.000100 0.000300 0.000200 0.000200 0.000100 0.000100 0.000100 0.000100 0.000200 0.000300 0.000100 0.000200 0.000300 0.000100 0.000200 0.000000 0.000200 0.000200 0.000200 0.000100 0.000100
Impala 0.000100 0.000600 0.000200 0.000800 0.000100 0.000100 0.000200 0.000200 0.000200 0.000200 0.000100 0.000200 0.000100 0.000100 0.012400 0.000200 0.000200 0.000100 0.000100 0.000300 0.000200 0.000100 0.000200 0.000200 0.000100 0.000200 0.000100 0.000300 0.000100 0.000200 0.000200 0.000100 0.000200 0.000100 0.000200 0.000200 0.000100 0.000100 0.000200 0.000200 0.000200 0.000100 0.000200 0.000200 0.000200 0.000200 0.000200 0.000000 0.000300 0.000300 0.000200 0.000200
Klipspring 0.000200 0.000600 0.000200 0.000600 0.000100 0.000100 0.000200 0.000200 0.000200 0.000200 0.000200 0.000200 0.000300 0.000100 0.012400 0.000200 0.000200 0.000300 0.000200 0.000300 0.000200 0.000100 0.000300 0.000300 0.000200 0.000200 0.000300 0.000300 0.000100 0.000200 0.000200 0.000100 0.000400 0.000300 0.000400 0.000200 0.000200 0.000100 0.000200 0.000300 0.000400 0.000100 0.000200 0.000400 0.000200 0.000300 0.000200 0.000300 0.000000 0.000300 0.000200 0.000200
ForestMusk 0.000300 0.000600 0.000300 0.000900 0.000200 0.000200 0.000300 0.000300 0.000300 0.000200 0.000300 0.000200 0.000300 0.000200 0.012500 0.000200 0.000200 0.000200 0.000300 0.000400 0.000200 0.000300 0.000300 0.000300 0.000300 0.000200 0.000300 0.000400 0.000200 0.000300 0.000200 0.000200 0.000200 0.000300 0.000500 0.000200 0.000300 0.000200 0.000200 0.000300 0.000300 0.000200 0.000200 0.000300 0.000200 0.000400 0.000200 0.000300 0.000300 0.000000 0.000300 0.000300
Bushbuck 0.000200 0.000800 0.000000 0.001000 0.000100 0.000100 0.000200 0.000100 0.000000 0.000200 0.000200 0.000200 0.000200 0.000100 0.012700 0.000200 0.000300 0.000200 0.000200 0.000000 0.000200 0.000200 0.000300 0.000300 0.000200 0.000100 0.000200 0.000000 0.000100 0.000000 0.000200 0.000100 0.000300 0.000200 0.000300 0.000200 0.000200 0.000100 0.000200 0.000300 0.000400 0.000100 0.000200 0.000400 0.000200 0.000300 0.000100 0.000200 0.000200 0.000300 0.000000 0.000000
GreaterKud 0.000200 0.000800 0.000000 0.001000 0.000100 0.000100 0.000200 0.000100 0.000000 0.000200 0.000200 0.000200 0.000200 0.000100 0.012700 0.000200 0.000300 0.000200 0.000200 0.000000 0.000200 0.000200 0.000300 0.000300 0.000200 0.000100 0.000200 0.000000 0.000100 0.000000 0.000200 0.000100 0.000300 0.000200 0.000300 0.000200 0.000200 0.000100 0.000200 0.000300 0.000400 0.000100 0.000200 0.000400 0.000200 0.000300 0.000100 0.000200 0.000200 0.000300 0.000000 0.000000
