1
52 1
Argali 0.000000 0.385900 0.159100 0.177400 0.090200 0.000000 0.090800 0.115100 0.123200 0.066700 0.043300 0.076800 0.043400 0.090100 0.077300 0.102700 0.110700 0.135100 0.064600 0.110600 0.102800 0.043000 0.065800 0.088100 0.043300 0.114600 0.043000 0.133300 0.101900 0.135600 0.066700 0.101300 0.130900 0.043600 0.032000 0.111000 0.043500 0.090200 0.111300 0.112200 0.077700 0.115100 0.066700 0.087000 0.111000 0.089500 0.127100 0.099200 0.112100 0.076600 0.120500 0.122600
LesserMous 0.385900 0.000000 0.322100 0.300200 0.335800 0.385900 0.337200 0.338900 0.309000 0.333900 0.364500 0.281700 0.330600 0.334900 0.282900 0.355300 0.355600 0.389200 0.323300 0.322900 0.353900 0.327900 0.330300 0.392800 0.363400 0.334300 0.359800 0.318600 0.351400 0.325500 0.333900 0.283500 0.347600 0.330500 0.343100 0.294700 0.365500 0.335800 0.393700 0.314000 0.283800 0.337200 0.333900 0.387200 0.294700 0.332900 0.351700 0.307200 0.313000 0.342400 0.364000 0.339600
LesserKudu 0.159100 0.322100 0.000000 0.192300 0.114700 0.159100 0.115300 0.140900 0.031900 0.114800 0.137900 0.100600 0.113400 0.090100 0.101400 0.127800 0.111600 0.161400 0.111400 0.042500 0.127700 0.112500 0.137800 0.162000 0.137600 0.114800 0.136600 0.064100 0.126700 0.020900 0.114800 0.101500 0.170900 0.114100 0.124600 0.136000 0.138300 0.114700 0.162100 0.125300 0.125900 0.115300 0.114800 0.163800 0.136000 0.113900 0.153000 0.111600 0.101100 0.124300 0.074900 0.031400
KillerWhal 0.177400 0.300200 0.192300 0.000000 0.158600 0.177400 0.187200 0.186200 0.166700 0.183200 0.183000 0.141800 0.156000 0.185700 0.143300 0.201400 0.193700 0.207700 0.166400 0.178800 0.200000 0.154800 0.180200 0.206700 0.182700 0.159100 0.180700 0.176800 0.199300 0.180500 0.183200 0.143600 0.231500 0.157000 0.141600 0.180300 0.183500 0.158600 0.207100 0.193400 0.167900 0.187100 0.183200 0.227000 0.180300 0.184700 0.199300 0.193200 0.196300 0.167200 0.189200 0.193000
DefassaWat 0.090200 0.335800 0.114700 0.158600 0.000000 0.090200 0.046400 0.095800 0.079500 0.040600 0.069000 0.056700 0.045400 0.046000 0.057000 0.058200 0.091200 0.115800 0.067500 0.090700 0.058400 0.045000 0.065300 0.114500 0.068800 0.070100 0.068200 0.113600 0.057700 0.091600 0.040600 0.057300 0.098000 0.045700 0.056500 0.067600 0.069100 0.000000 0.116700 0.089300 0.053300 0.070500 0.040600 0.088700 0.067600 0.045700 0.082400 0.079300 0.092500 0.080100 0.124900 0.103000
Sheep 0.000000 0.385900 0.159100 0.177400 0.090200 0.000000 0.090800 0.115100 0.123200 0.066700 0.042700 0.076800 0.043400 0.090100 0.077300 0.102700 0.110700 0.135100 0.064600 0.110600 0.102800 0.043000 0.065800 0.088100 0.043300 0.114600 0.043000 0.133300 0.101900 0.135600 0.066700 0.101300 0.130900 0.043600 0.032000 0.111000 0.043500 0.090200 0.111300 0.112200 0.077700 0.115100 0.066700 0.087000 0.111000 0.089500 0.127100 0.099200 0.112100 0.076600 0.120500 0.122600
MaxwellsDu 0.090800 0.337200 0.115300 0.187200 0.046400 0.090800 0.000000 0.071400 0.079900 0.046100 0.069400 0.057100 0.045700 0.022500 0.057400 0.034700 0.091700 0.116100 0.068000 0.091300 0.034800 0.045300 0.069200 0.117300 0.069300 0.046500 0.068600 0.114200 0.034400 0.092100 0.046100 0.034100 0.098800 0.046000 0.056900 0.068000 0.069600 0.046400 0.092700 0.093000 0.057500 0.046800 0.046100 0.092800 0.068000 0.046000 0.058600 0.079800 0.093100 0.080600 0.125500 0.103600
GazellaPrz 0.115100 0.338900 0.140900 0.186200 0.095800 0.115100 0.071400 0.000000 0.104600 0.095100 0.094000 0.081100 0.069600 0.070900 0.081900 0.083800 0.142100 0.168600 0.092000 0.116100 0.059200 0.069000 0.093700 0.143200 0.093800 0.096000 0.092900 0.139400 0.082900 0.117200 0.095100 0.058000 0.086400 0.070000 0.080900 0.117100 0.094200 0.095800 0.093000 0.144400 0.107000 0.096600 0.095100 0.133900 0.117100 0.095000 0.083600 0.129600 0.093500 0.105500 0.150800 0.128900
MountainNy 0.123200 0.309000 0.031900 0.166700 0.079500 0.123200 0.079900 0.104600 0.000000 0.079300 0.102200 0.066300 0.078500 0.055900 0.066800 0.091900 0.100500 0.124900 0.100400 0.010500 0.092000 0.077900 0.102000 0.125400 0.102000 0.079500 0.101200 0.031600 0.091100 0.010600 0.079300 0.067000 0.132800 0.079000 0.089500 0.100600 0.102500 0.079500 0.125500 0.101700 0.090500 0.079900 0.079300 0.126100 0.100600 0.078900 0.116300 0.088500 0.066500 0.089300 0.042300 0.021300
MuntiacusM 0.066700 0.333900 0.114800 0.183200 0.040600 0.066700 0.046100 0.095100 0.079300 0.000000 0.045200 0.056400 0.022300 0.045700 0.056900 0.057900 0.067300 0.091100 0.021900 0.090600 0.058000 0.022200 0.022300 0.068000 0.045100 0.069700 0.044700 0.113700 0.057400 0.091500 0.000000 0.057100 0.097200 0.022500 0.033400 0.067400 0.045300 0.040600 0.126100 0.092300 0.033800 0.070100 0.000000 0.034100 0.067400 0.045400 0.082000 0.055900 0.092200 0.056300 0.100900 0.103100
goat 0.043300 0.364500 0.137900 0.183000 0.069000 0.042700 0.069400 0.094000 0.102200 0.045200 0.000000 0.055700 0.022100 0.068900 0.079800 0.081400 0.114000 0.139100 0.043700 0.113600 0.081600 0.021900 0.044500 0.115200 0.000000 0.093300 0.021900 0.136600 0.080700 0.114600 0.045200 0.080200 0.109300 0.022200 0.033000 0.090200 0.000000 0.069000 0.114800 0.115600 0.056400 0.093900 0.045200 0.089700 0.090200 0.068400 0.105900 0.078300 0.115700 0.079100 0.148000 0.126100
AfricanBuf 0.076800 0.281700 0.100600 0.141800 0.056700 0.076800 0.057100 0.081100 0.066300 0.056400 0.055700 0.000000 0.033100 0.056600 0.044400 0.068800 0.101300 0.125900 0.054700 0.077300 0.068900 0.032800 0.055600 0.126700 0.055600 0.056700 0.055200 0.099700 0.068200 0.078000 0.056400 0.067800 0.095700 0.033300 0.043900 0.054900 0.055900 0.056700 0.101900 0.055600 0.067600 0.057000 0.056400 0.102400 0.054900 0.056200 0.092800 0.066100 0.090800 0.090300 0.110800 0.089300
Topi 0.043400 0.330600 0.113400 0.156000 0.045400 0.043400 0.045700 0.069600 0.078500 0.022300 0.022100 0.033100 0.000000 0.045400 0.056300 0.057400 0.090000 0.114400 0.021600 0.089700 0.057500 0.000100 0.022000 0.090900 0.022000 0.069100 0.021800 0.112300 0.056900 0.090500 0.022300 0.056500 0.083800 0.000000 0.010900 0.066800 0.022100 0.045400 0.090600 0.091300 0.033400 0.069500 0.022300 0.066000 0.066800 0.045000 0.081300 0.055300 0.091300 0.055800 0.123600 0.101900
CommonDuik 0.090100 0.334900 0.090100 0.185700 0.046000 0.090100 0.022500 0.070900 0.055900 0.045700 0.068900 0.056600 0.045400 0.000000 0.057000 0.034500 0.091000 0.115200 0.067500 0.066900 0.034600 0.045000 0.068700 0.116400 0.068800 0.046100 0.068200 0.089300 0.034200 0.067500 0.045700 0.033800 0.098000 0.045700 0.056500 0.067500 0.069100 0.046000 0.092000 0.092400 0.057100 0.046400 0.045700 0.092100 0.067500 0.045600 0.058100 0.079200 0.092400 0.080000 0.100400 0.078800
Suni 0.077300 0.282900 0.101400 0.143300 0.057000 0.077300 0.057400 0.081900 0.066800 0.056900 0.079800 0.044400 0.056300 0.057000 0.000000 0.069300 0.078100 0.102000 0.078300 0.077900 0.069300 0.055800 0.079600 0.102700 0.079700 0.057100 0.079000 0.100400 0.068700 0.078600 0.056900 0.068200 0.083700 0.056700 0.044200 0.078400 0.080000 0.057000 0.102600 0.079300 0.068100 0.057400 0.056900 0.103300 0.078400 0.056600 0.093400 0.066600 0.067700 0.067100 0.087900 0.089900
Springbuck 0.102700 0.355300 0.127800 0.201400 0.058200 0.102700 0.034700 0.083800 0.091900 0.057900 0.081400 0.068800 0.057400 0.034500 0.069300 0.000000 0.079700 0.104200 0.079700 0.103300 0.046600 0.056900 0.081200 0.129800 0.081200 0.046100 0.080500 0.126500 0.034100 0.104300 0.057900 0.045800 0.111700 0.057800 0.068600 0.079800 0.081600 0.058200 0.080500 0.105400 0.069400 0.046400 0.057900 0.094800 0.079800 0.046000 0.070600 0.091700 0.105400 0.092600 0.137900 0.115900
Okapi 0.110700 0.355600 0.111600 0.193700 0.091200 0.110700 0.091700 0.142100 0.100500 0.067300 0.114000 0.101300 0.090000 0.091000 0.078100 0.079700 0.000000 0.042900 0.065200 0.111700 0.103800 0.089300 0.089700 0.112700 0.113800 0.115700 0.112900 0.134700 0.102900 0.112700 0.067300 0.102300 0.145300 0.090600 0.077400 0.112200 0.114300 0.091200 0.089100 0.125900 0.102100 0.116300 0.067300 0.113500 0.112200 0.090400 0.128400 0.124000 0.113700 0.100700 0.098000 0.124200
Giraffe 0.135100 0.389200 0.161400 0.207700 0.115800 0.135100 0.116100 0.168600 0.124900 0.091100 0.139100 0.125900 0.114400 0.115200 0.102000 0.104200 0.042900 0.000000 0.112100 0.136400 0.129000 0.113400 0.114000 0.137600 0.138900 0.141200 0.137700 0.135000 0.127800 0.137600 0.091100 0.102100 0.172400 0.115100 0.101100 0.112400 0.139500 0.115800 0.113200 0.164100 0.102300 0.141800 0.091100 0.139300 0.112400 0.114900 0.103900 0.149000 0.138800 0.125100 0.121900 0.149400
TibetanAnt 0.064600 0.323300 0.111400 0.166400 0.067500 0.064600 0.068000 0.092000 0.100400 0.021900 0.043700 0.054700 0.021600 0.067500 0.078300 0.079700 0.065200 0.112100 0.000000 0.111600 0.079800 0.021500 0.021500 0.089300 0.043700 0.091500 0.043400 0.134500 0.079100 0.112600 0.021900 0.078600 0.106900 0.021800 0.032400 0.088600 0.043900 0.067500 0.112600 0.101600 0.055300 0.091900 0.021900 0.063800 0.088600 0.067000 0.103800 0.076900 0.113600 0.077600 0.121500 0.124000
Sitatunga 0.110600 0.322900 0.042500 0.178800 0.090700 0.110600 0.091300 0.116100 0.010500 0.090600 0.113600 0.077300 0.089700 0.066900 0.077900 0.103300 0.111700 0.136400 0.111600 0.000000 0.103400 0.088900 0.113400 0.136900 0.113400 0.090800 0.112500 0.020800 0.102500 0.021200 0.090600 0.078100 0.144800 0.090200 0.100700 0.111800 0.113900 0.090700 0.137100 0.113000 0.101700 0.091300 0.090600 0.138000 0.111800 0.090000 0.127900 0.099600 0.077600 0.100400 0.031300 0.031600
Oribi 0.102800 0.353900 0.127700 0.200000 0.058400 0.102800 0.034800 0.059200 0.092000 0.058000 0.081600 0.068900 0.057500 0.034600 0.069300 0.046600 0.103800 0.129000 0.079800 0.103400 0.000000 0.057000 0.081300 0.129900 0.081400 0.058300 0.080600 0.126500 0.046100 0.104300 0.058000 0.045900 0.111900 0.057900 0.068800 0.079900 0.081800 0.058400 0.080700 0.105500 0.069500 0.058700 0.058000 0.094900 0.079900 0.057900 0.046400 0.091800 0.105500 0.092800 0.137800 0.115900
BarbaryShe 0.043000 0.327900 0.112500 0.154800 0.045000 0.043000 0.045300 0.069000 0.077900 0.022200 0.021900 0.032800 0.000100 0.045000 0.055800 0.056900 0.089300 0.113400 0.021500 0.088900 0.057000 0.000000 0.021700 0.090200 0.021800 0.068500 0.021700 0.111500 0.056400 0.089700 0.022200 0.056100 0.083100 0.000100 0.010800 0.066200 0.021900 0.045000 0.089900 0.090600 0.033100 0.069000 0.022200 0.064900 0.066200 0.044600 0.080600 0.054800 0.090600 0.055300 0.122600 0.101100
Daviddeer 0.065800 0.330300 0.137800 0.180200 0.065300 0.065800 0.069200 0.093700 0.102000 0.022300 0.044500 0.055600 0.022000 0.068700 0.079600 0.081200 0.089700 0.114000 0.021500 0.113400 0.081300 0.021700 0.000000 0.090700 0.044400 0.093100 0.044100 0.136400 0.080500 0.114400 0.022300 0.080000 0.108700 0.022100 0.032900 0.089900 0.044600 0.065300 0.114500 0.115400 0.033300 0.093600 0.022300 0.056900 0.089900 0.068200 0.105600 0.078200 0.115400 0.078900 0.123300 0.126000
Reindeer 0.088100 0.392800 0.162000 0.206700 0.114500 0.088100 0.117300 0.143200 0.125400 0.068000 0.115200 0.126700 0.090900 0.116400 0.102700 0.129800 0.112700 0.137600 0.089300 0.136900 0.129900 0.090200 0.090700 0.000000 0.115100 0.142100 0.114000 0.160500 0.128700 0.138200 0.068000 0.103200 0.173600 0.091500 0.078200 0.137800 0.115500 0.114500 0.163800 0.114400 0.103200 0.129500 0.068000 0.053900 0.137800 0.115700 0.155300 0.125400 0.114200 0.078000 0.122500 0.124900
Ibex 0.043300 0.363400 0.137600 0.182700 0.068800 0.043300 0.069300 0.093800 0.102000 0.045100 0.000000 0.055600 0.022000 0.068800 0.079700 0.081200 0.113800 0.138900 0.043700 0.113400 0.081400 0.021800 0.044400 0.115100 0.000000 0.093200 0.021800 0.136400 0.080500 0.114300 0.045100 0.080000 0.109100 0.022100 0.032900 0.090000 0.000100 0.068800 0.114600 0.115500 0.056300 0.093700 0.045100 0.089300 0.090000 0.068300 0.105700 0.078200 0.115400 0.079000 0.147700 0.125900
GyrantGaze 0.114600 0.334300 0.114800 0.159100 0.070100 0.114600 0.046500 0.096000 0.079500 0.069700 0.093300 0.056700 0.069100 0.046100 0.057100 0.046100 0.115700 0.141200 0.091500 0.090800 0.058300 0.068500 0.093100 0.142100 0.093200 0.000000 0.092300 0.113700 0.033800 0.091700 0.069700 0.057400 0.124300 0.069500 0.080300 0.091500 0.093600 0.070100 0.117000 0.092600 0.081200 0.022400 0.069700 0.107000 0.091500 0.057600 0.082400 0.079400 0.105100 0.104600 0.125100 0.103200
Hartebeest 0.043000 0.359800 0.136600 0.180700 0.068200 0.043000 0.068600 0.092900 0.101200 0.044700 0.021900 0.055200 0.021800 0.068200 0.079000 0.080500 0.112900 0.137700 0.043400 0.112500 0.080600 0.021700 0.044100 0.114000 0.021800 0.092300 0.000000 0.135400 0.079800 0.113500 0.044700 0.079300 0.107900 0.022000 0.032700 0.089300 0.021900 0.068200 0.113500 0.114500 0.055900 0.092800 0.044700 0.089700 0.089300 0.067700 0.104700 0.077600 0.114500 0.078300 0.146700 0.124900
Bongo 0.133300 0.318600 0.064100 0.176800 0.113600 0.133300 0.114200 0.139400 0.031600 0.113700 0.136600 0.099700 0.112300 0.089300 0.100400 0.126500 0.134700 0.135000 0.134500 0.020800 0.126500 0.111500 0.136400 0.160500 0.136400 0.113700 0.135400 0.000000 0.125500 0.040500 0.113700 0.077100 0.169200 0.113000 0.123400 0.110600 0.137000 0.113600 0.160600 0.136300 0.100500 0.114200 0.113700 0.162200 0.110600 0.112800 0.126200 0.122200 0.100200 0.123100 0.031000 0.053300
Gerenuk 0.101900 0.351400 0.126700 0.199300 0.057700 0.101900 0.034400 0.082900 0.091100 0.057400 0.080700 0.068200 0.056900 0.034200 0.068700 0.034100 0.102900 0.127800 0.079100 0.102500 0.046100 0.056400 0.080500 0.128700 0.080500 0.033800 0.079800 0.125500 0.000000 0.103400 0.057400 0.045400 0.110400 0.057300 0.068000 0.079100 0.080900 0.057700 0.104000 0.104500 0.068800 0.034100 0.057400 0.094000 0.079100 0.045500 0.069700 0.091000 0.104500 0.091800 0.136900 0.115000
CommonElan 0.135600 0.325500 0.020900 0.180500 0.091600 0.135600 0.092100 0.117200 0.010600 0.091500 0.114600 0.078000 0.090500 0.067500 0.078600 0.104300 0.112700 0.137600 0.112600 0.021200 0.104300 0.089700 0.114400 0.138200 0.114300 0.091700 0.113500 0.040500 0.103400 0.000000 0.091500 0.078800 0.146100 0.091000 0.101600 0.112800 0.114900 0.091600 0.138300 0.114100 0.102700 0.092100 0.091500 0.139400 0.112800 0.090900 0.129100 0.088900 0.078300 0.101300 0.053200 0.010300
MuntiacusR 0.066700 0.333900 0.114800 0.183200 0.040600 0.066700 0.046100 0.095100 0.079300 0.000000 0.045200 0.056400 0.022300 0.045700 0.056900 0.057900 0.067300 0.091100 0.021900 0.090600 0.058000 0.022200 0.022300 0.068000 0.045100 0.069700 0.044700 0.113700 0.057400 0.091500 0.000000 0.057100 0.097200 0.022500 0.033400 0.067400 0.045300 0.040600 0.126100 0.092300 0.033800 0.070100 0.000000 0.034100 0.067400 0.045400 0.082000 0.055900 0.092200 0.056300 0.100900 0.103100
HarveysDui 0.101300 0.283500 0.101500 0.143600 0.057300 0.101300 0.034100 0.058000 0.067000 0.057100 0.080200 0.067800 0.056500 0.033800 0.068200 0.045800 0.102300 0.102100 0.078600 0.078100 0.045900 0.056100 0.080000 0.103200 0.080000 0.057400 0.079300 0.077100 0.045400 0.078800 0.057100 0.000000 0.109800 0.056900 0.067600 0.055400 0.080400 0.057300 0.103300 0.103800 0.044900 0.057800 0.057100 0.103900 0.055400 0.056900 0.045700 0.090400 0.079600 0.067500 0.111800 0.090100
Pronghorn 0.130900 0.347600 0.170900 0.231500 0.098000 0.130900 0.098800 0.086400 0.132800 0.097200 0.109300 0.095700 0.083800 0.098000 0.083700 0.111700 0.145300 0.172400 0.106900 0.144800 0.111900 0.083100 0.108700 0.173600 0.109100 0.124300 0.107900 0.169200 0.110400 0.146100 0.097200 0.109800 0.000000 0.084400 0.095400 0.094400 0.109600 0.098000 0.160200 0.147500 0.109200 0.125300 0.097200 0.148300 0.094400 0.097200 0.138000 0.132500 0.121300 0.133900 0.180900 0.158300
BlueWildeb 0.043600 0.330500 0.114100 0.157000 0.045700 0.043600 0.046000 0.070000 0.079000 0.022500 0.022200 0.033300 0.000000 0.045700 0.056700 0.057800 0.090600 0.115100 0.021800 0.090200 0.057900 0.000100 0.022100 0.091500 0.022100 0.069500 0.022000 0.113000 0.057300 0.091000 0.022500 0.056900 0.084400 0.000000 0.010900 0.067200 0.022200 0.045700 0.091200 0.091900 0.033600 0.070000 0.022500 0.066100 0.067200 0.045300 0.081800 0.055600 0.091900 0.056100 0.124300 0.102500
Gemsbok 0.032000 0.343100 0.124600 0.141600 0.056500 0.032000 0.056900 0.080900 0.089500 0.033400 0.033000 0.043900 0.010900 0.056500 0.044200 0.068600 0.077400 0.101100 0.032400 0.100700 0.068800 0.010800 0.032900 0.078200 0.032900 0.080300 0.032700 0.123400 0.068000 0.101600 0.033400 0.067600 0.095400 0.010900 0.000000 0.077700 0.033100 0.056500 0.077800 0.102500 0.044400 0.080800 0.033400 0.077300 0.077700 0.056100 0.092600 0.066200 0.102500 0.043800 0.110500 0.113000
Yak 0.111000 0.294700 0.136000 0.180300 0.067600 0.111000 0.068000 0.117100 0.100600 0.067400 0.090200 0.054900 0.066800 0.067500 0.078400 0.079800 0.112200 0.112400 0.088600 0.111800 0.079900 0.066200 0.089900 0.137800 0.090000 0.091500 0.089300 0.110600 0.079100 0.112800 0.067400 0.055400 0.094400 0.067200 0.077700 0.000000 0.090400 0.067600 0.137600 0.089900 0.055200 0.092000 0.067400 0.113500 0.000000 0.067100 0.079600 0.100300 0.113800 0.101100 0.146100 0.124300
BlueSheep 0.043500 0.365500 0.138300 0.183500 0.069100 0.043500 0.069600 0.094200 0.102500 0.045300 0.000000 0.055900 0.022100 0.069100 0.080000 0.081600 0.114300 0.139500 0.043900 0.113900 0.081800 0.021900 0.044600 0.115500 0.000100 0.093600 0.021900 0.137000 0.080900 0.114900 0.045300 0.080400 0.109600 0.022200 0.033100 0.090400 0.000000 0.069100 0.115100 0.116000 0.056600 0.094200 0.045300 0.089700 0.090400 0.068600 0.106200 0.078500 0.116000 0.079300 0.148400 0.126500
BohorReedb 0.090200 0.335800 0.114700 0.158600 0.000000 0.090200 0.046400 0.095800 0.079500 0.040600 0.069000 0.056700 0.045400 0.046000 0.057000 0.058200 0.091200 0.115800 0.067500 0.090700 0.058400 0.045000 0.065300 0.114500 0.068800 0.070100 0.068200 0.113600 0.057700 0.091600 0.040600 0.057300 0.098000 0.045700 0.056500 0.067600 0.069100 0.000000 0.116700 0.089300 0.053300 0.070500 0.040600 0.088700 0.067600 0.045700 0.082400 0.079300 0.092500 0.080100 0.124900 0.103000
KirksDik 0.111300 0.393700 0.162100 0.207100 0.116700 0.111300 0.092700 0.093000 0.125500 0.126100 0.114800 0.101900 0.090600 0.092000 0.102600 0.080500 0.089100 0.113200 0.112600 0.137100 0.080700 0.089900 0.114500 0.163800 0.114600 0.117000 0.113500 0.160600 0.104000 0.138300 0.126100 0.103300 0.160200 0.091200 0.077800 0.137600 0.115100 0.116700 0.000000 0.165100 0.127800 0.117600 0.126100 0.154900 0.137600 0.115700 0.104900 0.149900 0.139600 0.125900 0.146800 0.150000
RoeDeer 0.112200 0.314000 0.125300 0.193400 0.089300 0.112200 0.093000 0.144400 0.101700 0.092300 0.115600 0.055600 0.091300 0.092400 0.079300 0.105400 0.125900 0.164100 0.101600 0.113000 0.105500 0.090600 0.115400 0.114400 0.115500 0.092600 0.114500 0.136300 0.104500 0.114100 0.092300 0.103800 0.147500 0.091900 0.102500 0.089900 0.116000 0.089300 0.165100 0.000000 0.103700 0.093100 0.092300 0.080300 0.089900 0.091800 0.130400 0.101400 0.102700 0.126900 0.147700 0.101300
WhiteLippe 0.077700 0.283800 0.125900 0.167900 0.053300 0.077700 0.057500 0.107000 0.090500 0.033800 0.056400 0.067600 0.033400 0.057100 0.068100 0.069400 0.102100 0.102300 0.055300 0.101700 0.069500 0.033100 0.033300 0.103200 0.056300 0.081200 0.055900 0.100500 0.068800 0.102700 0.033800 0.044900 0.109200 0.033600 0.044400 0.055200 0.056600 0.053300 0.127800 0.103700 0.000000 0.081700 0.033800 0.069100 0.055200 0.056700 0.069200 0.066900 0.103600 0.067500 0.136000 0.114200
ThomsonGaz 0.115100 0.337200 0.115300 0.187100 0.070500 0.115100 0.046800 0.096600 0.079900 0.070100 0.093900 0.057000 0.069500 0.046400 0.057400 0.046400 0.116300 0.141800 0.091900 0.091300 0.058700 0.069000 0.093600 0.129500 0.093700 0.022400 0.092800 0.114200 0.034100 0.092100 0.070100 0.057800 0.125300 0.070000 0.080800 0.092000 0.094200 0.070500 0.117600 0.093100 0.081700 0.000000 0.070100 0.094600 0.092000 0.058000 0.081900 0.079800 0.105700 0.105200 0.125500 0.103600
MuntiacusC 0.066700 0.333900 0.114800 0.183200 0.040600 0.066700 0.046100 0.095100 0.079300 0.000000 0.045200 0.056400 0.022300 0.045700 0.056900 0.057900 0.067300 0.091100 0.021900 0.090600 0.058000 0.022200 0.022300 0.068000 0.045100 0.069700 0.044700 0.113700 0.057400 0.091500 0.000000 0.057100 0.097200 0.022500 0.033400 0.067400 0.045300 0.040600 0.126100 0.092300 0.033800 0.070100 0.000000 0.034100 0.067400 0.045400 0.082000 0.055900 0.092200 0.056300 0.100900 0.103100
WhiteTaile 0.087000 0.387200 0.163800 0.227000 0.088700 0.087000 0.092800 0.133900 0.126100 0.034100 0.089700 0.102400 0.066000 0.092100 0.103300 0.094800 0.113500 0.139300 0.063800 0.138000 0.094900 0.064900 0.056900 0.053900 0.089300 0.107000 0.089700 0.162200 0.094000 0.139400 0.034100 0.103900 0.148300 0.066100 0.077300 0.113500 0.089700 0.088700 0.154900 0.080300 0.069100 0.094600 0.034100 0.000000 0.113500 0.091200 0.119900 0.100300 0.114400 0.102100 0.148200 0.125600
Cattle 0.111000 0.294700 0.136000 0.180300 0.067600 0.111000 0.068000 0.117100 0.100600 0.067400 0.090200 0.054900 0.066800 0.067500 0.078400 0.079800 0.112200 0.112400 0.088600 0.111800 0.079900 0.066200 0.089900 0.137800 0.090000 0.091500 0.089300 0.110600 0.079100 0.112800 0.067400 0.055400 0.094400 0.067200 0.077700 0.000000 0.090400 0.067600 0.137600 0.089900 0.055200 0.092000 0.067400 0.113500 0.000000 0.067100 0.079600 0.100300 0.113800 0.101100 0.146100 0.124300
RoyalAntel 0.089500 0.332900 0.113900 0.184700 0.045700 0.089500 0.046000 0.095000 0.078900 0.045400 0.068400 0.056200 0.045000 0.045600 0.056600 0.046000 0.090400 0.114900 0.067000 0.090000 0.057900 0.044600 0.068200 0.115700 0.068300 0.057600 0.067700 0.112800 0.045500 0.090900 0.045400 0.056900 0.097200 0.045300 0.056100 0.067100 0.068600 0.045700 0.115700 0.091800 0.056700 0.058000 0.045400 0.091200 0.067100 0.000000 0.081800 0.078700 0.091800 0.079500 0.124000 0.102300
Steenbok 0.127100 0.351700 0.153000 0.199300 0.082400 0.127100 0.058600 0.083600 0.116300 0.082000 0.105900 0.092800 0.081300 0.058100 0.093400 0.070600 0.128400 0.103900 0.103800 0.127900 0.046400 0.080600 0.105600 0.155300 0.105700 0.082400 0.104700 0.126200 0.069700 0.129100 0.082000 0.045700 0.138000 0.081800 0.092600 0.079600 0.106200 0.082400 0.104900 0.130400 0.069200 0.081900 0.082000 0.119900 0.079600 0.081800 0.000000 0.116100 0.130500 0.117200 0.163100 0.140900
Impala 0.099200 0.307200 0.111600 0.193200 0.079300 0.099200 0.079800 0.129600 0.088500 0.055900 0.078300 0.066100 0.055300 0.079200 0.066600 0.091700 0.124000 0.149000 0.076900 0.099600 0.091800 0.054800 0.078200 0.125400 0.078200 0.079400 0.077600 0.122200 0.091000 0.088900 0.055900 0.090400 0.132500 0.055600 0.066200 0.100300 0.078500 0.079300 0.149900 0.101400 0.066900 0.079800 0.055900 0.100300 0.100300 0.078700 0.116100 0.000000 0.113700 0.089200 0.133400 0.100200
Klipspring 0.112100 0.313000 0.101100 0.196300 0.092500 0.112100 0.093100 0.093500 0.066500 0.092200 0.115700 0.090800 0.091300 0.092400 0.067700 0.105400 0.113700 0.138800 0.113600 0.077600 0.105500 0.090600 0.115400 0.114200 0.115400 0.105100 0.114500 0.100200 0.104500 0.078300 0.092200 0.079600 0.121300 0.091900 0.102500 0.113800 0.116000 0.092500 0.139600 0.102700 0.103600 0.105700 0.092200 0.114400 0.113800 0.091800 0.130500 0.113700 0.000000 0.102200 0.111400 0.066200
ForestMusk 0.076600 0.342400 0.124300 0.167200 0.080100 0.076600 0.080600 0.105500 0.089300 0.056300 0.079100 0.090300 0.055800 0.080000 0.067100 0.092600 0.100700 0.125100 0.077600 0.100400 0.092800 0.055300 0.078900 0.078000 0.079000 0.104600 0.078300 0.123100 0.091800 0.101300 0.056300 0.067500 0.133900 0.056100 0.043800 0.101100 0.079300 0.080100 0.125900 0.126900 0.067500 0.105200 0.056300 0.102100 0.101100 0.079500 0.117200 0.089200 0.102200 0.000000 0.110200 0.112700
Bushbuck 0.120500 0.364000 0.074900 0.189200 0.124900 0.120500 0.125500 0.150800 0.042300 0.100900 0.148000 0.110800 0.123600 0.100400 0.087900 0.137900 0.098000 0.121900 0.121500 0.031300 0.137800 0.122600 0.123300 0.122500 0.147700 0.125100 0.146700 0.031000 0.136900 0.053200 0.100900 0.111800 0.180900 0.124300 0.110500 0.146100 0.148400 0.124900 0.146800 0.147700 0.136000 0.125500 0.100900 0.148200 0.146100 0.124000 0.163100 0.133400 0.111400 0.110200 0.000000 0.064100
GreaterKud 0.122600 0.339600 0.031400 0.193000 0.103000 0.122600 0.103600 0.128900 0.021300 0.103100 0.126100 0.089300 0.101900 0.078800 0.089900 0.115900 0.124200 0.149400 0.124000 0.031600 0.115900 0.101100 0.126000 0.124900 0.125900 0.103200 0.124900 0.053300 0.115000 0.010300 0.103100 0.090100 0.158300 0.102500 0.113000 0.124300 0.126500 0.103000 0.150000 0.101300 0.114200 0.103600 0.103100 0.125600 0.124300 0.102300 0.140900 0.100200 0.066200 0.112700 0.064100 0.000000
