1
52 1
Argali 0.000000 0.688800 0.289900 0.345200 0.323600 0.000000 0.149900 0.218500 0.286600 0.398200 0.056000 0.263900 0.181800 0.151800 0.255900 0.191300 0.264000 0.290300 0.210400 0.289900 0.194400 0.057600 0.301300 0.428800 0.056000 0.238800 0.186900 0.289900 0.146100 0.289900 0.398200 0.148800 0.284800 0.215700 0.213300 0.244100 0.028600 0.323600 0.297800 0.332200 0.330200 0.367000 0.398200 0.401200 0.279500 0.205800 0.173200 0.208600 0.181000 0.242400 0.323500 0.286600
LesserMous 0.688800 0.000000 0.462500 0.786100 0.625200 0.688800 0.474700 0.530600 0.512900 0.643000 0.682700 0.546200 0.461700 0.534100 0.537600 0.499200 0.504700 0.534900 0.527000 0.462500 0.441400 0.717700 0.451000 0.780000 0.682700 0.436700 0.487700 0.462500 0.557300 0.462500 0.643000 0.519000 0.519300 0.533600 0.528900 0.560600 0.655900 0.625200 0.670300 0.608800 0.483700 0.463100 0.643000 0.753500 0.620200 0.448900 0.403100 0.519500 0.461700 0.446700 0.505100 0.512900
LesserKudu 0.289900 0.462500 0.000000 0.568600 0.253200 0.289900 0.178800 0.181400 0.036400 0.309000 0.290000 0.187100 0.139800 0.181700 0.183600 0.148900 0.230400 0.261400 0.179200 0.000000 0.109400 0.301500 0.294000 0.351000 0.290000 0.206300 0.145300 0.000000 0.210800 0.000000 0.309000 0.177100 0.255900 0.181100 0.217500 0.210700 0.260800 0.253200 0.311900 0.212600 0.325600 0.140100 0.309000 0.321100 0.211800 0.098300 0.175200 0.213600 0.067500 0.208300 0.035600 0.036100
KillerWhal 0.345200 0.786100 0.568600 0.000000 0.524100 0.345200 0.395700 0.582900 0.561800 0.808100 0.348600 0.666000 0.515100 0.486400 0.365800 0.557000 0.490900 0.515000 0.438500 0.568600 0.565000 0.357900 0.551900 0.650900 0.348600 0.586900 0.541100 0.568600 0.467600 0.568600 0.808100 0.475000 0.502000 0.534000 0.394300 0.509500 0.321800 0.524100 0.567400 0.689300 0.580900 0.685300 0.808100 0.628400 0.556000 0.503800 0.480800 0.529700 0.519700 0.603900 0.607500 0.561800
DefassaWat 0.323600 0.625200 0.253200 0.524100 0.000000 0.323600 0.223500 0.226700 0.290300 0.359200 0.323500 0.199400 0.188600 0.226500 0.228100 0.198500 0.274300 0.301300 0.155500 0.253200 0.131200 0.334700 0.344000 0.359700 0.323500 0.247100 0.193800 0.253200 0.251800 0.253200 0.359200 0.221800 0.295300 0.225700 0.333700 0.183700 0.298100 0.000000 0.271300 0.298500 0.373300 0.301600 0.359200 0.331800 0.218000 0.212100 0.220100 0.224500 0.187800 0.250500 0.286800 0.290300
Sheep 0.000000 0.688800 0.289900 0.345200 0.323600 0.000000 0.149900 0.218500 0.286600 0.398200 0.056000 0.263900 0.181800 0.151800 0.255900 0.191300 0.264000 0.290300 0.210400 0.289900 0.194400 0.057600 0.301300 0.428800 0.056000 0.238800 0.186900 0.289900 0.146100 0.289900 0.398200 0.148800 0.284800 0.215700 0.213300 0.244100 0.028600 0.323600 0.297800 0.332200 0.330200 0.367000 0.398200 0.401200 0.279500 0.205800 0.173200 0.208600 0.181000 0.242400 0.323500 0.286600
MaxwellsDu 0.149900 0.474700 0.178800 0.395700 0.223500 0.149900 0.000000 0.124000 0.176800 0.285500 0.149800 0.163400 0.090200 0.059800 0.158500 0.095000 0.163600 0.191600 0.114300 0.178800 0.096400 0.154400 0.197900 0.325400 0.149800 0.148000 0.092800 0.178800 0.119100 0.178800 0.285500 0.059200 0.187800 0.118500 0.120500 0.151400 0.122700 0.223500 0.205500 0.230200 0.227400 0.263400 0.285500 0.297200 0.184800 0.116000 0.143500 0.111100 0.089800 0.150200 0.212400 0.176800
GazellaPrz 0.218500 0.530600 0.181400 0.582900 0.226700 0.218500 0.124000 0.000000 0.218200 0.288200 0.218400 0.096800 0.091400 0.125700 0.195300 0.031300 0.165900 0.126200 0.124700 0.181400 0.097900 0.225500 0.275600 0.255000 0.218400 0.119000 0.094100 0.181400 0.152500 0.181400 0.288200 0.060100 0.190200 0.125000 0.190800 0.089800 0.191700 0.226700 0.241400 0.162300 0.305600 0.266900 0.288200 0.227800 0.121700 0.117500 0.121800 0.124400 0.091100 0.152400 0.215400 0.218200
MountainNy 0.286600 0.512900 0.036400 0.561800 0.290300 0.286600 0.176800 0.218200 0.000000 0.348800 0.286700 0.225100 0.175000 0.179700 0.142100 0.186500 0.269700 0.299900 0.138800 0.036400 0.146100 0.298000 0.331700 0.387500 0.286700 0.241400 0.182000 0.035600 0.170000 0.035600 0.348800 0.175100 0.293500 0.140200 0.215100 0.246500 0.257800 0.290300 0.267700 0.248600 0.362900 0.175400 0.348800 0.358100 0.247700 0.131200 0.210900 0.171000 0.101500 0.243600 0.070300 0.000000
MuntiacusM 0.398200 0.643000 0.309000 0.808100 0.359200 0.398200 0.285500 0.288200 0.348800 0.000000 0.397000 0.294200 0.243200 0.289800 0.376200 0.258000 0.318600 0.347700 0.247800 0.309000 0.216800 0.411800 0.195900 0.399600 0.397000 0.307500 0.252000 0.309000 0.313700 0.309000 0.000000 0.278700 0.279800 0.250900 0.410900 0.317500 0.370000 0.359200 0.417600 0.348300 0.225200 0.321700 0.000000 0.374300 0.360500 0.269000 0.244000 0.172200 0.241400 0.312500 0.344200 0.348800
goat 0.056000 0.682700 0.290000 0.348600 0.323500 0.056000 0.149800 0.218400 0.286700 0.397000 0.000000 0.264100 0.181500 0.151700 0.258100 0.191300 0.266200 0.292600 0.183400 0.290000 0.194200 0.057600 0.300400 0.429200 0.000000 0.238700 0.184800 0.290000 0.146100 0.290000 0.397000 0.148700 0.287100 0.184200 0.213200 0.244100 0.028400 0.323500 0.297600 0.332500 0.329300 0.367100 0.397000 0.401700 0.279500 0.204700 0.147400 0.183100 0.181000 0.177000 0.323700 0.286700
AfricanBuf 0.263900 0.546200 0.187100 0.666000 0.199400 0.263900 0.163400 0.096800 0.225100 0.294200 0.264100 0.000000 0.127700 0.165800 0.241300 0.135700 0.210600 0.166200 0.163500 0.187100 0.067000 0.273200 0.281100 0.259700 0.264100 0.189400 0.132400 0.187100 0.192900 0.187100 0.294200 0.094700 0.234400 0.165000 0.272600 0.125800 0.236800 0.199400 0.286300 0.165400 0.311700 0.239500 0.294200 0.232200 0.159300 0.154700 0.160600 0.163900 0.127800 0.192400 0.222000 0.225100
Topi 0.181800 0.461700 0.139800 0.515100 0.188600 0.181800 0.090200 0.091400 0.175000 0.243200 0.181500 0.127700 0.000000 0.091400 0.157300 0.062300 0.128000 0.156200 0.110000 0.139800 0.063200 0.187200 0.232700 0.285200 0.181500 0.117100 0.060900 0.139800 0.119000 0.139800 0.243200 0.089500 0.153100 0.112400 0.186300 0.118600 0.154900 0.188600 0.204000 0.192200 0.261800 0.225900 0.243200 0.257200 0.150700 0.085500 0.106300 0.106500 0.058800 0.117600 0.172900 0.175000
CommonDuik 0.151800 0.534100 0.181700 0.486400 0.226500 0.151800 0.059800 0.125700 0.179700 0.289800 0.151700 0.165800 0.091400 0.000000 0.160700 0.096400 0.165900 0.194200 0.115800 0.181700 0.097900 0.123900 0.276600 0.254500 0.151700 0.149900 0.093900 0.181700 0.120600 0.181700 0.289800 0.060000 0.190200 0.119800 0.188700 0.153400 0.124300 0.226500 0.176400 0.233600 0.306500 0.267100 0.289800 0.226200 0.187300 0.117400 0.145300 0.112600 0.091000 0.152100 0.215800 0.179700
Suni 0.255900 0.537600 0.183600 0.365800 0.228100 0.255900 0.158500 0.195300 0.142100 0.376200 0.258100 0.241300 0.157300 0.160700 0.000000 0.166500 0.241600 0.269300 0.060800 0.183600 0.169300 0.264600 0.359000 0.412400 0.258100 0.217000 0.162400 0.183600 0.153100 0.183600 0.376200 0.157100 0.263300 0.125700 0.192100 0.154000 0.229500 0.228100 0.241500 0.311800 0.388800 0.269200 0.376200 0.383800 0.188100 0.182100 0.189100 0.124800 0.156600 0.221900 0.217900 0.142100
Springbuck 0.191300 0.499200 0.148900 0.557000 0.198500 0.191300 0.095000 0.031300 0.186500 0.258000 0.191300 0.135700 0.062300 0.096400 0.166500 0.000000 0.135700 0.165400 0.095600 0.148900 0.066800 0.197600 0.246200 0.301300 0.191300 0.091100 0.064200 0.148900 0.123700 0.148900 0.258000 0.094300 0.161900 0.095900 0.162600 0.125300 0.163400 0.198500 0.215300 0.204500 0.277100 0.238700 0.258000 0.273800 0.159400 0.090100 0.093200 0.095400 0.062100 0.124300 0.184000 0.186500
Okapi 0.264000 0.504700 0.230400 0.490900 0.274300 0.264000 0.163600 0.165900 0.269700 0.318600 0.266200 0.210600 0.128000 0.165900 0.241600 0.135700 0.000000 0.028700 0.163700 0.230400 0.138000 0.273400 0.327000 0.378100 0.266200 0.189500 0.132500 0.230400 0.192900 0.230400 0.318600 0.162400 0.092400 0.165200 0.272600 0.194000 0.237000 0.274300 0.287000 0.279400 0.358100 0.295600 0.318600 0.351500 0.230500 0.123700 0.160900 0.164300 0.127900 0.193500 0.266100 0.269700
Giraffe 0.290300 0.534900 0.261400 0.515000 0.301300 0.290300 0.191600 0.126200 0.299900 0.347700 0.292600 0.166200 0.156200 0.194200 0.269300 0.165400 0.028700 0.000000 0.191700 0.261400 0.167900 0.300300 0.355000 0.325800 0.292600 0.216200 0.161500 0.261400 0.220000 0.261400 0.347700 0.123600 0.120500 0.193400 0.299300 0.153800 0.264400 0.301300 0.312300 0.231700 0.385200 0.322800 0.347700 0.299500 0.187800 0.151000 0.188800 0.192300 0.156200 0.220900 0.296100 0.299900
TibetanAnt 0.210400 0.527000 0.179200 0.438500 0.155500 0.210400 0.114300 0.124700 0.138800 0.247800 0.183400 0.163500 0.110000 0.115800 0.060800 0.095600 0.163700 0.191700 0.000000 0.179200 0.097000 0.189300 0.236700 0.323500 0.183400 0.148400 0.093300 0.179200 0.088100 0.179200 0.247800 0.110400 0.187700 0.060100 0.188800 0.088300 0.156500 0.155500 0.194500 0.230100 0.266500 0.264500 0.247800 0.297100 0.119700 0.116400 0.120300 0.059600 0.090200 0.150200 0.212800 0.138800
Sitatunga 0.289900 0.462500 0.000000 0.568600 0.253200 0.289900 0.178800 0.181400 0.036400 0.309000 0.290000 0.187100 0.139800 0.181700 0.183600 0.148900 0.230400 0.261400 0.179200 0.000000 0.109400 0.301500 0.294000 0.351000 0.290000 0.206300 0.145300 0.000000 0.210800 0.000000 0.309000 0.177100 0.255900 0.181100 0.217500 0.210700 0.260800 0.253200 0.311900 0.212600 0.325600 0.140100 0.309000 0.321100 0.211800 0.098300 0.175200 0.213600 0.067500 0.208300 0.035100 0.035600
Oribi 0.194400 0.441400 0.109400 0.565000 0.131200 0.194400 0.096400 0.097900 0.146100 0.216800 0.194200 0.067000 0.063200 0.097900 0.169300 0.066800 0.138000 0.167900 0.097000 0.109400 0.000000 0.200700 0.206900 0.262600 0.194200 0.124300 0.065100 0.109400 0.127100 0.109400 0.216800 0.095600 0.164500 0.097400 0.200300 0.127900 0.166100 0.131200 0.217600 0.166900 0.237600 0.168600 0.216800 0.234700 0.162700 0.091300 0.094500 0.096800 0.062900 0.126000 0.144100 0.146100
BarbaryShe 0.057600 0.717700 0.301500 0.357900 0.334700 0.057600 0.154400 0.225500 0.298000 0.411800 0.057600 0.273200 0.187200 0.123900 0.264600 0.197600 0.273400 0.300300 0.189300 0.301500 0.200700 0.000000 0.310700 0.405300 0.057600 0.246200 0.192000 0.301500 0.150500 0.301500 0.411800 0.153200 0.294600 0.189200 0.220200 0.253200 0.029500 0.334700 0.232200 0.344400 0.340200 0.380200 0.411800 0.376800 0.290300 0.210900 0.151800 0.188900 0.186600 0.250000 0.336400 0.298000
Daviddeer 0.301300 0.451000 0.294000 0.551900 0.344000 0.301300 0.197900 0.275600 0.331700 0.195900 0.300400 0.281100 0.232700 0.276600 0.359000 0.246200 0.327000 0.355000 0.236700 0.294000 0.206900 0.310700 0.000000 0.381900 0.300400 0.222300 0.240600 0.294000 0.300500 0.294000 0.195900 0.270500 0.346700 0.239400 0.308700 0.301900 0.273400 0.344000 0.401900 0.332500 0.028500 0.307800 0.195900 0.357200 0.342400 0.257800 0.094000 0.237700 0.231200 0.225700 0.327900 0.331700
Reindeer 0.428800 0.780000 0.351000 0.650900 0.359700 0.428800 0.325400 0.255000 0.387500 0.399600 0.429200 0.259700 0.285200 0.254500 0.412400 0.301300 0.378100 0.325800 0.323500 0.351000 0.262600 0.405300 0.381900 0.000000 0.429200 0.343900 0.295300 0.351000 0.350100 0.351000 0.399600 0.250900 0.396700 0.327800 0.440900 0.281600 0.405400 0.359700 0.373400 0.177100 0.408700 0.438100 0.399600 0.026600 0.318900 0.308400 0.318900 0.327200 0.283800 0.349600 0.382600 0.387500
Ibex 0.056000 0.682700 0.290000 0.348600 0.323500 0.056000 0.149800 0.218400 0.286700 0.397000 0.000000 0.264100 0.181500 0.151700 0.258100 0.191300 0.266200 0.292600 0.183400 0.290000 0.194200 0.057600 0.300400 0.429200 0.000000 0.238700 0.184800 0.290000 0.146100 0.290000 0.397000 0.148700 0.287100 0.184200 0.213200 0.244100 0.028400 0.323500 0.297600 0.332500 0.329300 0.367100 0.397000 0.401700 0.279500 0.204700 0.147400 0.183100 0.181000 0.177000 0.323700 0.286700
GyrantGaze 0.238800 0.436700 0.206300 0.586900 0.247100 0.238800 0.148000 0.119000 0.241400 0.307500 0.238700 0.189400 0.117100 0.149900 0.217000 0.091100 0.189500 0.216200 0.148400 0.206300 0.124300 0.246200 0.222300 0.343900 0.238700 0.000000 0.119600 0.206300 0.175000 0.206300 0.307500 0.147000 0.211700 0.149100 0.177600 0.175900 0.213600 0.247100 0.259800 0.253700 0.250500 0.216200 0.307500 0.318700 0.208700 0.140500 0.085100 0.148200 0.116700 0.113600 0.238400 0.241400
Hartebeest 0.186900 0.487700 0.145300 0.541100 0.193800 0.186900 0.092800 0.094100 0.182000 0.252000 0.184800 0.132400 0.060900 0.093900 0.162400 0.064200 0.132500 0.161500 0.093300 0.145300 0.065100 0.192000 0.240600 0.295300 0.184800 0.119600 0.000000 0.145300 0.121800 0.145300 0.252000 0.092100 0.158400 0.030500 0.192300 0.122400 0.157800 0.193800 0.209000 0.199700 0.270800 0.233000 0.252000 0.266600 0.155700 0.088000 0.091000 0.093100 0.060500 0.121400 0.179600 0.182000
Bongo 0.289900 0.462500 0.000000 0.568600 0.253200 0.289900 0.178800 0.181400 0.035600 0.309000 0.290000 0.187100 0.139800 0.181700 0.183600 0.148900 0.230400 0.261400 0.179200 0.000000 0.109400 0.301500 0.294000 0.351000 0.290000 0.206300 0.145300 0.000000 0.210800 0.000000 0.309000 0.177100 0.255900 0.181100 0.217500 0.210700 0.260800 0.253200 0.311900 0.212600 0.325600 0.140100 0.309000 0.321100 0.211800 0.098300 0.175200 0.213600 0.067500 0.208300 0.035800 0.036400
Gerenuk 0.146100 0.557300 0.210800 0.467600 0.251800 0.146100 0.119100 0.152500 0.170000 0.313700 0.146100 0.192900 0.119000 0.120600 0.153100 0.123700 0.192900 0.220000 0.088100 0.210800 0.127100 0.150500 0.300500 0.350100 0.146100 0.175000 0.121800 0.210800 0.000000 0.210800 0.313700 0.118200 0.215600 0.088500 0.150000 0.178700 0.119600 0.251800 0.200300 0.260000 0.329300 0.291400 0.313700 0.324700 0.212100 0.143100 0.148000 0.088000 0.118000 0.177400 0.243600 0.170000
CommonElan 0.289900 0.462500 0.000000 0.568600 0.253200 0.289900 0.178800 0.181400 0.035600 0.309000 0.290000 0.187100 0.139800 0.181700 0.183600 0.148900 0.230400 0.261400 0.179200 0.000000 0.109400 0.301500 0.294000 0.351000 0.290000 0.206300 0.145300 0.000000 0.210800 0.000000 0.309000 0.177100 0.255900 0.181100 0.217500 0.210700 0.260800 0.253200 0.311900 0.212600 0.325600 0.140100 0.309000 0.321100 0.211800 0.098300 0.175200 0.213600 0.067500 0.208300 0.035100 0.035600
MuntiacusR 0.398200 0.643000 0.309000 0.808100 0.359200 0.398200 0.285500 0.288200 0.348800 0.000000 0.397000 0.294200 0.243200 0.289800 0.376200 0.258000 0.318600 0.347700 0.247800 0.309000 0.216800 0.411800 0.195900 0.399600 0.397000 0.307500 0.252000 0.309000 0.313700 0.309000 0.000000 0.278700 0.279800 0.250900 0.410900 0.317500 0.370000 0.359200 0.417600 0.348300 0.225200 0.321700 0.000000 0.374300 0.360500 0.269000 0.244000 0.172200 0.241400 0.312500 0.344200 0.348800
HarveysDui 0.148800 0.519000 0.177100 0.475000 0.221800 0.148800 0.059200 0.060100 0.175100 0.278700 0.148700 0.094700 0.089500 0.060000 0.157100 0.094300 0.162400 0.123600 0.110400 0.177100 0.095600 0.153200 0.270500 0.250900 0.148700 0.147000 0.092100 0.177100 0.118200 0.177100 0.278700 0.000000 0.186300 0.113700 0.184600 0.088100 0.121700 0.221800 0.203800 0.158800 0.299900 0.261100 0.278700 0.222900 0.119300 0.115100 0.140000 0.107700 0.089100 0.149300 0.210400 0.175100
Pronghorn 0.284800 0.519300 0.255900 0.502000 0.295300 0.284800 0.187800 0.190200 0.293500 0.279800 0.287100 0.234400 0.153100 0.190200 0.263300 0.161900 0.092400 0.120500 0.187700 0.255900 0.164500 0.294600 0.346700 0.396700 0.287100 0.211700 0.158400 0.255900 0.215600 0.255900 0.279800 0.186300 0.000000 0.189700 0.293300 0.216800 0.259300 0.295300 0.305500 0.299900 0.375900 0.337100 0.279800 0.369100 0.252300 0.148400 0.185000 0.188500 0.152900 0.216200 0.290000 0.293500
BlueWildeb 0.215700 0.533600 0.181100 0.534000 0.225700 0.215700 0.118500 0.125000 0.140200 0.250900 0.184200 0.165000 0.112400 0.119800 0.125700 0.095900 0.165200 0.193400 0.060100 0.181100 0.097400 0.189200 0.239400 0.327800 0.184200 0.149100 0.030500 0.181100 0.088500 0.181100 0.250900 0.113700 0.189700 0.000000 0.189600 0.152600 0.157200 0.225700 0.195400 0.232400 0.269600 0.265900 0.250900 0.299500 0.186400 0.116900 0.120700 0.060000 0.090500 0.151400 0.215100 0.140200
Gemsbok 0.213300 0.528900 0.217500 0.394300 0.333700 0.213300 0.120500 0.190800 0.215100 0.410900 0.213200 0.272600 0.186300 0.188700 0.192100 0.162600 0.272600 0.299300 0.188800 0.217500 0.200300 0.220200 0.308700 0.440900 0.213200 0.177600 0.192300 0.217500 0.150000 0.217500 0.410900 0.184600 0.293300 0.189600 0.000000 0.251100 0.187200 0.333700 0.305500 0.342900 0.337900 0.299800 0.410900 0.415300 0.287900 0.210100 0.218200 0.188400 0.185700 0.248800 0.251400 0.215100
Yak 0.244100 0.560600 0.210700 0.509500 0.183700 0.244100 0.151400 0.089800 0.246500 0.317500 0.244100 0.125800 0.118600 0.153400 0.154000 0.125300 0.194000 0.153800 0.088300 0.210700 0.127900 0.253200 0.301900 0.281600 0.244100 0.175900 0.122400 0.210700 0.178700 0.210700 0.317500 0.088100 0.216800 0.152600 0.251100 0.000000 0.218500 0.183700 0.265900 0.191000 0.331100 0.292500 0.317500 0.255500 0.028000 0.144600 0.148900 0.152700 0.118700 0.179600 0.243500 0.246500
BlueSheep 0.028600 0.655900 0.260800 0.321800 0.298100 0.028600 0.122700 0.191700 0.257800 0.370000 0.028400 0.236800 0.154900 0.124300 0.229500 0.163400 0.237000 0.264400 0.156500 0.260800 0.166100 0.029500 0.273400 0.405400 0.028400 0.213600 0.157800 0.260800 0.119600 0.260800 0.370000 0.121700 0.259300 0.157200 0.187200 0.218500 0.000000 0.298100 0.273500 0.306500 0.303100 0.341900 0.370000 0.377000 0.254200 0.179500 0.120600 0.156200 0.154300 0.216800 0.295500 0.257800
BohorReedb 0.323600 0.625200 0.253200 0.524100 0.000000 0.323600 0.223500 0.226700 0.290300 0.359200 0.323500 0.199400 0.188600 0.226500 0.228100 0.198500 0.274300 0.301300 0.155500 0.253200 0.131200 0.334700 0.344000 0.359700 0.323500 0.247100 0.193800 0.253200 0.251800 0.253200 0.359200 0.221800 0.295300 0.225700 0.333700 0.183700 0.298100 0.000000 0.271300 0.298500 0.373300 0.301600 0.359200 0.331800 0.218000 0.212100 0.220100 0.224500 0.187800 0.250500 0.286800 0.290300
KirksDik 0.297800 0.670300 0.311900 0.567400 0.271300 0.297800 0.205500 0.241400 0.267700 0.417600 0.297600 0.286300 0.204000 0.176400 0.241500 0.215300 0.287000 0.312300 0.194500 0.311900 0.217600 0.232200 0.401900 0.373400 0.297600 0.259800 0.209000 0.311900 0.200300 0.311900 0.417600 0.203800 0.305500 0.195400 0.305500 0.265900 0.273500 0.271300 0.000000 0.352300 0.430000 0.311600 0.417600 0.348500 0.300700 0.225800 0.259600 0.192000 0.203500 0.263700 0.344200 0.267700
RoeDeer 0.332200 0.608800 0.212600 0.689300 0.298500 0.332200 0.230200 0.162300 0.248600 0.348300 0.332500 0.165400 0.192200 0.233600 0.311800 0.204500 0.279400 0.231700 0.230100 0.212600 0.166900 0.344400 0.332500 0.177100 0.332500 0.253700 0.199700 0.212600 0.260000 0.212600 0.348300 0.158800 0.299900 0.232400 0.342900 0.191000 0.306500 0.298500 0.352300 0.000000 0.360900 0.341900 0.348300 0.150600 0.227000 0.217800 0.226000 0.231200 0.192100 0.257900 0.245300 0.248600
WhiteLippe 0.330200 0.483700 0.325600 0.580900 0.373300 0.330200 0.227400 0.305600 0.362900 0.225200 0.329300 0.311700 0.261800 0.306500 0.388800 0.277100 0.358100 0.385200 0.266500 0.325600 0.237600 0.340200 0.028500 0.408700 0.329300 0.250500 0.270800 0.325600 0.329300 0.325600 0.225200 0.299900 0.375900 0.269600 0.337900 0.331100 0.303100 0.373300 0.430000 0.360900 0.000000 0.337200 0.225200 0.384700 0.371700 0.286200 0.123600 0.267600 0.260400 0.254600 0.358800 0.362900
ThomsonGaz 0.367000 0.463100 0.140100 0.685300 0.301600 0.367000 0.263400 0.266900 0.175400 0.321700 0.367100 0.239500 0.225900 0.267100 0.269200 0.238700 0.295600 0.322800 0.264500 0.140100 0.168600 0.380200 0.307800 0.438100 0.367100 0.216200 0.233000 0.140100 0.291400 0.140100 0.321700 0.261100 0.337100 0.265900 0.299800 0.292500 0.341900 0.301600 0.311600 0.341900 0.337200 0.000000 0.321700 0.412800 0.331200 0.182000 0.188400 0.264600 0.156000 0.219100 0.173200 0.175400
MuntiacusC 0.398200 0.643000 0.309000 0.808100 0.359200 0.398200 0.285500 0.288200 0.348800 0.000000 0.397000 0.294200 0.243200 0.289800 0.376200 0.258000 0.318600 0.347700 0.247800 0.309000 0.216800 0.411800 0.195900 0.399600 0.397000 0.307500 0.252000 0.309000 0.313700 0.309000 0.000000 0.278700 0.279800 0.250900 0.410900 0.317500 0.370000 0.359200 0.417600 0.348300 0.225200 0.321700 0.000000 0.374300 0.360500 0.269000 0.244000 0.172200 0.241400 0.312500 0.344100 0.348800
WhiteTaile 0.401200 0.753500 0.321100 0.628400 0.331800 0.401200 0.297200 0.227800 0.358100 0.374300 0.401700 0.232200 0.257200 0.226200 0.383800 0.273800 0.351500 0.299500 0.297100 0.321100 0.234700 0.376800 0.357200 0.026600 0.401700 0.318700 0.266600 0.321100 0.324700 0.321100 0.374300 0.222900 0.369100 0.299500 0.415300 0.255500 0.377000 0.331800 0.348500 0.150600 0.384700 0.412800 0.374300 0.000000 0.293000 0.281300 0.292600 0.298700 0.257200 0.324000 0.353400 0.358100
Cattle 0.279500 0.620200 0.211800 0.556000 0.218000 0.279500 0.184800 0.121700 0.247700 0.360500 0.279500 0.159300 0.150700 0.187300 0.188100 0.159400 0.230500 0.187800 0.119700 0.211800 0.162700 0.290300 0.342400 0.318900 0.279500 0.208700 0.155700 0.211800 0.212100 0.211800 0.360500 0.119300 0.252300 0.186400 0.287900 0.028000 0.254200 0.218000 0.300700 0.227000 0.371700 0.331200 0.360500 0.293000 0.000000 0.176400 0.181800 0.186500 0.150800 0.213200 0.244700 0.247700
RoyalAntel 0.205800 0.448900 0.098300 0.503800 0.212100 0.205800 0.116000 0.117500 0.131200 0.269000 0.204700 0.154700 0.085500 0.117400 0.182100 0.090100 0.123700 0.151000 0.116400 0.098300 0.091300 0.210900 0.257800 0.308400 0.204700 0.140500 0.088000 0.098300 0.143100 0.098300 0.269000 0.115100 0.148400 0.116900 0.210100 0.144600 0.179500 0.212100 0.225800 0.217800 0.286200 0.182000 0.269000 0.281300 0.176400 0.000000 0.113900 0.116200 0.027800 0.142800 0.129700 0.131200
Steenbok 0.173200 0.403100 0.175200 0.480800 0.220100 0.173200 0.143500 0.121800 0.210900 0.244000 0.147400 0.160600 0.106300 0.145300 0.189100 0.093200 0.160900 0.188800 0.120300 0.175200 0.094500 0.151800 0.094000 0.318900 0.147400 0.085100 0.091000 0.175200 0.148000 0.175200 0.244000 0.140000 0.185000 0.120700 0.218200 0.148900 0.120600 0.220100 0.259600 0.226000 0.123600 0.188400 0.244000 0.292600 0.181800 0.113900 0.000000 0.119900 0.088200 0.086400 0.208400 0.210900
Impala 0.208600 0.519500 0.213600 0.529700 0.224500 0.208600 0.111100 0.124400 0.171000 0.172200 0.183100 0.163900 0.106500 0.112600 0.124800 0.095400 0.164300 0.192300 0.059600 0.213600 0.096800 0.188900 0.237700 0.327200 0.183100 0.148200 0.093100 0.213600 0.088000 0.213600 0.172200 0.107700 0.188500 0.060000 0.188400 0.152700 0.156200 0.224500 0.192000 0.231200 0.267600 0.264600 0.172200 0.298700 0.186500 0.116200 0.119900 0.000000 0.090000 0.150700 0.247600 0.171000
Klipspring 0.181000 0.461700 0.067500 0.519700 0.187800 0.181000 0.089800 0.091100 0.101500 0.241400 0.181000 0.127800 0.058800 0.091000 0.156600 0.062100 0.127900 0.156200 0.090200 0.067500 0.062900 0.186600 0.231200 0.283800 0.181000 0.116700 0.060500 0.067500 0.118000 0.067500 0.241400 0.089100 0.152900 0.090500 0.185700 0.118700 0.154300 0.187800 0.203500 0.192100 0.260400 0.156000 0.241400 0.257200 0.150800 0.027800 0.088200 0.090000 0.000000 0.117600 0.100200 0.101500
ForestMusk 0.242400 0.446700 0.208300 0.603900 0.250500 0.242400 0.150200 0.152400 0.243600 0.312500 0.177000 0.192400 0.117600 0.152100 0.221900 0.124300 0.193500 0.220900 0.150200 0.208300 0.126000 0.250000 0.225700 0.349600 0.177000 0.113600 0.121400 0.208300 0.177400 0.208300 0.312500 0.149300 0.216200 0.151400 0.248800 0.179600 0.216800 0.250500 0.263700 0.257900 0.254600 0.219100 0.312500 0.324000 0.213200 0.142800 0.086400 0.150700 0.117600 0.000000 0.240700 0.243600
Bushbuck 0.323500 0.505100 0.035600 0.607500 0.286800 0.323500 0.212400 0.215400 0.070300 0.344200 0.323700 0.222000 0.172900 0.215800 0.217900 0.184000 0.266100 0.296100 0.212800 0.035100 0.144100 0.336400 0.327900 0.382600 0.323700 0.238400 0.179600 0.035800 0.243600 0.035100 0.344200 0.210400 0.290000 0.215100 0.251400 0.243500 0.295500 0.286800 0.344200 0.245300 0.358800 0.173200 0.344100 0.353400 0.244700 0.129700 0.208400 0.247600 0.100200 0.240700 0.000000 0.070300
GreaterKud 0.286600 0.512900 0.036100 0.561800 0.290300 0.286600 0.176800 0.218200 0.000000 0.348800 0.286700 0.225100 0.175000 0.179700 0.142100 0.186500 0.269700 0.299900 0.138800 0.035600 0.146100 0.298000 0.331700 0.387500 0.286700 0.241400 0.182000 0.036400 0.170000 0.035600 0.348800 0.175100 0.293500 0.140200 0.215100 0.246500 0.257800 0.290300 0.267700 0.248600 0.362900 0.175400 0.348800 0.358100 0.247700 0.131200 0.210900 0.171000 0.101500 0.243600 0.070300 0.000000
