1
52 1
Argali 0.000000 0.467100 0.116500 0.429400 0.068100 0.024400 0.073000 0.100400 0.123100 0.134000 0.059700 0.106300 0.074500 0.076100 0.097800 0.106500 0.236600 0.191700 0.056500 0.108600 0.095600 0.035100 0.139500 0.141400 0.045800 0.088200 0.078300 0.112600 0.090800 0.101600 0.143700 0.068400 0.200600 0.071500 0.106500 0.143300 0.031700 0.086300 0.111600 0.158900 0.141800 0.091700 0.136400 0.111900 0.135600 0.107500 0.087400 0.132900 0.118700 0.158400 0.131000 0.112100
LesserMous 0.467100 0.000000 0.488000 0.495600 0.458200 0.473200 0.420900 0.480800 0.501300 0.484000 0.512000 0.442700 0.470000 0.446700 0.469200 0.481700 0.445300 0.465900 0.448100 0.472800 0.494500 0.479900 0.505900 0.495100 0.491400 0.457100 0.465300 0.479700 0.441700 0.464700 0.498300 0.445200 0.474800 0.467300 0.484000 0.534100 0.448300 0.475900 0.519000 0.535500 0.510200 0.466900 0.486100 0.456700 0.522900 0.452200 0.475700 0.484200 0.486200 0.480700 0.501400 0.484500
LesserKudu 0.116500 0.488000 0.000000 0.446400 0.111700 0.127800 0.134000 0.158600 0.047600 0.159600 0.134000 0.119600 0.130000 0.124800 0.138700 0.159700 0.235400 0.213100 0.119200 0.040900 0.144500 0.116100 0.164800 0.174800 0.119700 0.140500 0.130100 0.044500 0.151400 0.034200 0.177600 0.132400 0.235500 0.123300 0.165900 0.152200 0.112700 0.126400 0.160900 0.197100 0.174800 0.148800 0.162000 0.153200 0.144600 0.161300 0.151700 0.193900 0.172700 0.179100 0.051100 0.037400
KillerWhal 0.429400 0.495600 0.446400 0.000000 0.397000 0.461500 0.419700 0.452800 0.449500 0.405100 0.439800 0.431800 0.424100 0.432900 0.486400 0.462100 0.413700 0.390400 0.436100 0.441900 0.447100 0.440700 0.440200 0.428100 0.433000 0.436300 0.452300 0.448600 0.441000 0.433100 0.422400 0.419400 0.438400 0.447900 0.491900 0.462700 0.436900 0.421700 0.451700 0.432800 0.450500 0.439500 0.406400 0.432500 0.437900 0.488800 0.440800 0.518700 0.411500 0.471300 0.456500 0.432500
DefassaWat 0.068100 0.458200 0.111700 0.397000 0.000000 0.079000 0.061400 0.084200 0.114600 0.120400 0.081700 0.090100 0.063200 0.064600 0.085500 0.086500 0.212900 0.185600 0.074800 0.096300 0.075800 0.067800 0.126100 0.116400 0.075100 0.068500 0.070700 0.107800 0.078800 0.104600 0.138400 0.064400 0.194200 0.067500 0.109900 0.134100 0.064300 0.038100 0.091300 0.145200 0.136500 0.075800 0.122700 0.115000 0.126500 0.095000 0.086600 0.143500 0.101500 0.164800 0.114700 0.111300
Sheep 0.024400 0.473200 0.127800 0.461500 0.079000 0.000000 0.084100 0.111100 0.134300 0.145900 0.063100 0.117600 0.085300 0.087100 0.108900 0.109800 0.254000 0.186700 0.067200 0.112000 0.106800 0.045700 0.143000 0.153100 0.056400 0.099400 0.089100 0.123700 0.109800 0.112700 0.155500 0.086900 0.222100 0.082300 0.117400 0.146600 0.042300 0.097300 0.123100 0.154300 0.153500 0.102900 0.148200 0.115400 0.139000 0.118800 0.098400 0.144100 0.130100 0.169900 0.142300 0.123200
MaxwellsDu 0.073000 0.420900 0.134000 0.419700 0.061400 0.084100 0.000000 0.085900 0.140600 0.147800 0.086700 0.099900 0.075400 0.024800 0.099100 0.088100 0.239800 0.193300 0.079700 0.117800 0.084900 0.072700 0.149500 0.126800 0.080000 0.069800 0.079200 0.121900 0.080300 0.126600 0.166200 0.024800 0.208000 0.079900 0.096400 0.153200 0.069100 0.072200 0.088800 0.177900 0.160100 0.077200 0.150200 0.121300 0.145400 0.085200 0.095900 0.134500 0.104200 0.172700 0.140600 0.137300
GazellaPrz 0.100400 0.480800 0.158600 0.452800 0.084200 0.111100 0.085900 0.000000 0.160800 0.165700 0.114200 0.107900 0.094800 0.096600 0.106800 0.068100 0.262900 0.220900 0.103200 0.141900 0.065400 0.100000 0.171000 0.143400 0.107500 0.050600 0.091000 0.141800 0.068700 0.146800 0.184300 0.096400 0.240400 0.099700 0.139600 0.169600 0.096400 0.087000 0.104900 0.173500 0.181600 0.061500 0.168100 0.138000 0.161700 0.112900 0.075300 0.166700 0.115700 0.189600 0.165200 0.157500
MountainNy 0.123100 0.501300 0.047600 0.449500 0.114600 0.134300 0.140600 0.160800 0.000000 0.169100 0.128500 0.126100 0.124700 0.123500 0.137300 0.166100 0.232000 0.218500 0.117800 0.047500 0.151000 0.122500 0.174400 0.171900 0.114500 0.131800 0.128800 0.037100 0.157800 0.040800 0.187200 0.138900 0.240600 0.133600 0.172300 0.142800 0.119200 0.129200 0.167400 0.202500 0.180800 0.143100 0.171400 0.166700 0.143100 0.167700 0.158000 0.200000 0.179200 0.188900 0.033400 0.016600
MuntiacusM 0.134000 0.484000 0.159600 0.405100 0.120400 0.145900 0.147800 0.165700 0.169100 0.000000 0.152200 0.136900 0.139700 0.142200 0.169800 0.171200 0.258800 0.213500 0.149000 0.166300 0.159700 0.133400 0.043200 0.076300 0.137200 0.151100 0.148000 0.162200 0.162400 0.159000 0.035700 0.142000 0.221800 0.144100 0.186700 0.179600 0.129900 0.139600 0.172500 0.099800 0.068400 0.155300 0.020500 0.070100 0.171500 0.176000 0.171400 0.215400 0.167700 0.161200 0.177700 0.165700
goat 0.059700 0.512000 0.134000 0.439800 0.081700 0.063100 0.086700 0.114200 0.128500 0.152200 0.000000 0.119700 0.073100 0.082100 0.126800 0.120000 0.241000 0.205400 0.073500 0.114300 0.105400 0.052200 0.141200 0.155000 0.027100 0.101900 0.088000 0.133700 0.112100 0.122800 0.170100 0.089500 0.223300 0.092400 0.127200 0.164500 0.063000 0.099700 0.121600 0.181000 0.151600 0.105300 0.154500 0.125700 0.153000 0.129000 0.112400 0.146100 0.132200 0.183900 0.144300 0.125400
AfricanBuf 0.106300 0.442700 0.119600 0.431800 0.090100 0.117600 0.099900 0.107900 0.126100 0.136900 0.119700 0.000000 0.108100 0.102700 0.124200 0.109600 0.229600 0.194200 0.105100 0.111600 0.114400 0.105800 0.142400 0.136400 0.105400 0.099200 0.108300 0.107900 0.109500 0.112400 0.155000 0.110300 0.203000 0.105300 0.136800 0.107100 0.102400 0.104700 0.138500 0.170200 0.156500 0.106700 0.139400 0.131000 0.099700 0.122400 0.129600 0.163800 0.137800 0.161000 0.126100 0.122800
Topi 0.074500 0.470000 0.130000 0.424100 0.063200 0.085300 0.075400 0.094800 0.124700 0.139700 0.073100 0.108100 0.000000 0.078400 0.107400 0.108300 0.223200 0.192100 0.070000 0.114400 0.097600 0.066800 0.145100 0.142900 0.073900 0.090300 0.030600 0.122000 0.100500 0.126700 0.157500 0.078200 0.191900 0.027300 0.093400 0.148400 0.070700 0.088400 0.113400 0.160000 0.139300 0.097700 0.142100 0.129600 0.148800 0.117100 0.100800 0.161600 0.120300 0.163900 0.124800 0.121500
CommonDuik 0.076100 0.446700 0.124800 0.432900 0.064600 0.087100 0.024800 0.096600 0.123500 0.142200 0.082100 0.102700 0.078400 0.000000 0.094200 0.098700 0.241500 0.204300 0.082800 0.109000 0.087800 0.075700 0.152100 0.137600 0.083000 0.080500 0.082200 0.120800 0.090900 0.117600 0.160500 0.013900 0.228300 0.082900 0.114300 0.147600 0.072200 0.082700 0.088200 0.180300 0.162600 0.087900 0.144600 0.124000 0.140000 0.096000 0.098800 0.145000 0.107100 0.183400 0.131500 0.128100
Suni 0.097800 0.469200 0.138700 0.486400 0.085500 0.108900 0.099100 0.106800 0.137300 0.169800 0.126800 0.124200 0.107400 0.094200 0.000000 0.124400 0.268900 0.214400 0.104400 0.130500 0.113500 0.105100 0.174800 0.168000 0.104800 0.098400 0.096100 0.134600 0.120200 0.131500 0.187800 0.094000 0.251400 0.104600 0.147600 0.173100 0.101600 0.103900 0.114200 0.194500 0.185200 0.109900 0.172200 0.146300 0.165300 0.117700 0.116600 0.146400 0.136700 0.188500 0.137400 0.134100
Springbuck 0.106500 0.481700 0.159700 0.462100 0.086500 0.109800 0.088100 0.068100 0.166100 0.171200 0.120000 0.109600 0.108300 0.098700 0.124400 0.000000 0.272100 0.230000 0.113100 0.143200 0.060600 0.098200 0.172300 0.149100 0.113500 0.031600 0.112300 0.147400 0.049000 0.152300 0.189400 0.098500 0.239900 0.113200 0.141000 0.170300 0.102500 0.089200 0.099000 0.187400 0.182800 0.045900 0.173600 0.143700 0.162500 0.114800 0.071200 0.159700 0.117500 0.203100 0.166200 0.162900
Okapi 0.236600 0.445300 0.235400 0.413700 0.212900 0.254000 0.239800 0.262900 0.232000 0.258800 0.241000 0.229600 0.223200 0.241500 0.268900 0.272100 0.000000 0.139100 0.234500 0.247600 0.255400 0.244700 0.244000 0.232500 0.234900 0.256800 0.245700 0.243200 0.266900 0.249500 0.272600 0.241000 0.191500 0.225000 0.258400 0.264000 0.241100 0.232700 0.274900 0.264900 0.253500 0.260500 0.261300 0.250400 0.264900 0.283300 0.267900 0.265600 0.272800 0.230800 0.245400 0.229000
Giraffe 0.191700 0.465900 0.213100 0.390400 0.185600 0.186700 0.193300 0.220900 0.218500 0.213500 0.205400 0.194200 0.192100 0.204300 0.214400 0.230000 0.139100 0.000000 0.189600 0.203300 0.213700 0.199500 0.182900 0.184900 0.199000 0.210500 0.213800 0.199000 0.225000 0.204800 0.227400 0.203700 0.153200 0.193600 0.218400 0.206600 0.196000 0.201200 0.237200 0.202900 0.209800 0.213800 0.216000 0.175600 0.207200 0.231800 0.239400 0.229800 0.226500 0.196500 0.227400 0.206600
TibetanAnt 0.056500 0.448100 0.119200 0.436100 0.074800 0.067200 0.079700 0.103200 0.117800 0.149000 0.073500 0.105100 0.070000 0.082800 0.104400 0.113100 0.234500 0.189600 0.000000 0.103500 0.102200 0.049000 0.138100 0.148000 0.052500 0.087200 0.073700 0.119000 0.097500 0.108100 0.167000 0.082600 0.198200 0.063400 0.112800 0.141700 0.052900 0.092900 0.126200 0.173900 0.144500 0.090700 0.151400 0.126600 0.134100 0.114100 0.113200 0.135300 0.125200 0.168900 0.129600 0.107000
Sitatunga 0.108600 0.472800 0.040900 0.441900 0.096300 0.112000 0.117800 0.141900 0.047500 0.166300 0.114300 0.111600 0.114400 0.109000 0.130500 0.143200 0.247600 0.203300 0.103500 0.000000 0.128300 0.108100 0.163400 0.165200 0.107900 0.117100 0.118300 0.044400 0.135100 0.034100 0.184500 0.108600 0.234100 0.119100 0.157800 0.144000 0.104800 0.118500 0.144300 0.187200 0.174100 0.124600 0.168600 0.135400 0.136500 0.144400 0.135500 0.161100 0.155800 0.185900 0.047500 0.037300
Oribi 0.095600 0.494500 0.144500 0.447100 0.075800 0.106800 0.084900 0.065400 0.151000 0.159700 0.105400 0.114400 0.097600 0.087800 0.113500 0.060600 0.255400 0.213700 0.102200 0.128300 0.000000 0.095100 0.164900 0.146000 0.098800 0.042800 0.101500 0.140300 0.060500 0.137200 0.178000 0.087600 0.246900 0.094700 0.130300 0.168000 0.091600 0.086100 0.080400 0.176000 0.175500 0.057400 0.162000 0.132500 0.160000 0.111700 0.067800 0.156300 0.106600 0.200400 0.151100 0.147800
BarbaryShe 0.035100 0.479900 0.116100 0.440700 0.067800 0.045700 0.072700 0.100000 0.122500 0.133400 0.052200 0.105800 0.066800 0.075700 0.105100 0.098200 0.244700 0.199500 0.049000 0.108100 0.095100 0.000000 0.138900 0.140800 0.045500 0.087800 0.074300 0.112000 0.098100 0.101100 0.151400 0.075500 0.208500 0.071100 0.106000 0.142600 0.038700 0.085900 0.111100 0.166700 0.141300 0.091300 0.135700 0.119400 0.134900 0.107000 0.098400 0.144100 0.118100 0.157900 0.130400 0.111700
Daviddeer 0.139500 0.505900 0.164800 0.440200 0.126100 0.143000 0.149500 0.171000 0.174400 0.043200 0.141200 0.142400 0.145100 0.152100 0.174800 0.172300 0.244000 0.182900 0.138100 0.163400 0.164900 0.138900 0.000000 0.082400 0.134600 0.156500 0.153300 0.167600 0.167600 0.164500 0.064500 0.151700 0.217500 0.149700 0.191400 0.184400 0.135500 0.145000 0.178300 0.098000 0.031100 0.160700 0.049500 0.068800 0.176400 0.181300 0.176500 0.202800 0.164500 0.153700 0.183000 0.171100
Reindeer 0.141400 0.495100 0.174800 0.428100 0.116400 0.153100 0.126800 0.143400 0.171900 0.076300 0.155000 0.136400 0.142900 0.137600 0.168000 0.149100 0.232500 0.184900 0.148000 0.165200 0.146000 0.140800 0.082400 0.000000 0.148600 0.130400 0.139000 0.161200 0.144700 0.166300 0.097700 0.137400 0.228500 0.151500 0.176400 0.185900 0.137400 0.119300 0.167300 0.093100 0.107500 0.133900 0.082800 0.042300 0.178100 0.158900 0.165500 0.204000 0.157900 0.164600 0.180500 0.168600
Ibex 0.045800 0.491400 0.119700 0.433000 0.075100 0.056400 0.080000 0.107500 0.114500 0.137200 0.027100 0.105400 0.073900 0.083000 0.104800 0.113500 0.234900 0.199000 0.052500 0.107900 0.098800 0.045500 0.134600 0.148600 0.000000 0.087500 0.085100 0.119400 0.105500 0.108500 0.146900 0.082800 0.207900 0.078400 0.113200 0.150100 0.049100 0.085600 0.114900 0.174500 0.129000 0.091000 0.139600 0.127100 0.138700 0.114500 0.105800 0.139900 0.125700 0.169400 0.122300 0.103700
GyrantGaze 0.088200 0.457100 0.140500 0.436300 0.068500 0.099400 0.069800 0.050600 0.131800 0.151100 0.101900 0.099200 0.090300 0.080500 0.098400 0.031600 0.256800 0.210500 0.087200 0.117100 0.042800 0.087800 0.156500 0.130400 0.087500 0.000000 0.094200 0.129000 0.031500 0.133800 0.169500 0.080300 0.220000 0.095000 0.123000 0.160300 0.084200 0.071400 0.080600 0.168300 0.167200 0.021100 0.153300 0.124900 0.152500 0.096400 0.060800 0.141600 0.099200 0.184300 0.139800 0.136400
Hartebeest 0.078300 0.465300 0.130100 0.452300 0.070700 0.089100 0.079200 0.091000 0.128800 0.148000 0.088000 0.108300 0.030600 0.082200 0.096100 0.112300 0.245700 0.213800 0.073700 0.118300 0.101500 0.074300 0.153300 0.139000 0.085100 0.094200 0.000000 0.126100 0.104400 0.122900 0.165800 0.082000 0.214000 0.034300 0.097100 0.160300 0.074500 0.081200 0.117400 0.172500 0.147300 0.101600 0.150300 0.133700 0.152700 0.121100 0.097000 0.165700 0.124400 0.168000 0.128900 0.125600
Bongo 0.112600 0.479700 0.044500 0.448600 0.107800 0.123700 0.121900 0.141800 0.037100 0.162200 0.133700 0.107900 0.122000 0.120800 0.134600 0.147400 0.243200 0.199000 0.119000 0.044400 0.140300 0.112000 0.167600 0.161200 0.119400 0.129000 0.126100 0.000000 0.139200 0.023800 0.180400 0.128300 0.220400 0.126900 0.154100 0.132400 0.108700 0.114800 0.156600 0.191500 0.174100 0.132400 0.164500 0.155900 0.132700 0.140800 0.147600 0.189400 0.168300 0.178000 0.037100 0.033800
Gerenuk 0.090800 0.441700 0.151400 0.441000 0.078800 0.109800 0.080300 0.068700 0.157800 0.162400 0.112100 0.109500 0.100500 0.090900 0.120200 0.049000 0.266900 0.225000 0.097500 0.135100 0.060500 0.098100 0.167600 0.144700 0.105500 0.031500 0.104400 0.139200 0.000000 0.144000 0.180600 0.090700 0.230400 0.105300 0.133000 0.170500 0.094600 0.081600 0.095200 0.182700 0.178000 0.045800 0.156500 0.139300 0.162700 0.110600 0.081900 0.155200 0.113300 0.194300 0.157900 0.154600
CommonElan 0.101600 0.464700 0.034200 0.433100 0.104600 0.112700 0.126600 0.146800 0.040800 0.159000 0.122800 0.112400 0.126700 0.117600 0.131500 0.152300 0.249500 0.204800 0.108100 0.034100 0.137200 0.101100 0.164500 0.166300 0.108500 0.133800 0.122900 0.023800 0.144000 0.000000 0.177300 0.125100 0.217600 0.123800 0.158900 0.137100 0.097800 0.119300 0.153500 0.188500 0.171000 0.137200 0.161300 0.144500 0.129600 0.145700 0.144400 0.186500 0.165200 0.178900 0.040800 0.030600
MuntiacusR 0.143700 0.498300 0.177600 0.422400 0.138400 0.155500 0.166200 0.184300 0.187200 0.035700 0.170100 0.155000 0.157500 0.160500 0.187800 0.189400 0.272600 0.227400 0.167000 0.184500 0.178000 0.151400 0.064500 0.097700 0.146900 0.169500 0.165800 0.180400 0.180600 0.177300 0.000000 0.160100 0.236200 0.162200 0.204400 0.193500 0.139700 0.149300 0.191000 0.113400 0.082000 0.173600 0.042000 0.091800 0.185400 0.194500 0.189700 0.220300 0.186100 0.174900 0.195800 0.183800
HarveysDui 0.068400 0.445200 0.132400 0.419400 0.064400 0.086900 0.024800 0.096400 0.138900 0.142000 0.089500 0.110300 0.078200 0.013900 0.094000 0.098500 0.241000 0.203700 0.082600 0.108600 0.087600 0.075500 0.151700 0.137400 0.082800 0.080300 0.082000 0.128300 0.090700 0.125100 0.160100 0.000000 0.218600 0.082700 0.114100 0.155400 0.072100 0.082500 0.088000 0.179900 0.162200 0.087700 0.144400 0.123800 0.147600 0.087900 0.090900 0.136800 0.106900 0.182900 0.139000 0.135700
Pronghorn 0.200600 0.474800 0.235500 0.438400 0.194200 0.222100 0.208000 0.240400 0.240600 0.221800 0.223300 0.203000 0.191900 0.228300 0.251400 0.239900 0.191500 0.153200 0.198200 0.234100 0.246900 0.208500 0.217500 0.228500 0.207900 0.220000 0.214000 0.220400 0.230400 0.217600 0.236200 0.218600 0.000000 0.197700 0.214400 0.233300 0.205000 0.219300 0.260900 0.233800 0.236400 0.218800 0.224200 0.214300 0.234100 0.241700 0.236000 0.244100 0.246500 0.227900 0.239600 0.228200
BlueWildeb 0.071500 0.467300 0.123300 0.447900 0.067500 0.082300 0.079900 0.099700 0.133600 0.144100 0.092400 0.105300 0.027300 0.082900 0.104600 0.113200 0.225000 0.193600 0.063400 0.119100 0.094700 0.071100 0.149700 0.151500 0.078400 0.095000 0.034300 0.126900 0.105300 0.123800 0.162200 0.082700 0.197700 0.000000 0.079600 0.153700 0.067700 0.093000 0.118100 0.160700 0.140200 0.102500 0.146400 0.138000 0.146100 0.114300 0.101900 0.151300 0.125400 0.164400 0.137500 0.130400
Gemsbok 0.106500 0.484000 0.165900 0.491900 0.109900 0.117400 0.096400 0.139600 0.172300 0.186700 0.127200 0.136800 0.093400 0.114300 0.147600 0.141000 0.258400 0.218400 0.112800 0.157800 0.130300 0.106000 0.191400 0.176400 0.113200 0.123000 0.097100 0.154100 0.133000 0.158900 0.204400 0.114100 0.214400 0.079600 0.000000 0.185200 0.102600 0.112900 0.146600 0.210800 0.193100 0.122600 0.189000 0.179700 0.177500 0.138400 0.129500 0.162600 0.157400 0.197200 0.172400 0.169100
Yak 0.143300 0.534100 0.152200 0.462700 0.134100 0.146600 0.153200 0.169600 0.142800 0.179600 0.164500 0.107100 0.148400 0.147600 0.173100 0.170300 0.264000 0.206600 0.141700 0.144000 0.168000 0.142600 0.184400 0.185900 0.150100 0.160300 0.160300 0.132400 0.170500 0.137100 0.193500 0.155400 0.233300 0.153700 0.185200 0.000000 0.139200 0.145000 0.176300 0.195600 0.198200 0.163700 0.181900 0.172800 0.013300 0.172300 0.179300 0.212900 0.183600 0.186300 0.150600 0.139600
BlueSheep 0.031700 0.448300 0.112700 0.436900 0.064300 0.042300 0.069100 0.096400 0.119200 0.129900 0.063000 0.102400 0.070700 0.072200 0.101600 0.102500 0.241100 0.196000 0.052900 0.104800 0.091600 0.038700 0.135500 0.137400 0.049100 0.084200 0.074500 0.108700 0.094600 0.097800 0.139700 0.072100 0.205000 0.067700 0.102600 0.139200 0.000000 0.082400 0.107600 0.154800 0.137800 0.087700 0.132200 0.115900 0.131600 0.103400 0.094900 0.132900 0.110800 0.162500 0.127100 0.108300
BohorReedb 0.086300 0.475900 0.126400 0.421700 0.038100 0.097300 0.072200 0.087000 0.129200 0.139600 0.099700 0.104700 0.088400 0.082700 0.103900 0.089200 0.232700 0.201200 0.092900 0.118500 0.086100 0.085900 0.145000 0.119300 0.085600 0.071400 0.081200 0.114800 0.081600 0.119300 0.149300 0.082500 0.219300 0.093000 0.112900 0.145000 0.082400 0.000000 0.109900 0.168000 0.147200 0.078700 0.141800 0.134000 0.137400 0.105800 0.096800 0.154300 0.111600 0.176000 0.129300 0.126000
KirksDik 0.111600 0.519000 0.160900 0.451700 0.091300 0.123100 0.088800 0.104900 0.167400 0.172500 0.121600 0.138500 0.113400 0.088200 0.114200 0.099000 0.274900 0.237200 0.126200 0.144300 0.080400 0.111100 0.178300 0.167300 0.114900 0.080600 0.117400 0.156600 0.095200 0.153500 0.191000 0.088000 0.260900 0.118100 0.146600 0.176300 0.107600 0.109900 0.000000 0.198300 0.188900 0.088200 0.175000 0.153700 0.160000 0.120200 0.099200 0.178000 0.139600 0.209700 0.167500 0.164100
RoeDeer 0.158900 0.535500 0.197100 0.432800 0.145200 0.154300 0.177900 0.173500 0.202500 0.099800 0.181000 0.170200 0.160000 0.180300 0.194500 0.187400 0.264900 0.202900 0.173900 0.187200 0.176000 0.166700 0.098000 0.093100 0.174500 0.168300 0.172500 0.191500 0.182700 0.188500 0.113400 0.179900 0.233800 0.160700 0.210800 0.195600 0.154800 0.168000 0.198300 0.000000 0.131200 0.171700 0.106300 0.087100 0.187600 0.201300 0.196200 0.222200 0.171000 0.198300 0.211300 0.199200
WhiteLippe 0.141800 0.510200 0.174800 0.450500 0.136500 0.153500 0.160100 0.181600 0.180800 0.068400 0.151600 0.156500 0.139300 0.162600 0.185200 0.182800 0.253500 0.209800 0.144500 0.174100 0.175500 0.141300 0.031100 0.107500 0.129000 0.167200 0.147300 0.174100 0.178000 0.171000 0.082000 0.162200 0.236400 0.140200 0.193100 0.198200 0.137800 0.147200 0.188900 0.131200 0.000000 0.171200 0.074800 0.101700 0.190300 0.191900 0.170000 0.217500 0.183500 0.167300 0.189200 0.177500
ThomsonGaz 0.091700 0.466900 0.148800 0.439500 0.075800 0.102900 0.077200 0.061500 0.143100 0.155300 0.105300 0.106700 0.097700 0.087900 0.109900 0.045900 0.260500 0.213800 0.090700 0.124600 0.057400 0.091300 0.160700 0.133900 0.091000 0.021100 0.101600 0.132400 0.045800 0.137200 0.173600 0.087700 0.218800 0.102500 0.122600 0.163700 0.087700 0.078700 0.088200 0.171700 0.171200 0.000000 0.157700 0.128400 0.155900 0.103900 0.068100 0.153200 0.106700 0.187600 0.147400 0.139800
MuntiacusC 0.136400 0.486100 0.162000 0.406400 0.122700 0.148200 0.150200 0.168100 0.171400 0.020500 0.154500 0.139400 0.142100 0.144600 0.172200 0.173600 0.261300 0.216000 0.151400 0.168600 0.162000 0.135700 0.049500 0.082800 0.139600 0.153300 0.150300 0.164500 0.156500 0.161300 0.042000 0.144400 0.224200 0.146400 0.189000 0.181900 0.132200 0.141800 0.175000 0.106300 0.074800 0.157700 0.000000 0.076700 0.173900 0.178300 0.173700 0.217700 0.170100 0.167600 0.180000 0.168000
WhiteTaile 0.111900 0.456700 0.153200 0.432500 0.115000 0.115400 0.121300 0.138000 0.166700 0.070100 0.125700 0.131000 0.129600 0.124000 0.146300 0.143700 0.250400 0.175600 0.126600 0.135400 0.132500 0.119400 0.068800 0.042300 0.127100 0.124900 0.133700 0.155900 0.139300 0.144500 0.091800 0.123800 0.214300 0.138000 0.179700 0.172800 0.115900 0.134000 0.153700 0.087100 0.101700 0.128400 0.076700 0.000000 0.164800 0.160400 0.152200 0.182500 0.144200 0.146800 0.175200 0.155100
Cattle 0.135600 0.522900 0.144600 0.437900 0.126500 0.139000 0.145400 0.161700 0.143100 0.171500 0.153000 0.099700 0.148800 0.140000 0.165300 0.162500 0.264900 0.207200 0.134100 0.136500 0.160000 0.134900 0.176400 0.178100 0.138700 0.152500 0.152700 0.132700 0.162700 0.129600 0.185400 0.147600 0.234100 0.146100 0.177500 0.013300 0.131600 0.137400 0.160000 0.187600 0.190300 0.155900 0.173900 0.164800 0.000000 0.164500 0.171400 0.205000 0.175700 0.182400 0.151100 0.139900
RoyalAntel 0.107500 0.452200 0.161300 0.488800 0.095000 0.118800 0.085200 0.112900 0.167700 0.176000 0.129000 0.122400 0.117100 0.096000 0.117700 0.114800 0.283300 0.231800 0.114100 0.144400 0.111700 0.107000 0.181300 0.158900 0.114500 0.096400 0.121100 0.140800 0.110600 0.145700 0.194500 0.087900 0.241700 0.114300 0.138400 0.172300 0.103400 0.105800 0.120200 0.201300 0.191900 0.103900 0.178300 0.160400 0.164500 0.000000 0.122900 0.153100 0.106900 0.203800 0.159500 0.164500
Steenbok 0.087400 0.475700 0.151700 0.440800 0.086600 0.098400 0.095900 0.075300 0.158000 0.171400 0.112400 0.129600 0.100800 0.098800 0.116600 0.071200 0.267900 0.239400 0.113200 0.135500 0.067800 0.098400 0.176500 0.165500 0.105800 0.060800 0.097000 0.147600 0.081900 0.144400 0.189700 0.090900 0.236000 0.101900 0.129500 0.179300 0.094900 0.096800 0.099200 0.196200 0.170000 0.068100 0.173700 0.152200 0.171400 0.122900 0.000000 0.167400 0.117600 0.211800 0.158300 0.155000
Impala 0.132900 0.484200 0.193900 0.518700 0.143500 0.144100 0.134500 0.166700 0.200000 0.215400 0.146100 0.163800 0.161600 0.145000 0.146400 0.159700 0.265600 0.229800 0.135300 0.161100 0.156300 0.144100 0.202800 0.204000 0.139900 0.141600 0.165700 0.189400 0.155200 0.186500 0.220300 0.136800 0.244100 0.151300 0.162600 0.212900 0.132900 0.154300 0.178000 0.222200 0.217500 0.153200 0.217700 0.182500 0.205000 0.153100 0.167400 0.000000 0.172100 0.206500 0.200000 0.188800
Klipspring 0.118700 0.486200 0.172700 0.411500 0.101500 0.130100 0.104200 0.115700 0.179200 0.167700 0.132200 0.137800 0.120300 0.107100 0.136700 0.117500 0.272800 0.226500 0.125200 0.155800 0.106600 0.118100 0.164500 0.157900 0.125700 0.099200 0.124400 0.168300 0.113300 0.165200 0.186100 0.106900 0.246500 0.125400 0.157400 0.183600 0.110800 0.111600 0.139600 0.171000 0.183500 0.106700 0.170100 0.144200 0.175700 0.106900 0.117600 0.172100 0.000000 0.206900 0.179300 0.175900
ForestMusk 0.158400 0.480700 0.179100 0.471300 0.164800 0.169900 0.172700 0.189600 0.188900 0.161200 0.183900 0.161000 0.163900 0.183400 0.188500 0.203100 0.230800 0.196500 0.168900 0.185900 0.200400 0.157900 0.153700 0.164600 0.169400 0.184300 0.168000 0.178000 0.194300 0.178900 0.174900 0.182900 0.227900 0.164400 0.197200 0.186300 0.162500 0.176000 0.209700 0.198300 0.167300 0.187600 0.167600 0.146800 0.182400 0.203800 0.211800 0.206500 0.206900 0.000000 0.201400 0.177600
Bushbuck 0.131000 0.501400 0.051100 0.456500 0.114700 0.142300 0.140600 0.165200 0.033400 0.177700 0.144300 0.126100 0.124800 0.131500 0.137400 0.166200 0.245400 0.227400 0.129600 0.047500 0.151100 0.130400 0.183000 0.180500 0.122300 0.139800 0.128900 0.037100 0.157900 0.040800 0.195800 0.139000 0.239600 0.137500 0.172400 0.150600 0.127100 0.129300 0.167500 0.211300 0.189200 0.147400 0.180000 0.175200 0.151100 0.159500 0.158300 0.200000 0.179300 0.201400 0.000000 0.030200
GreaterKud 0.112100 0.484500 0.037400 0.432500 0.111300 0.123200 0.137300 0.157500 0.016600 0.165700 0.125400 0.122800 0.121500 0.128100 0.134100 0.162900 0.229000 0.206600 0.107000 0.037300 0.147800 0.111700 0.171100 0.168600 0.103700 0.136400 0.125600 0.033800 0.154600 0.030600 0.183800 0.135700 0.228200 0.130400 0.169100 0.139600 0.108300 0.126000 0.164100 0.199200 0.177500 0.139800 0.168000 0.155100 0.139900 0.164500 0.155000 0.188800 0.175900 0.177600 0.030200 0.000000
