1
52 1
Argali 0.000000 0.149700 0.035100 0.138300 0.026100 0.000000 0.035300 0.000000 0.034800 0.034700 0.008600 0.026200 0.000100 0.017400 0.034800 0.000000 0.052500 0.052400 0.008700 0.062300 0.017400 0.000000 0.061400 0.071600 0.017400 0.008700 0.008600 0.053300 0.000000 0.053600 0.043800 0.026300 0.070500 0.000000 0.008600 0.043600 0.000000 0.026100 0.008600 0.062000 0.061400 0.000000 0.034700 0.053000 0.052500 0.017400 0.008600 0.017200 0.017600 0.025800 0.044000 0.053300
LesserMous 0.149700 0.000000 0.193300 0.169600 0.176500 0.150900 0.194700 0.150900 0.191400 0.159700 0.160500 0.182500 0.150900 0.172100 0.170200 0.150900 0.187300 0.186900 0.161400 0.214700 0.168100 0.150900 0.179700 0.192600 0.171700 0.158000 0.160400 0.204500 0.150900 0.206000 0.140300 0.182800 0.207400 0.150800 0.159900 0.201200 0.150900 0.176200 0.160600 0.181200 0.179700 0.147000 0.149400 0.170900 0.211900 0.151600 0.139900 0.166200 0.152800 0.158700 0.203600 0.204500
LesserKudu 0.035100 0.193300 0.000000 0.160100 0.051700 0.035300 0.035700 0.035300 0.000100 0.053100 0.044200 0.044500 0.035300 0.017600 0.053100 0.035300 0.053000 0.053000 0.044500 0.026300 0.053600 0.035300 0.062000 0.072300 0.053600 0.044600 0.044200 0.017500 0.035300 0.017600 0.062600 0.026500 0.071200 0.035300 0.044100 0.062200 0.035300 0.051400 0.044200 0.062600 0.062100 0.035400 0.053100 0.072000 0.062200 0.035500 0.044200 0.053100 0.035800 0.043800 0.008700 0.017500
KillerWhal 0.138300 0.169600 0.160100 0.000000 0.169400 0.139400 0.121100 0.139400 0.158500 0.148100 0.149000 0.170400 0.139400 0.139900 0.178700 0.139400 0.135200 0.134700 0.149800 0.180600 0.157500 0.139400 0.147500 0.139600 0.159800 0.147900 0.148800 0.170700 0.139400 0.171700 0.148700 0.150200 0.175600 0.139300 0.148400 0.188800 0.139400 0.169200 0.148900 0.129100 0.147500 0.137200 0.137900 0.119400 0.199200 0.160200 0.128600 0.156000 0.141300 0.147400 0.170100 0.170700
DefassaWat 0.026100 0.176500 0.051700 0.169400 0.000000 0.026300 0.044600 0.026300 0.051000 0.043900 0.035100 0.035300 0.026300 0.026400 0.043900 0.026300 0.061900 0.061800 0.035300 0.080200 0.044300 0.026300 0.070900 0.081300 0.044200 0.035300 0.035100 0.071000 0.026300 0.071000 0.053100 0.017500 0.080200 0.026300 0.035000 0.052900 0.026300 0.000000 0.035100 0.071600 0.071000 0.026300 0.043900 0.081000 0.062000 0.026400 0.035000 0.043900 0.044700 0.034700 0.061300 0.071000
Sheep 0.000000 0.150900 0.035300 0.139400 0.026300 0.000000 0.035500 0.000000 0.035000 0.035000 0.008600 0.026300 0.000000 0.017500 0.035000 0.000000 0.052900 0.052800 0.008700 0.062700 0.017500 0.000000 0.061800 0.071800 0.017400 0.008700 0.008700 0.053700 0.000000 0.054000 0.044200 0.026400 0.071000 0.000000 0.008700 0.043900 0.000000 0.026200 0.008600 0.062500 0.061900 0.000000 0.035000 0.053400 0.052900 0.017500 0.008700 0.017400 0.017700 0.026000 0.044300 0.053700
MaxwellsDu 0.035300 0.194700 0.035700 0.121100 0.044600 0.035500 0.000000 0.035500 0.035400 0.053400 0.044400 0.044700 0.035600 0.017700 0.053500 0.035500 0.053400 0.053300 0.044800 0.063400 0.054000 0.035500 0.062500 0.072500 0.053700 0.044900 0.044500 0.054300 0.035500 0.054600 0.063000 0.026600 0.071700 0.035600 0.044400 0.062600 0.035500 0.044600 0.044400 0.063100 0.062500 0.035700 0.053400 0.072500 0.071800 0.035700 0.044500 0.053500 0.036100 0.044100 0.044800 0.054300
GazellaPrz 0.000000 0.150900 0.035300 0.139400 0.026300 0.000000 0.035500 0.000000 0.035000 0.035000 0.008600 0.026300 0.000000 0.017500 0.035000 0.000000 0.052900 0.052800 0.008700 0.062700 0.017500 0.000000 0.061800 0.071800 0.017400 0.008700 0.008700 0.053700 0.000000 0.054000 0.044200 0.026400 0.071000 0.000000 0.008700 0.043900 0.000000 0.026200 0.008600 0.062500 0.061900 0.000000 0.035000 0.053400 0.052900 0.017500 0.008700 0.017400 0.017700 0.026000 0.044300 0.053700
MountainNy 0.034800 0.191400 0.000100 0.158500 0.051000 0.035000 0.035400 0.035000 0.000000 0.052600 0.043900 0.044200 0.035000 0.017400 0.052600 0.035000 0.052600 0.052500 0.044100 0.026100 0.053100 0.035000 0.061500 0.071600 0.053100 0.044200 0.043900 0.017400 0.035000 0.017500 0.062000 0.026300 0.070600 0.035000 0.043700 0.061600 0.035000 0.050700 0.043800 0.062100 0.061500 0.035100 0.052600 0.071300 0.061700 0.035200 0.043800 0.052700 0.035500 0.043400 0.008600 0.017400
MuntiacusM 0.034700 0.159700 0.053100 0.148100 0.043900 0.035000 0.053400 0.035000 0.052600 0.000000 0.043800 0.044100 0.035000 0.035100 0.052600 0.035000 0.052500 0.052400 0.044000 0.080800 0.053000 0.035000 0.034200 0.043600 0.053000 0.044100 0.043800 0.071700 0.035000 0.072100 0.017100 0.044100 0.070500 0.035000 0.043700 0.061600 0.035000 0.043800 0.043800 0.034600 0.034300 0.035000 0.008400 0.043400 0.070700 0.035100 0.034800 0.052600 0.053600 0.025700 0.062200 0.071700
goat 0.008600 0.160500 0.044200 0.149000 0.035100 0.008600 0.044400 0.008600 0.043900 0.043800 0.000000 0.035200 0.008700 0.026300 0.043800 0.008600 0.061800 0.061700 0.017500 0.071800 0.026300 0.008600 0.070800 0.081000 0.026200 0.017500 0.017400 0.062700 0.008600 0.063100 0.053100 0.035200 0.080100 0.008700 0.017300 0.052800 0.008600 0.035000 0.017300 0.071600 0.070800 0.008700 0.043800 0.062400 0.061800 0.026300 0.017300 0.026100 0.026600 0.034700 0.053300 0.062700
AfricanBuf 0.026200 0.182500 0.044500 0.170400 0.035300 0.026300 0.044700 0.026300 0.044200 0.044100 0.035200 0.000000 0.026400 0.026500 0.044100 0.026300 0.062200 0.062200 0.035500 0.072300 0.044500 0.026300 0.071300 0.081500 0.044300 0.035500 0.035300 0.063200 0.026300 0.063500 0.053400 0.035400 0.071300 0.026400 0.026300 0.043700 0.026300 0.035300 0.035100 0.072000 0.071300 0.026500 0.044100 0.081500 0.052700 0.026500 0.035200 0.044100 0.045000 0.034900 0.035400 0.063200
Topi 0.000100 0.150900 0.035300 0.139400 0.026300 0.000000 0.035600 0.000000 0.035000 0.035000 0.008700 0.026400 0.000000 0.017500 0.035000 0.000000 0.052900 0.052800 0.008700 0.062700 0.017500 0.000000 0.061900 0.072100 0.017500 0.008700 0.008700 0.053700 0.000000 0.054000 0.044200 0.026500 0.071000 0.000000 0.008700 0.043900 0.000000 0.026200 0.008700 0.062500 0.061900 0.000100 0.035000 0.053400 0.052900 0.017500 0.008700 0.017400 0.017700 0.026000 0.044400 0.053700
CommonDuik 0.017400 0.172100 0.017600 0.139900 0.026400 0.017500 0.017700 0.017500 0.017400 0.035100 0.026300 0.026500 0.017500 0.000000 0.035100 0.017500 0.035100 0.035000 0.026500 0.044600 0.035400 0.017500 0.043900 0.053800 0.035400 0.026500 0.026300 0.035600 0.017500 0.035800 0.044300 0.008800 0.053000 0.017500 0.026300 0.044000 0.017500 0.026300 0.026300 0.044400 0.044000 0.017600 0.035100 0.053500 0.053100 0.017600 0.026300 0.035100 0.017800 0.026000 0.026500 0.035600
Suni 0.034800 0.170200 0.053100 0.178700 0.043900 0.035000 0.053500 0.035000 0.052600 0.052600 0.043800 0.044100 0.035000 0.035100 0.000000 0.035000 0.070700 0.070600 0.044000 0.080800 0.053100 0.035000 0.079700 0.090300 0.053100 0.044200 0.043800 0.071700 0.035000 0.072100 0.062000 0.044200 0.089000 0.035000 0.043700 0.061600 0.035000 0.043800 0.043800 0.080500 0.079800 0.035100 0.052600 0.089900 0.070700 0.035100 0.043700 0.034800 0.053600 0.043300 0.062200 0.071700
Springbuck 0.000000 0.150900 0.035300 0.139400 0.026300 0.000000 0.035500 0.000000 0.035000 0.035000 0.008600 0.026300 0.000000 0.017500 0.035000 0.000000 0.052900 0.052800 0.008700 0.062700 0.017500 0.000000 0.061800 0.071800 0.017400 0.008700 0.008700 0.053700 0.000000 0.054000 0.044200 0.026400 0.071000 0.000000 0.008700 0.043900 0.000000 0.026200 0.008200 0.062500 0.061900 0.000000 0.035000 0.053400 0.052900 0.017500 0.008700 0.017400 0.017700 0.026000 0.044300 0.053700
Okapi 0.052500 0.187300 0.053000 0.135200 0.061900 0.052900 0.053400 0.052900 0.052600 0.052500 0.061800 0.062200 0.052900 0.035100 0.070700 0.052900 0.000000 0.017000 0.062100 0.080700 0.071300 0.052900 0.061400 0.071400 0.071200 0.062300 0.061800 0.071600 0.052900 0.072000 0.061800 0.044100 0.070400 0.052800 0.061600 0.079800 0.052900 0.061800 0.061800 0.061900 0.061400 0.053000 0.052500 0.071100 0.089100 0.053100 0.061700 0.070700 0.053500 0.043200 0.062100 0.071600
Giraffe 0.052400 0.186900 0.053000 0.134700 0.061800 0.052800 0.053300 0.052800 0.052500 0.052400 0.061700 0.062200 0.052800 0.035000 0.070600 0.052800 0.017000 0.000000 0.062000 0.080600 0.071200 0.052800 0.061300 0.071300 0.071200 0.062200 0.061700 0.071500 0.052800 0.071900 0.061700 0.044000 0.070300 0.052800 0.061600 0.061500 0.052800 0.061800 0.061700 0.061800 0.061300 0.052900 0.052400 0.071000 0.070600 0.053000 0.061600 0.070600 0.053500 0.043200 0.062000 0.071500
TibetanAnt 0.008700 0.161400 0.044500 0.149800 0.035300 0.008700 0.044800 0.008700 0.044100 0.044000 0.017500 0.035500 0.008700 0.026500 0.044000 0.008700 0.062100 0.062000 0.000000 0.072200 0.026400 0.008700 0.071100 0.081700 0.026400 0.017600 0.017500 0.063100 0.008700 0.063500 0.053300 0.035500 0.080500 0.008700 0.017400 0.053000 0.008700 0.035200 0.017500 0.071900 0.071200 0.008700 0.044000 0.062700 0.062100 0.026500 0.017400 0.026200 0.026700 0.034800 0.053600 0.063100
Sitatunga 0.062300 0.214700 0.026300 0.180600 0.080200 0.062700 0.063400 0.062700 0.026100 0.080800 0.071800 0.072300 0.062700 0.044600 0.080800 0.062700 0.080700 0.080600 0.072200 0.000000 0.081600 0.062700 0.089900 0.081600 0.081500 0.072400 0.071800 0.008600 0.062700 0.008700 0.090700 0.053800 0.099400 0.062700 0.071600 0.090100 0.062700 0.080000 0.071800 0.071900 0.090000 0.062900 0.080800 0.081300 0.090200 0.063000 0.071700 0.080800 0.063500 0.071000 0.035100 0.008600
Oribi 0.017400 0.168100 0.053600 0.157500 0.044300 0.017500 0.054000 0.017500 0.053100 0.053000 0.026300 0.044500 0.017500 0.035400 0.053100 0.017500 0.071300 0.071200 0.026400 0.081600 0.000000 0.017500 0.080400 0.091200 0.035400 0.026500 0.026300 0.072400 0.017500 0.072800 0.062500 0.044600 0.089800 0.017500 0.026200 0.062100 0.017500 0.044200 0.026300 0.081200 0.080400 0.017500 0.053000 0.072000 0.071300 0.035500 0.026200 0.035100 0.035800 0.043700 0.062800 0.072400
BarbaryShe 0.000000 0.150900 0.035300 0.139400 0.026300 0.000000 0.035500 0.000000 0.035000 0.035000 0.008600 0.026300 0.000000 0.017500 0.035000 0.000000 0.052900 0.052800 0.008700 0.062700 0.017500 0.000000 0.061800 0.071800 0.017400 0.008700 0.008700 0.053700 0.000000 0.054000 0.044200 0.026400 0.071000 0.000000 0.008700 0.043900 0.000000 0.026200 0.008600 0.062500 0.061900 0.000000 0.035000 0.053400 0.052900 0.017500 0.008700 0.017400 0.017700 0.026000 0.044300 0.053700
Daviddeer 0.061400 0.179700 0.062000 0.147500 0.070900 0.061800 0.062500 0.061800 0.061500 0.034200 0.070800 0.071300 0.061900 0.043900 0.079700 0.061800 0.061400 0.061300 0.071100 0.089900 0.080400 0.061800 0.000000 0.043400 0.080300 0.071300 0.070800 0.080800 0.061800 0.081300 0.034400 0.053000 0.079400 0.061800 0.070600 0.089000 0.061800 0.070900 0.070800 0.034400 0.000000 0.062000 0.025500 0.043200 0.098300 0.062100 0.052500 0.079800 0.062600 0.052000 0.071200 0.080800
Reindeer 0.071600 0.192600 0.072300 0.139600 0.081300 0.071800 0.072500 0.071800 0.071600 0.043600 0.081000 0.081500 0.072100 0.053800 0.090300 0.071800 0.071400 0.071300 0.081700 0.081600 0.091200 0.071800 0.043400 0.000000 0.090700 0.081900 0.081200 0.072400 0.071800 0.072900 0.043800 0.062900 0.089900 0.072000 0.081000 0.099700 0.071800 0.081200 0.080900 0.008600 0.043400 0.072200 0.034700 0.017300 0.109300 0.072400 0.062400 0.090300 0.073000 0.061800 0.081600 0.072400
Ibex 0.017400 0.171700 0.053600 0.159800 0.044200 0.017400 0.053700 0.017400 0.053100 0.053000 0.026200 0.044300 0.017500 0.035400 0.053100 0.017400 0.071200 0.071200 0.026400 0.081500 0.035400 0.017400 0.080300 0.090700 0.000000 0.026500 0.026300 0.072400 0.017400 0.072800 0.062500 0.044400 0.089800 0.017500 0.026200 0.043700 0.017400 0.044200 0.026200 0.081200 0.080400 0.017500 0.053000 0.071900 0.052700 0.035400 0.026200 0.035100 0.035800 0.043700 0.062700 0.072400
GyrantGaze 0.008700 0.158000 0.044600 0.147900 0.035300 0.008700 0.044900 0.008700 0.044200 0.044100 0.017500 0.035500 0.008700 0.026500 0.044200 0.008700 0.062300 0.062200 0.017600 0.072400 0.026500 0.008700 0.071300 0.081900 0.026500 0.000000 0.017500 0.063200 0.008700 0.063600 0.053500 0.035600 0.080600 0.008700 0.017500 0.053200 0.008700 0.035300 0.017500 0.072100 0.071400 0.008700 0.044100 0.062800 0.062300 0.026500 0.017500 0.026300 0.026800 0.034900 0.053700 0.063200
Hartebeest 0.008600 0.160400 0.044200 0.148800 0.035100 0.008700 0.044500 0.008700 0.043900 0.043800 0.017400 0.035300 0.008700 0.026300 0.043800 0.008700 0.061800 0.061700 0.017500 0.071800 0.026300 0.008700 0.070800 0.081200 0.026300 0.017500 0.000000 0.062700 0.008700 0.063100 0.053100 0.035300 0.080100 0.008200 0.017300 0.052800 0.008700 0.035100 0.017400 0.071500 0.070800 0.008700 0.043800 0.062300 0.061800 0.026300 0.017300 0.026100 0.026600 0.034700 0.053300 0.062700
Bongo 0.053300 0.204500 0.017500 0.170700 0.071000 0.053700 0.054300 0.053700 0.017400 0.071700 0.062700 0.063200 0.053700 0.035600 0.071700 0.053700 0.071600 0.071500 0.063100 0.008600 0.072400 0.053700 0.080800 0.072400 0.072400 0.063200 0.062700 0.000000 0.053700 0.000100 0.081500 0.044800 0.090200 0.053700 0.062600 0.081000 0.053700 0.070800 0.062700 0.062800 0.080800 0.053800 0.071700 0.072100 0.081000 0.053900 0.062600 0.071800 0.054400 0.062100 0.026300 0.000000
Gerenuk 0.000000 0.150900 0.035300 0.139400 0.026300 0.000000 0.035500 0.000000 0.035000 0.035000 0.008600 0.026300 0.000000 0.017500 0.035000 0.000000 0.052900 0.052800 0.008700 0.062700 0.017500 0.000000 0.061800 0.071800 0.017400 0.008700 0.008700 0.053700 0.000000 0.054000 0.044200 0.026400 0.071000 0.000000 0.008700 0.043900 0.000000 0.026200 0.008600 0.062500 0.061900 0.000000 0.035000 0.053400 0.052900 0.017500 0.008700 0.017400 0.017700 0.026000 0.044300 0.053700
CommonElan 0.053600 0.206000 0.017600 0.171700 0.071000 0.054000 0.054600 0.054000 0.017500 0.072100 0.063100 0.063500 0.054000 0.035800 0.072100 0.054000 0.072000 0.071900 0.063500 0.008700 0.072800 0.054000 0.081300 0.072900 0.072800 0.063600 0.063100 0.000100 0.054000 0.000000 0.082000 0.045000 0.090700 0.054000 0.062900 0.081400 0.054000 0.070700 0.063100 0.063100 0.081300 0.054100 0.072100 0.072600 0.081500 0.054200 0.063000 0.072200 0.054700 0.062400 0.026500 0.000100
MuntiacusR 0.043800 0.140300 0.062600 0.148700 0.053100 0.044200 0.063000 0.044200 0.062000 0.017100 0.053100 0.053400 0.044200 0.044300 0.062000 0.044200 0.061800 0.061700 0.053300 0.090700 0.062500 0.044200 0.034400 0.043800 0.062500 0.053500 0.053100 0.081500 0.044200 0.082000 0.000000 0.053500 0.080000 0.044100 0.052900 0.071100 0.044200 0.053100 0.053100 0.034700 0.034400 0.044200 0.008500 0.043600 0.080300 0.044300 0.035000 0.062000 0.063100 0.034700 0.071800 0.081500
HarveysDui 0.026300 0.182800 0.026500 0.150200 0.017500 0.026400 0.026600 0.026400 0.026300 0.044100 0.035200 0.035400 0.026500 0.008800 0.044200 0.026400 0.044100 0.044000 0.035500 0.053800 0.044600 0.026400 0.053000 0.062900 0.044400 0.035600 0.035300 0.044800 0.026400 0.045000 0.053500 0.000000 0.062200 0.026400 0.035200 0.053200 0.026400 0.017500 0.035200 0.053600 0.053000 0.026500 0.044100 0.062900 0.062300 0.026600 0.035300 0.044200 0.026800 0.034900 0.035500 0.044800
Pronghorn 0.070500 0.207400 0.071200 0.175600 0.080200 0.071000 0.071700 0.071000 0.070600 0.070500 0.080100 0.071300 0.071000 0.053000 0.089000 0.071000 0.070400 0.070300 0.080500 0.099400 0.089800 0.071000 0.079400 0.089900 0.089800 0.080600 0.080100 0.090200 0.071000 0.090700 0.080000 0.062200 0.000000 0.071000 0.061400 0.089000 0.071000 0.080100 0.080000 0.080200 0.079400 0.071200 0.070400 0.089600 0.098400 0.071300 0.079900 0.089100 0.072000 0.060900 0.080400 0.090200
BlueWildeb 0.000000 0.150800 0.035300 0.139300 0.026300 0.000000 0.035600 0.000000 0.035000 0.035000 0.008700 0.026400 0.000000 0.017500 0.035000 0.000000 0.052800 0.052800 0.008700 0.062700 0.017500 0.000000 0.061800 0.072000 0.017500 0.008700 0.008200 0.053700 0.000000 0.054000 0.044100 0.026400 0.071000 0.000000 0.008700 0.043900 0.000000 0.026200 0.008700 0.062400 0.061800 0.000000 0.035000 0.053300 0.052900 0.017500 0.008700 0.017300 0.017700 0.025900 0.044300 0.053700
Gemsbok 0.008600 0.159900 0.044100 0.148400 0.035000 0.008700 0.044400 0.008700 0.043700 0.043700 0.017300 0.026300 0.008700 0.026300 0.043700 0.008700 0.061600 0.061600 0.017400 0.071600 0.026200 0.008700 0.070600 0.081000 0.026200 0.017500 0.017300 0.062600 0.008700 0.062900 0.052900 0.035200 0.061400 0.008700 0.000000 0.043700 0.008700 0.035000 0.017300 0.071300 0.070600 0.008700 0.043700 0.062200 0.052600 0.026300 0.017300 0.026000 0.026500 0.034600 0.053100 0.062600
Yak 0.043600 0.201200 0.062200 0.188800 0.052900 0.043900 0.062600 0.043900 0.061600 0.061600 0.052800 0.043700 0.043900 0.044000 0.061600 0.043900 0.079800 0.061500 0.053000 0.090100 0.062100 0.043900 0.089000 0.099700 0.043700 0.053200 0.052800 0.081000 0.043900 0.081400 0.071100 0.053200 0.089000 0.043900 0.043700 0.000000 0.043900 0.052800 0.052700 0.089800 0.089000 0.044000 0.061600 0.099300 0.008300 0.044100 0.052700 0.061600 0.062800 0.052200 0.071300 0.081000
BlueSheep 0.000000 0.150900 0.035300 0.139400 0.026300 0.000000 0.035500 0.000000 0.035000 0.035000 0.008600 0.026300 0.000000 0.017500 0.035000 0.000000 0.052900 0.052800 0.008700 0.062700 0.017500 0.000000 0.061800 0.071800 0.017400 0.008700 0.008700 0.053700 0.000000 0.054000 0.044200 0.026400 0.071000 0.000000 0.008700 0.043900 0.000000 0.026200 0.008600 0.062500 0.061900 0.000000 0.035000 0.053400 0.052900 0.017500 0.008700 0.017400 0.017700 0.026000 0.044300 0.053700
BohorReedb 0.026100 0.176200 0.051400 0.169200 0.000000 0.026200 0.044600 0.026200 0.050700 0.043800 0.035000 0.035300 0.026200 0.026300 0.043800 0.026200 0.061800 0.061800 0.035200 0.080000 0.044200 0.026200 0.070900 0.081200 0.044200 0.035300 0.035100 0.070800 0.026200 0.070700 0.053100 0.017500 0.080100 0.026200 0.035000 0.052800 0.026200 0.000000 0.035000 0.071500 0.070900 0.026300 0.043800 0.080900 0.061900 0.026300 0.035000 0.043800 0.044700 0.034700 0.061000 0.070800
KirksDik 0.008600 0.160600 0.044200 0.148900 0.035100 0.008600 0.044400 0.008600 0.043800 0.043800 0.017300 0.035100 0.008700 0.026300 0.043800 0.008200 0.061800 0.061700 0.017500 0.071800 0.026300 0.008600 0.070800 0.080900 0.026200 0.017500 0.017400 0.062700 0.008600 0.063100 0.053100 0.035200 0.080000 0.008700 0.017300 0.052700 0.008600 0.035000 0.000000 0.071500 0.070800 0.008700 0.043800 0.062300 0.061800 0.026300 0.017300 0.026100 0.026600 0.034600 0.053300 0.062700
RoeDeer 0.062000 0.181200 0.062600 0.129100 0.071600 0.062500 0.063100 0.062500 0.062100 0.034600 0.071600 0.072000 0.062500 0.044400 0.080500 0.062500 0.061900 0.061800 0.071900 0.071900 0.081200 0.062500 0.034400 0.008600 0.081200 0.072100 0.071500 0.062800 0.062500 0.063100 0.034700 0.053600 0.080200 0.062400 0.071300 0.089800 0.062500 0.071500 0.071500 0.000000 0.034500 0.062600 0.025800 0.008600 0.099300 0.062700 0.053000 0.080500 0.063300 0.052500 0.071900 0.062800
WhiteLippe 0.061400 0.179700 0.062100 0.147500 0.071000 0.061900 0.062500 0.061900 0.061500 0.034300 0.070800 0.071300 0.061900 0.044000 0.079800 0.061900 0.061400 0.061300 0.071200 0.090000 0.080400 0.061900 0.000000 0.043400 0.080400 0.071400 0.070800 0.080800 0.061900 0.081300 0.034400 0.053000 0.079400 0.061800 0.070600 0.089000 0.061900 0.070900 0.070800 0.034500 0.000000 0.062000 0.025600 0.043300 0.098400 0.062100 0.052500 0.079800 0.062600 0.052100 0.071200 0.080800
ThomsonGaz 0.000000 0.147000 0.035400 0.137200 0.026300 0.000000 0.035700 0.000000 0.035100 0.035000 0.008700 0.026500 0.000100 0.017600 0.035100 0.000000 0.053000 0.052900 0.008700 0.062900 0.017500 0.000000 0.062000 0.072200 0.017500 0.008700 0.008700 0.053800 0.000000 0.054100 0.044200 0.026500 0.071200 0.000000 0.008700 0.044000 0.000000 0.026300 0.008700 0.062600 0.062000 0.000000 0.035000 0.053500 0.053000 0.017600 0.008700 0.017400 0.017700 0.026000 0.044400 0.053800
MuntiacusC 0.034700 0.149400 0.053100 0.137900 0.043900 0.035000 0.053400 0.035000 0.052600 0.008400 0.043800 0.044100 0.035000 0.035100 0.052600 0.035000 0.052500 0.052400 0.044000 0.080800 0.053000 0.035000 0.025500 0.034700 0.053000 0.044100 0.043800 0.071700 0.035000 0.072100 0.008500 0.044100 0.070400 0.035000 0.043700 0.061600 0.035000 0.043800 0.043800 0.025800 0.025600 0.035000 0.000000 0.034500 0.070700 0.035100 0.026000 0.052600 0.053600 0.025700 0.062100 0.071700
WhiteTaile 0.053000 0.170900 0.072000 0.119400 0.081000 0.053400 0.072500 0.053400 0.071300 0.043400 0.062400 0.081500 0.053400 0.053500 0.089900 0.053400 0.071100 0.071000 0.062700 0.081300 0.072000 0.053400 0.043200 0.017300 0.071900 0.062800 0.062300 0.072100 0.053400 0.072600 0.043600 0.062900 0.089600 0.053300 0.062200 0.099300 0.053400 0.080900 0.062300 0.008600 0.043300 0.053500 0.034500 0.000000 0.108800 0.072100 0.044000 0.071300 0.054100 0.061600 0.081300 0.072100
Cattle 0.052500 0.211900 0.062200 0.199200 0.062000 0.052900 0.071800 0.052900 0.061700 0.070700 0.061800 0.052700 0.052900 0.053100 0.070700 0.052900 0.089100 0.070600 0.062100 0.090200 0.071300 0.052900 0.098300 0.109300 0.052700 0.062300 0.061800 0.081000 0.052900 0.081500 0.080300 0.062300 0.098400 0.052900 0.052600 0.008300 0.052900 0.061900 0.061800 0.099300 0.098400 0.053000 0.070700 0.108800 0.000000 0.053100 0.061700 0.070800 0.072100 0.061200 0.071300 0.081000
RoyalAntel 0.017400 0.151600 0.035500 0.160200 0.026400 0.017500 0.035700 0.017500 0.035200 0.035100 0.026300 0.026500 0.017500 0.017600 0.035100 0.017500 0.053100 0.053000 0.026500 0.063000 0.035500 0.017500 0.062100 0.072400 0.035400 0.026500 0.026300 0.053900 0.017500 0.054200 0.044300 0.026600 0.071300 0.017500 0.026300 0.044100 0.017500 0.026300 0.026300 0.062700 0.062100 0.017600 0.035100 0.072100 0.053100 0.000000 0.026300 0.035100 0.017800 0.026100 0.044500 0.053900
Steenbok 0.008600 0.139900 0.044200 0.128600 0.035000 0.008700 0.044500 0.008700 0.043800 0.034800 0.017300 0.035200 0.008700 0.026300 0.043700 0.008700 0.061700 0.061600 0.017400 0.071700 0.026200 0.008700 0.052500 0.062400 0.026200 0.017500 0.017300 0.062600 0.008700 0.063000 0.035000 0.035300 0.079900 0.008700 0.017300 0.052700 0.008700 0.035000 0.017300 0.053000 0.052500 0.008700 0.026000 0.044000 0.061700 0.026300 0.000000 0.026000 0.026500 0.034600 0.053200 0.062600
Impala 0.017200 0.166200 0.053100 0.156000 0.043900 0.017400 0.053500 0.017400 0.052700 0.052600 0.026100 0.044100 0.017400 0.035100 0.034800 0.017400 0.070700 0.070600 0.026200 0.080800 0.035100 0.017400 0.079800 0.090300 0.035100 0.026300 0.026100 0.071800 0.017400 0.072200 0.062000 0.044200 0.089100 0.017300 0.026000 0.061600 0.017400 0.043800 0.026100 0.080500 0.079800 0.017400 0.052600 0.071300 0.070800 0.035100 0.026000 0.000000 0.035500 0.043400 0.062200 0.071800
Klipspring 0.017600 0.152800 0.035800 0.141300 0.044700 0.017700 0.036100 0.017700 0.035500 0.053600 0.026600 0.045000 0.017700 0.017800 0.053600 0.017700 0.053500 0.053500 0.026700 0.063500 0.035800 0.017700 0.062600 0.073000 0.035800 0.026800 0.026600 0.054400 0.017700 0.054700 0.063100 0.026800 0.072000 0.017700 0.026500 0.062800 0.017700 0.044700 0.026600 0.063300 0.062600 0.017700 0.053600 0.054100 0.072100 0.017800 0.026500 0.035500 0.000000 0.044200 0.044900 0.054400
ForestMusk 0.025800 0.158700 0.043800 0.147400 0.034700 0.026000 0.044100 0.026000 0.043400 0.025700 0.034700 0.034900 0.026000 0.026000 0.043300 0.026000 0.043200 0.043200 0.034800 0.071000 0.043700 0.026000 0.052000 0.061800 0.043700 0.034900 0.034700 0.062100 0.026000 0.062400 0.034700 0.034900 0.060900 0.025900 0.034600 0.052200 0.026000 0.034700 0.034600 0.052500 0.052100 0.026000 0.025700 0.061600 0.061200 0.026100 0.034600 0.043400 0.044200 0.000000 0.052700 0.062100
Bushbuck 0.044000 0.203600 0.008700 0.170100 0.061300 0.044300 0.044800 0.044300 0.008600 0.062200 0.053300 0.035400 0.044400 0.026500 0.062200 0.044300 0.062100 0.062000 0.053600 0.035100 0.062800 0.044300 0.071200 0.081600 0.062700 0.053700 0.053300 0.026300 0.044300 0.026500 0.071800 0.035500 0.080400 0.044300 0.053100 0.071300 0.044300 0.061000 0.053300 0.071900 0.071200 0.044400 0.062100 0.081300 0.071300 0.044500 0.053200 0.062200 0.044900 0.052700 0.000000 0.026300
GreaterKud 0.053300 0.204500 0.017500 0.170700 0.071000 0.053700 0.054300 0.053700 0.017400 0.071700 0.062700 0.063200 0.053700 0.035600 0.071700 0.053700 0.071600 0.071500 0.063100 0.008600 0.072400 0.053700 0.080800 0.072400 0.072400 0.063200 0.062700 0.000000 0.053700 0.000100 0.081500 0.044800 0.090200 0.053700 0.062600 0.081000 0.053700 0.070800 0.062700 0.062800 0.080800 0.053800 0.071700 0.072100 0.081000 0.053900 0.062600 0.071800 0.054400 0.062100 0.026300 0.000000
