1
52 1
Argali 0.000000 0.407900 0.165000 0.401000 0.108100 0.005500 0.139700 0.141600 0.161300 0.215800 0.032800 0.168000 0.099400 0.166200 0.192700 0.114800 0.193100 0.182400 0.070400 0.155200 0.136200 0.027700 0.168400 0.147500 0.027300 0.107500 0.082600 0.168200 0.128200 0.154300 0.202800 0.159200 0.171400 0.092600 0.108100 0.181800 0.038600 0.110400 0.148500 0.166400 0.148800 0.126100 0.203600 0.161400 0.179700 0.140200 0.138600 0.172000 0.172000 0.145300 0.160100 0.166700
LesserMous 0.407900 0.000000 0.388000 0.354600 0.365700 0.417500 0.437600 0.409800 0.372700 0.404900 0.371900 0.424100 0.367100 0.461500 0.464600 0.397700 0.356800 0.359800 0.382000 0.365500 0.402800 0.394500 0.393900 0.363300 0.364400 0.375800 0.344600 0.366100 0.363900 0.370300 0.388400 0.450800 0.440100 0.360000 0.385800 0.449100 0.408700 0.381000 0.420100 0.389900 0.368600 0.398400 0.407000 0.373100 0.469800 0.410200 0.401400 0.389400 0.427000 0.359400 0.360900 0.352600
LesserKudu 0.165000 0.388000 0.000000 0.356800 0.143300 0.172000 0.169300 0.178400 0.038100 0.176300 0.161900 0.113800 0.140000 0.176200 0.207600 0.150000 0.138800 0.145900 0.132300 0.032600 0.169600 0.161500 0.143900 0.148800 0.168700 0.141300 0.140300 0.040100 0.143900 0.032400 0.163800 0.169200 0.181300 0.152400 0.156300 0.140200 0.143600 0.146200 0.184600 0.130100 0.137500 0.161800 0.164500 0.150100 0.144600 0.175700 0.173800 0.180300 0.202700 0.149300 0.032400 0.043300
KillerWhal 0.401000 0.354600 0.356800 0.000000 0.321300 0.409800 0.312500 0.310700 0.363500 0.378000 0.377900 0.367000 0.287400 0.357300 0.428100 0.332500 0.281000 0.282200 0.347800 0.356900 0.347400 0.361900 0.313300 0.297400 0.369600 0.338300 0.308200 0.371000 0.322100 0.350000 0.354500 0.348600 0.376000 0.322000 0.349500 0.370900 0.378400 0.357900 0.370800 0.290500 0.320000 0.343700 0.356000 0.314400 0.389300 0.387100 0.347900 0.382300 0.361400 0.298900 0.337700 0.345600
DefassaWat 0.108100 0.365700 0.143300 0.321300 0.000000 0.114500 0.099700 0.094400 0.136800 0.170000 0.093800 0.131800 0.079500 0.099100 0.165300 0.077200 0.131400 0.123000 0.063800 0.131000 0.094700 0.082900 0.114500 0.119200 0.088000 0.070700 0.063200 0.143000 0.087500 0.117900 0.170400 0.104900 0.166300 0.074100 0.089600 0.156700 0.082500 0.032100 0.082600 0.125200 0.091400 0.087600 0.158500 0.120200 0.142800 0.093300 0.064000 0.120700 0.127000 0.104600 0.123600 0.141900
Sheep 0.005500 0.417500 0.172000 0.409800 0.114500 0.000000 0.146400 0.148400 0.168300 0.223200 0.038500 0.174900 0.105500 0.173200 0.200200 0.121400 0.200100 0.189200 0.076200 0.162200 0.143000 0.033500 0.175200 0.154100 0.032900 0.114000 0.088600 0.175300 0.134800 0.161200 0.210100 0.153100 0.178400 0.098700 0.114300 0.188800 0.044500 0.116900 0.155400 0.173100 0.155400 0.132600 0.210900 0.168200 0.186600 0.146900 0.145200 0.179300 0.179300 0.152000 0.167100 0.173700
MaxwellsDu 0.139700 0.437600 0.169300 0.312500 0.099700 0.146400 0.000000 0.148700 0.170400 0.208800 0.131500 0.182900 0.120800 0.088700 0.165800 0.125500 0.173500 0.176100 0.122100 0.164500 0.144600 0.112400 0.136700 0.148000 0.125400 0.118300 0.115600 0.177700 0.125000 0.169800 0.196200 0.106200 0.191600 0.126800 0.148700 0.209800 0.119600 0.101800 0.131500 0.166600 0.149100 0.136100 0.196700 0.161900 0.213900 0.130300 0.128600 0.173700 0.167700 0.145400 0.169100 0.182100
GazellaPrz 0.141600 0.409800 0.178400 0.310700 0.094400 0.148400 0.148700 0.000000 0.177900 0.198100 0.125500 0.170700 0.104100 0.137600 0.202200 0.059500 0.182600 0.172300 0.099300 0.171800 0.095200 0.120700 0.152100 0.144300 0.119500 0.065700 0.098600 0.184300 0.082600 0.157700 0.198600 0.137500 0.216200 0.110200 0.126200 0.197300 0.132800 0.108400 0.095500 0.138100 0.133400 0.082700 0.186200 0.145700 0.201700 0.131400 0.105100 0.161900 0.161400 0.141900 0.176500 0.183100
MountainNy 0.161300 0.372700 0.038100 0.363500 0.136800 0.168300 0.170400 0.177900 0.000000 0.159400 0.157200 0.109700 0.151800 0.169300 0.208500 0.145300 0.147900 0.142900 0.127800 0.016100 0.165000 0.158600 0.153000 0.145100 0.163800 0.134100 0.134000 0.026000 0.137200 0.026900 0.147300 0.162400 0.179500 0.146000 0.149900 0.133700 0.151600 0.139500 0.177600 0.139100 0.134300 0.154900 0.147900 0.146300 0.138300 0.168700 0.154200 0.173100 0.195100 0.145600 0.016000 0.037700
MuntiacusM 0.215800 0.404900 0.176300 0.378000 0.170000 0.223200 0.208800 0.198100 0.159400 0.000000 0.197200 0.178600 0.171700 0.203200 0.216400 0.179600 0.158000 0.154800 0.168300 0.153700 0.199400 0.192700 0.102000 0.106400 0.190700 0.171400 0.154200 0.165700 0.170400 0.165300 0.041500 0.196000 0.194500 0.166200 0.169500 0.192200 0.205400 0.173300 0.212100 0.112200 0.107400 0.190100 0.020600 0.101300 0.208900 0.176900 0.187500 0.195000 0.244900 0.141100 0.158200 0.164700
goat 0.032800 0.371900 0.161900 0.377900 0.093800 0.038500 0.131500 0.125500 0.157200 0.197200 0.000000 0.176500 0.085500 0.149400 0.201400 0.102000 0.163100 0.153700 0.053500 0.151200 0.120300 0.027100 0.151900 0.132100 0.015900 0.095000 0.069400 0.163800 0.112600 0.150300 0.171800 0.142700 0.161000 0.080600 0.085000 0.203000 0.043400 0.095600 0.132100 0.150200 0.121200 0.112500 0.185400 0.145200 0.200700 0.124400 0.123000 0.154300 0.154200 0.129500 0.156000 0.162300
AfricanBuf 0.168000 0.424100 0.113800 0.367000 0.131800 0.174900 0.182900 0.170700 0.109700 0.178600 0.176500 0.000000 0.158200 0.175700 0.200500 0.152900 0.158000 0.155300 0.130600 0.104100 0.159300 0.165300 0.141900 0.140100 0.170300 0.143400 0.141000 0.115400 0.144500 0.091900 0.179000 0.168900 0.179500 0.152800 0.151100 0.062200 0.158500 0.146700 0.183700 0.146100 0.124100 0.163100 0.167300 0.141200 0.056200 0.162800 0.173300 0.168200 0.214500 0.156000 0.103400 0.114700
Topi 0.099400 0.367100 0.140000 0.287400 0.079500 0.105500 0.120800 0.104100 0.151800 0.171700 0.085500 0.158200 0.000000 0.132200 0.168200 0.074600 0.133700 0.136200 0.056300 0.146200 0.097900 0.074800 0.116900 0.121500 0.080000 0.080500 0.025100 0.157300 0.097100 0.145200 0.172000 0.125900 0.183800 0.025100 0.060800 0.183600 0.074700 0.081000 0.115700 0.127400 0.116900 0.097300 0.160400 0.122600 0.181600 0.108600 0.107400 0.124100 0.142800 0.118600 0.150700 0.144600
CommonDuik 0.166200 0.461500 0.176200 0.357300 0.099100 0.173200 0.088700 0.137600 0.169300 0.203200 0.149400 0.175700 0.132200 0.000000 0.172400 0.107200 0.162300 0.153000 0.116100 0.163400 0.125500 0.138100 0.154100 0.149700 0.143200 0.112100 0.114900 0.163700 0.094300 0.162300 0.197400 0.026400 0.192600 0.126500 0.135200 0.201700 0.143500 0.095300 0.118500 0.143300 0.145000 0.117700 0.185000 0.151000 0.206000 0.129200 0.126500 0.146100 0.170500 0.135100 0.168000 0.174400
Suni 0.192700 0.464600 0.207600 0.428100 0.165300 0.200200 0.165800 0.202200 0.208500 0.216400 0.201400 0.200500 0.168200 0.172400 0.000000 0.159800 0.205400 0.208600 0.161800 0.202300 0.189000 0.175600 0.175300 0.186300 0.199900 0.158200 0.155800 0.216700 0.153700 0.201000 0.203100 0.165300 0.231100 0.166700 0.177300 0.210800 0.181800 0.162100 0.174500 0.179400 0.174900 0.157800 0.190500 0.188000 0.222600 0.147000 0.176700 0.157400 0.191600 0.194700 0.206900 0.213900
Springbuck 0.114800 0.397700 0.150000 0.332500 0.077200 0.121400 0.125500 0.059500 0.145300 0.179600 0.102000 0.152900 0.074600 0.107200 0.159800 0.000000 0.139800 0.131000 0.070900 0.139400 0.055300 0.088000 0.135000 0.127400 0.096100 0.026800 0.070200 0.152400 0.043400 0.139100 0.173700 0.107200 0.169800 0.070200 0.086100 0.167900 0.102600 0.078700 0.066400 0.109500 0.128800 0.032200 0.161700 0.128500 0.185500 0.101300 0.076400 0.104700 0.129700 0.112500 0.144800 0.151100
Okapi 0.193100 0.356800 0.138800 0.281000 0.131400 0.200100 0.173500 0.182600 0.147900 0.158000 0.163100 0.158000 0.133700 0.162300 0.205400 0.139800 0.000000 0.034900 0.136100 0.142100 0.170800 0.164500 0.112100 0.116600 0.169500 0.144400 0.128800 0.153600 0.125200 0.141000 0.139900 0.155700 0.140600 0.140300 0.144100 0.158700 0.164000 0.146000 0.157900 0.111000 0.106300 0.150000 0.140700 0.117500 0.175000 0.174400 0.160400 0.179700 0.199700 0.119600 0.134500 0.140700
Giraffe 0.182400 0.359800 0.145900 0.282200 0.123000 0.189200 0.176100 0.172300 0.142900 0.154800 0.153700 0.155300 0.136200 0.153000 0.208600 0.131000 0.034900 0.000000 0.127600 0.137200 0.161100 0.154900 0.115600 0.108800 0.159900 0.135600 0.120000 0.148100 0.129000 0.136000 0.137000 0.146600 0.135700 0.131200 0.135600 0.156000 0.166700 0.137000 0.160600 0.103300 0.098700 0.141000 0.137800 0.109600 0.171900 0.164600 0.151200 0.169600 0.188800 0.122900 0.129700 0.135800
TibetanAnt 0.070400 0.382000 0.132300 0.347800 0.063800 0.076200 0.122100 0.099300 0.127800 0.168300 0.053500 0.130600 0.056300 0.116100 0.161800 0.070900 0.136100 0.127600 0.000000 0.122000 0.088200 0.045700 0.119700 0.118100 0.053500 0.064600 0.041300 0.133600 0.081000 0.121200 0.162500 0.109800 0.140500 0.051800 0.061800 0.167400 0.059300 0.065000 0.099500 0.124000 0.102300 0.081300 0.156900 0.119100 0.165500 0.092600 0.091600 0.119600 0.138500 0.115200 0.126900 0.132900
Sitatunga 0.155200 0.365500 0.032600 0.356900 0.131000 0.162200 0.164500 0.171800 0.016100 0.153700 0.151200 0.104100 0.146200 0.163400 0.202300 0.139400 0.142100 0.137200 0.122000 0.000000 0.159100 0.152600 0.147200 0.139400 0.157800 0.128000 0.128300 0.020400 0.131400 0.021500 0.141500 0.156500 0.173100 0.140300 0.144200 0.128200 0.145600 0.133600 0.171500 0.133400 0.128600 0.149100 0.142200 0.140600 0.132700 0.162900 0.148400 0.167000 0.188800 0.139800 0.010700 0.032300
Oribi 0.136200 0.402800 0.169600 0.347400 0.094700 0.143000 0.144600 0.095200 0.165000 0.199400 0.120300 0.159300 0.097900 0.125500 0.189000 0.055300 0.170800 0.161100 0.088200 0.159100 0.000000 0.109000 0.153500 0.145400 0.114300 0.049100 0.081600 0.172500 0.077600 0.158100 0.199800 0.125400 0.202100 0.092900 0.114700 0.184900 0.120900 0.096600 0.078100 0.139200 0.147100 0.065900 0.187500 0.146700 0.202300 0.119500 0.082100 0.147700 0.149100 0.143200 0.163900 0.163800
BarbaryShe 0.027700 0.394500 0.161500 0.361900 0.082900 0.033500 0.112400 0.120700 0.158600 0.192700 0.027100 0.165300 0.074800 0.138100 0.175600 0.088000 0.164500 0.154900 0.045700 0.152600 0.109000 0.000000 0.147300 0.127500 0.021600 0.081200 0.058900 0.165300 0.101400 0.151700 0.180200 0.131500 0.156600 0.067500 0.083000 0.191500 0.038300 0.084600 0.120900 0.145600 0.122700 0.099100 0.180900 0.140700 0.189400 0.113300 0.112000 0.142700 0.136600 0.124800 0.157400 0.163800
Daviddeer 0.168400 0.393900 0.143900 0.313300 0.114500 0.175200 0.136700 0.152100 0.153000 0.102000 0.151900 0.141900 0.116900 0.154100 0.175300 0.135000 0.112100 0.115600 0.119700 0.147200 0.153500 0.147300 0.000000 0.067400 0.145800 0.127600 0.112400 0.158900 0.132700 0.146300 0.102200 0.147400 0.160600 0.123900 0.127300 0.160200 0.134300 0.128900 0.152700 0.076100 0.046200 0.145300 0.091200 0.067900 0.176600 0.147300 0.143300 0.146900 0.181900 0.124800 0.151800 0.145700
Reindeer 0.147500 0.363300 0.148800 0.297400 0.119200 0.154100 0.148000 0.144300 0.145100 0.106400 0.132100 0.140100 0.121500 0.149700 0.186300 0.127400 0.116600 0.108800 0.118100 0.139400 0.145400 0.127500 0.067400 0.000000 0.126200 0.120200 0.105500 0.151000 0.125400 0.138500 0.095400 0.143200 0.150900 0.116700 0.120300 0.146700 0.151100 0.121400 0.157200 0.045500 0.061900 0.137600 0.095700 0.020100 0.168700 0.149200 0.147700 0.152400 0.186200 0.105900 0.144000 0.126100
Ibex 0.027300 0.364400 0.168700 0.369600 0.088000 0.032900 0.125400 0.119500 0.163800 0.190700 0.015900 0.170300 0.080000 0.143200 0.199900 0.096100 0.169500 0.159900 0.053500 0.157800 0.114300 0.021600 0.145800 0.126200 0.000000 0.089200 0.064000 0.170500 0.106700 0.156800 0.178400 0.136600 0.167500 0.075000 0.090700 0.196600 0.037900 0.089800 0.126000 0.144200 0.127200 0.106600 0.179000 0.139200 0.194300 0.118400 0.117100 0.153100 0.147800 0.123400 0.162500 0.168900
GyrantGaze 0.107500 0.375800 0.141300 0.338300 0.070700 0.114000 0.118300 0.065700 0.134100 0.171400 0.095000 0.143400 0.080500 0.112100 0.158200 0.026800 0.144400 0.135600 0.064600 0.128000 0.049100 0.081200 0.127600 0.120200 0.089200 0.000000 0.064000 0.140800 0.048500 0.127500 0.171800 0.112000 0.174800 0.063900 0.090700 0.155900 0.095500 0.072100 0.071400 0.114200 0.121400 0.026500 0.159900 0.121200 0.160700 0.094300 0.069900 0.122100 0.134600 0.117400 0.133400 0.126900
Hartebeest 0.082600 0.344600 0.140300 0.308200 0.063200 0.088600 0.115600 0.098600 0.134000 0.154200 0.069400 0.141000 0.025100 0.114900 0.155800 0.070200 0.128800 0.120000 0.041300 0.128300 0.081600 0.058900 0.112400 0.105500 0.064000 0.064000 0.000000 0.140000 0.080200 0.127500 0.154600 0.108700 0.169700 0.020100 0.055700 0.165500 0.069800 0.064300 0.098400 0.111300 0.101000 0.080500 0.143100 0.106400 0.163700 0.091600 0.090600 0.118300 0.136900 0.102400 0.132900 0.126900
Bongo 0.168200 0.366100 0.040100 0.371000 0.143000 0.175300 0.177700 0.184300 0.026000 0.165700 0.163800 0.115400 0.157300 0.163700 0.216700 0.152400 0.153600 0.148100 0.133600 0.020400 0.172500 0.165300 0.158900 0.151000 0.170500 0.140800 0.140000 0.000000 0.119800 0.032500 0.153400 0.156800 0.184900 0.152100 0.156700 0.139800 0.158200 0.145900 0.184500 0.144900 0.139900 0.162000 0.153900 0.152300 0.144300 0.176200 0.160600 0.180700 0.203100 0.151600 0.021500 0.043400
Gerenuk 0.128200 0.363900 0.143900 0.322100 0.087500 0.134800 0.125000 0.082600 0.137200 0.170400 0.112600 0.144500 0.097100 0.094300 0.153700 0.043400 0.125200 0.129000 0.081000 0.131400 0.077600 0.101400 0.132700 0.125400 0.106700 0.048500 0.080200 0.119800 0.000000 0.131200 0.164600 0.094300 0.180400 0.091500 0.107900 0.157000 0.113300 0.089200 0.088500 0.107400 0.126500 0.053900 0.152600 0.126600 0.174100 0.112300 0.086500 0.122000 0.153900 0.110500 0.136900 0.143100
CommonElan 0.154300 0.370300 0.032400 0.350000 0.117900 0.161200 0.169800 0.157700 0.026900 0.165300 0.150300 0.091900 0.145200 0.162300 0.201000 0.139100 0.141000 0.136000 0.121200 0.021500 0.158100 0.151700 0.146300 0.138500 0.156800 0.127500 0.127500 0.032500 0.131200 0.000000 0.153100 0.155500 0.171800 0.139300 0.143300 0.127300 0.144800 0.132800 0.170400 0.132500 0.115800 0.148100 0.153800 0.139600 0.119900 0.161800 0.160000 0.165900 0.187700 0.141500 0.021400 0.032100
MuntiacusR 0.202800 0.388400 0.163800 0.354500 0.170400 0.210100 0.196200 0.198600 0.147300 0.041500 0.171800 0.179000 0.172000 0.197400 0.203100 0.173700 0.139900 0.137000 0.162500 0.141500 0.199800 0.180200 0.102200 0.095400 0.178400 0.171800 0.154600 0.153400 0.164600 0.153100 0.000000 0.190200 0.175700 0.166600 0.157700 0.192400 0.205900 0.173800 0.212600 0.106800 0.096300 0.184100 0.020600 0.101600 0.209200 0.177400 0.187900 0.188900 0.245500 0.123300 0.146200 0.152500
HarveysDui 0.159200 0.450800 0.169200 0.348600 0.104900 0.153100 0.106200 0.137500 0.162400 0.196000 0.142700 0.168900 0.125900 0.026400 0.165300 0.107200 0.155700 0.146600 0.109800 0.156500 0.125400 0.131500 0.147400 0.143200 0.136600 0.112000 0.108700 0.156800 0.094300 0.155500 0.190200 0.000000 0.185400 0.120200 0.128700 0.194600 0.136900 0.113200 0.130700 0.136900 0.138500 0.117600 0.178000 0.144400 0.198900 0.122800 0.126300 0.139300 0.163200 0.128700 0.161100 0.167500
Pronghorn 0.171400 0.440100 0.181300 0.376000 0.166300 0.178400 0.191600 0.216200 0.179500 0.194500 0.161000 0.179500 0.183800 0.192600 0.231100 0.169800 0.140600 0.135700 0.140500 0.173100 0.202100 0.156600 0.160600 0.150900 0.167500 0.174800 0.169700 0.184900 0.180400 0.171800 0.175700 0.185400 0.000000 0.182400 0.185700 0.199600 0.164000 0.176600 0.208700 0.157400 0.139300 0.180600 0.176000 0.164700 0.217100 0.199200 0.197200 0.218900 0.198900 0.184600 0.177800 0.171400
BlueWildeb 0.092600 0.360000 0.152400 0.322000 0.074100 0.098700 0.126800 0.110200 0.146000 0.166200 0.080600 0.152800 0.025100 0.126500 0.166700 0.070200 0.140300 0.131200 0.051800 0.140300 0.092900 0.067500 0.123900 0.116700 0.075000 0.063900 0.020100 0.152100 0.091500 0.139300 0.166600 0.120200 0.182400 0.000000 0.055700 0.177700 0.080900 0.075500 0.110000 0.122600 0.112200 0.091700 0.155000 0.117700 0.163600 0.102900 0.101800 0.118300 0.136900 0.113800 0.144900 0.126700
Gemsbok 0.108100 0.385800 0.156300 0.349500 0.089600 0.114300 0.148700 0.126200 0.149900 0.169500 0.085000 0.151100 0.060800 0.135200 0.177300 0.086100 0.144100 0.135600 0.061800 0.144200 0.114700 0.083000 0.127300 0.120300 0.090700 0.090700 0.055700 0.156700 0.107900 0.143300 0.157700 0.128700 0.185700 0.055700 0.000000 0.170000 0.096700 0.091200 0.125900 0.129500 0.104300 0.107400 0.158400 0.121200 0.168200 0.122700 0.105700 0.122700 0.153400 0.132200 0.148800 0.154800
Yak 0.181800 0.449100 0.140200 0.370900 0.156700 0.188800 0.209800 0.197300 0.133700 0.192200 0.203000 0.062200 0.183600 0.201700 0.210800 0.167900 0.158700 0.156000 0.167400 0.128200 0.184900 0.191500 0.160200 0.146700 0.196600 0.155900 0.165500 0.139800 0.157000 0.127300 0.192400 0.194600 0.199600 0.177700 0.170000 0.000000 0.184500 0.172300 0.184200 0.146400 0.153900 0.175900 0.180600 0.147900 0.035300 0.188400 0.168000 0.181900 0.208000 0.181500 0.115500 0.126900
BlueSheep 0.038600 0.408700 0.143600 0.378400 0.082500 0.044500 0.119600 0.132800 0.151600 0.205400 0.043400 0.158500 0.074700 0.143500 0.181800 0.102600 0.164000 0.166700 0.059300 0.145600 0.120900 0.038300 0.134300 0.151100 0.037900 0.095500 0.069800 0.158200 0.113300 0.144800 0.205900 0.136900 0.164000 0.080900 0.096700 0.184500 0.000000 0.096100 0.120200 0.157400 0.127800 0.113100 0.193400 0.152500 0.182400 0.112700 0.111400 0.141900 0.141800 0.148900 0.150500 0.156800
BohorReedb 0.110400 0.381000 0.146200 0.357900 0.032100 0.116900 0.101800 0.108400 0.139500 0.173300 0.095600 0.146700 0.081000 0.095300 0.162100 0.078700 0.146000 0.137000 0.065000 0.133600 0.096600 0.084600 0.128900 0.121400 0.089800 0.072100 0.064300 0.145900 0.089200 0.132800 0.173800 0.113200 0.176600 0.075500 0.091200 0.172300 0.096100 0.000000 0.096100 0.127500 0.116800 0.089300 0.161700 0.122500 0.170300 0.107300 0.088100 0.129600 0.142800 0.106600 0.138500 0.144700
KirksDik 0.148500 0.420100 0.184600 0.370800 0.082600 0.155400 0.131500 0.095500 0.177600 0.212100 0.132100 0.183700 0.115700 0.118500 0.174500 0.066400 0.157900 0.160600 0.099500 0.171500 0.078100 0.120900 0.152700 0.157200 0.126000 0.071400 0.098400 0.184500 0.088500 0.170400 0.212600 0.130700 0.208700 0.110000 0.125900 0.184200 0.120200 0.096100 0.000000 0.151000 0.146300 0.088500 0.200100 0.158700 0.201600 0.106800 0.070300 0.148200 0.161100 0.142800 0.163300 0.182700
RoeDeer 0.166400 0.389900 0.130100 0.290500 0.125200 0.173100 0.166600 0.138100 0.139100 0.112200 0.150200 0.146100 0.127400 0.143300 0.179400 0.109500 0.111000 0.103300 0.124000 0.133400 0.139200 0.145600 0.076100 0.045500 0.144200 0.114200 0.111300 0.144900 0.107400 0.132500 0.106800 0.136900 0.157400 0.122600 0.129500 0.146400 0.157400 0.127500 0.151000 0.000000 0.067400 0.119700 0.095800 0.045900 0.174800 0.155000 0.145600 0.146100 0.189400 0.112300 0.138000 0.132100
WhiteLippe 0.148800 0.368600 0.137500 0.320000 0.091400 0.155400 0.149100 0.133400 0.134300 0.107400 0.121200 0.124100 0.116900 0.145000 0.174900 0.128800 0.106300 0.098700 0.102300 0.128600 0.147100 0.122700 0.046200 0.061900 0.127200 0.121400 0.101000 0.139900 0.126500 0.115800 0.096300 0.138500 0.139300 0.112200 0.104300 0.153900 0.127800 0.116800 0.146300 0.067400 0.000000 0.139000 0.096700 0.062400 0.146100 0.138500 0.137000 0.140700 0.162100 0.119000 0.133200 0.127300
ThomsonGaz 0.126100 0.398400 0.161800 0.343700 0.087600 0.132600 0.136100 0.082700 0.154900 0.190100 0.112500 0.163100 0.097300 0.117700 0.157800 0.032200 0.150000 0.141000 0.081300 0.149100 0.065900 0.099100 0.145300 0.137600 0.106600 0.026500 0.080500 0.162000 0.053900 0.148100 0.184100 0.117600 0.180600 0.091700 0.107400 0.175900 0.113100 0.089300 0.088500 0.119700 0.139000 0.000000 0.172000 0.138700 0.193100 0.111800 0.086600 0.127900 0.153100 0.122900 0.153900 0.160100
MuntiacusC 0.203600 0.407000 0.164500 0.356000 0.158500 0.210900 0.196700 0.186200 0.147900 0.020600 0.185400 0.167300 0.160400 0.185000 0.190500 0.161700 0.140700 0.137800 0.156900 0.142200 0.187500 0.180900 0.091200 0.095700 0.179000 0.159900 0.143100 0.153900 0.152600 0.153800 0.020600 0.178000 0.176000 0.155000 0.158400 0.180600 0.193400 0.161700 0.200100 0.095800 0.096700 0.172000 0.000000 0.090600 0.197200 0.165400 0.175900 0.176100 0.232200 0.123400 0.146800 0.153200
WhiteTaile 0.161400 0.373100 0.150100 0.314400 0.120200 0.168200 0.161900 0.145700 0.146300 0.101300 0.145200 0.141200 0.122600 0.151000 0.188000 0.128500 0.117500 0.109600 0.119100 0.140600 0.146700 0.140700 0.067900 0.020100 0.139200 0.121200 0.106400 0.152300 0.126600 0.139600 0.101600 0.144400 0.164700 0.117700 0.121200 0.147900 0.152500 0.122500 0.158700 0.045900 0.062400 0.138700 0.090600 0.000000 0.170000 0.144100 0.149000 0.147300 0.188000 0.118700 0.145200 0.127100
Cattle 0.179700 0.469800 0.144600 0.389300 0.142800 0.186600 0.213900 0.201700 0.138300 0.208900 0.200700 0.056200 0.181600 0.206000 0.222600 0.185500 0.175000 0.171900 0.165500 0.132700 0.202300 0.189400 0.176600 0.168700 0.194300 0.160700 0.163700 0.144300 0.174100 0.119900 0.209200 0.198900 0.217100 0.163600 0.168200 0.035300 0.182400 0.170300 0.201600 0.174800 0.146100 0.193100 0.197200 0.170000 0.000000 0.192500 0.185000 0.186200 0.219400 0.185700 0.120100 0.131300
RoyalAntel 0.140200 0.410200 0.175700 0.387100 0.093300 0.146900 0.130300 0.131400 0.168700 0.176900 0.124400 0.162800 0.108600 0.129200 0.147000 0.101300 0.174400 0.164600 0.092600 0.162900 0.119500 0.113300 0.147300 0.149200 0.118400 0.094300 0.091600 0.176200 0.112300 0.161800 0.177400 0.122800 0.199200 0.102900 0.122700 0.188400 0.112700 0.107300 0.106800 0.155000 0.138500 0.111800 0.165400 0.144100 0.192500 0.000000 0.114300 0.127500 0.150600 0.147100 0.167500 0.173800
Steenbok 0.138600 0.401400 0.173800 0.347900 0.064000 0.145200 0.128600 0.105100 0.154200 0.187500 0.123000 0.173300 0.107400 0.126500 0.176700 0.076400 0.160400 0.151200 0.091600 0.148400 0.082100 0.112000 0.143300 0.147700 0.117100 0.069900 0.090600 0.160600 0.086500 0.160000 0.187900 0.126300 0.197200 0.101800 0.105700 0.168000 0.111400 0.088100 0.070300 0.145600 0.137000 0.086600 0.175900 0.149000 0.185000 0.114300 0.000000 0.138400 0.150700 0.133300 0.140800 0.172100
Impala 0.172000 0.389400 0.180300 0.382300 0.120700 0.179300 0.173700 0.161900 0.173100 0.195000 0.154300 0.168200 0.124100 0.146100 0.157400 0.104700 0.179700 0.169600 0.119600 0.167000 0.147700 0.142700 0.146900 0.152400 0.153100 0.122100 0.118300 0.180700 0.122000 0.165900 0.188900 0.139300 0.218900 0.118300 0.122700 0.181900 0.141900 0.129600 0.148200 0.146100 0.140700 0.127900 0.176100 0.147300 0.186200 0.127500 0.138400 0.000000 0.165300 0.158700 0.171900 0.178500
Klipspring 0.172000 0.427000 0.202700 0.361400 0.127000 0.179300 0.167700 0.161400 0.195100 0.244900 0.154200 0.214500 0.142800 0.170500 0.191600 0.129700 0.199700 0.188800 0.138500 0.188800 0.149100 0.136600 0.181900 0.186200 0.147800 0.134600 0.136900 0.203100 0.153900 0.187700 0.245500 0.163200 0.198900 0.136900 0.153400 0.208000 0.141800 0.142800 0.161100 0.189400 0.162100 0.153100 0.232200 0.188000 0.219400 0.150600 0.150700 0.165300 0.000000 0.184800 0.193700 0.200500
ForestMusk 0.145300 0.359400 0.149300 0.298900 0.104600 0.152000 0.145400 0.141900 0.145600 0.141100 0.129500 0.156000 0.118600 0.135100 0.194700 0.112500 0.119600 0.122900 0.115200 0.139800 0.143200 0.124800 0.124800 0.105900 0.123400 0.117400 0.102400 0.151600 0.110500 0.141500 0.123300 0.128700 0.184600 0.113800 0.132200 0.181500 0.148900 0.106600 0.142800 0.112300 0.119000 0.122900 0.123400 0.118700 0.185700 0.147100 0.133300 0.158700 0.184800 0.000000 0.144600 0.150800
Bushbuck 0.160100 0.360900 0.032400 0.337700 0.123600 0.167100 0.169100 0.176500 0.016000 0.158200 0.156000 0.103400 0.150700 0.168000 0.206900 0.144800 0.134500 0.129700 0.126900 0.010700 0.163900 0.157400 0.151800 0.144000 0.162500 0.133400 0.132900 0.021500 0.136900 0.021400 0.146200 0.161100 0.177800 0.144900 0.148800 0.115500 0.150500 0.138500 0.163300 0.138000 0.133200 0.153900 0.146800 0.145200 0.120100 0.167500 0.140800 0.171900 0.193700 0.144600 0.000000 0.032100
GreaterKud 0.166700 0.352600 0.043300 0.345600 0.141900 0.173700 0.182100 0.183100 0.037700 0.164700 0.162300 0.114700 0.144600 0.174400 0.213900 0.151100 0.140700 0.135800 0.132900 0.032300 0.163800 0.163800 0.145700 0.126100 0.168900 0.126900 0.126900 0.043400 0.143100 0.032100 0.152500 0.167500 0.171400 0.126700 0.154800 0.126900 0.156800 0.144700 0.182700 0.132100 0.127300 0.160100 0.153200 0.127100 0.131300 0.173800 0.172100 0.178500 0.200500 0.150800 0.032100 0.000000
