1
52 1
Argali 0.000000 0.042000 0.017300 0.038800 0.012500 0.002700 0.008800 0.008800 0.014200 0.016200 0.004200 0.014600 0.008000 0.010700 0.010400 0.009600 0.017900 0.019000 0.006900 0.014200 0.010400 0.004200 0.013500 0.017000 0.004600 0.011600 0.006900 0.014600 0.011900 0.014200 0.015400 0.008800 0.021800 0.008800 0.008000 0.013500 0.004200 0.012500 0.013900 0.017000 0.014300 0.010800 0.016600 0.019000 0.013500 0.013400 0.013500 0.012000 0.006500 0.015500 0.015000 0.014700
LesserMous 0.042000 0.000000 0.046100 0.043600 0.046700 0.042400 0.042800 0.043900 0.043200 0.042300 0.041600 0.044800 0.042000 0.044400 0.043600 0.044500 0.043200 0.041700 0.041200 0.042300 0.044900 0.041600 0.040700 0.044800 0.042000 0.046200 0.042000 0.043600 0.046300 0.042300 0.041500 0.043300 0.047600 0.043800 0.041100 0.043400 0.041600 0.046800 0.048600 0.042800 0.040800 0.045400 0.042700 0.046900 0.043700 0.047800 0.046200 0.045300 0.041500 0.043800 0.043900 0.042700
LesserKudu 0.017300 0.046100 0.000000 0.040500 0.021400 0.017000 0.018100 0.019300 0.004200 0.019300 0.016200 0.010300 0.018500 0.020500 0.020100 0.020100 0.020900 0.022200 0.017000 0.005300 0.019700 0.016200 0.017400 0.020900 0.016200 0.021400 0.017700 0.005000 0.022400 0.004600 0.018500 0.018500 0.026100 0.019300 0.018200 0.009200 0.016200 0.021500 0.024400 0.020900 0.018500 0.020600 0.019700 0.022900 0.009200 0.020800 0.024100 0.021700 0.016400 0.019400 0.005300 0.005000
KillerWhal 0.038800 0.043600 0.040500 0.000000 0.041100 0.038400 0.038400 0.040100 0.037200 0.035500 0.036900 0.037900 0.036800 0.039600 0.038100 0.039800 0.037700 0.040100 0.035700 0.036400 0.040100 0.037700 0.034700 0.038000 0.036900 0.041600 0.036800 0.037700 0.043300 0.037200 0.034700 0.038400 0.044300 0.038600 0.037100 0.036500 0.036800 0.040300 0.046200 0.036800 0.034800 0.040700 0.035900 0.040100 0.036900 0.041300 0.041800 0.040700 0.036100 0.037800 0.038000 0.036700
DefassaWat 0.012500 0.046700 0.021400 0.041100 0.000000 0.012100 0.013600 0.014200 0.018300 0.019900 0.010500 0.018700 0.013700 0.015200 0.013300 0.014400 0.022900 0.024000 0.011700 0.018300 0.015200 0.011300 0.018300 0.021900 0.010900 0.016900 0.012900 0.017900 0.016900 0.018300 0.019100 0.012900 0.027900 0.014400 0.012900 0.017600 0.011300 0.003800 0.018700 0.021500 0.019100 0.016100 0.020200 0.023800 0.016800 0.017100 0.018500 0.016800 0.010500 0.020300 0.019100 0.018700
Sheep 0.002700 0.042400 0.017000 0.038400 0.012100 0.000000 0.008400 0.009200 0.013900 0.015800 0.003800 0.014200 0.007700 0.010400 0.010000 0.010000 0.016700 0.018600 0.006500 0.013900 0.010800 0.003800 0.013100 0.016600 0.004200 0.012000 0.006500 0.014200 0.012300 0.013800 0.015000 0.008400 0.021800 0.008400 0.007700 0.013100 0.003800 0.012100 0.014300 0.016600 0.013900 0.011200 0.016200 0.018600 0.013100 0.013100 0.013900 0.011600 0.006100 0.015100 0.014600 0.014300
MaxwellsDu 0.008800 0.042800 0.018100 0.038400 0.013600 0.008400 0.000000 0.010000 0.015000 0.016200 0.006900 0.015400 0.009200 0.007300 0.010800 0.010000 0.017900 0.019000 0.008100 0.015000 0.010800 0.007700 0.013500 0.017000 0.007300 0.012400 0.008400 0.015400 0.012300 0.015000 0.015400 0.005300 0.023700 0.010000 0.009200 0.014300 0.006900 0.012900 0.015000 0.017000 0.014600 0.011600 0.016600 0.018900 0.014300 0.013800 0.013900 0.011500 0.006900 0.015800 0.015800 0.015400
GazellaPrz 0.008800 0.043900 0.019300 0.040100 0.014200 0.009200 0.010000 0.000000 0.016200 0.018200 0.008400 0.016600 0.010800 0.011900 0.012300 0.005400 0.020000 0.021000 0.009400 0.016200 0.005900 0.008400 0.015500 0.019000 0.008800 0.007800 0.010000 0.016600 0.007700 0.016200 0.017400 0.010000 0.025000 0.011500 0.010800 0.015500 0.008500 0.014200 0.009600 0.019000 0.016600 0.007000 0.018500 0.020900 0.015600 0.015200 0.009200 0.013900 0.008200 0.017800 0.017000 0.016600
MountainNy 0.014200 0.043200 0.004200 0.037200 0.018300 0.013900 0.015000 0.016200 0.000000 0.016200 0.013100 0.007300 0.015400 0.017300 0.017000 0.017000 0.018600 0.019800 0.013900 0.001500 0.016600 0.013100 0.014300 0.018200 0.013100 0.018300 0.014600 0.001100 0.019300 0.001500 0.015400 0.015400 0.022900 0.016200 0.015100 0.006100 0.013100 0.018300 0.021300 0.017800 0.015400 0.017500 0.016600 0.019300 0.006100 0.019300 0.020900 0.018500 0.013200 0.017000 0.002300 0.001900
MuntiacusM 0.016200 0.042300 0.019300 0.035500 0.019900 0.015800 0.016200 0.018200 0.016200 0.000000 0.014200 0.017000 0.016300 0.017700 0.017400 0.018200 0.016200 0.016200 0.015000 0.016200 0.017400 0.015000 0.005000 0.009200 0.014600 0.019600 0.015500 0.016600 0.020500 0.016200 0.001500 0.016600 0.020600 0.017100 0.016200 0.015800 0.014300 0.019100 0.022900 0.006900 0.005400 0.018800 0.001100 0.009600 0.015800 0.021200 0.021300 0.018900 0.014200 0.015900 0.017000 0.016600
goat 0.004200 0.041600 0.016200 0.036900 0.010500 0.003800 0.006900 0.008400 0.013100 0.014200 0.000000 0.013500 0.006100 0.008800 0.007700 0.007700 0.015900 0.017000 0.005000 0.013100 0.009200 0.003100 0.011500 0.015000 0.001100 0.010100 0.005400 0.012700 0.010000 0.013100 0.013500 0.006900 0.021800 0.006900 0.006100 0.012300 0.002300 0.009800 0.012700 0.014300 0.012700 0.009300 0.014600 0.017000 0.011600 0.011500 0.012300 0.010000 0.004600 0.013900 0.013800 0.013500
AfricanBuf 0.014600 0.044800 0.010300 0.037900 0.018700 0.014200 0.015400 0.016600 0.007300 0.017000 0.013500 0.000000 0.015800 0.017700 0.016600 0.017400 0.019800 0.020600 0.014300 0.007300 0.017400 0.013500 0.015000 0.019300 0.013500 0.019100 0.015000 0.007700 0.019700 0.007300 0.016200 0.015800 0.023000 0.016600 0.015500 0.005000 0.013500 0.018700 0.021700 0.018600 0.016200 0.018300 0.017300 0.021300 0.005000 0.019700 0.021300 0.018900 0.013500 0.017000 0.007300 0.007600
Topi 0.008000 0.042000 0.018500 0.036800 0.013700 0.007700 0.009200 0.010800 0.015400 0.016300 0.006100 0.015800 0.000000 0.011100 0.010800 0.010800 0.018300 0.019400 0.006500 0.015400 0.011500 0.006100 0.012700 0.017100 0.006500 0.013200 0.002300 0.015800 0.013100 0.015400 0.015500 0.009200 0.023100 0.003800 0.006900 0.014700 0.006100 0.012900 0.014300 0.017100 0.014300 0.012400 0.016700 0.019300 0.014700 0.012300 0.014400 0.012400 0.006900 0.016200 0.016200 0.015900
CommonDuik 0.010700 0.044400 0.020500 0.039600 0.015200 0.010400 0.007300 0.011900 0.017300 0.017700 0.008800 0.017700 0.011100 0.000000 0.011900 0.011500 0.020200 0.021300 0.010000 0.017300 0.012700 0.009600 0.015800 0.019300 0.009200 0.014000 0.010400 0.017700 0.013900 0.017300 0.017000 0.007300 0.026100 0.011900 0.011100 0.016600 0.008800 0.014400 0.017000 0.018500 0.016200 0.013200 0.018100 0.021300 0.016600 0.015800 0.015800 0.014200 0.008800 0.017400 0.018100 0.017700
Suni 0.010400 0.043600 0.020100 0.038100 0.013300 0.010000 0.010800 0.012300 0.017000 0.017400 0.007700 0.016600 0.010800 0.011900 0.000000 0.011600 0.019900 0.021000 0.009600 0.017000 0.013100 0.009200 0.015400 0.018200 0.008100 0.014000 0.010000 0.016600 0.013900 0.017000 0.016600 0.010800 0.022600 0.011500 0.010800 0.016200 0.008400 0.013300 0.015800 0.018200 0.015800 0.013200 0.017800 0.020100 0.015500 0.015400 0.016200 0.012300 0.008400 0.017100 0.017000 0.017300
Springbuck 0.009600 0.044500 0.020100 0.039800 0.014400 0.010000 0.010000 0.005400 0.017000 0.018200 0.007700 0.017400 0.010800 0.011500 0.011600 0.000000 0.020000 0.021000 0.009600 0.017000 0.005400 0.009200 0.015500 0.019000 0.008100 0.004700 0.010000 0.016600 0.003800 0.017000 0.017400 0.010000 0.025000 0.011500 0.010800 0.016300 0.008500 0.013700 0.009600 0.019000 0.016200 0.003900 0.018500 0.021000 0.015600 0.015400 0.009200 0.013900 0.007700 0.017800 0.017800 0.017400
Okapi 0.017900 0.043200 0.020900 0.037700 0.022900 0.016700 0.017900 0.020000 0.018600 0.016200 0.015900 0.019800 0.018300 0.020200 0.019900 0.020000 0.000000 0.011600 0.016500 0.019000 0.019200 0.016700 0.013900 0.019000 0.016300 0.021700 0.017500 0.019000 0.021600 0.018600 0.015500 0.018300 0.022800 0.019100 0.017900 0.018600 0.015900 0.022200 0.025200 0.017400 0.015100 0.020900 0.016600 0.020200 0.018600 0.021400 0.023100 0.020700 0.015900 0.018600 0.019400 0.019000
Giraffe 0.019000 0.041700 0.022200 0.040100 0.024000 0.018600 0.019000 0.021000 0.019800 0.016200 0.017000 0.020600 0.019400 0.021300 0.021000 0.021000 0.011600 0.000000 0.017800 0.019800 0.021100 0.017400 0.014700 0.019000 0.017400 0.022500 0.018600 0.020200 0.022500 0.019000 0.015500 0.019400 0.023200 0.020200 0.018200 0.019500 0.017000 0.023300 0.026100 0.018200 0.015900 0.021900 0.016600 0.020200 0.019500 0.022500 0.024800 0.022500 0.017000 0.018600 0.020600 0.020200
TibetanAnt 0.006900 0.041200 0.017000 0.035700 0.011700 0.006500 0.008100 0.009400 0.013900 0.015000 0.005000 0.014300 0.006500 0.010000 0.009600 0.009600 0.016500 0.017800 0.000000 0.013900 0.009600 0.005800 0.012300 0.015800 0.005400 0.012000 0.006500 0.014300 0.011900 0.013900 0.014300 0.008100 0.021800 0.008100 0.007300 0.013100 0.005000 0.010900 0.013900 0.015800 0.013500 0.011200 0.015400 0.017800 0.013100 0.011100 0.013500 0.011200 0.005000 0.014700 0.014600 0.014200
Sitatunga 0.014200 0.042300 0.005300 0.036400 0.018300 0.013900 0.015000 0.016200 0.001500 0.016200 0.013100 0.007300 0.015400 0.017300 0.017000 0.017000 0.019000 0.019800 0.013900 0.000000 0.016600 0.013100 0.014300 0.018500 0.013100 0.018300 0.014600 0.001900 0.019300 0.002300 0.015400 0.015400 0.022900 0.016200 0.015100 0.006100 0.013100 0.018300 0.021300 0.017800 0.015400 0.017500 0.016600 0.019700 0.006100 0.019300 0.020900 0.018500 0.013200 0.017000 0.003000 0.002700
Oribi 0.010400 0.044900 0.019700 0.040100 0.015200 0.010800 0.010800 0.005900 0.016600 0.017400 0.009200 0.017400 0.011500 0.012700 0.013100 0.005400 0.019200 0.021100 0.009600 0.016600 0.000000 0.010000 0.014700 0.019000 0.009600 0.007000 0.010800 0.017000 0.007700 0.016600 0.016600 0.010800 0.025400 0.012300 0.011500 0.016300 0.009200 0.014500 0.011200 0.018200 0.015800 0.006200 0.017800 0.020200 0.016400 0.015400 0.010000 0.013900 0.008400 0.018600 0.017400 0.017000
BarbaryShe 0.004200 0.041600 0.016200 0.037700 0.011300 0.003800 0.007700 0.008400 0.013100 0.015000 0.003100 0.013500 0.006100 0.009600 0.009200 0.009200 0.016700 0.017400 0.005800 0.013100 0.010000 0.000000 0.012300 0.015800 0.003400 0.011600 0.006100 0.013500 0.011500 0.013100 0.013900 0.007700 0.021000 0.007300 0.006900 0.012300 0.003100 0.011300 0.013600 0.015800 0.013500 0.010800 0.015400 0.017800 0.012300 0.011500 0.013100 0.010800 0.005400 0.014600 0.013800 0.013500
Daviddeer 0.013500 0.040700 0.017400 0.034700 0.018300 0.013100 0.013500 0.015500 0.014300 0.005000 0.011500 0.015000 0.012700 0.015800 0.015400 0.015500 0.013900 0.014700 0.012300 0.014300 0.014700 0.012300 0.000000 0.007300 0.011900 0.016800 0.011900 0.014700 0.017800 0.014300 0.004200 0.013900 0.018700 0.013500 0.013100 0.013900 0.011600 0.017600 0.020600 0.005800 0.002700 0.016000 0.005400 0.008500 0.013900 0.018500 0.019400 0.016200 0.011500 0.013900 0.015000 0.014600
Reindeer 0.017000 0.044800 0.020900 0.038000 0.021900 0.016600 0.017000 0.019000 0.018200 0.009200 0.015000 0.019300 0.017100 0.019300 0.018200 0.019000 0.019000 0.019000 0.015800 0.018500 0.019000 0.015800 0.007300 0.000000 0.015400 0.020400 0.016300 0.018900 0.021300 0.018500 0.008400 0.017400 0.021900 0.017900 0.017000 0.018300 0.015000 0.021100 0.023300 0.008500 0.008500 0.019600 0.009600 0.003400 0.018300 0.020500 0.022200 0.019800 0.015000 0.018200 0.019300 0.018900
Ibex 0.004600 0.042000 0.016200 0.036900 0.010900 0.004200 0.007300 0.008800 0.013100 0.014600 0.001100 0.013500 0.006500 0.009200 0.008100 0.008100 0.016300 0.017400 0.005400 0.013100 0.009600 0.003400 0.011900 0.015400 0.000000 0.010100 0.005700 0.012700 0.010400 0.013100 0.013900 0.007300 0.022200 0.007300 0.006500 0.012300 0.002700 0.010200 0.013100 0.015400 0.013100 0.009300 0.015000 0.017400 0.011600 0.011500 0.012700 0.010400 0.005000 0.014300 0.013800 0.013500
GyrantGaze 0.011600 0.046200 0.021400 0.041600 0.016900 0.012000 0.012400 0.007800 0.018300 0.019600 0.010100 0.019100 0.013200 0.014000 0.014000 0.004700 0.021700 0.022500 0.012000 0.018300 0.007000 0.011600 0.016800 0.020400 0.010100 0.000000 0.011700 0.017900 0.007000 0.018300 0.018800 0.012400 0.027500 0.014000 0.013200 0.018000 0.010900 0.016200 0.012000 0.020400 0.017200 0.000800 0.020000 0.022400 0.017300 0.017100 0.011200 0.016300 0.010800 0.018600 0.019100 0.018600
Hartebeest 0.006900 0.042000 0.017700 0.036800 0.012900 0.006500 0.008400 0.010000 0.014600 0.015500 0.005400 0.015000 0.002300 0.010400 0.010000 0.010000 0.017500 0.018600 0.006500 0.014600 0.010800 0.006100 0.011900 0.016300 0.005700 0.011700 0.000000 0.015000 0.012300 0.014600 0.014700 0.008400 0.023100 0.003100 0.006100 0.013900 0.005400 0.012100 0.014300 0.016300 0.012700 0.010900 0.015900 0.018500 0.013900 0.012300 0.013600 0.011600 0.006100 0.014600 0.015400 0.015100
Bongo 0.014600 0.043600 0.005000 0.037700 0.017900 0.014200 0.015400 0.016600 0.001100 0.016600 0.012700 0.007700 0.015800 0.017700 0.016600 0.016600 0.019000 0.020200 0.014300 0.001900 0.017000 0.013500 0.014700 0.018900 0.012700 0.017900 0.015000 0.000000 0.018900 0.001900 0.015800 0.015800 0.023300 0.016600 0.015500 0.006500 0.013500 0.018000 0.020100 0.018200 0.015800 0.017100 0.017000 0.020100 0.005700 0.019700 0.021300 0.018900 0.013600 0.017400 0.002700 0.002300
Gerenuk 0.011900 0.046300 0.022400 0.043300 0.016900 0.012300 0.012300 0.007700 0.019300 0.020500 0.010000 0.019700 0.013100 0.013900 0.013900 0.003800 0.021600 0.022500 0.011900 0.019300 0.007700 0.011500 0.017800 0.021300 0.010400 0.007000 0.012300 0.018900 0.000000 0.019300 0.019700 0.012300 0.027300 0.013900 0.013100 0.018700 0.010800 0.016200 0.011900 0.021300 0.018600 0.006200 0.020900 0.022900 0.017900 0.017700 0.011600 0.016300 0.010000 0.020100 0.020100 0.019700
CommonElan 0.014200 0.042300 0.004600 0.037200 0.018300 0.013800 0.015000 0.016200 0.001500 0.016200 0.013100 0.007300 0.015400 0.017300 0.017000 0.017000 0.018600 0.019000 0.013900 0.002300 0.016600 0.013100 0.014300 0.018500 0.013100 0.018300 0.014600 0.001900 0.019300 0.000000 0.015400 0.015400 0.022900 0.016200 0.014300 0.006100 0.013100 0.018300 0.021300 0.017800 0.015400 0.017500 0.016600 0.020500 0.006100 0.019300 0.020900 0.018500 0.013200 0.016300 0.002300 0.001900
MuntiacusR 0.015400 0.041500 0.018500 0.034700 0.019100 0.015000 0.015400 0.017400 0.015400 0.001500 0.013500 0.016200 0.015500 0.017000 0.016600 0.017400 0.015500 0.015500 0.014300 0.015400 0.016600 0.013900 0.004200 0.008400 0.013900 0.018800 0.014700 0.015800 0.019700 0.015400 0.000000 0.015800 0.019800 0.015500 0.015400 0.015000 0.013500 0.018300 0.022500 0.006100 0.004600 0.018000 0.001900 0.008800 0.015100 0.020500 0.020600 0.018200 0.013500 0.015100 0.016200 0.015800
HarveysDui 0.008800 0.043300 0.018500 0.038400 0.012900 0.008400 0.005300 0.010000 0.015400 0.016600 0.006900 0.015800 0.009200 0.007300 0.010800 0.010000 0.018300 0.019400 0.008100 0.015400 0.010800 0.007700 0.013900 0.017400 0.007300 0.012400 0.008400 0.015800 0.012300 0.015400 0.015800 0.000000 0.024100 0.009200 0.009200 0.014600 0.006900 0.012100 0.015000 0.017400 0.015000 0.011600 0.016900 0.019300 0.014700 0.013800 0.013900 0.012300 0.006900 0.016200 0.016200 0.015800
Pronghorn 0.021800 0.047600 0.026100 0.044300 0.027900 0.021800 0.023700 0.025000 0.022900 0.020600 0.021800 0.023000 0.023100 0.026100 0.022600 0.025000 0.022800 0.023200 0.021800 0.022900 0.025400 0.021000 0.018700 0.021900 0.022200 0.027500 0.023100 0.023300 0.027300 0.022900 0.019800 0.024100 0.000000 0.024700 0.023000 0.022600 0.021800 0.027900 0.029300 0.021500 0.019500 0.026700 0.020600 0.023500 0.022600 0.027300 0.029000 0.026200 0.020200 0.024100 0.022900 0.023400
BlueWildeb 0.008800 0.043800 0.019300 0.038600 0.014400 0.008400 0.010000 0.011500 0.016200 0.017100 0.006900 0.016600 0.003800 0.011900 0.011500 0.011500 0.019100 0.020200 0.008100 0.016200 0.012300 0.007300 0.013500 0.017900 0.007300 0.014000 0.003100 0.016600 0.013900 0.016200 0.015500 0.009200 0.024700 0.000000 0.007700 0.015400 0.006900 0.013700 0.015800 0.017900 0.015000 0.013200 0.017500 0.020100 0.015500 0.013100 0.015200 0.012400 0.007700 0.017000 0.017000 0.016600
Gemsbok 0.008000 0.041100 0.018200 0.037100 0.012900 0.007700 0.009200 0.010800 0.015100 0.016200 0.006100 0.015500 0.006900 0.011100 0.010800 0.010800 0.017900 0.018200 0.007300 0.015100 0.011500 0.006900 0.013100 0.017000 0.006500 0.013200 0.006100 0.015500 0.013100 0.014300 0.015400 0.009200 0.023000 0.007700 0.000000 0.014300 0.006100 0.012100 0.015800 0.017000 0.014700 0.012400 0.016600 0.019000 0.014300 0.013800 0.014300 0.012400 0.007000 0.015300 0.015900 0.015500
Yak 0.013500 0.043400 0.009200 0.036500 0.017600 0.013100 0.014300 0.015500 0.006100 0.015800 0.012300 0.005000 0.014700 0.016600 0.016200 0.016300 0.018600 0.019500 0.013100 0.006100 0.016300 0.012300 0.013900 0.018300 0.012300 0.018000 0.013900 0.006500 0.018700 0.006100 0.015000 0.014600 0.022600 0.015400 0.014300 0.000000 0.012300 0.017600 0.020700 0.017400 0.015100 0.017200 0.016200 0.019400 0.001500 0.018500 0.020300 0.017400 0.012300 0.016200 0.006900 0.006500
BlueSheep 0.004200 0.041600 0.016200 0.036800 0.011300 0.003800 0.006900 0.008500 0.013100 0.014300 0.002300 0.013500 0.006100 0.008800 0.008400 0.008500 0.015900 0.017000 0.005000 0.013100 0.009200 0.003100 0.011600 0.015000 0.002700 0.010900 0.005400 0.013500 0.010800 0.013100 0.013500 0.006900 0.021800 0.006900 0.006100 0.012300 0.000000 0.010600 0.013500 0.015000 0.012700 0.010100 0.014600 0.017000 0.012300 0.011500 0.012300 0.010000 0.004600 0.013900 0.013800 0.013500
BohorReedb 0.012500 0.046800 0.021500 0.040300 0.003800 0.012100 0.012900 0.014200 0.018300 0.019100 0.009800 0.018700 0.012900 0.014400 0.013300 0.013700 0.022200 0.023300 0.010900 0.018300 0.014500 0.011300 0.017600 0.021100 0.010200 0.016200 0.012100 0.018000 0.016200 0.018300 0.018300 0.012100 0.027900 0.013700 0.012100 0.017600 0.010600 0.000000 0.018800 0.019900 0.018300 0.015300 0.019500 0.023100 0.016800 0.015600 0.017700 0.016000 0.009800 0.019500 0.019100 0.018700
KirksDik 0.013900 0.048600 0.024400 0.046200 0.018700 0.014300 0.015000 0.009600 0.021300 0.022900 0.012700 0.021700 0.014300 0.017000 0.015800 0.009600 0.025200 0.026100 0.013900 0.021300 0.011200 0.013600 0.020600 0.023300 0.013100 0.012000 0.014300 0.020100 0.011900 0.021300 0.022500 0.015000 0.029300 0.015800 0.015800 0.020700 0.013500 0.018800 0.000000 0.023300 0.021700 0.011200 0.023300 0.025300 0.019900 0.018900 0.012700 0.018200 0.013500 0.022900 0.022100 0.021700
RoeDeer 0.017000 0.042800 0.020900 0.036800 0.021500 0.016600 0.017000 0.019000 0.017800 0.006900 0.014300 0.018600 0.017100 0.018500 0.018200 0.019000 0.017400 0.018200 0.015800 0.017800 0.018200 0.015800 0.005800 0.008500 0.015400 0.020400 0.016300 0.018200 0.021300 0.017800 0.006100 0.017400 0.021500 0.017900 0.017000 0.017400 0.015000 0.019900 0.023300 0.000000 0.006100 0.019600 0.007300 0.009600 0.017400 0.021300 0.022200 0.019800 0.015000 0.016700 0.018500 0.018100
WhiteLippe 0.014300 0.040800 0.018500 0.034800 0.019100 0.013900 0.014600 0.016600 0.015400 0.005400 0.012700 0.016200 0.014300 0.016200 0.015800 0.016200 0.015100 0.015900 0.013500 0.015400 0.015800 0.013500 0.002700 0.008500 0.013100 0.017200 0.012700 0.015800 0.018600 0.015400 0.004600 0.015000 0.019500 0.015000 0.014700 0.015100 0.012700 0.018300 0.021700 0.006100 0.000000 0.016400 0.005700 0.009600 0.015100 0.019700 0.020600 0.017400 0.012300 0.013500 0.016200 0.015800
ThomsonGaz 0.010800 0.045400 0.020600 0.040700 0.016100 0.011200 0.011600 0.007000 0.017500 0.018800 0.009300 0.018300 0.012400 0.013200 0.013200 0.003900 0.020900 0.021900 0.011200 0.017500 0.006200 0.010800 0.016000 0.019600 0.009300 0.000800 0.010900 0.017100 0.006200 0.017500 0.018000 0.011600 0.026700 0.013200 0.012400 0.017200 0.010100 0.015300 0.011200 0.019600 0.016400 0.000000 0.019100 0.021600 0.016400 0.016300 0.010400 0.015500 0.010100 0.017800 0.018200 0.017800
MuntiacusC 0.016600 0.042700 0.019700 0.035900 0.020200 0.016200 0.016600 0.018500 0.016600 0.001100 0.014600 0.017300 0.016700 0.018100 0.017800 0.018500 0.016600 0.016600 0.015400 0.016600 0.017800 0.015400 0.005400 0.009600 0.015000 0.020000 0.015900 0.017000 0.020900 0.016600 0.001900 0.016900 0.020600 0.017500 0.016600 0.016200 0.014600 0.019500 0.023300 0.007300 0.005700 0.019100 0.000000 0.010000 0.016200 0.021600 0.021700 0.018500 0.014600 0.016200 0.017300 0.016900
WhiteTaile 0.019000 0.046900 0.022900 0.040100 0.023800 0.018600 0.018900 0.020900 0.019300 0.009600 0.017000 0.021300 0.019300 0.021300 0.020100 0.021000 0.020200 0.020200 0.017800 0.019700 0.020200 0.017800 0.008500 0.003400 0.017400 0.022400 0.018500 0.020100 0.022900 0.020500 0.008800 0.019300 0.023500 0.020100 0.019000 0.019400 0.017000 0.023100 0.025300 0.009600 0.009600 0.021600 0.010000 0.000000 0.019400 0.022500 0.024100 0.020900 0.017000 0.020100 0.021300 0.020900
Cattle 0.013500 0.043700 0.009200 0.036900 0.016800 0.013100 0.014300 0.015600 0.006100 0.015800 0.011600 0.005000 0.014700 0.016600 0.015500 0.015600 0.018600 0.019500 0.013100 0.006100 0.016400 0.012300 0.013900 0.018300 0.011600 0.017300 0.013900 0.005700 0.017900 0.006100 0.015100 0.014700 0.022600 0.015500 0.014300 0.001500 0.012300 0.016800 0.019900 0.017400 0.015100 0.016400 0.016200 0.019400 0.000000 0.018600 0.020400 0.017400 0.012300 0.016200 0.006900 0.006500
RoyalAntel 0.013400 0.047800 0.020800 0.041300 0.017100 0.013100 0.013800 0.015200 0.019300 0.021200 0.011500 0.019700 0.012300 0.015800 0.015400 0.015400 0.021400 0.022500 0.011100 0.019300 0.015400 0.011500 0.018500 0.020500 0.011500 0.017100 0.012300 0.019700 0.017700 0.019300 0.020500 0.013800 0.027300 0.013100 0.013800 0.018500 0.011500 0.015600 0.018900 0.021300 0.019700 0.016300 0.021600 0.022500 0.018600 0.000000 0.019300 0.017000 0.010700 0.020100 0.020100 0.019700
Steenbok 0.013500 0.046200 0.024100 0.041800 0.018500 0.013900 0.013900 0.009200 0.020900 0.021300 0.012300 0.021300 0.014400 0.015800 0.016200 0.009200 0.023100 0.024800 0.013500 0.020900 0.010000 0.013100 0.019400 0.022200 0.012700 0.011200 0.013600 0.021300 0.011600 0.020900 0.020600 0.013900 0.029000 0.015200 0.014300 0.020300 0.012300 0.017700 0.012700 0.022200 0.020600 0.010400 0.021700 0.024100 0.020400 0.019300 0.000000 0.017900 0.012300 0.021500 0.021700 0.021300
Impala 0.012000 0.045300 0.021700 0.040700 0.016800 0.011600 0.011500 0.013900 0.018500 0.018900 0.010000 0.018900 0.012400 0.014200 0.012300 0.013900 0.020700 0.022500 0.011200 0.018500 0.013900 0.010800 0.016200 0.019800 0.010400 0.016300 0.011600 0.018900 0.016300 0.018500 0.018200 0.012300 0.026200 0.012400 0.012400 0.017400 0.010000 0.016000 0.018200 0.019800 0.017400 0.015500 0.018500 0.020900 0.017400 0.017000 0.017900 0.000000 0.010000 0.018600 0.019300 0.018100
Klipspring 0.006500 0.041500 0.016400 0.036100 0.010500 0.006100 0.006900 0.008200 0.013200 0.014200 0.004600 0.013500 0.006900 0.008800 0.008400 0.007700 0.015900 0.017000 0.005000 0.013200 0.008400 0.005400 0.011500 0.015000 0.005000 0.010800 0.006100 0.013600 0.010000 0.013200 0.013500 0.006900 0.020200 0.007700 0.007000 0.012300 0.004600 0.009800 0.013500 0.015000 0.012300 0.010100 0.014600 0.017000 0.012300 0.010700 0.012300 0.010000 0.000000 0.012300 0.014100 0.013600
ForestMusk 0.015500 0.043800 0.019400 0.037800 0.020300 0.015100 0.015800 0.017800 0.017000 0.015900 0.013900 0.017000 0.016200 0.017400 0.017100 0.017800 0.018600 0.018600 0.014700 0.017000 0.018600 0.014600 0.013900 0.018200 0.014300 0.018600 0.014600 0.017400 0.020100 0.016300 0.015100 0.016200 0.024100 0.017000 0.015300 0.016200 0.013900 0.019500 0.022900 0.016700 0.013500 0.017800 0.016200 0.020100 0.016200 0.020100 0.021500 0.018600 0.012300 0.000000 0.017800 0.017500
Bushbuck 0.015000 0.043900 0.005300 0.038000 0.019100 0.014600 0.015800 0.017000 0.002300 0.017000 0.013800 0.007300 0.016200 0.018100 0.017000 0.017800 0.019400 0.020600 0.014600 0.003000 0.017400 0.013800 0.015000 0.019300 0.013800 0.019100 0.015400 0.002700 0.020100 0.002300 0.016200 0.016200 0.022900 0.017000 0.015900 0.006900 0.013800 0.019100 0.022100 0.018500 0.016200 0.018200 0.017300 0.021300 0.006900 0.020100 0.021700 0.019300 0.014100 0.017800 0.000000 0.002700
GreaterKud 0.014700 0.042700 0.005000 0.036700 0.018700 0.014300 0.015400 0.016600 0.001900 0.016600 0.013500 0.007600 0.015900 0.017700 0.017300 0.017400 0.019000 0.020200 0.014200 0.002700 0.017000 0.013500 0.014600 0.018900 0.013500 0.018600 0.015100 0.002300 0.019700 0.001900 0.015800 0.015800 0.023400 0.016600 0.015500 0.006500 0.013500 0.018700 0.021700 0.018100 0.015800 0.017800 0.016900 0.020900 0.006500 0.019700 0.021300 0.018100 0.013600 0.017500 0.002700 0.000000
