1
52 1
Argali 0.000000 0.046200 0.009400 0.061800 0.004700 0.004700 0.004700 0.000100 0.009400 0.007000 0.002300 0.004700 0.002300 0.002300 0.002400 0.004700 0.019100 0.016500 0.002300 0.009400 0.007000 0.002300 0.007100 0.007000 0.002300 0.009400 0.002300 0.009400 0.009400 0.016600 0.007000 0.002300 0.014200 0.002300 0.004700 0.007100 0.002300 0.004700 0.004700 0.011700 0.007100 0.007100 0.007000 0.009400 0.007100 0.004700 0.004700 0.000000 0.002300 0.009400 0.009400 0.009400
LesserMous 0.046200 0.000000 0.046200 0.046400 0.048700 0.043700 0.046000 0.046100 0.046200 0.038600 0.048600 0.046200 0.043600 0.043900 0.043900 0.046200 0.045700 0.042700 0.046100 0.046200 0.043500 0.048800 0.043800 0.038600 0.048600 0.051300 0.043700 0.046200 0.046000 0.048800 0.038500 0.043900 0.040400 0.043700 0.045400 0.043800 0.048600 0.048600 0.046000 0.035900 0.043700 0.043700 0.038500 0.041400 0.043800 0.043500 0.046300 0.046100 0.048700 0.037800 0.046200 0.046100
LesserKudu 0.009400 0.046200 0.000000 0.061400 0.014200 0.014200 0.009400 0.009400 0.000000 0.007000 0.007000 0.009400 0.011800 0.007000 0.011900 0.009400 0.019100 0.016500 0.011700 0.000000 0.007000 0.007100 0.011800 0.007000 0.007000 0.014200 0.011800 0.000000 0.014100 0.007000 0.007000 0.007000 0.014200 0.011800 0.009400 0.007100 0.007000 0.014100 0.009400 0.011700 0.011800 0.007000 0.007000 0.009400 0.002300 0.009300 0.009400 0.009400 0.011700 0.014100 0.000000 0.000000
KillerWhal 0.061800 0.046400 0.061400 0.000000 0.063800 0.061200 0.061200 0.061300 0.061400 0.058300 0.059400 0.066500 0.059100 0.059400 0.061200 0.056700 0.065800 0.063000 0.061500 0.061300 0.058900 0.059200 0.063700 0.058600 0.059400 0.061800 0.059100 0.061400 0.057900 0.066800 0.058300 0.059500 0.060100 0.059100 0.057600 0.062700 0.059200 0.063700 0.059600 0.057700 0.063700 0.059100 0.058200 0.061600 0.057400 0.058900 0.056400 0.061700 0.063700 0.052400 0.061400 0.061200
DefassaWat 0.004700 0.048700 0.014200 0.063800 0.000000 0.004700 0.009400 0.004700 0.014200 0.011800 0.007000 0.009400 0.007100 0.007000 0.007100 0.009400 0.024000 0.021400 0.002300 0.014200 0.011700 0.007100 0.011800 0.011800 0.007000 0.014200 0.007100 0.014200 0.014100 0.021500 0.011700 0.007000 0.019000 0.007100 0.009400 0.011800 0.007000 0.000100 0.009400 0.011700 0.011800 0.011800 0.011800 0.014100 0.011800 0.009400 0.009400 0.004700 0.007000 0.009400 0.014200 0.014200
Sheep 0.004700 0.043700 0.014200 0.061200 0.004700 0.000000 0.009400 0.004700 0.014200 0.011700 0.007000 0.009400 0.007000 0.007000 0.002400 0.009400 0.024000 0.021300 0.002300 0.014200 0.011700 0.007100 0.011800 0.011700 0.007000 0.014200 0.007100 0.014100 0.014100 0.021400 0.011700 0.007000 0.019000 0.007100 0.004700 0.011800 0.007000 0.004700 0.009400 0.007000 0.011800 0.011800 0.011700 0.014100 0.011800 0.009300 0.009400 0.004700 0.007000 0.009400 0.014100 0.014100
MaxwellsDu 0.004700 0.046000 0.009400 0.061200 0.009400 0.009400 0.000000 0.004700 0.009400 0.007000 0.007000 0.009300 0.007000 0.002300 0.007100 0.004700 0.014200 0.011700 0.007000 0.009400 0.007000 0.007000 0.011700 0.007000 0.007000 0.009400 0.007000 0.009300 0.009300 0.016500 0.007000 0.002300 0.014100 0.007000 0.009300 0.007000 0.007000 0.009300 0.004600 0.011600 0.011700 0.007000 0.007000 0.009300 0.007000 0.004600 0.004700 0.004700 0.007000 0.009300 0.009300 0.009400
GazellaPrz 0.000100 0.046100 0.009400 0.061300 0.004700 0.004700 0.004700 0.000000 0.009400 0.007000 0.002300 0.004700 0.002300 0.002300 0.002400 0.004700 0.019100 0.016500 0.002300 0.009400 0.007000 0.002300 0.007000 0.007000 0.002300 0.009400 0.002300 0.009400 0.009300 0.016600 0.007000 0.002300 0.014100 0.002300 0.004700 0.007000 0.002300 0.004700 0.004600 0.011700 0.007000 0.007000 0.007000 0.009300 0.007000 0.004600 0.004700 0.000100 0.002300 0.009400 0.009400 0.009400
MountainNy 0.009400 0.046200 0.000000 0.061400 0.014200 0.014200 0.009400 0.009400 0.000000 0.007000 0.007000 0.009400 0.011800 0.007000 0.011900 0.009400 0.019100 0.016600 0.011800 0.000000 0.007000 0.007100 0.011800 0.007000 0.007000 0.014200 0.011800 0.000000 0.014100 0.007000 0.007000 0.007000 0.014200 0.011800 0.009400 0.007100 0.007000 0.014200 0.009400 0.011700 0.011800 0.007100 0.007000 0.009400 0.002300 0.009300 0.009400 0.009400 0.011700 0.014100 0.000000 0.000000
MuntiacusM 0.007000 0.038600 0.007000 0.058300 0.011800 0.011700 0.007000 0.007000 0.007000 0.000000 0.009400 0.007000 0.009400 0.004700 0.009500 0.007000 0.011800 0.009300 0.009400 0.007000 0.004700 0.009400 0.004700 0.000100 0.009400 0.011800 0.009400 0.007000 0.011700 0.011800 0.000100 0.004600 0.007000 0.009400 0.011700 0.004700 0.009400 0.011700 0.007000 0.004600 0.004700 0.004700 0.000000 0.002300 0.004700 0.007000 0.007000 0.007000 0.009400 0.007000 0.007000 0.007000
goat 0.002300 0.048600 0.007000 0.059400 0.007000 0.007000 0.007000 0.002300 0.007000 0.009400 0.000000 0.007000 0.004700 0.004700 0.004700 0.007000 0.021500 0.018900 0.004700 0.007000 0.009300 0.000000 0.009400 0.009400 0.000000 0.011800 0.004700 0.007000 0.011700 0.014200 0.009300 0.004600 0.016500 0.004700 0.002300 0.009400 0.000000 0.007000 0.007000 0.014000 0.009400 0.009400 0.009400 0.011700 0.004700 0.007000 0.007000 0.002300 0.004700 0.011700 0.007000 0.007000
AfricanBuf 0.004700 0.046200 0.009400 0.066500 0.009400 0.009400 0.009300 0.004700 0.009400 0.007000 0.007000 0.000000 0.007000 0.007000 0.007100 0.009400 0.019100 0.016500 0.007000 0.009400 0.007000 0.007100 0.002300 0.007000 0.007000 0.014100 0.007000 0.009400 0.014100 0.016600 0.007000 0.007000 0.014100 0.007000 0.009400 0.007000 0.007000 0.009400 0.009300 0.011700 0.002300 0.007000 0.007000 0.009400 0.007000 0.009300 0.009400 0.004700 0.007000 0.014100 0.009400 0.009400
Topi 0.002300 0.043600 0.011800 0.059100 0.007100 0.007000 0.007000 0.002300 0.011800 0.009400 0.004700 0.007000 0.000000 0.004900 0.004700 0.007000 0.021500 0.018900 0.004700 0.011800 0.009300 0.004700 0.009400 0.009400 0.004700 0.011800 0.000000 0.011700 0.011700 0.019000 0.009300 0.004900 0.016500 0.000000 0.007000 0.009400 0.004700 0.007000 0.007000 0.014000 0.009400 0.009400 0.009400 0.012200 0.009400 0.007000 0.007000 0.002300 0.004700 0.011800 0.011700 0.011800
CommonDuik 0.002300 0.043900 0.007000 0.059400 0.007000 0.007000 0.002300 0.002300 0.007000 0.004700 0.004700 0.007000 0.004900 0.000000 0.004700 0.002300 0.016600 0.014100 0.004600 0.007000 0.004600 0.004700 0.009400 0.004700 0.004700 0.007000 0.004900 0.007000 0.007000 0.014100 0.004600 0.000100 0.011700 0.004900 0.007000 0.004700 0.004600 0.007000 0.002300 0.009300 0.009400 0.004700 0.004700 0.007000 0.004700 0.002300 0.002300 0.002300 0.004700 0.007000 0.007000 0.007000
Suni 0.002400 0.043900 0.011900 0.061200 0.007100 0.002400 0.007100 0.002400 0.011900 0.009500 0.004700 0.007100 0.004700 0.004700 0.000000 0.007100 0.021700 0.019100 0.004700 0.011900 0.009400 0.004700 0.009500 0.009500 0.004700 0.011900 0.004700 0.011800 0.011800 0.019100 0.009400 0.004700 0.016700 0.004700 0.002400 0.009500 0.004700 0.007100 0.007100 0.009400 0.009500 0.009500 0.009400 0.011800 0.009500 0.007000 0.007100 0.002400 0.004700 0.011800 0.011800 0.011800
Springbuck 0.004700 0.046200 0.009400 0.056700 0.009400 0.009400 0.004700 0.004700 0.009400 0.007000 0.007000 0.009400 0.007000 0.002300 0.007100 0.000000 0.019200 0.016500 0.007000 0.009400 0.002300 0.007100 0.011800 0.007000 0.007000 0.004700 0.007100 0.009400 0.004700 0.016600 0.007000 0.002300 0.014200 0.007100 0.009400 0.007100 0.007000 0.009400 0.004700 0.011700 0.011800 0.002300 0.007000 0.009400 0.007100 0.004700 0.000100 0.004700 0.007000 0.009400 0.009400 0.009400
Okapi 0.019100 0.045700 0.019100 0.065800 0.024000 0.024000 0.014200 0.019100 0.019100 0.011800 0.021500 0.019100 0.021500 0.016600 0.021700 0.019200 0.000000 0.007100 0.021500 0.019100 0.016600 0.021600 0.016700 0.011800 0.021500 0.019200 0.021600 0.019100 0.023900 0.024200 0.011800 0.016600 0.014300 0.021600 0.023900 0.016700 0.021500 0.023900 0.019000 0.016500 0.016700 0.016700 0.011800 0.014200 0.016700 0.019000 0.019100 0.019100 0.021500 0.014200 0.019100 0.019100
Giraffe 0.016500 0.042700 0.016500 0.063000 0.021400 0.021300 0.011700 0.016500 0.016600 0.009300 0.018900 0.016500 0.018900 0.014100 0.019100 0.016500 0.007100 0.000000 0.018900 0.016600 0.014100 0.019000 0.014100 0.009300 0.018900 0.021400 0.019000 0.016500 0.021200 0.021600 0.009300 0.014000 0.011700 0.018900 0.021300 0.014200 0.018900 0.021300 0.016400 0.014000 0.014100 0.014200 0.009300 0.011700 0.014200 0.016400 0.016600 0.016500 0.018900 0.011700 0.016500 0.016500
TibetanAnt 0.002300 0.046100 0.011700 0.061500 0.002300 0.002300 0.007000 0.002300 0.011800 0.009400 0.004700 0.007000 0.004700 0.004600 0.004700 0.007000 0.021500 0.018900 0.000000 0.011800 0.009300 0.004700 0.009400 0.009400 0.004700 0.011800 0.004700 0.011700 0.011700 0.019000 0.009300 0.004600 0.016500 0.004700 0.007000 0.009400 0.004700 0.002300 0.007000 0.009300 0.009400 0.009400 0.009400 0.011700 0.009400 0.007000 0.007000 0.002300 0.004700 0.007000 0.011700 0.011700
Sitatunga 0.009400 0.046200 0.000000 0.061300 0.014200 0.014200 0.009400 0.009400 0.000000 0.007000 0.007000 0.009400 0.011800 0.007000 0.011900 0.009400 0.019100 0.016600 0.011800 0.000000 0.007000 0.007100 0.011800 0.007000 0.007000 0.014200 0.011800 0.000000 0.014100 0.007000 0.007000 0.007000 0.014200 0.011800 0.009400 0.007100 0.007000 0.014200 0.009400 0.011700 0.011800 0.007100 0.007000 0.009400 0.002300 0.009300 0.009400 0.009400 0.011700 0.014100 0.000000 0.000000
Oribi 0.007000 0.043500 0.007000 0.058900 0.011700 0.011700 0.007000 0.007000 0.007000 0.004700 0.009300 0.007000 0.009300 0.004600 0.009400 0.002300 0.016600 0.014100 0.009300 0.007000 0.000000 0.009400 0.009400 0.004700 0.009300 0.007000 0.009400 0.007000 0.007000 0.014100 0.004600 0.004600 0.011700 0.009400 0.011700 0.004700 0.009300 0.011700 0.007000 0.009300 0.009400 0.000100 0.004700 0.007000 0.004700 0.007000 0.002300 0.007000 0.009300 0.011700 0.007000 0.007000
BarbaryShe 0.002300 0.048800 0.007100 0.059200 0.007100 0.007100 0.007000 0.002300 0.007100 0.009400 0.000000 0.007100 0.004700 0.004700 0.004700 0.007100 0.021600 0.019000 0.004700 0.007100 0.009400 0.000000 0.009500 0.009400 0.000100 0.011800 0.004700 0.007000 0.011700 0.014200 0.009400 0.004700 0.016600 0.004700 0.002300 0.009500 0.000000 0.007100 0.007000 0.014100 0.009500 0.009400 0.009400 0.011800 0.004700 0.007000 0.007100 0.002300 0.004700 0.011800 0.007000 0.007100
Daviddeer 0.007100 0.043800 0.011800 0.063700 0.011800 0.011800 0.011700 0.007000 0.011800 0.004700 0.009400 0.002300 0.009400 0.009400 0.009500 0.011800 0.016700 0.014100 0.009400 0.011800 0.009400 0.009500 0.000000 0.004700 0.009400 0.016600 0.009400 0.011800 0.016500 0.016700 0.004700 0.009400 0.011800 0.009400 0.011800 0.009500 0.009400 0.011800 0.011700 0.009300 0.000000 0.009400 0.004700 0.007000 0.009400 0.011700 0.011800 0.007100 0.009400 0.011700 0.011800 0.011800
Reindeer 0.007000 0.038600 0.007000 0.058600 0.011800 0.011700 0.007000 0.007000 0.007000 0.000100 0.009400 0.007000 0.009400 0.004700 0.009500 0.007000 0.011800 0.009300 0.009400 0.007000 0.004700 0.009400 0.004700 0.000000 0.009400 0.011800 0.009400 0.007000 0.011700 0.011900 0.000100 0.004600 0.007000 0.009400 0.011700 0.004700 0.009400 0.011700 0.007000 0.004600 0.004700 0.004700 0.000100 0.002300 0.004700 0.007000 0.007000 0.007000 0.009400 0.007000 0.007000 0.007000
Ibex 0.002300 0.048600 0.007000 0.059400 0.007000 0.007000 0.007000 0.002300 0.007000 0.009400 0.000000 0.007000 0.004700 0.004700 0.004700 0.007000 0.021500 0.018900 0.004700 0.007000 0.009300 0.000100 0.009400 0.009400 0.000000 0.011800 0.004700 0.007000 0.011700 0.014200 0.009300 0.004600 0.016500 0.004700 0.002300 0.009400 0.000000 0.007000 0.007000 0.014000 0.009400 0.009400 0.009400 0.011700 0.004700 0.007000 0.007000 0.002300 0.004700 0.011700 0.007000 0.007000
GyrantGaze 0.009400 0.051300 0.014200 0.061800 0.014200 0.014200 0.009400 0.009400 0.014200 0.011800 0.011800 0.014100 0.011800 0.007000 0.011900 0.004700 0.019200 0.021400 0.011800 0.014200 0.007000 0.011800 0.016600 0.011800 0.011800 0.000000 0.011800 0.014100 0.009400 0.021400 0.011700 0.007000 0.019000 0.011800 0.014100 0.011800 0.011800 0.014100 0.009400 0.016400 0.016600 0.007100 0.011800 0.014100 0.011800 0.009400 0.004700 0.009400 0.011800 0.014200 0.014100 0.014200
Hartebeest 0.002300 0.043700 0.011800 0.059100 0.007100 0.007100 0.007000 0.002300 0.011800 0.009400 0.004700 0.007000 0.000000 0.004900 0.004700 0.007100 0.021600 0.019000 0.004700 0.011800 0.009400 0.004700 0.009400 0.009400 0.004700 0.011800 0.000000 0.011800 0.011700 0.019000 0.009400 0.004900 0.016600 0.000000 0.007000 0.009500 0.004700 0.007000 0.007000 0.014100 0.009400 0.009400 0.009400 0.012100 0.009400 0.007000 0.007100 0.002300 0.004700 0.011800 0.011800 0.011800
Bongo 0.009400 0.046200 0.000000 0.061400 0.014200 0.014100 0.009300 0.009400 0.000000 0.007000 0.007000 0.009400 0.011700 0.007000 0.011800 0.009400 0.019100 0.016500 0.011700 0.000000 0.007000 0.007000 0.011800 0.007000 0.007000 0.014100 0.011800 0.000000 0.014100 0.007000 0.007000 0.007000 0.014100 0.011800 0.009400 0.007000 0.007000 0.014100 0.009300 0.011700 0.011800 0.007000 0.007000 0.009300 0.002300 0.009300 0.009400 0.009400 0.011700 0.014100 0.000000 0.000000
Gerenuk 0.009400 0.046000 0.014100 0.057900 0.014100 0.014100 0.009300 0.009300 0.014100 0.011700 0.011700 0.014100 0.011700 0.007000 0.011800 0.004700 0.023900 0.021200 0.011700 0.014100 0.007000 0.011700 0.016500 0.011700 0.011700 0.009400 0.011700 0.014100 0.000000 0.021300 0.011700 0.007000 0.018900 0.011700 0.014000 0.011800 0.011700 0.014100 0.009300 0.016300 0.016500 0.007000 0.011700 0.014000 0.011700 0.009300 0.004700 0.009300 0.011700 0.014100 0.014100 0.014100
CommonElan 0.016600 0.048800 0.007000 0.066800 0.021500 0.021400 0.016500 0.016600 0.007000 0.011800 0.014200 0.016600 0.019000 0.014100 0.019100 0.016600 0.024200 0.021600 0.019000 0.007000 0.014100 0.014200 0.016700 0.011900 0.014200 0.021400 0.019000 0.007000 0.021300 0.000000 0.011800 0.014100 0.016700 0.019000 0.016500 0.014200 0.014200 0.021400 0.016500 0.016500 0.016700 0.014200 0.011800 0.014200 0.009400 0.016500 0.016600 0.016600 0.018900 0.019100 0.007000 0.007000
MuntiacusR 0.007000 0.038500 0.007000 0.058300 0.011700 0.011700 0.007000 0.007000 0.007000 0.000100 0.009300 0.007000 0.009300 0.004600 0.009400 0.007000 0.011800 0.009300 0.009300 0.007000 0.004600 0.009400 0.004700 0.000100 0.009300 0.011700 0.009400 0.007000 0.011700 0.011800 0.000000 0.004600 0.007000 0.009400 0.011700 0.004700 0.009300 0.011700 0.007000 0.004600 0.004700 0.004700 0.000100 0.002300 0.004700 0.007000 0.007000 0.007000 0.009300 0.007000 0.007000 0.007000
HarveysDui 0.002300 0.043900 0.007000 0.059500 0.007000 0.007000 0.002300 0.002300 0.007000 0.004600 0.004600 0.007000 0.004900 0.000100 0.004700 0.002300 0.016600 0.014000 0.004600 0.007000 0.004600 0.004700 0.009400 0.004600 0.004600 0.007000 0.004900 0.007000 0.007000 0.014100 0.004600 0.000000 0.011700 0.004900 0.007000 0.004700 0.004600 0.007000 0.002300 0.009300 0.009400 0.004700 0.004600 0.007000 0.004700 0.002300 0.002300 0.002300 0.004600 0.007000 0.007000 0.007000
Pronghorn 0.014200 0.040400 0.014200 0.060100 0.019000 0.019000 0.014100 0.014100 0.014200 0.007000 0.016500 0.014100 0.016500 0.011700 0.016700 0.014200 0.014300 0.011700 0.016500 0.014200 0.011700 0.016600 0.011800 0.007000 0.016500 0.019000 0.016600 0.014100 0.018900 0.016700 0.007000 0.011700 0.000000 0.016600 0.018900 0.011800 0.016500 0.018900 0.014100 0.011700 0.011800 0.011800 0.007000 0.004700 0.011800 0.014100 0.014200 0.014200 0.016500 0.009400 0.014100 0.014200
BlueWildeb 0.002300 0.043700 0.011800 0.059100 0.007100 0.007100 0.007000 0.002300 0.011800 0.009400 0.004700 0.007000 0.000000 0.004900 0.004700 0.007100 0.021600 0.018900 0.004700 0.011800 0.009400 0.004700 0.009400 0.009400 0.004700 0.011800 0.000000 0.011800 0.011700 0.019000 0.009400 0.004900 0.016600 0.000000 0.007000 0.009400 0.004700 0.007000 0.007000 0.014100 0.009400 0.009400 0.009400 0.012100 0.009400 0.007000 0.007100 0.002300 0.004700 0.011800 0.011800 0.011800
Gemsbok 0.004700 0.045400 0.009400 0.057600 0.009400 0.004700 0.009300 0.004700 0.009400 0.011700 0.002300 0.009400 0.007000 0.007000 0.002400 0.009400 0.023900 0.021300 0.007000 0.009400 0.011700 0.002300 0.011800 0.011700 0.002300 0.014100 0.007000 0.009400 0.014000 0.016500 0.011700 0.007000 0.018900 0.007000 0.000000 0.011800 0.002300 0.009400 0.009300 0.011600 0.011800 0.011800 0.011700 0.014100 0.007000 0.009300 0.009400 0.004700 0.007000 0.014100 0.009400 0.009400
Yak 0.007100 0.043800 0.007100 0.062700 0.011800 0.011800 0.007000 0.007000 0.007100 0.004700 0.009400 0.007000 0.009400 0.004700 0.009500 0.007100 0.016700 0.014200 0.009400 0.007100 0.004700 0.009500 0.009500 0.004700 0.009400 0.011800 0.009500 0.007000 0.011800 0.014200 0.004700 0.004700 0.011800 0.009400 0.011800 0.000000 0.009400 0.011800 0.007000 0.009400 0.009500 0.004700 0.004700 0.007000 0.004700 0.007000 0.007100 0.007100 0.009400 0.011800 0.007000 0.007100
BlueSheep 0.002300 0.048600 0.007000 0.059200 0.007000 0.007000 0.007000 0.002300 0.007000 0.009400 0.000000 0.007000 0.004700 0.004600 0.004700 0.007000 0.021500 0.018900 0.004700 0.007000 0.009300 0.000000 0.009400 0.009400 0.000000 0.011800 0.004700 0.007000 0.011700 0.014200 0.009300 0.004600 0.016500 0.004700 0.002300 0.009400 0.000000 0.007000 0.007000 0.014000 0.009400 0.009400 0.009400 0.011700 0.004700 0.007000 0.007000 0.002300 0.004700 0.011700 0.007000 0.007000
BohorReedb 0.004700 0.048600 0.014100 0.063700 0.000100 0.004700 0.009300 0.004700 0.014200 0.011700 0.007000 0.009400 0.007000 0.007000 0.007100 0.009400 0.023900 0.021300 0.002300 0.014200 0.011700 0.007100 0.011800 0.011700 0.007000 0.014100 0.007000 0.014100 0.014100 0.021400 0.011700 0.007000 0.018900 0.007000 0.009400 0.011800 0.007000 0.000000 0.009300 0.011600 0.011800 0.011800 0.011700 0.014100 0.011800 0.009300 0.009400 0.004700 0.007000 0.009400 0.014100 0.014100
KirksDik 0.004700 0.046000 0.009400 0.059600 0.009400 0.009400 0.004600 0.004600 0.009400 0.007000 0.007000 0.009300 0.007000 0.002300 0.007100 0.004700 0.019000 0.016400 0.007000 0.009400 0.007000 0.007000 0.011700 0.007000 0.007000 0.009400 0.007000 0.009300 0.009300 0.016500 0.007000 0.002300 0.014100 0.007000 0.009300 0.007000 0.007000 0.009300 0.000000 0.011600 0.011700 0.007000 0.007000 0.009300 0.007000 0.004600 0.004700 0.004700 0.007000 0.009300 0.009300 0.009300
RoeDeer 0.011700 0.035900 0.011700 0.057700 0.011700 0.007000 0.011600 0.011700 0.011700 0.004600 0.014000 0.011700 0.014000 0.009300 0.009400 0.011700 0.016500 0.014000 0.009300 0.011700 0.009300 0.014100 0.009300 0.004600 0.014000 0.016400 0.014100 0.011700 0.016300 0.016500 0.004600 0.009300 0.011700 0.014100 0.011600 0.009400 0.014000 0.011600 0.011600 0.000000 0.009300 0.009300 0.004600 0.006900 0.009300 0.011600 0.011700 0.011700 0.014000 0.007000 0.011700 0.011700
WhiteLippe 0.007100 0.043700 0.011800 0.063700 0.011800 0.011800 0.011700 0.007000 0.011800 0.004700 0.009400 0.002300 0.009400 0.009400 0.009500 0.011800 0.016700 0.014100 0.009400 0.011800 0.009400 0.009500 0.000000 0.004700 0.009400 0.016600 0.009400 0.011800 0.016500 0.016700 0.004700 0.009400 0.011800 0.009400 0.011800 0.009500 0.009400 0.011800 0.011700 0.009300 0.000000 0.009400 0.004700 0.007000 0.009400 0.011700 0.011800 0.007000 0.009400 0.011700 0.011800 0.011800
ThomsonGaz 0.007100 0.043700 0.007000 0.059100 0.011800 0.011800 0.007000 0.007000 0.007100 0.004700 0.009400 0.007000 0.009400 0.004700 0.009500 0.002300 0.016700 0.014200 0.009400 0.007100 0.000100 0.009400 0.009400 0.004700 0.009400 0.007100 0.009400 0.007000 0.007000 0.014200 0.004700 0.004700 0.011800 0.009400 0.011800 0.004700 0.009400 0.011800 0.007000 0.009300 0.009400 0.000000 0.004700 0.007000 0.004700 0.007000 0.002300 0.007000 0.009400 0.011800 0.007000 0.007000
MuntiacusC 0.007000 0.038500 0.007000 0.058200 0.011800 0.011700 0.007000 0.007000 0.007000 0.000000 0.009400 0.007000 0.009400 0.004700 0.009400 0.007000 0.011800 0.009300 0.009400 0.007000 0.004700 0.009400 0.004700 0.000100 0.009400 0.011800 0.009400 0.007000 0.011700 0.011800 0.000100 0.004600 0.007000 0.009400 0.011700 0.004700 0.009400 0.011700 0.007000 0.004600 0.004700 0.004700 0.000000 0.002300 0.004700 0.007000 0.007000 0.007000 0.009400 0.007000 0.007000 0.007000
WhiteTaile 0.009400 0.041400 0.009400 0.061600 0.014100 0.014100 0.009300 0.009300 0.009400 0.002300 0.011700 0.009400 0.012200 0.007000 0.011800 0.009400 0.014200 0.011700 0.011700 0.009400 0.007000 0.011800 0.007000 0.002300 0.011700 0.014100 0.012100 0.009300 0.014000 0.014200 0.002300 0.007000 0.004700 0.012100 0.014100 0.007000 0.011700 0.014100 0.009300 0.006900 0.007000 0.007000 0.002300 0.000000 0.007000 0.009300 0.009400 0.009400 0.011700 0.009300 0.009300 0.009400
Cattle 0.007100 0.043800 0.002300 0.057400 0.011800 0.011800 0.007000 0.007000 0.002300 0.004700 0.004700 0.007000 0.009400 0.004700 0.009500 0.007100 0.016700 0.014200 0.009400 0.002300 0.004700 0.004700 0.009400 0.004700 0.004700 0.011800 0.009400 0.002300 0.011700 0.009400 0.004700 0.004700 0.011800 0.009400 0.007000 0.004700 0.004700 0.011800 0.007000 0.009300 0.009400 0.004700 0.004700 0.007000 0.000000 0.007000 0.007100 0.007000 0.009400 0.011800 0.002300 0.002300
RoyalAntel 0.004700 0.043500 0.009300 0.058900 0.009400 0.009300 0.004600 0.004600 0.009300 0.007000 0.007000 0.009300 0.007000 0.002300 0.007000 0.004700 0.019000 0.016400 0.007000 0.009300 0.007000 0.007000 0.011700 0.007000 0.007000 0.009400 0.007000 0.009300 0.009300 0.016500 0.007000 0.002300 0.014100 0.007000 0.009300 0.007000 0.007000 0.009300 0.004600 0.011600 0.011700 0.007000 0.007000 0.009300 0.007000 0.000000 0.004700 0.004600 0.007000 0.009300 0.009300 0.009300
Steenbok 0.004700 0.046300 0.009400 0.056400 0.009400 0.009400 0.004700 0.004700 0.009400 0.007000 0.007000 0.009400 0.007000 0.002300 0.007100 0.000100 0.019100 0.016600 0.007000 0.009400 0.002300 0.007100 0.011800 0.007000 0.007000 0.004700 0.007100 0.009400 0.004700 0.016600 0.007000 0.002300 0.014200 0.007100 0.009400 0.007100 0.007000 0.009400 0.004700 0.011700 0.011800 0.002300 0.007000 0.009400 0.007100 0.004700 0.000000 0.004700 0.007000 0.009400 0.009400 0.009400
Impala 0.000000 0.046100 0.009400 0.061700 0.004700 0.004700 0.004700 0.000100 0.009400 0.007000 0.002300 0.004700 0.002300 0.002300 0.002400 0.004700 0.019100 0.016500 0.002300 0.009400 0.007000 0.002300 0.007100 0.007000 0.002300 0.009400 0.002300 0.009400 0.009300 0.016600 0.007000 0.002300 0.014200 0.002300 0.004700 0.007100 0.002300 0.004700 0.004700 0.011700 0.007000 0.007000 0.007000 0.009400 0.007000 0.004600 0.004700 0.000000 0.002300 0.009400 0.009400 0.009400
Klipspring 0.002300 0.048700 0.011700 0.063700 0.007000 0.007000 0.007000 0.002300 0.011700 0.009400 0.004700 0.007000 0.004700 0.004700 0.004700 0.007000 0.021500 0.018900 0.004700 0.011700 0.009300 0.004700 0.009400 0.009400 0.004700 0.011800 0.004700 0.011700 0.011700 0.018900 0.009300 0.004600 0.016500 0.004700 0.007000 0.009400 0.004700 0.007000 0.007000 0.014000 0.009400 0.009400 0.009400 0.011700 0.009400 0.007000 0.007000 0.002300 0.000000 0.011700 0.011700 0.011700
ForestMusk 0.009400 0.037800 0.014100 0.052400 0.009400 0.009400 0.009300 0.009400 0.014100 0.007000 0.011700 0.014100 0.011800 0.007000 0.011800 0.009400 0.014200 0.011700 0.007000 0.014100 0.011700 0.011800 0.011700 0.007000 0.011700 0.014200 0.011800 0.014100 0.014100 0.019100 0.007000 0.007000 0.009400 0.011800 0.014100 0.011800 0.011700 0.009400 0.009300 0.007000 0.011700 0.011800 0.007000 0.009300 0.011800 0.009300 0.009400 0.009400 0.011700 0.000000 0.014100 0.014100
Bushbuck 0.009400 0.046200 0.000000 0.061400 0.014200 0.014100 0.009300 0.009400 0.000000 0.007000 0.007000 0.009400 0.011700 0.007000 0.011800 0.009400 0.019100 0.016500 0.011700 0.000000 0.007000 0.007000 0.011800 0.007000 0.007000 0.014100 0.011800 0.000000 0.014100 0.007000 0.007000 0.007000 0.014100 0.011800 0.009400 0.007000 0.007000 0.014100 0.009300 0.011700 0.011800 0.007000 0.007000 0.009300 0.002300 0.009300 0.009400 0.009400 0.011700 0.014100 0.000000 0.000000
GreaterKud 0.009400 0.046100 0.000000 0.061200 0.014200 0.014100 0.009400 0.009400 0.000000 0.007000 0.007000 0.009400 0.011800 0.007000 0.011800 0.009400 0.019100 0.016500 0.011700 0.000000 0.007000 0.007100 0.011800 0.007000 0.007000 0.014200 0.011800 0.000000 0.014100 0.007000 0.007000 0.007000 0.014200 0.011800 0.009400 0.007100 0.007000 0.014100 0.009300 0.011700 0.011800 0.007000 0.007000 0.009400 0.002300 0.009300 0.009400 0.009400 0.011700 0.014100 0.000000 0.000000
