1
52 1
Argali 0.000000 0.006400 0.002100 0.004300 0.002100 0.000000 0.000000 0.000100 0.002100 0.002100 0.000000 0.002100 0.000000 0.000000 0.002100 0.002100 0.002100 0.002200 0.000000 0.002100 0.000000 0.002100 0.002100 0.002100 0.000000 0.000000 0.000000 0.002100 0.000000 0.004300 0.002100 0.000000 0.002100 0.000000 0.004300 0.002100 0.000000 0.002100 0.000100 0.002100 0.002100 0.000000 0.002100 0.002100 0.002100 0.000000 0.000000 0.000100 0.002100 0.004300 0.002100 0.002100
LesserMous 0.006400 0.000000 0.004300 0.006400 0.008600 0.006400 0.006400 0.006500 0.004300 0.004300 0.006400 0.004300 0.006400 0.006400 0.008600 0.008600 0.004300 0.004300 0.006400 0.004300 0.006500 0.008900 0.004300 0.004300 0.006400 0.006500 0.006500 0.004300 0.006500 0.006400 0.004300 0.006500 0.004300 0.006400 0.010800 0.004300 0.006400 0.008600 0.006500 0.004300 0.004300 0.006500 0.004300 0.004300 0.004300 0.006500 0.006500 0.006500 0.008600 0.006500 0.004300 0.004300
LesserKudu 0.002100 0.004300 0.000000 0.002100 0.004300 0.002100 0.002100 0.002100 0.000000 0.000100 0.002100 0.000100 0.002100 0.002100 0.004300 0.004300 0.000100 0.000100 0.002100 0.000000 0.002100 0.004800 0.000100 0.000100 0.002100 0.002100 0.002100 0.000000 0.002100 0.002100 0.000100 0.002100 0.000100 0.002100 0.006500 0.000100 0.002100 0.004300 0.002100 0.000100 0.000100 0.002100 0.000100 0.000100 0.000100 0.002100 0.002100 0.002100 0.004300 0.002100 0.000000 0.000000
KillerWhal 0.004300 0.006400 0.002100 0.000000 0.006400 0.004300 0.004300 0.004300 0.002100 0.002100 0.004300 0.002100 0.004300 0.004300 0.006400 0.006400 0.002100 0.002100 0.004300 0.002100 0.004300 0.006700 0.002100 0.002100 0.004300 0.004300 0.004300 0.002100 0.004300 0.004300 0.002100 0.004300 0.002100 0.004300 0.008600 0.002100 0.004300 0.006400 0.004300 0.002100 0.002100 0.004300 0.002100 0.002100 0.002100 0.004300 0.004300 0.004300 0.006400 0.004300 0.002100 0.002100
DefassaWat 0.002100 0.008600 0.004300 0.006400 0.000000 0.002100 0.002100 0.002100 0.004300 0.004300 0.002100 0.004300 0.002100 0.002100 0.004300 0.000000 0.004300 0.004300 0.002100 0.004300 0.002100 0.004300 0.004300 0.004300 0.002100 0.002100 0.002100 0.004300 0.002100 0.002100 0.004300 0.002100 0.004300 0.002100 0.006500 0.004300 0.002100 0.000000 0.002100 0.004300 0.004300 0.002100 0.004300 0.004300 0.004300 0.002100 0.002100 0.002100 0.004300 0.006500 0.004300 0.004300
Sheep 0.000000 0.006400 0.002100 0.004300 0.002100 0.000000 0.000000 0.000100 0.002100 0.002100 0.000000 0.002100 0.000100 0.000000 0.002100 0.002100 0.002100 0.002200 0.000000 0.002100 0.000000 0.002100 0.002100 0.002100 0.000000 0.000100 0.000100 0.002100 0.000000 0.004300 0.002100 0.000000 0.002100 0.000100 0.004300 0.002100 0.000000 0.002100 0.000100 0.002100 0.002100 0.000000 0.002100 0.002100 0.002100 0.000000 0.000000 0.000100 0.002100 0.004300 0.002100 0.002100
MaxwellsDu 0.000000 0.006400 0.002100 0.004300 0.002100 0.000000 0.000000 0.000100 0.002100 0.002100 0.000000 0.002100 0.000100 0.000000 0.002100 0.002100 0.002100 0.002100 0.000000 0.002100 0.000000 0.002100 0.002100 0.002100 0.000000 0.000000 0.000100 0.002100 0.000000 0.004300 0.002100 0.000000 0.002100 0.000000 0.004300 0.002100 0.000000 0.002100 0.000100 0.002100 0.002100 0.000000 0.002100 0.002100 0.002100 0.000000 0.000100 0.000100 0.002100 0.004300 0.002100 0.002100
GazellaPrz 0.000100 0.006500 0.002100 0.004300 0.002100 0.000100 0.000100 0.000000 0.002100 0.002100 0.000100 0.002100 0.000100 0.000000 0.002100 0.002100 0.002100 0.002200 0.000000 0.002100 0.000000 0.002100 0.002100 0.002100 0.000100 0.000100 0.000100 0.002100 0.000000 0.004300 0.002100 0.000100 0.002100 0.000100 0.004300 0.002100 0.000100 0.002100 0.000100 0.002100 0.002100 0.000000 0.002100 0.002100 0.002100 0.000100 0.000100 0.000100 0.002100 0.004300 0.002100 0.002100
MountainNy 0.002100 0.004300 0.000000 0.002100 0.004300 0.002100 0.002100 0.002100 0.000000 0.000100 0.002100 0.000100 0.002100 0.002100 0.004300 0.004300 0.000100 0.000100 0.002100 0.000000 0.002100 0.004800 0.000100 0.000000 0.002100 0.002100 0.002100 0.000000 0.002100 0.002100 0.000100 0.002100 0.000100 0.002100 0.006500 0.000100 0.002100 0.004300 0.002100 0.000100 0.000100 0.002100 0.000100 0.000100 0.000100 0.002100 0.002100 0.002100 0.004300 0.002100 0.000000 0.000000
MuntiacusM 0.002100 0.004300 0.000100 0.002100 0.004300 0.002100 0.002100 0.002100 0.000100 0.000000 0.002100 0.000100 0.002100 0.002100 0.004300 0.004300 0.000100 0.000100 0.002100 0.000100 0.002100 0.004300 0.000000 0.000000 0.002100 0.002100 0.002100 0.000100 0.002100 0.002100 0.000000 0.002100 0.000100 0.002100 0.006500 0.000100 0.002100 0.004300 0.002200 0.000000 0.000000 0.002100 0.000000 0.000000 0.000100 0.002200 0.002100 0.002100 0.004300 0.002100 0.000100 0.000100
goat 0.000000 0.006400 0.002100 0.004300 0.002100 0.000000 0.000000 0.000100 0.002100 0.002100 0.000000 0.002100 0.000100 0.000000 0.002100 0.002100 0.002100 0.002100 0.000000 0.002100 0.000000 0.002100 0.002100 0.002100 0.000000 0.000100 0.000100 0.002100 0.000000 0.004300 0.002100 0.000000 0.002100 0.000100 0.004300 0.002100 0.000000 0.002100 0.000100 0.002100 0.002100 0.000000 0.002100 0.002100 0.002100 0.000000 0.000000 0.000100 0.002100 0.004300 0.002100 0.002100
AfricanBuf 0.002100 0.004300 0.000100 0.002100 0.004300 0.002100 0.002100 0.002100 0.000100 0.000100 0.002100 0.000000 0.002100 0.002100 0.004300 0.004300 0.000100 0.000100 0.002100 0.000100 0.002100 0.004800 0.000100 0.000100 0.002100 0.002100 0.002100 0.000100 0.002100 0.002100 0.000100 0.002100 0.000100 0.002100 0.006500 0.000000 0.002100 0.004300 0.002100 0.000100 0.000100 0.002100 0.000100 0.000100 0.000000 0.002100 0.002100 0.002100 0.004300 0.002100 0.000100 0.000100
Topi 0.000000 0.006400 0.002100 0.004300 0.002100 0.000100 0.000100 0.000100 0.002100 0.002100 0.000100 0.002100 0.000000 0.000000 0.002100 0.002100 0.002100 0.002100 0.000000 0.002100 0.000100 0.002100 0.002100 0.002100 0.000100 0.000100 0.000000 0.002100 0.000100 0.004300 0.002100 0.000000 0.002100 0.000000 0.004300 0.002100 0.000000 0.002100 0.000100 0.002100 0.002100 0.000100 0.002100 0.002100 0.002100 0.000100 0.000100 0.000100 0.002100 0.004300 0.002100 0.002100
CommonDuik 0.000000 0.006400 0.002100 0.004300 0.002100 0.000000 0.000000 0.000000 0.002100 0.002100 0.000000 0.002100 0.000000 0.000000 0.002100 0.002100 0.002100 0.002200 0.000000 0.002100 0.000000 0.002100 0.002100 0.002100 0.000000 0.000000 0.000000 0.002100 0.000000 0.004300 0.002100 0.000000 0.002100 0.000000 0.004300 0.002100 0.000000 0.002100 0.000000 0.002100 0.002100 0.000000 0.002100 0.002100 0.002100 0.000000 0.000000 0.000000 0.002100 0.004300 0.002100 0.002100
Suni 0.002100 0.008600 0.004300 0.006400 0.004300 0.002100 0.002100 0.002100 0.004300 0.004300 0.002100 0.004300 0.002100 0.002100 0.000000 0.004300 0.004300 0.004300 0.002100 0.004300 0.002100 0.004700 0.004300 0.004300 0.002100 0.002100 0.002100 0.004300 0.002100 0.006400 0.004300 0.002100 0.004300 0.002100 0.006500 0.004300 0.002100 0.004300 0.002100 0.004300 0.004300 0.002100 0.004300 0.004300 0.004300 0.002100 0.002100 0.002100 0.004300 0.006400 0.004300 0.004300
Springbuck 0.002100 0.008600 0.004300 0.006400 0.000000 0.002100 0.002100 0.002100 0.004300 0.004300 0.002100 0.004300 0.002100 0.002100 0.004300 0.000000 0.004300 0.004300 0.002100 0.004300 0.002100 0.004300 0.004300 0.004300 0.002100 0.002100 0.002100 0.004300 0.002100 0.002100 0.004300 0.002100 0.004300 0.002100 0.006500 0.004300 0.002100 0.000000 0.002100 0.004300 0.004300 0.002100 0.004300 0.004300 0.004300 0.002200 0.002100 0.002100 0.004300 0.006500 0.004300 0.004300
Okapi 0.002100 0.004300 0.000100 0.002100 0.004300 0.002100 0.002100 0.002100 0.000100 0.000100 0.002100 0.000100 0.002100 0.002100 0.004300 0.004300 0.000000 0.000000 0.002100 0.000100 0.002100 0.004700 0.000100 0.000000 0.002100 0.002100 0.002100 0.000100 0.002100 0.002100 0.000100 0.002100 0.000100 0.002100 0.006500 0.000100 0.002100 0.004300 0.002200 0.000100 0.000100 0.002100 0.000100 0.000100 0.000100 0.002200 0.002100 0.002100 0.004300 0.002100 0.000100 0.000100
Giraffe 0.002200 0.004300 0.000100 0.002100 0.004300 0.002200 0.002100 0.002200 0.000100 0.000100 0.002100 0.000100 0.002100 0.002200 0.004300 0.004300 0.000000 0.000000 0.002200 0.000100 0.002200 0.004600 0.000100 0.000100 0.002100 0.002200 0.002200 0.000100 0.002200 0.002100 0.000100 0.002200 0.000100 0.002100 0.006500 0.000100 0.002200 0.004300 0.002200 0.000100 0.000100 0.002200 0.000100 0.000100 0.000100 0.002200 0.002200 0.002200 0.004300 0.002200 0.000100 0.000100
TibetanAnt 0.000000 0.006400 0.002100 0.004300 0.002100 0.000000 0.000000 0.000000 0.002100 0.002100 0.000000 0.002100 0.000000 0.000000 0.002100 0.002100 0.002100 0.002200 0.000000 0.002100 0.000000 0.002100 0.002100 0.002100 0.000000 0.000000 0.000000 0.002100 0.000000 0.004300 0.002100 0.000000 0.002100 0.000000 0.004300 0.002100 0.000000 0.002100 0.000000 0.002100 0.002100 0.000000 0.002100 0.002100 0.002100 0.000000 0.000000 0.000000 0.002100 0.004300 0.002100 0.002100
Sitatunga 0.002100 0.004300 0.000000 0.002100 0.004300 0.002100 0.002100 0.002100 0.000000 0.000100 0.002100 0.000100 0.002100 0.002100 0.004300 0.004300 0.000100 0.000100 0.002100 0.000000 0.002100 0.004700 0.000100 0.000100 0.002100 0.002100 0.002100 0.000000 0.002100 0.002100 0.000100 0.002100 0.000100 0.002100 0.006500 0.000100 0.002100 0.004300 0.002100 0.000100 0.000100 0.002100 0.000100 0.000100 0.000100 0.002100 0.002100 0.002100 0.004300 0.002100 0.000000 0.000000
Oribi 0.000000 0.006500 0.002100 0.004300 0.002100 0.000000 0.000000 0.000000 0.002100 0.002100 0.000000 0.002100 0.000100 0.000000 0.002100 0.002100 0.002100 0.002200 0.000000 0.002100 0.000000 0.002100 0.002100 0.002100 0.000000 0.000000 0.000100 0.002100 0.000000 0.004300 0.002100 0.000000 0.002100 0.000100 0.004300 0.002100 0.000000 0.002100 0.000000 0.002100 0.002100 0.000000 0.002100 0.002100 0.002100 0.000000 0.000100 0.000100 0.002100 0.004300 0.002100 0.002100
BarbaryShe 0.002100 0.008900 0.004800 0.006700 0.004300 0.002100 0.002100 0.002100 0.004800 0.004300 0.002100 0.004800 0.002100 0.002100 0.004700 0.004300 0.004700 0.004600 0.002100 0.004700 0.002100 0.000000 0.004700 0.004800 0.002100 0.002100 0.002100 0.004700 0.002100 0.007100 0.004300 0.002100 0.004800 0.002100 0.006500 0.004800 0.002100 0.004300 0.002100 0.004800 0.004700 0.002100 0.004300 0.004800 0.004800 0.002100 0.002100 0.002100 0.004300 0.006900 0.004800 0.004800
Daviddeer 0.002100 0.004300 0.000100 0.002100 0.004300 0.002100 0.002100 0.002100 0.000100 0.000000 0.002100 0.000100 0.002100 0.002100 0.004300 0.004300 0.000100 0.000100 0.002100 0.000100 0.002100 0.004700 0.000000 0.000000 0.002100 0.002100 0.002100 0.000100 0.002100 0.002100 0.000000 0.002100 0.000100 0.002100 0.006500 0.000100 0.002100 0.004300 0.002100 0.000000 0.000000 0.002100 0.000000 0.000000 0.000100 0.002100 0.002100 0.002100 0.004300 0.002100 0.000100 0.000100
Reindeer 0.002100 0.004300 0.000100 0.002100 0.004300 0.002100 0.002100 0.002100 0.000000 0.000000 0.002100 0.000100 0.002100 0.002100 0.004300 0.004300 0.000000 0.000100 0.002100 0.000100 0.002100 0.004800 0.000000 0.000000 0.002100 0.002100 0.002100 0.000100 0.002100 0.002100 0.000000 0.002100 0.000000 0.002100 0.006500 0.000100 0.002100 0.004300 0.002100 0.000000 0.000000 0.002100 0.000000 0.000000 0.000100 0.002100 0.002100 0.002100 0.004300 0.002100 0.000100 0.000000
Ibex 0.000000 0.006400 0.002100 0.004300 0.002100 0.000000 0.000000 0.000100 0.002100 0.002100 0.000000 0.002100 0.000100 0.000000 0.002100 0.002100 0.002100 0.002100 0.000000 0.002100 0.000000 0.002100 0.002100 0.002100 0.000000 0.000100 0.000100 0.002100 0.000000 0.004300 0.002100 0.000000 0.002100 0.000100 0.004300 0.002100 0.000000 0.002100 0.000100 0.002100 0.002100 0.000000 0.002100 0.002100 0.002100 0.000000 0.000000 0.000100 0.002100 0.004300 0.002100 0.002100
GyrantGaze 0.000000 0.006500 0.002100 0.004300 0.002100 0.000100 0.000000 0.000100 0.002100 0.002100 0.000100 0.002100 0.000100 0.000000 0.002100 0.002100 0.002100 0.002200 0.000000 0.002100 0.000000 0.002100 0.002100 0.002100 0.000100 0.000000 0.000100 0.002100 0.000000 0.004300 0.002100 0.000000 0.002100 0.000100 0.004300 0.002100 0.000000 0.002100 0.000100 0.002100 0.002100 0.000000 0.002100 0.002100 0.002100 0.000000 0.000100 0.000100 0.002100 0.004300 0.002100 0.002100
Hartebeest 0.000000 0.006500 0.002100 0.004300 0.002100 0.000100 0.000100 0.000100 0.002100 0.002100 0.000100 0.002100 0.000000 0.000000 0.002100 0.002100 0.002100 0.002200 0.000000 0.002100 0.000100 0.002100 0.002100 0.002100 0.000100 0.000100 0.000000 0.002100 0.000100 0.004300 0.002100 0.000000 0.002100 0.000000 0.004300 0.002100 0.000000 0.002100 0.000100 0.002100 0.002100 0.000100 0.002100 0.002100 0.002100 0.000100 0.000100 0.000100 0.002100 0.004300 0.002100 0.002100
Bongo 0.002100 0.004300 0.000000 0.002100 0.004300 0.002100 0.002100 0.002100 0.000000 0.000100 0.002100 0.000100 0.002100 0.002100 0.004300 0.004300 0.000100 0.000100 0.002100 0.000000 0.002100 0.004700 0.000100 0.000100 0.002100 0.002100 0.002100 0.000000 0.002100 0.002100 0.000100 0.002100 0.000100 0.002100 0.006500 0.000100 0.002100 0.004300 0.002100 0.000100 0.000100 0.002100 0.000100 0.000100 0.000100 0.002100 0.002100 0.002100 0.004300 0.002100 0.000000 0.000000
Gerenuk 0.000000 0.006500 0.002100 0.004300 0.002100 0.000000 0.000000 0.000000 0.002100 0.002100 0.000000 0.002100 0.000100 0.000000 0.002100 0.002100 0.002100 0.002200 0.000000 0.002100 0.000000 0.002100 0.002100 0.002100 0.000000 0.000000 0.000100 0.002100 0.000000 0.004300 0.002100 0.000000 0.002100 0.000000 0.004300 0.002100 0.000000 0.002100 0.000000 0.002100 0.002100 0.000000 0.002100 0.002100 0.002100 0.000000 0.000100 0.000100 0.002100 0.004300 0.002100 0.002100
CommonElan 0.004300 0.006400 0.002100 0.004300 0.002100 0.004300 0.004300 0.004300 0.002100 0.002100 0.004300 0.002100 0.004300 0.004300 0.006400 0.002100 0.002100 0.002100 0.004300 0.002100 0.004300 0.007100 0.002100 0.002100 0.004300 0.004300 0.004300 0.002100 0.004300 0.000000 0.002100 0.004300 0.002100 0.004300 0.008600 0.002100 0.004300 0.002100 0.004300 0.002100 0.002100 0.004300 0.002100 0.002100 0.002100 0.004300 0.004300 0.004300 0.006400 0.004300 0.002100 0.002100
MuntiacusR 0.002100 0.004300 0.000100 0.002100 0.004300 0.002100 0.002100 0.002100 0.000100 0.000000 0.002100 0.000100 0.002100 0.002100 0.004300 0.004300 0.000100 0.000100 0.002100 0.000100 0.002100 0.004300 0.000000 0.000000 0.002100 0.002100 0.002100 0.000100 0.002100 0.002100 0.000000 0.002100 0.000100 0.002100 0.006500 0.000100 0.002100 0.004300 0.002100 0.000000 0.000000 0.002100 0.000000 0.000000 0.000100 0.002100 0.002100 0.002100 0.004300 0.002100 0.000100 0.000100
HarveysDui 0.000000 0.006500 0.002100 0.004300 0.002100 0.000000 0.000000 0.000100 0.002100 0.002100 0.000000 0.002100 0.000000 0.000000 0.002100 0.002100 0.002100 0.002200 0.000000 0.002100 0.000000 0.002100 0.002100 0.002100 0.000000 0.000000 0.000000 0.002100 0.000000 0.004300 0.002100 0.000000 0.002100 0.000000 0.004300 0.002100 0.000000 0.002100 0.000000 0.002100 0.002100 0.000000 0.002100 0.002100 0.002100 0.000000 0.000000 0.000000 0.002100 0.004300 0.002100 0.002100
Pronghorn 0.002100 0.004300 0.000100 0.002100 0.004300 0.002100 0.002100 0.002100 0.000100 0.000100 0.002100 0.000100 0.002100 0.002100 0.004300 0.004300 0.000100 0.000100 0.002100 0.000100 0.002100 0.004800 0.000100 0.000000 0.002100 0.002100 0.002100 0.000100 0.002100 0.002100 0.000100 0.002100 0.000000 0.002100 0.006500 0.000100 0.002100 0.004300 0.002100 0.000100 0.000100 0.002100 0.000100 0.000100 0.000100 0.002100 0.002100 0.002100 0.004300 0.002100 0.000100 0.000100
BlueWildeb 0.000000 0.006400 0.002100 0.004300 0.002100 0.000100 0.000000 0.000100 0.002100 0.002100 0.000100 0.002100 0.000000 0.000000 0.002100 0.002100 0.002100 0.002100 0.000000 0.002100 0.000100 0.002100 0.002100 0.002100 0.000100 0.000100 0.000000 0.002100 0.000000 0.004300 0.002100 0.000000 0.002100 0.000000 0.004300 0.002100 0.000000 0.002100 0.000100 0.002100 0.002100 0.000100 0.002100 0.002100 0.002100 0.000000 0.000100 0.000100 0.002100 0.004300 0.002100 0.002100
Gemsbok 0.004300 0.010800 0.006500 0.008600 0.006500 0.004300 0.004300 0.004300 0.006500 0.006500 0.004300 0.006500 0.004300 0.004300 0.006500 0.006500 0.006500 0.006500 0.004300 0.006500 0.004300 0.006500 0.006500 0.006500 0.004300 0.004300 0.004300 0.006500 0.004300 0.008600 0.006500 0.004300 0.006500 0.004300 0.000000 0.006500 0.004300 0.006500 0.004300 0.006500 0.006500 0.004300 0.006500 0.006500 0.006500 0.004300 0.004300 0.004300 0.006500 0.008700 0.006500 0.006500
Yak 0.002100 0.004300 0.000100 0.002100 0.004300 0.002100 0.002100 0.002100 0.000100 0.000100 0.002100 0.000000 0.002100 0.002100 0.004300 0.004300 0.000100 0.000100 0.002100 0.000100 0.002100 0.004800 0.000100 0.000100 0.002100 0.002100 0.002100 0.000100 0.002100 0.002100 0.000100 0.002100 0.000100 0.002100 0.006500 0.000000 0.002100 0.004300 0.002100 0.000100 0.000100 0.002100 0.000100 0.000100 0.000000 0.002100 0.002100 0.002100 0.004300 0.002100 0.000100 0.000100
BlueSheep 0.000000 0.006400 0.002100 0.004300 0.002100 0.000000 0.000000 0.000100 0.002100 0.002100 0.000000 0.002100 0.000000 0.000000 0.002100 0.002100 0.002100 0.002200 0.000000 0.002100 0.000000 0.002100 0.002100 0.002100 0.000000 0.000000 0.000000 0.002100 0.000000 0.004300 0.002100 0.000000 0.002100 0.000000 0.004300 0.002100 0.000000 0.002100 0.000100 0.002100 0.002100 0.000000 0.002100 0.002100 0.002100 0.000000 0.000000 0.000100 0.002100 0.004300 0.002100 0.002100
BohorReedb 0.002100 0.008600 0.004300 0.006400 0.000000 0.002100 0.002100 0.002100 0.004300 0.004300 0.002100 0.004300 0.002100 0.002100 0.004300 0.000000 0.004300 0.004300 0.002100 0.004300 0.002100 0.004300 0.004300 0.004300 0.002100 0.002100 0.002100 0.004300 0.002100 0.002100 0.004300 0.002100 0.004300 0.002100 0.006500 0.004300 0.002100 0.000000 0.002100 0.004300 0.004300 0.002100 0.004300 0.004300 0.004300 0.002100 0.002100 0.002100 0.004300 0.006500 0.004300 0.004300
KirksDik 0.000100 0.006500 0.002100 0.004300 0.002100 0.000100 0.000100 0.000100 0.002100 0.002200 0.000100 0.002100 0.000100 0.000000 0.002100 0.002100 0.002200 0.002200 0.000000 0.002100 0.000000 0.002100 0.002100 0.002100 0.000100 0.000100 0.000100 0.002100 0.000000 0.004300 0.002100 0.000000 0.002100 0.000100 0.004300 0.002100 0.000100 0.002100 0.000000 0.002100 0.002100 0.000000 0.002100 0.002100 0.002100 0.000100 0.000100 0.000100 0.002200 0.004300 0.002100 0.002100
RoeDeer 0.002100 0.004300 0.000100 0.002100 0.004300 0.002100 0.002100 0.002100 0.000100 0.000000 0.002100 0.000100 0.002100 0.002100 0.004300 0.004300 0.000100 0.000100 0.002100 0.000100 0.002100 0.004800 0.000000 0.000000 0.002100 0.002100 0.002100 0.000100 0.002100 0.002100 0.000000 0.002100 0.000100 0.002100 0.006500 0.000100 0.002100 0.004300 0.002100 0.000000 0.000000 0.002100 0.000000 0.000000 0.000100 0.002100 0.002100 0.002100 0.004300 0.002100 0.000100 0.000100
WhiteLippe 0.002100 0.004300 0.000100 0.002100 0.004300 0.002100 0.002100 0.002100 0.000100 0.000000 0.002100 0.000100 0.002100 0.002100 0.004300 0.004300 0.000100 0.000100 0.002100 0.000100 0.002100 0.004700 0.000000 0.000000 0.002100 0.002100 0.002100 0.000100 0.002100 0.002100 0.000000 0.002100 0.000100 0.002100 0.006500 0.000100 0.002100 0.004300 0.002100 0.000000 0.000000 0.002100 0.000000 0.000000 0.000100 0.002100 0.002100 0.002100 0.004300 0.002100 0.000100 0.000100
ThomsonGaz 0.000000 0.006500 0.002100 0.004300 0.002100 0.000000 0.000000 0.000000 0.002100 0.002100 0.000000 0.002100 0.000100 0.000000 0.002100 0.002100 0.002100 0.002200 0.000000 0.002100 0.000000 0.002100 0.002100 0.002100 0.000000 0.000000 0.000100 0.002100 0.000000 0.004300 0.002100 0.000000 0.002100 0.000100 0.004300 0.002100 0.000000 0.002100 0.000000 0.002100 0.002100 0.000000 0.002100 0.002100 0.002100 0.000000 0.000100 0.000100 0.002100 0.004300 0.002100 0.002100
MuntiacusC 0.002100 0.004300 0.000100 0.002100 0.004300 0.002100 0.002100 0.002100 0.000100 0.000000 0.002100 0.000100 0.002100 0.002100 0.004300 0.004300 0.000100 0.000100 0.002100 0.000100 0.002100 0.004300 0.000000 0.000000 0.002100 0.002100 0.002100 0.000100 0.002100 0.002100 0.000000 0.002100 0.000100 0.002100 0.006500 0.000100 0.002100 0.004300 0.002100 0.000000 0.000000 0.002100 0.000000 0.000000 0.000100 0.002100 0.002100 0.002100 0.004300 0.002100 0.000100 0.000100
WhiteTaile 0.002100 0.004300 0.000100 0.002100 0.004300 0.002100 0.002100 0.002100 0.000100 0.000000 0.002100 0.000100 0.002100 0.002100 0.004300 0.004300 0.000100 0.000100 0.002100 0.000100 0.002100 0.004800 0.000000 0.000000 0.002100 0.002100 0.002100 0.000100 0.002100 0.002100 0.000000 0.002100 0.000100 0.002100 0.006500 0.000100 0.002100 0.004300 0.002100 0.000000 0.000000 0.002100 0.000000 0.000000 0.000100 0.002100 0.002100 0.002100 0.004300 0.002100 0.000100 0.000100
Cattle 0.002100 0.004300 0.000100 0.002100 0.004300 0.002100 0.002100 0.002100 0.000100 0.000100 0.002100 0.000000 0.002100 0.002100 0.004300 0.004300 0.000100 0.000100 0.002100 0.000100 0.002100 0.004800 0.000100 0.000100 0.002100 0.002100 0.002100 0.000100 0.002100 0.002100 0.000100 0.002100 0.000100 0.002100 0.006500 0.000000 0.002100 0.004300 0.002100 0.000100 0.000100 0.002100 0.000100 0.000100 0.000000 0.002100 0.002100 0.002100 0.004300 0.002100 0.000100 0.000100
RoyalAntel 0.000000 0.006500 0.002100 0.004300 0.002100 0.000000 0.000000 0.000100 0.002100 0.002200 0.000000 0.002100 0.000100 0.000000 0.002100 0.002200 0.002200 0.002200 0.000000 0.002100 0.000000 0.002100 0.002100 0.002100 0.000000 0.000000 0.000100 0.002100 0.000000 0.004300 0.002100 0.000000 0.002100 0.000000 0.004300 0.002100 0.000000 0.002100 0.000100 0.002100 0.002100 0.000000 0.002100 0.002100 0.002100 0.000000 0.000000 0.000100 0.002200 0.004300 0.002100 0.002100
Steenbok 0.000000 0.006500 0.002100 0.004300 0.002100 0.000000 0.000100 0.000100 0.002100 0.002100 0.000000 0.002100 0.000100 0.000000 0.002100 0.002100 0.002100 0.002200 0.000000 0.002100 0.000100 0.002100 0.002100 0.002100 0.000000 0.000100 0.000100 0.002100 0.000100 0.004300 0.002100 0.000000 0.002100 0.000100 0.004300 0.002100 0.000000 0.002100 0.000100 0.002100 0.002100 0.000100 0.002100 0.002100 0.002100 0.000000 0.000000 0.000100 0.002100 0.004300 0.002100 0.002100
Impala 0.000100 0.006500 0.002100 0.004300 0.002100 0.000100 0.000100 0.000100 0.002100 0.002100 0.000100 0.002100 0.000100 0.000000 0.002100 0.002100 0.002100 0.002200 0.000000 0.002100 0.000100 0.002100 0.002100 0.002100 0.000100 0.000100 0.000100 0.002100 0.000100 0.004300 0.002100 0.000000 0.002100 0.000100 0.004300 0.002100 0.000100 0.002100 0.000100 0.002100 0.002100 0.000100 0.002100 0.002100 0.002100 0.000100 0.000100 0.000000 0.002100 0.004300 0.002100 0.002100
Klipspring 0.002100 0.008600 0.004300 0.006400 0.004300 0.002100 0.002100 0.002100 0.004300 0.004300 0.002100 0.004300 0.002100 0.002100 0.004300 0.004300 0.004300 0.004300 0.002100 0.004300 0.002100 0.004300 0.004300 0.004300 0.002100 0.002100 0.002100 0.004300 0.002100 0.006400 0.004300 0.002100 0.004300 0.002100 0.006500 0.004300 0.002100 0.004300 0.002200 0.004300 0.004300 0.002100 0.004300 0.004300 0.004300 0.002200 0.002100 0.002100 0.000000 0.006500 0.004300 0.004300
ForestMusk 0.004300 0.006500 0.002100 0.004300 0.006500 0.004300 0.004300 0.004300 0.002100 0.002100 0.004300 0.002100 0.004300 0.004300 0.006400 0.006500 0.002100 0.002200 0.004300 0.002100 0.004300 0.006900 0.002100 0.002100 0.004300 0.004300 0.004300 0.002100 0.004300 0.004300 0.002100 0.004300 0.002100 0.004300 0.008700 0.002100 0.004300 0.006500 0.004300 0.002100 0.002100 0.004300 0.002100 0.002100 0.002100 0.004300 0.004300 0.004300 0.006500 0.000000 0.002100 0.002100
Bushbuck 0.002100 0.004300 0.000000 0.002100 0.004300 0.002100 0.002100 0.002100 0.000000 0.000100 0.002100 0.000100 0.002100 0.002100 0.004300 0.004300 0.000100 0.000100 0.002100 0.000000 0.002100 0.004800 0.000100 0.000100 0.002100 0.002100 0.002100 0.000000 0.002100 0.002100 0.000100 0.002100 0.000100 0.002100 0.006500 0.000100 0.002100 0.004300 0.002100 0.000100 0.000100 0.002100 0.000100 0.000100 0.000100 0.002100 0.002100 0.002100 0.004300 0.002100 0.000000 0.000000
GreaterKud 0.002100 0.004300 0.000000 0.002100 0.004300 0.002100 0.002100 0.002100 0.000000 0.000100 0.002100 0.000100 0.002100 0.002100 0.004300 0.004300 0.000100 0.000100 0.002100 0.000000 0.002100 0.004800 0.000100 0.000000 0.002100 0.002100 0.002100 0.000000 0.002100 0.002100 0.000100 0.002100 0.000100 0.002100 0.006500 0.000100 0.002100 0.004300 0.002100 0.000100 0.000100 0.002100 0.000100 0.000100 0.000100 0.002100 0.002100 0.002100 0.004300 0.002100 0.000000 0.000000
