1
52 1
Argali 0.000000 0.251100 0.120900 0.309000 0.092400 0.004300 0.089700 0.108700 0.115400 0.153400 0.012700 0.091600 0.049000 0.084700 0.150000 0.085000 0.146700 0.179800 0.067300 0.115600 0.118400 0.016800 0.184500 0.166000 0.008400 0.085400 0.044400 0.133700 0.111800 0.115600 0.157400 0.080700 0.153300 0.049300 0.053100 0.092400 0.012700 0.105300 0.104500 0.184100 0.165800 0.094500 0.153100 0.166300 0.096900 0.128300 0.094600 0.109000 0.072100 0.181400 0.120000 0.124600
LesserMous 0.251100 0.000000 0.230300 0.234300 0.234500 0.246600 0.259300 0.259600 0.224000 0.241600 0.257100 0.241500 0.231000 0.242100 0.301000 0.253900 0.258500 0.259500 0.268400 0.224200 0.293300 0.260000 0.253000 0.245100 0.251000 0.243900 0.247100 0.242900 0.271700 0.224200 0.234500 0.238000 0.267000 0.233100 0.239100 0.232800 0.255300 0.258000 0.266900 0.247500 0.239200 0.254200 0.241000 0.256800 0.237500 0.276700 0.271200 0.247700 0.218900 0.271400 0.228600 0.233400
LesserKudu 0.120900 0.230300 0.000000 0.326100 0.131900 0.116400 0.109800 0.108800 0.012700 0.162600 0.126000 0.082600 0.116700 0.124000 0.166500 0.114700 0.168200 0.180900 0.146300 0.012700 0.133200 0.129700 0.168000 0.134700 0.120800 0.105500 0.111600 0.029300 0.122600 0.012600 0.166600 0.120000 0.152200 0.117500 0.110700 0.082300 0.125200 0.144600 0.114200 0.152700 0.149600 0.114900 0.162200 0.145000 0.086900 0.148100 0.119100 0.109700 0.096900 0.162100 0.017400 0.021800
KillerWhal 0.309000 0.234300 0.326100 0.000000 0.296000 0.304400 0.310900 0.332700 0.318900 0.290100 0.315300 0.316400 0.293400 0.303900 0.379900 0.316700 0.322900 0.334500 0.309200 0.319200 0.344400 0.306000 0.291100 0.295000 0.308800 0.306800 0.287100 0.338600 0.300200 0.319200 0.282500 0.300200 0.289300 0.296500 0.301300 0.317700 0.301300 0.331800 0.328800 0.274400 0.272100 0.329200 0.289500 0.284100 0.322400 0.292200 0.309800 0.305200 0.315300 0.288900 0.311900 0.316900
DefassaWat 0.092400 0.234500 0.131900 0.296000 0.000000 0.087900 0.081800 0.109500 0.126300 0.144400 0.097500 0.103300 0.088200 0.095800 0.168800 0.077100 0.139500 0.152300 0.097600 0.116800 0.129100 0.091600 0.165100 0.156900 0.092400 0.087000 0.073500 0.134800 0.104200 0.116500 0.148500 0.082100 0.165200 0.069500 0.101800 0.093100 0.096800 0.031100 0.105300 0.154600 0.146400 0.096300 0.144100 0.146700 0.097700 0.139300 0.091000 0.101300 0.102500 0.164100 0.130900 0.135600
Sheep 0.004300 0.246600 0.116400 0.304400 0.087900 0.000000 0.085300 0.104300 0.111000 0.149000 0.017000 0.096800 0.044400 0.080400 0.145500 0.080600 0.152300 0.185600 0.062900 0.111100 0.114000 0.021200 0.180000 0.161500 0.013100 0.080400 0.040000 0.129300 0.107500 0.111100 0.153000 0.076300 0.148800 0.044900 0.047100 0.087900 0.017000 0.110500 0.100100 0.179700 0.161300 0.090100 0.148600 0.161800 0.092400 0.123900 0.090200 0.104600 0.077100 0.177000 0.115500 0.120100
MaxwellsDu 0.089700 0.259300 0.109800 0.310900 0.081800 0.085300 0.000000 0.079500 0.104500 0.151700 0.094600 0.090600 0.085600 0.065600 0.163600 0.084100 0.165300 0.177700 0.123500 0.104600 0.103100 0.097900 0.162000 0.154100 0.089700 0.066100 0.080700 0.112900 0.101400 0.104600 0.145900 0.052400 0.151600 0.086200 0.089400 0.081800 0.093900 0.113700 0.084600 0.151600 0.153800 0.075000 0.151400 0.144200 0.086300 0.127000 0.079600 0.098400 0.090100 0.149300 0.109000 0.103900
GazellaPrz 0.108700 0.259600 0.108800 0.332700 0.109500 0.104300 0.079500 0.000000 0.113100 0.160000 0.113700 0.090700 0.104600 0.112000 0.184300 0.065800 0.175900 0.188300 0.143300 0.113200 0.088000 0.117400 0.180600 0.162500 0.108600 0.048000 0.099600 0.121300 0.083000 0.113200 0.163900 0.089100 0.160100 0.105300 0.098800 0.090400 0.112900 0.122100 0.065500 0.159900 0.162200 0.056800 0.159700 0.152600 0.094900 0.125700 0.061100 0.107900 0.109100 0.169400 0.117500 0.112400
MountainNy 0.115400 0.224000 0.012700 0.318900 0.126300 0.111000 0.104500 0.113100 0.000000 0.157000 0.120600 0.087000 0.111300 0.118700 0.150300 0.119000 0.162300 0.174900 0.140600 0.008600 0.137600 0.124300 0.162300 0.129200 0.105600 0.109900 0.106200 0.026000 0.126900 0.008500 0.160900 0.114700 0.157100 0.112100 0.105300 0.077300 0.119700 0.139000 0.118500 0.147100 0.143900 0.119200 0.156600 0.139400 0.081800 0.142500 0.123500 0.114000 0.091700 0.156400 0.013000 0.017300
MuntiacusM 0.153400 0.241600 0.162600 0.290100 0.144400 0.149000 0.151700 0.160000 0.157000 0.000000 0.158700 0.144100 0.154600 0.166200 0.210000 0.146800 0.159400 0.151400 0.179500 0.147100 0.189900 0.162200 0.056100 0.061500 0.153300 0.137500 0.149200 0.165100 0.154300 0.147100 0.012400 0.142200 0.149100 0.155700 0.162900 0.133800 0.147600 0.156900 0.155800 0.078600 0.033300 0.156900 0.008200 0.070700 0.138300 0.170300 0.151100 0.126900 0.164100 0.154200 0.151400 0.156000
goat 0.012700 0.257100 0.126000 0.315300 0.097500 0.017000 0.094600 0.113700 0.120600 0.158700 0.000000 0.096600 0.051800 0.089500 0.155300 0.089800 0.152100 0.185300 0.072000 0.120700 0.123500 0.021700 0.190000 0.171500 0.013100 0.090200 0.049000 0.138900 0.116700 0.120700 0.162700 0.085500 0.158800 0.054100 0.057700 0.097400 0.017400 0.110300 0.109500 0.189700 0.171200 0.099400 0.158300 0.171800 0.102000 0.133400 0.104200 0.114000 0.077000 0.186900 0.125100 0.129700
AfricanBuf 0.091600 0.241500 0.082600 0.316400 0.103300 0.096800 0.090600 0.090700 0.087000 0.144100 0.096600 0.000000 0.097000 0.104600 0.156000 0.095400 0.137100 0.150000 0.136100 0.087100 0.119600 0.100500 0.159400 0.136200 0.092500 0.086300 0.092000 0.086100 0.113000 0.087100 0.148100 0.090900 0.143900 0.097700 0.100900 0.036100 0.095900 0.116200 0.086400 0.154200 0.140900 0.095500 0.143700 0.136300 0.040600 0.129700 0.090700 0.081100 0.092000 0.161800 0.091500 0.096100
Topi 0.049000 0.231000 0.116700 0.293400 0.088200 0.044400 0.085600 0.104600 0.111300 0.154600 0.051800 0.097000 0.000000 0.080600 0.130600 0.090200 0.152700 0.181100 0.081800 0.111400 0.114400 0.057700 0.175600 0.146600 0.049000 0.076600 0.012800 0.129700 0.103200 0.111400 0.158600 0.076500 0.149200 0.035800 0.039700 0.088100 0.053300 0.110800 0.100400 0.164900 0.156800 0.090400 0.154200 0.146800 0.092700 0.114400 0.095200 0.100100 0.077300 0.182800 0.115800 0.120400
CommonDuik 0.084700 0.242100 0.124000 0.303900 0.095800 0.080400 0.065600 0.112000 0.118700 0.166200 0.089500 0.104600 0.080600 0.000000 0.158000 0.097700 0.159600 0.192500 0.118300 0.118800 0.121600 0.093300 0.176700 0.168800 0.084700 0.088900 0.075800 0.136700 0.115000 0.118800 0.160200 0.037300 0.156300 0.071800 0.084400 0.095800 0.089000 0.127800 0.103100 0.186600 0.168500 0.097900 0.165800 0.164000 0.100300 0.121700 0.093200 0.112200 0.080400 0.183800 0.123100 0.127700
Suni 0.150000 0.301000 0.166500 0.379900 0.168800 0.145500 0.163600 0.184300 0.150300 0.210000 0.155300 0.156000 0.130600 0.158000 0.000000 0.168600 0.214900 0.227100 0.186700 0.160800 0.194800 0.158800 0.232400 0.213600 0.139700 0.149000 0.125700 0.179300 0.176200 0.160800 0.213900 0.143900 0.196000 0.142000 0.139400 0.157400 0.154200 0.186900 0.159500 0.199700 0.213300 0.168900 0.209500 0.213900 0.162000 0.184400 0.174200 0.143100 0.140700 0.228200 0.165200 0.159600
Springbuck 0.085000 0.253900 0.114700 0.316700 0.077100 0.080600 0.084100 0.065800 0.119000 0.146800 0.089800 0.095400 0.090200 0.097700 0.168600 0.000000 0.170400 0.193200 0.108900 0.109400 0.075000 0.084300 0.177300 0.159100 0.084900 0.025900 0.076000 0.137200 0.042700 0.109400 0.150800 0.093700 0.156800 0.090800 0.094000 0.096200 0.088700 0.099300 0.061600 0.166700 0.158800 0.034600 0.146400 0.139000 0.100700 0.122100 0.047900 0.093600 0.094700 0.164300 0.123500 0.118300
Okapi 0.146700 0.258500 0.168200 0.322900 0.139500 0.152300 0.165300 0.175900 0.162300 0.159400 0.152100 0.137100 0.152700 0.159600 0.214900 0.170400 0.000000 0.040000 0.162500 0.162500 0.196800 0.145500 0.180000 0.151500 0.146600 0.161000 0.147300 0.181100 0.178100 0.162500 0.163400 0.155700 0.138800 0.133400 0.156300 0.128300 0.151000 0.152500 0.182100 0.169600 0.156300 0.170700 0.159000 0.151700 0.133000 0.207900 0.176000 0.165100 0.142200 0.209300 0.166900 0.171700
Giraffe 0.179800 0.259500 0.180900 0.334500 0.152300 0.185600 0.177700 0.188300 0.174900 0.151400 0.185300 0.150000 0.181100 0.192500 0.227100 0.193200 0.040000 0.000000 0.195900 0.175100 0.219900 0.178400 0.171500 0.143700 0.179700 0.173300 0.175600 0.183100 0.190400 0.175100 0.155400 0.178300 0.172200 0.161700 0.179100 0.130900 0.184000 0.165000 0.184100 0.161600 0.148300 0.193500 0.151100 0.143800 0.135500 0.231100 0.188400 0.167100 0.165100 0.210700 0.179500 0.184200
TibetanAnt 0.067300 0.268400 0.146300 0.309200 0.097600 0.062900 0.123500 0.143300 0.140600 0.179500 0.072000 0.136100 0.081800 0.118300 0.186700 0.108900 0.162500 0.195900 0.000000 0.140700 0.143400 0.066700 0.211600 0.192900 0.067200 0.119200 0.067500 0.159100 0.107200 0.140700 0.173000 0.114000 0.180200 0.072900 0.085600 0.127300 0.071600 0.120200 0.129200 0.222100 0.192600 0.128500 0.179000 0.182400 0.131900 0.133600 0.123700 0.143600 0.091400 0.208000 0.145200 0.149800
Sitatunga 0.115600 0.224200 0.012700 0.319200 0.116800 0.111100 0.104600 0.113200 0.008600 0.147100 0.120700 0.087100 0.111400 0.118800 0.160800 0.109400 0.162500 0.175100 0.140700 0.000000 0.137700 0.124400 0.152400 0.119500 0.115500 0.100300 0.106300 0.025400 0.117300 0.000000 0.151100 0.114800 0.157200 0.112200 0.105500 0.077400 0.119900 0.129200 0.118600 0.137300 0.134100 0.109600 0.146700 0.129600 0.081800 0.142600 0.113900 0.104500 0.091800 0.156600 0.013000 0.017300
Oribi 0.118400 0.293300 0.133200 0.344400 0.129100 0.114000 0.103100 0.088000 0.137600 0.189900 0.123500 0.119600 0.114400 0.121600 0.194800 0.075000 0.196800 0.219900 0.143400 0.137700 0.000000 0.127100 0.211900 0.193400 0.118300 0.066200 0.109300 0.155700 0.083100 0.137700 0.194400 0.117700 0.181000 0.115100 0.098800 0.119300 0.122600 0.151500 0.074700 0.200800 0.193200 0.075100 0.190100 0.183300 0.123800 0.135400 0.070200 0.127200 0.118900 0.200400 0.142100 0.136800
BarbaryShe 0.016800 0.260000 0.129700 0.306000 0.091600 0.021200 0.097900 0.117400 0.124300 0.162200 0.021700 0.100500 0.057700 0.093300 0.158800 0.084300 0.145500 0.178400 0.066700 0.124400 0.127100 0.000000 0.193300 0.174900 0.017000 0.094000 0.044000 0.142500 0.110800 0.124400 0.166200 0.089300 0.162400 0.058100 0.061700 0.101300 0.021000 0.104400 0.113200 0.193000 0.174700 0.103100 0.161800 0.164700 0.105800 0.137000 0.107900 0.117700 0.080900 0.179800 0.128800 0.133400
Daviddeer 0.184500 0.253000 0.168000 0.291100 0.165100 0.180000 0.162000 0.180600 0.162300 0.056100 0.190000 0.159400 0.175600 0.176700 0.232400 0.177300 0.180000 0.171500 0.211600 0.152400 0.211900 0.193300 0.000000 0.070700 0.184400 0.157800 0.170100 0.170400 0.174700 0.152400 0.060100 0.152400 0.159200 0.166400 0.183800 0.148900 0.178300 0.177500 0.186600 0.078700 0.021400 0.177600 0.055900 0.080000 0.153500 0.201600 0.171600 0.137000 0.185200 0.184500 0.156700 0.171500
Reindeer 0.166000 0.245100 0.134700 0.295000 0.156900 0.161500 0.154100 0.162500 0.129200 0.061500 0.171500 0.136200 0.146600 0.168800 0.213600 0.159100 0.151500 0.143700 0.192900 0.119500 0.193400 0.174900 0.070700 0.000000 0.165900 0.139600 0.151600 0.137500 0.156600 0.119500 0.065600 0.154600 0.136200 0.158100 0.155100 0.125800 0.160000 0.159200 0.168400 0.070600 0.048600 0.159300 0.061300 0.026300 0.130400 0.183200 0.153400 0.119100 0.166700 0.166700 0.123900 0.138300
Ibex 0.008400 0.251000 0.120800 0.308800 0.092400 0.013100 0.089700 0.108600 0.105600 0.153300 0.013100 0.092500 0.049000 0.084700 0.139700 0.084900 0.146600 0.179700 0.067200 0.115500 0.118300 0.017000 0.184400 0.165900 0.000000 0.085300 0.044400 0.133700 0.111700 0.115500 0.157300 0.080600 0.153300 0.049300 0.053000 0.092300 0.012700 0.105200 0.104400 0.184000 0.165700 0.094400 0.153000 0.166200 0.096900 0.128200 0.099200 0.108900 0.072100 0.181300 0.119900 0.124500
GyrantGaze 0.085400 0.243900 0.105500 0.306800 0.087000 0.080400 0.066100 0.048000 0.109900 0.137500 0.090200 0.086300 0.076600 0.088900 0.149000 0.025900 0.161000 0.173300 0.119200 0.100300 0.066200 0.094000 0.157800 0.139600 0.085300 0.000000 0.071800 0.128100 0.034200 0.100300 0.141500 0.084800 0.137000 0.077100 0.085100 0.087000 0.089600 0.109400 0.052800 0.137400 0.139400 0.017200 0.137100 0.129800 0.091500 0.113100 0.039200 0.075400 0.085700 0.155100 0.114400 0.109200
Hartebeest 0.044400 0.247100 0.111600 0.287100 0.073500 0.040000 0.080700 0.099600 0.106200 0.149200 0.049000 0.092000 0.012800 0.075800 0.125700 0.076000 0.147300 0.175600 0.067500 0.106300 0.109300 0.044000 0.170100 0.151600 0.044400 0.071800 0.000000 0.124500 0.088900 0.106300 0.153300 0.071700 0.143800 0.031200 0.035200 0.083100 0.048700 0.096000 0.095400 0.159500 0.151300 0.085500 0.148900 0.141500 0.087700 0.109400 0.090300 0.095200 0.072500 0.167000 0.110700 0.115300
Bongo 0.133700 0.242900 0.029300 0.338600 0.134800 0.129300 0.112900 0.121300 0.026000 0.165100 0.138900 0.086100 0.129700 0.136700 0.179300 0.137200 0.181100 0.183100 0.159100 0.025400 0.155700 0.142500 0.170400 0.137500 0.133700 0.128100 0.124500 0.000000 0.144900 0.026000 0.169000 0.123000 0.175900 0.130600 0.123500 0.085800 0.138000 0.147300 0.117300 0.155300 0.152200 0.137400 0.164700 0.147700 0.090200 0.150900 0.131800 0.122400 0.109900 0.164500 0.030300 0.034600
Gerenuk 0.111800 0.271700 0.122600 0.300200 0.104200 0.107500 0.101400 0.083000 0.126900 0.154300 0.116700 0.113000 0.103200 0.115000 0.176200 0.042700 0.178100 0.190400 0.107200 0.117300 0.083100 0.110800 0.174700 0.156600 0.111700 0.034200 0.088900 0.144900 0.000000 0.117300 0.158200 0.111100 0.164600 0.104000 0.111400 0.113900 0.106500 0.126300 0.069800 0.164200 0.156400 0.051600 0.154000 0.146800 0.118400 0.120400 0.056100 0.097000 0.107600 0.181700 0.121600 0.126200
CommonElan 0.115600 0.224200 0.012600 0.319200 0.116500 0.111100 0.104600 0.113200 0.008500 0.147100 0.120700 0.087100 0.111400 0.118800 0.160800 0.109400 0.162500 0.175100 0.140700 0.000000 0.137700 0.124400 0.152400 0.119500 0.115500 0.100300 0.106300 0.026000 0.117300 0.000000 0.151100 0.114800 0.157200 0.112200 0.105500 0.077400 0.119900 0.129200 0.118600 0.137300 0.134100 0.109600 0.146700 0.129600 0.081800 0.142700 0.113900 0.104500 0.091800 0.156600 0.012600 0.016800
MuntiacusR 0.157400 0.234500 0.166600 0.282500 0.148500 0.153000 0.145900 0.163900 0.160900 0.012400 0.162700 0.148100 0.158600 0.160200 0.213900 0.150800 0.163400 0.155400 0.173000 0.151100 0.194400 0.166200 0.060100 0.065600 0.157300 0.141500 0.153300 0.169000 0.158200 0.151100 0.000000 0.136500 0.143000 0.159700 0.166900 0.137800 0.151600 0.160900 0.159700 0.082600 0.038600 0.160900 0.012500 0.074800 0.142300 0.164000 0.155100 0.130900 0.157900 0.158100 0.155400 0.159900
HarveysDui 0.080700 0.238000 0.120000 0.300200 0.082100 0.076300 0.052400 0.089100 0.114700 0.142200 0.085500 0.090900 0.076500 0.037300 0.143900 0.093700 0.155700 0.178300 0.114000 0.114800 0.117700 0.089300 0.152400 0.154600 0.080600 0.084800 0.071700 0.123000 0.111100 0.114800 0.136500 0.000000 0.142000 0.067600 0.071100 0.082100 0.084900 0.109400 0.089600 0.172500 0.144200 0.093900 0.141900 0.149800 0.086600 0.127500 0.089200 0.098100 0.076300 0.169900 0.119200 0.123700
Pronghorn 0.153300 0.267000 0.152200 0.289300 0.165200 0.148800 0.151600 0.160100 0.157100 0.149100 0.158800 0.143900 0.149200 0.156300 0.196000 0.156800 0.138800 0.172200 0.180200 0.157200 0.181000 0.162400 0.159200 0.136200 0.153300 0.137000 0.143800 0.175900 0.164600 0.157200 0.143000 0.142000 0.000000 0.140000 0.142400 0.143500 0.147300 0.172900 0.166300 0.143900 0.135700 0.146700 0.138600 0.146600 0.148100 0.170500 0.161400 0.151700 0.143500 0.185300 0.151300 0.166400
BlueWildeb 0.049300 0.233100 0.117500 0.296500 0.069500 0.044900 0.086200 0.105300 0.112100 0.155700 0.054100 0.097700 0.035800 0.071800 0.142000 0.090800 0.133400 0.161700 0.072900 0.112200 0.115100 0.058100 0.166400 0.158100 0.049300 0.077100 0.031200 0.130600 0.104000 0.112200 0.159700 0.067600 0.140000 0.000000 0.049200 0.088800 0.053700 0.092200 0.101100 0.166000 0.147600 0.091000 0.155300 0.158300 0.093400 0.125100 0.095800 0.100800 0.077800 0.184100 0.116700 0.121300
Gemsbok 0.053100 0.239100 0.110700 0.301300 0.101800 0.047100 0.089400 0.098800 0.105300 0.162900 0.057700 0.100900 0.039700 0.084400 0.139400 0.094000 0.156300 0.179100 0.085600 0.105500 0.098800 0.061700 0.183800 0.155100 0.053000 0.085100 0.035200 0.123500 0.111400 0.105500 0.166900 0.071100 0.142400 0.049200 0.000000 0.092000 0.057300 0.114500 0.094700 0.173200 0.165200 0.094200 0.162500 0.155300 0.096600 0.118000 0.098900 0.108600 0.071900 0.180800 0.109900 0.114400
Yak 0.092400 0.232800 0.082300 0.317700 0.093100 0.087900 0.081800 0.090400 0.077300 0.133800 0.097400 0.036100 0.088100 0.095800 0.157400 0.096200 0.128300 0.130900 0.127300 0.077400 0.119300 0.101300 0.148900 0.125800 0.092300 0.087000 0.083100 0.085800 0.113900 0.077400 0.137800 0.082100 0.143500 0.088800 0.092000 0.000000 0.096700 0.115800 0.086100 0.143700 0.130500 0.096300 0.133400 0.125900 0.004300 0.129300 0.091000 0.091200 0.092700 0.153200 0.081700 0.086300
BlueSheep 0.012700 0.255300 0.125200 0.301300 0.096800 0.017000 0.093900 0.112900 0.119700 0.147600 0.017400 0.095900 0.053300 0.089000 0.154200 0.088700 0.151000 0.184000 0.071600 0.119900 0.122600 0.021000 0.178300 0.160000 0.012700 0.089600 0.048700 0.138000 0.106500 0.119900 0.151600 0.084900 0.147300 0.053700 0.057300 0.096700 0.000000 0.109600 0.108700 0.177900 0.159700 0.098700 0.147200 0.170600 0.101300 0.122700 0.103500 0.108500 0.076400 0.185600 0.114400 0.128800
BohorReedb 0.105300 0.258000 0.144600 0.331800 0.031100 0.110500 0.113700 0.122100 0.139000 0.156900 0.110300 0.116200 0.110800 0.127800 0.186900 0.099300 0.152500 0.165000 0.120200 0.129200 0.151500 0.104400 0.177500 0.159200 0.105200 0.109400 0.096000 0.147300 0.126300 0.129200 0.160900 0.109400 0.172900 0.092200 0.114500 0.115800 0.109600 0.000000 0.127600 0.167100 0.159100 0.118700 0.156600 0.149200 0.120400 0.151700 0.113200 0.123700 0.115400 0.176700 0.143600 0.146100
KirksDik 0.104500 0.266900 0.114200 0.328800 0.105300 0.100100 0.084600 0.065500 0.118500 0.155800 0.109500 0.086400 0.100400 0.103100 0.159500 0.061600 0.182100 0.184100 0.129200 0.118600 0.074700 0.113200 0.186600 0.168400 0.104400 0.052800 0.095400 0.117300 0.069800 0.118600 0.159700 0.089600 0.166300 0.101100 0.094700 0.086100 0.108700 0.127600 0.000000 0.165900 0.168100 0.061700 0.155400 0.148200 0.090500 0.102600 0.047900 0.103700 0.085800 0.175300 0.123000 0.108200
RoeDeer 0.184100 0.247500 0.152700 0.274400 0.154600 0.179700 0.151600 0.159900 0.147100 0.078600 0.189700 0.154200 0.164900 0.186600 0.199700 0.166700 0.169600 0.161600 0.222100 0.137300 0.200800 0.193000 0.078700 0.070600 0.184000 0.137400 0.159500 0.155300 0.164200 0.137300 0.082600 0.172500 0.143900 0.166000 0.173200 0.143700 0.177900 0.167100 0.165900 0.000000 0.056800 0.156800 0.078400 0.070700 0.148200 0.190600 0.161100 0.136700 0.174500 0.154100 0.141700 0.146200
WhiteLippe 0.165800 0.239200 0.149600 0.272100 0.146400 0.161300 0.153800 0.162200 0.143900 0.033300 0.171200 0.140900 0.156800 0.168500 0.213300 0.158800 0.156300 0.148300 0.192600 0.134100 0.193200 0.174700 0.021400 0.048600 0.165700 0.139400 0.151300 0.152200 0.156400 0.134100 0.038600 0.144200 0.135700 0.147600 0.165200 0.130500 0.159700 0.159100 0.168100 0.056800 0.000000 0.159100 0.034400 0.057700 0.135100 0.183000 0.153200 0.118900 0.166400 0.161300 0.138500 0.153100
ThomsonGaz 0.094500 0.254200 0.114900 0.329200 0.096300 0.090100 0.075000 0.056800 0.119200 0.156900 0.099400 0.095500 0.090400 0.097900 0.168900 0.034600 0.170700 0.193500 0.128500 0.109600 0.075100 0.103100 0.177600 0.159300 0.094400 0.017200 0.085500 0.137400 0.051600 0.109600 0.160900 0.093900 0.146700 0.091000 0.094200 0.096300 0.098700 0.118700 0.061700 0.156800 0.159100 0.000000 0.156600 0.149400 0.100800 0.122300 0.047900 0.093800 0.094900 0.174500 0.123700 0.118500
MuntiacusC 0.153100 0.241000 0.162200 0.289500 0.144100 0.148600 0.151400 0.159700 0.156600 0.008200 0.158300 0.143700 0.154200 0.165800 0.209500 0.146400 0.159000 0.151100 0.179000 0.146700 0.190100 0.161800 0.055900 0.061300 0.153000 0.137100 0.148900 0.164700 0.154000 0.146700 0.012500 0.141900 0.138600 0.155300 0.162500 0.133400 0.147200 0.156600 0.155400 0.078400 0.034400 0.156600 0.000000 0.070500 0.137900 0.169900 0.150800 0.126600 0.163700 0.153900 0.151100 0.155600
WhiteTaile 0.166300 0.256800 0.145000 0.284100 0.146700 0.161800 0.144200 0.152600 0.139400 0.070700 0.171800 0.136300 0.146800 0.164000 0.213900 0.139000 0.151700 0.143800 0.182400 0.129600 0.183300 0.164700 0.080000 0.026300 0.166200 0.129800 0.141500 0.147700 0.146800 0.129600 0.074800 0.149800 0.146600 0.158300 0.155300 0.125900 0.170600 0.149200 0.148200 0.070700 0.057700 0.149400 0.070500 0.000000 0.130500 0.194100 0.143500 0.124000 0.156500 0.146800 0.144000 0.138600
Cattle 0.096900 0.237500 0.086900 0.322400 0.097700 0.092400 0.086300 0.094900 0.081800 0.138300 0.102000 0.040600 0.092700 0.100300 0.162000 0.100700 0.133000 0.135500 0.131900 0.081800 0.123800 0.105800 0.153500 0.130400 0.096900 0.091500 0.087700 0.090200 0.118400 0.081800 0.142300 0.086600 0.148100 0.093400 0.096600 0.004300 0.101300 0.120400 0.090500 0.148200 0.135100 0.100800 0.137900 0.130500 0.000000 0.133800 0.095500 0.095700 0.097300 0.157800 0.086200 0.090700
RoyalAntel 0.128300 0.276700 0.148100 0.292200 0.139300 0.123900 0.127000 0.125700 0.142500 0.170300 0.133400 0.129700 0.114400 0.121700 0.184400 0.122100 0.207900 0.231100 0.133600 0.142600 0.135400 0.137000 0.201600 0.183200 0.128200 0.113100 0.109400 0.150900 0.120400 0.142700 0.164000 0.127500 0.170500 0.125100 0.118000 0.129300 0.122700 0.151700 0.102600 0.190600 0.183000 0.122300 0.169900 0.194100 0.133800 0.000000 0.107400 0.142200 0.099700 0.211000 0.137100 0.141600
Steenbok 0.094600 0.271200 0.119100 0.309800 0.091000 0.090200 0.079600 0.061100 0.123500 0.151100 0.104200 0.090700 0.095200 0.093200 0.174200 0.047900 0.176000 0.188400 0.123700 0.113900 0.070200 0.107900 0.171600 0.153400 0.099200 0.039200 0.090300 0.131800 0.056100 0.113900 0.155100 0.089200 0.161400 0.095800 0.098900 0.091000 0.103500 0.113200 0.047900 0.161100 0.153200 0.047900 0.150800 0.143500 0.095500 0.107400 0.000000 0.089100 0.099700 0.179800 0.128000 0.122800
Impala 0.109000 0.247700 0.109700 0.305200 0.101300 0.104600 0.098400 0.107900 0.114000 0.126900 0.114000 0.081100 0.100100 0.112200 0.143100 0.093600 0.165100 0.167100 0.143600 0.104500 0.127200 0.117700 0.137000 0.119100 0.108900 0.075400 0.095200 0.122400 0.097000 0.104500 0.130900 0.098100 0.151700 0.100800 0.108600 0.091200 0.108500 0.123700 0.103700 0.136700 0.118900 0.093800 0.126600 0.124000 0.095700 0.142200 0.089100 0.000000 0.109400 0.159000 0.113800 0.123100
Klipspring 0.072100 0.218900 0.096900 0.315300 0.102500 0.077100 0.090100 0.109100 0.091700 0.164100 0.077000 0.092000 0.077300 0.080400 0.140700 0.094700 0.142200 0.165100 0.091400 0.091800 0.118900 0.080900 0.185200 0.166700 0.072100 0.085700 0.072500 0.109900 0.107600 0.091800 0.157900 0.076300 0.143500 0.077800 0.071900 0.092700 0.076400 0.115400 0.085800 0.174500 0.166400 0.094900 0.163700 0.156500 0.097300 0.099700 0.099700 0.109400 0.000000 0.182000 0.096200 0.100800
ForestMusk 0.181400 0.271400 0.162100 0.288900 0.164100 0.177000 0.149300 0.169400 0.156400 0.154200 0.186900 0.161800 0.182800 0.183800 0.228200 0.164300 0.209300 0.210700 0.208000 0.156600 0.200400 0.179800 0.184500 0.166700 0.181300 0.155100 0.167000 0.164500 0.181700 0.156600 0.158100 0.169900 0.185300 0.184100 0.180800 0.153200 0.185600 0.176700 0.175300 0.154100 0.161300 0.174500 0.153900 0.146800 0.157800 0.211000 0.179800 0.159000 0.182000 0.000000 0.160900 0.145500
Bushbuck 0.120000 0.228600 0.017400 0.311900 0.130900 0.115500 0.109000 0.117500 0.013000 0.151400 0.125100 0.091500 0.115800 0.123100 0.165200 0.123500 0.166900 0.179500 0.145200 0.013000 0.142100 0.128800 0.156700 0.123900 0.119900 0.114400 0.110700 0.030300 0.121600 0.012600 0.155400 0.119200 0.151300 0.116700 0.109900 0.081700 0.114400 0.143600 0.123000 0.141700 0.138500 0.123700 0.151100 0.144000 0.086200 0.137100 0.128000 0.113800 0.096200 0.160900 0.000000 0.021600
GreaterKud 0.124600 0.233400 0.021800 0.316900 0.135600 0.120100 0.103900 0.112400 0.017300 0.156000 0.129700 0.096100 0.120400 0.127700 0.159600 0.118300 0.171700 0.184200 0.149800 0.017300 0.136800 0.133400 0.171500 0.138300 0.124500 0.109200 0.115300 0.034600 0.126200 0.016800 0.159900 0.123700 0.166400 0.121300 0.114400 0.086300 0.128800 0.146100 0.108200 0.146200 0.153100 0.118500 0.155600 0.138600 0.090700 0.141600 0.122800 0.123100 0.100800 0.145500 0.021600 0.000000
