1
52 1
Argali 0.000000 0.204500 0.052800 0.266100 0.026600 0.000000 0.025300 0.000000 0.055000 0.142100 0.000000 0.055000 0.000000 0.054400 0.083700 0.000000 0.138500 0.138500 0.000000 0.055000 0.000000 0.053100 0.142100 0.142100 0.000000 0.025700 0.000000 0.055000 0.000000 0.055000 0.142100 0.026800 0.111300 0.000000 0.000000 0.055000 0.000000 0.026600 0.000000 0.172200 0.142100 0.027100 0.142100 0.142100 0.055000 0.026600 0.000000 0.108900 0.000000 0.111300 0.055000 0.083500
LesserMous 0.204500 0.000000 0.144800 0.109300 0.236900 0.204500 0.239400 0.204500 0.144800 0.111200 0.204500 0.144800 0.204500 0.274200 0.312000 0.204500 0.108600 0.108600 0.204500 0.144800 0.204500 0.200900 0.111200 0.111200 0.204500 0.241700 0.204500 0.144800 0.204500 0.144800 0.111200 0.239400 0.081700 0.204500 0.204500 0.144800 0.204500 0.236900 0.204500 0.140300 0.111200 0.241700 0.111200 0.111200 0.144800 0.237100 0.204500 0.335700 0.204500 0.081700 0.144800 0.175700
LesserKudu 0.052800 0.144800 0.000000 0.204900 0.083500 0.055000 0.084300 0.055300 0.000000 0.084500 0.054300 0.000000 0.055000 0.114100 0.146200 0.055000 0.082300 0.082300 0.055000 0.000000 0.055000 0.110800 0.084500 0.084500 0.055000 0.085200 0.055000 0.000000 0.055000 0.000000 0.084500 0.084300 0.055200 0.055000 0.055000 0.000000 0.055000 0.083500 0.055000 0.113700 0.084500 0.085200 0.084500 0.084500 0.000000 0.083500 0.055000 0.170400 0.055000 0.055200 0.000000 0.026200
KillerWhal 0.266100 0.109300 0.204900 0.000000 0.298700 0.266100 0.304400 0.266100 0.204900 0.169000 0.266100 0.204900 0.266100 0.340200 0.377500 0.266100 0.165300 0.165300 0.266100 0.204900 0.266100 0.261100 0.169000 0.169000 0.266100 0.305300 0.266100 0.204900 0.266100 0.204900 0.169000 0.304400 0.137800 0.266100 0.266100 0.204900 0.266100 0.298700 0.266100 0.199000 0.169000 0.305300 0.169000 0.169000 0.204900 0.299200 0.266100 0.402400 0.266100 0.137800 0.204900 0.235800
DefassaWat 0.026600 0.236900 0.083500 0.298700 0.000000 0.026600 0.054200 0.025900 0.083500 0.173000 0.026600 0.083500 0.025800 0.082700 0.113300 0.026600 0.168500 0.168500 0.026600 0.083500 0.026600 0.080900 0.173000 0.173000 0.026600 0.054900 0.026600 0.083500 0.026600 0.083500 0.173000 0.054200 0.141100 0.026600 0.025600 0.083500 0.026600 0.000000 0.026600 0.203800 0.173000 0.054900 0.173000 0.173000 0.083500 0.054100 0.026600 0.138600 0.026600 0.141100 0.083500 0.112900
Sheep 0.000000 0.204500 0.055000 0.266100 0.026600 0.000000 0.026800 0.000000 0.055000 0.142100 0.000000 0.055000 0.000000 0.054400 0.083700 0.000000 0.138500 0.138500 0.000000 0.055000 0.000000 0.053100 0.142100 0.142100 0.000000 0.026200 0.000000 0.055000 0.000000 0.055000 0.142200 0.026800 0.111300 0.000000 0.000000 0.055000 0.000000 0.026600 0.000000 0.172200 0.142100 0.027100 0.142100 0.142100 0.055000 0.026600 0.000000 0.108900 0.000000 0.111300 0.055000 0.083500
MaxwellsDu 0.025300 0.239400 0.084300 0.304400 0.054200 0.026800 0.000000 0.026800 0.084300 0.174400 0.026800 0.084300 0.026800 0.026800 0.113600 0.025800 0.169800 0.169800 0.026800 0.084300 0.026800 0.081000 0.174400 0.174400 0.026800 0.055200 0.026800 0.084300 0.026800 0.084300 0.174400 0.000000 0.142200 0.026800 0.026800 0.084300 0.026800 0.054200 0.026800 0.205500 0.174400 0.055200 0.174400 0.174400 0.084300 0.054200 0.026800 0.138400 0.026800 0.142200 0.084300 0.113500
GazellaPrz 0.000000 0.204500 0.055300 0.266100 0.025900 0.000000 0.026800 0.000000 0.055000 0.142100 0.000000 0.055000 0.000000 0.054400 0.083700 0.000000 0.138500 0.138500 0.000000 0.055000 0.000000 0.053100 0.142100 0.142100 0.000000 0.027100 0.000000 0.055000 0.000000 0.055000 0.142100 0.026800 0.110300 0.000000 0.000000 0.055000 0.000000 0.026600 0.000000 0.172200 0.142100 0.027100 0.142100 0.142100 0.055000 0.026600 0.000000 0.108900 0.000000 0.111300 0.055000 0.083500
MountainNy 0.055000 0.144800 0.000000 0.204900 0.083500 0.055000 0.084300 0.055000 0.000000 0.084500 0.055000 0.000000 0.055000 0.114100 0.146200 0.055000 0.082300 0.082300 0.055000 0.000000 0.055000 0.111100 0.084500 0.084500 0.055000 0.085200 0.055000 0.000000 0.055000 0.000000 0.084500 0.084300 0.055200 0.055000 0.055000 0.000000 0.055000 0.083500 0.055000 0.113700 0.084500 0.085200 0.084500 0.084500 0.000000 0.083500 0.055000 0.170400 0.055000 0.055200 0.000000 0.027700
MuntiacusM 0.142100 0.111200 0.084500 0.169000 0.173000 0.142100 0.174400 0.142100 0.084500 0.000000 0.142100 0.084500 0.142100 0.207200 0.243000 0.142100 0.052900 0.052900 0.142100 0.084500 0.142100 0.201200 0.000000 0.000000 0.142100 0.176200 0.142100 0.084500 0.142100 0.084500 0.000000 0.174400 0.026500 0.142100 0.142100 0.084500 0.142100 0.173000 0.142100 0.026500 0.000000 0.176200 0.000000 0.000000 0.084500 0.173100 0.142100 0.267300 0.142100 0.026500 0.084500 0.114000
goat 0.000000 0.204500 0.054300 0.266100 0.026600 0.000000 0.026800 0.000000 0.055000 0.142100 0.000000 0.054900 0.000000 0.054400 0.083700 0.000000 0.138500 0.138500 0.000000 0.055000 0.000000 0.053100 0.142100 0.142100 0.000000 0.027100 0.000000 0.054800 0.000000 0.055000 0.142100 0.026800 0.111300 0.000000 0.000000 0.055000 0.000000 0.026600 0.000000 0.172200 0.142100 0.027100 0.142100 0.142100 0.055000 0.026600 0.000000 0.108900 0.000000 0.111300 0.055000 0.083500
AfricanBuf 0.055000 0.144800 0.000000 0.204900 0.083500 0.055000 0.084300 0.055000 0.000000 0.084500 0.054900 0.000000 0.055000 0.114100 0.146200 0.055000 0.082300 0.082300 0.055000 0.000000 0.055000 0.110800 0.084500 0.084500 0.055000 0.085200 0.055000 0.000000 0.055000 0.000000 0.084500 0.084300 0.055200 0.055000 0.055000 0.000000 0.055000 0.083500 0.055000 0.113700 0.084500 0.085200 0.084500 0.084500 0.000000 0.083500 0.055000 0.170400 0.055000 0.055200 0.000000 0.027700
Topi 0.000000 0.204500 0.055000 0.266100 0.025800 0.000000 0.026800 0.000000 0.055000 0.142100 0.000000 0.055000 0.000000 0.054400 0.083700 0.000000 0.138500 0.138500 0.000000 0.055000 0.000000 0.053100 0.142200 0.142100 0.000000 0.027100 0.000000 0.055000 0.000000 0.054300 0.142100 0.026800 0.111300 0.000000 0.000000 0.055000 0.000000 0.025600 0.000000 0.172200 0.142100 0.025900 0.142100 0.142100 0.055000 0.026600 0.000000 0.108900 0.000000 0.111300 0.055000 0.083500
CommonDuik 0.054400 0.274200 0.114100 0.340200 0.082700 0.054400 0.026800 0.054400 0.114100 0.207200 0.054400 0.114100 0.054400 0.000000 0.144600 0.054400 0.201500 0.201500 0.054400 0.114100 0.054400 0.109900 0.207200 0.207200 0.054400 0.084100 0.054400 0.114100 0.054400 0.114100 0.207200 0.026800 0.173600 0.054400 0.054400 0.114100 0.054400 0.082700 0.054400 0.239200 0.207200 0.084100 0.207200 0.207200 0.114100 0.082700 0.054400 0.169600 0.054400 0.173600 0.114100 0.144300
Suni 0.083700 0.312000 0.146200 0.377500 0.113300 0.083700 0.113600 0.083700 0.146200 0.243000 0.083700 0.146200 0.083700 0.144600 0.000000 0.083700 0.235600 0.235600 0.083700 0.146200 0.083700 0.141000 0.243000 0.243000 0.083700 0.115200 0.083300 0.146200 0.083700 0.146200 0.243000 0.113600 0.207600 0.083700 0.083700 0.146200 0.083700 0.113300 0.083700 0.275700 0.243000 0.115200 0.243000 0.243000 0.146200 0.055100 0.082800 0.141000 0.083700 0.207600 0.146200 0.178000
Springbuck 0.000000 0.204500 0.055000 0.266100 0.026600 0.000000 0.025800 0.000000 0.055000 0.142100 0.000000 0.055000 0.000000 0.054400 0.083700 0.000000 0.138500 0.138500 0.000000 0.055000 0.000000 0.053100 0.142100 0.142100 0.000000 0.027100 0.000000 0.055000 0.000000 0.055000 0.142100 0.026800 0.111300 0.000000 0.000000 0.055000 0.000000 0.025500 0.000000 0.172200 0.142100 0.027100 0.142100 0.142100 0.055000 0.026600 0.000000 0.108900 0.000000 0.111300 0.054800 0.083500
Okapi 0.138500 0.108600 0.082300 0.165300 0.168500 0.138500 0.169800 0.138500 0.082300 0.052900 0.138500 0.082300 0.138500 0.201500 0.235600 0.138500 0.000000 0.000000 0.138500 0.082300 0.138500 0.196300 0.052900 0.052900 0.138500 0.171300 0.138500 0.082300 0.138500 0.082300 0.052900 0.169800 0.026000 0.138500 0.138500 0.082300 0.138500 0.168500 0.138500 0.080000 0.052900 0.171300 0.052900 0.052900 0.082300 0.168600 0.138500 0.260400 0.138500 0.026000 0.082300 0.111000
Giraffe 0.138500 0.108600 0.082300 0.165300 0.168500 0.138500 0.169800 0.138500 0.082300 0.052900 0.138500 0.082300 0.138500 0.201500 0.235600 0.138500 0.000000 0.000000 0.138500 0.082300 0.138500 0.196300 0.052900 0.052900 0.138500 0.171300 0.138500 0.082300 0.138500 0.082300 0.052500 0.169800 0.026000 0.138500 0.138500 0.082300 0.138500 0.168500 0.138500 0.080000 0.052900 0.171300 0.052900 0.052900 0.082300 0.168600 0.138500 0.260400 0.138500 0.026000 0.082300 0.111000
TibetanAnt 0.000000 0.204500 0.055000 0.266100 0.026600 0.000000 0.026800 0.000000 0.055000 0.142100 0.000000 0.055000 0.000000 0.054400 0.083700 0.000000 0.138500 0.138500 0.000000 0.055000 0.000000 0.053100 0.142100 0.142100 0.000000 0.026000 0.000000 0.054500 0.000000 0.055000 0.142100 0.026800 0.111300 0.000000 0.000000 0.055000 0.000000 0.026600 0.000000 0.172200 0.142100 0.027100 0.142100 0.142100 0.055000 0.025700 0.000000 0.108900 0.000000 0.111300 0.055000 0.083500
Sitatunga 0.055000 0.144800 0.000000 0.204900 0.083500 0.055000 0.084300 0.055000 0.000000 0.084500 0.055000 0.000000 0.055000 0.114100 0.146200 0.055000 0.082300 0.082300 0.055000 0.000000 0.055000 0.110800 0.084500 0.084500 0.055000 0.085200 0.055000 0.000000 0.055000 0.000000 0.084500 0.084300 0.055200 0.055000 0.055000 0.000000 0.055000 0.083500 0.055000 0.113700 0.084500 0.085200 0.084500 0.084500 0.000000 0.083500 0.055000 0.170400 0.055000 0.055200 0.000000 0.026400
Oribi 0.000000 0.204500 0.055000 0.266100 0.026600 0.000000 0.026800 0.000000 0.055000 0.142100 0.000000 0.055000 0.000000 0.054400 0.083700 0.000000 0.138500 0.138500 0.000000 0.055000 0.000000 0.053100 0.142100 0.142100 0.000000 0.026100 0.000000 0.055000 0.000000 0.055000 0.142100 0.026800 0.111300 0.000000 0.000000 0.055000 0.000000 0.025600 0.000000 0.172200 0.142100 0.027100 0.141900 0.142100 0.055000 0.026600 0.000000 0.108900 0.000000 0.111300 0.055000 0.083500
BarbaryShe 0.053100 0.200900 0.110800 0.261100 0.080900 0.053100 0.081000 0.053100 0.111100 0.201200 0.053100 0.110800 0.053100 0.109900 0.141000 0.053100 0.196300 0.196300 0.053100 0.110800 0.053100 0.000000 0.201200 0.201200 0.053100 0.081900 0.053100 0.110800 0.053100 0.110400 0.201200 0.081000 0.168800 0.053100 0.053100 0.110800 0.053100 0.080900 0.053100 0.232200 0.201200 0.081900 0.201200 0.201200 0.110800 0.080900 0.053100 0.166200 0.053100 0.168800 0.110800 0.140400
Daviddeer 0.142100 0.111200 0.084500 0.169000 0.173000 0.142100 0.174400 0.142100 0.084500 0.000000 0.142100 0.084500 0.142200 0.207200 0.243000 0.142100 0.052900 0.052900 0.142100 0.084500 0.142100 0.201200 0.000000 0.000000 0.142100 0.176200 0.142100 0.084500 0.142100 0.084500 0.000000 0.174400 0.026500 0.142100 0.142100 0.084500 0.142100 0.173000 0.142100 0.025600 0.000000 0.176200 0.000000 0.000000 0.084500 0.173100 0.142100 0.267300 0.142100 0.026500 0.084500 0.114000
Reindeer 0.142100 0.111200 0.084500 0.169000 0.173000 0.142100 0.174400 0.142100 0.084500 0.000000 0.142100 0.084500 0.142100 0.207200 0.243000 0.142100 0.052900 0.052900 0.142100 0.084500 0.142100 0.201200 0.000000 0.000000 0.142100 0.176200 0.142100 0.084500 0.142100 0.084500 0.000000 0.174400 0.026500 0.142100 0.142100 0.084500 0.142100 0.173000 0.142100 0.026500 0.000000 0.176200 0.000000 0.000000 0.084500 0.173100 0.142100 0.267300 0.142100 0.026500 0.084500 0.114000
Ibex 0.000000 0.204500 0.055000 0.266100 0.026600 0.000000 0.026800 0.000000 0.055000 0.142100 0.000000 0.055000 0.000000 0.054400 0.083700 0.000000 0.138500 0.138500 0.000000 0.055000 0.000000 0.053100 0.142100 0.142100 0.000000 0.026300 0.000000 0.055000 0.000000 0.055000 0.142100 0.026800 0.111300 0.000000 0.000000 0.055000 0.000000 0.026600 0.000000 0.172200 0.142100 0.027100 0.142100 0.142100 0.055000 0.026600 0.000000 0.108900 0.000000 0.111300 0.055000 0.083500
GyrantGaze 0.025700 0.241700 0.085200 0.305300 0.054900 0.026200 0.055200 0.027100 0.085200 0.176200 0.027100 0.085200 0.027100 0.084100 0.115200 0.027100 0.171300 0.171300 0.026000 0.085200 0.026100 0.081900 0.176200 0.176200 0.026300 0.000000 0.026300 0.085200 0.027100 0.085300 0.176200 0.055200 0.143600 0.027100 0.027100 0.085200 0.027100 0.054900 0.027100 0.207600 0.176200 0.000000 0.176200 0.176200 0.085200 0.054900 0.027100 0.140100 0.027100 0.143600 0.085200 0.115000
Hartebeest 0.000000 0.204500 0.055000 0.266100 0.026600 0.000000 0.026800 0.000000 0.055000 0.142100 0.000000 0.055000 0.000000 0.054400 0.083300 0.000000 0.138500 0.138500 0.000000 0.055000 0.000000 0.053100 0.142100 0.142100 0.000000 0.026300 0.000000 0.055000 0.000000 0.055000 0.142100 0.026800 0.111300 0.000000 0.000000 0.055000 0.000000 0.025700 0.000000 0.172200 0.142100 0.025900 0.142100 0.142100 0.055000 0.026600 0.000000 0.108900 0.000000 0.111300 0.055000 0.083500
Bongo 0.055000 0.144800 0.000000 0.204900 0.083500 0.055000 0.084300 0.055000 0.000000 0.084500 0.054800 0.000000 0.055000 0.114100 0.146200 0.055000 0.082300 0.082300 0.054500 0.000000 0.055000 0.110800 0.084500 0.084500 0.055000 0.085200 0.055000 0.000000 0.055000 0.000000 0.084500 0.084300 0.055200 0.055000 0.055000 0.000000 0.055000 0.083500 0.055000 0.113700 0.084500 0.085200 0.084500 0.084500 0.000000 0.082900 0.055000 0.170400 0.055000 0.055200 0.000000 0.026700
Gerenuk 0.000000 0.204500 0.055000 0.266100 0.026600 0.000000 0.026800 0.000000 0.055000 0.142100 0.000000 0.055000 0.000000 0.054400 0.083700 0.000000 0.138500 0.138500 0.000000 0.055000 0.000000 0.053100 0.142100 0.142100 0.000000 0.027100 0.000000 0.055000 0.000000 0.055000 0.142100 0.026800 0.111300 0.000000 0.000000 0.053100 0.000000 0.026600 0.000000 0.172200 0.142100 0.027100 0.142100 0.142100 0.055000 0.026600 0.000000 0.108900 0.000000 0.110800 0.055000 0.083500
CommonElan 0.055000 0.144800 0.000000 0.204900 0.083500 0.055000 0.084300 0.055000 0.000000 0.084500 0.055000 0.000000 0.054300 0.114100 0.146200 0.055000 0.082300 0.082300 0.055000 0.000000 0.055000 0.110400 0.084500 0.084500 0.055000 0.085300 0.055000 0.000000 0.055000 0.000000 0.084500 0.084300 0.055200 0.055000 0.055000 0.000000 0.055000 0.083500 0.055000 0.113700 0.084500 0.085200 0.084500 0.084500 0.000000 0.083500 0.055000 0.170400 0.055000 0.055200 0.000000 0.027700
MuntiacusR 0.142100 0.111200 0.084500 0.169000 0.173000 0.142200 0.174400 0.142100 0.084500 0.000000 0.142100 0.084500 0.142100 0.207200 0.243000 0.142100 0.052900 0.052500 0.142100 0.084500 0.142100 0.201200 0.000000 0.000000 0.142100 0.176200 0.142100 0.084500 0.142100 0.084500 0.000000 0.174400 0.026500 0.142100 0.142100 0.084500 0.142100 0.173000 0.142100 0.026500 0.000000 0.176200 0.000000 0.000000 0.084500 0.173100 0.142100 0.267300 0.142100 0.026500 0.084500 0.114000
HarveysDui 0.026800 0.239400 0.084300 0.304400 0.054200 0.026800 0.000000 0.026800 0.084300 0.174400 0.026800 0.084300 0.026800 0.026800 0.113600 0.026800 0.169800 0.169800 0.026800 0.084300 0.026800 0.081000 0.174400 0.174400 0.026800 0.055200 0.026800 0.084300 0.026800 0.084300 0.174400 0.000000 0.142200 0.026800 0.026800 0.084300 0.026800 0.054200 0.026800 0.205500 0.174400 0.055200 0.174400 0.174400 0.084300 0.054200 0.026800 0.138400 0.026800 0.142200 0.084300 0.113500
Pronghorn 0.111300 0.081700 0.055200 0.137800 0.141100 0.111300 0.142200 0.110300 0.055200 0.026500 0.111300 0.055200 0.111300 0.173600 0.207600 0.111300 0.026000 0.026000 0.111300 0.055200 0.111300 0.168800 0.026500 0.026500 0.111300 0.143600 0.111300 0.055200 0.111300 0.055200 0.026500 0.142200 0.000000 0.111300 0.111300 0.055200 0.111300 0.141100 0.111300 0.053500 0.026500 0.143600 0.026500 0.026500 0.055200 0.141100 0.111300 0.231900 0.111300 0.000000 0.055200 0.083800
BlueWildeb 0.000000 0.204500 0.055000 0.266100 0.026600 0.000000 0.026800 0.000000 0.055000 0.142100 0.000000 0.055000 0.000000 0.054400 0.083700 0.000000 0.138500 0.138500 0.000000 0.055000 0.000000 0.053100 0.142100 0.142100 0.000000 0.027100 0.000000 0.055000 0.000000 0.055000 0.142100 0.026800 0.111300 0.000000 0.000000 0.055000 0.000000 0.026600 0.000000 0.172200 0.142100 0.027100 0.142100 0.142100 0.055000 0.026600 0.000000 0.108900 0.000000 0.111300 0.055000 0.083500
Gemsbok 0.000000 0.204500 0.055000 0.266100 0.025600 0.000000 0.026800 0.000000 0.055000 0.142100 0.000000 0.055000 0.000000 0.054400 0.083700 0.000000 0.138500 0.138500 0.000000 0.055000 0.000000 0.053100 0.142100 0.142100 0.000000 0.027100 0.000000 0.055000 0.000000 0.055000 0.142100 0.026800 0.111300 0.000000 0.000000 0.055000 0.000000 0.026600 0.000000 0.172200 0.142100 0.027100 0.142100 0.142100 0.055000 0.026600 0.000000 0.108900 0.000000 0.110700 0.055000 0.083500
Yak 0.055000 0.144800 0.000000 0.204900 0.083500 0.055000 0.084300 0.055000 0.000000 0.084500 0.055000 0.000000 0.055000 0.114100 0.146200 0.055000 0.082300 0.082300 0.055000 0.000000 0.055000 0.110800 0.084500 0.084500 0.055000 0.085200 0.055000 0.000000 0.053100 0.000000 0.084500 0.084300 0.055200 0.055000 0.055000 0.000000 0.055000 0.083500 0.055000 0.113700 0.084500 0.085200 0.084500 0.084500 0.000000 0.083500 0.055000 0.170400 0.055000 0.055200 0.000000 0.027700
BlueSheep 0.000000 0.204500 0.055000 0.266100 0.026600 0.000000 0.026800 0.000000 0.055000 0.142100 0.000000 0.055000 0.000000 0.054400 0.083700 0.000000 0.138500 0.138500 0.000000 0.055000 0.000000 0.053100 0.142100 0.142100 0.000000 0.027100 0.000000 0.055000 0.000000 0.055000 0.142100 0.026800 0.111300 0.000000 0.000000 0.055000 0.000000 0.026600 0.000000 0.172200 0.142100 0.027100 0.142100 0.142100 0.055000 0.026600 0.000000 0.108900 0.000000 0.111300 0.055000 0.083500
BohorReedb 0.026600 0.236900 0.083500 0.298700 0.000000 0.026600 0.054200 0.026600 0.083500 0.173000 0.026600 0.083500 0.025600 0.082700 0.113300 0.025500 0.168500 0.168500 0.026600 0.083500 0.025600 0.080900 0.173000 0.173000 0.026600 0.054900 0.025700 0.083500 0.026600 0.083500 0.173000 0.054200 0.141100 0.026600 0.026600 0.083500 0.026600 0.000000 0.026600 0.203800 0.173000 0.054900 0.173000 0.173000 0.083500 0.054100 0.026600 0.138600 0.026600 0.141100 0.083500 0.112700
KirksDik 0.000000 0.204500 0.055000 0.266100 0.026600 0.000000 0.026800 0.000000 0.055000 0.142100 0.000000 0.055000 0.000000 0.054400 0.083700 0.000000 0.138500 0.138500 0.000000 0.055000 0.000000 0.053100 0.142100 0.142100 0.000000 0.027100 0.000000 0.055000 0.000000 0.055000 0.142100 0.026800 0.111300 0.000000 0.000000 0.055000 0.000000 0.026600 0.000000 0.172200 0.142100 0.026000 0.142100 0.142100 0.055000 0.025300 0.000000 0.108900 0.000000 0.111300 0.055000 0.083500
RoeDeer 0.172200 0.140300 0.113700 0.199000 0.203800 0.172200 0.205500 0.172200 0.113700 0.026500 0.172200 0.113700 0.172200 0.239200 0.275700 0.172200 0.080000 0.080000 0.172200 0.113700 0.172200 0.232200 0.025600 0.026500 0.172200 0.207600 0.172200 0.113700 0.172200 0.113700 0.026500 0.205500 0.053500 0.172200 0.172200 0.113700 0.172200 0.203800 0.172200 0.000000 0.026500 0.207600 0.026500 0.026500 0.113700 0.204000 0.172200 0.300100 0.172200 0.053500 0.113700 0.143900
WhiteLippe 0.142100 0.111200 0.084500 0.169000 0.173000 0.142100 0.174400 0.142100 0.084500 0.000000 0.142100 0.084500 0.142100 0.207200 0.243000 0.142100 0.052900 0.052900 0.142100 0.084500 0.142100 0.201200 0.000000 0.000000 0.142100 0.176200 0.142100 0.084500 0.142100 0.084500 0.000000 0.174400 0.026500 0.142100 0.142100 0.084500 0.142100 0.173000 0.142100 0.026500 0.000000 0.176200 0.000000 0.000000 0.084500 0.173100 0.142100 0.267300 0.142100 0.026500 0.084500 0.114000
ThomsonGaz 0.027100 0.241700 0.085200 0.305300 0.054900 0.027100 0.055200 0.027100 0.085200 0.176200 0.027100 0.085200 0.025900 0.084100 0.115200 0.027100 0.171300 0.171300 0.027100 0.085200 0.027100 0.081900 0.176200 0.176200 0.027100 0.000000 0.025900 0.085200 0.027100 0.085200 0.176200 0.055200 0.143600 0.027100 0.027100 0.085200 0.027100 0.054900 0.026000 0.207600 0.176200 0.000000 0.176200 0.176200 0.085200 0.054900 0.027100 0.140100 0.027100 0.143600 0.085200 0.115000
MuntiacusC 0.142100 0.111200 0.084500 0.169000 0.173000 0.142100 0.174400 0.142100 0.084500 0.000000 0.142100 0.084500 0.142100 0.207200 0.243000 0.142100 0.052900 0.052900 0.142100 0.084500 0.141900 0.201200 0.000000 0.000000 0.142100 0.176200 0.142100 0.084500 0.142100 0.084500 0.000000 0.174400 0.026500 0.142100 0.142100 0.084500 0.142100 0.173000 0.142100 0.026500 0.000000 0.176200 0.000000 0.000000 0.084500 0.173100 0.142100 0.267300 0.142100 0.026500 0.084500 0.114000
WhiteTaile 0.142100 0.111200 0.084500 0.169000 0.173000 0.142100 0.174400 0.142100 0.084500 0.000000 0.142100 0.084500 0.142100 0.207200 0.243000 0.142100 0.052900 0.052900 0.142100 0.084500 0.142100 0.201200 0.000000 0.000000 0.142100 0.176200 0.142100 0.084500 0.142100 0.084500 0.000000 0.174400 0.026500 0.142100 0.142100 0.084500 0.142100 0.173000 0.142100 0.026500 0.000000 0.176200 0.000000 0.000000 0.084500 0.173100 0.142100 0.267300 0.142100 0.025400 0.084500 0.114000
Cattle 0.055000 0.144800 0.000000 0.204900 0.083500 0.055000 0.084300 0.055000 0.000000 0.084500 0.055000 0.000000 0.055000 0.114100 0.146200 0.055000 0.082300 0.082300 0.055000 0.000000 0.055000 0.110800 0.084500 0.084500 0.055000 0.085200 0.055000 0.000000 0.055000 0.000000 0.084500 0.084300 0.055200 0.055000 0.055000 0.000000 0.055000 0.083500 0.055000 0.113700 0.084500 0.085200 0.084500 0.084500 0.000000 0.084200 0.055000 0.170400 0.055000 0.055200 0.000000 0.026700
RoyalAntel 0.026600 0.237100 0.083500 0.299200 0.054100 0.026600 0.054200 0.026600 0.083500 0.173100 0.026600 0.083500 0.026600 0.082700 0.055100 0.026600 0.168600 0.168600 0.025700 0.083500 0.026600 0.080900 0.173100 0.173100 0.026600 0.054900 0.026600 0.082900 0.026600 0.083500 0.173100 0.054200 0.141100 0.026600 0.026600 0.083500 0.026600 0.054100 0.025300 0.204000 0.173100 0.054900 0.173100 0.173100 0.084200 0.000000 0.026600 0.080300 0.026600 0.141100 0.083500 0.112000
Steenbok 0.000000 0.204500 0.055000 0.266100 0.026600 0.000000 0.026800 0.000000 0.055000 0.142100 0.000000 0.055000 0.000000 0.054400 0.082800 0.000000 0.138500 0.138500 0.000000 0.055000 0.000000 0.053100 0.142100 0.142100 0.000000 0.027100 0.000000 0.055000 0.000000 0.055000 0.142100 0.026800 0.111300 0.000000 0.000000 0.055000 0.000000 0.026600 0.000000 0.172200 0.142100 0.027100 0.142100 0.142100 0.055000 0.026600 0.000000 0.108900 0.000000 0.111300 0.055000 0.083500
Impala 0.108900 0.335700 0.170400 0.402400 0.138600 0.108900 0.138400 0.108900 0.170400 0.267300 0.108900 0.170400 0.108900 0.169600 0.141000 0.108900 0.260400 0.260400 0.108900 0.170400 0.108900 0.166200 0.267300 0.267300 0.108900 0.140100 0.108900 0.170400 0.108900 0.170400 0.267300 0.138400 0.231900 0.108900 0.108900 0.170400 0.108900 0.138600 0.108900 0.300100 0.267300 0.140100 0.267300 0.267300 0.170400 0.080300 0.108900 0.000000 0.108900 0.231900 0.170400 0.202100
Klipspring 0.000000 0.204500 0.055000 0.266100 0.026600 0.000000 0.026800 0.000000 0.055000 0.142100 0.000000 0.055000 0.000000 0.054400 0.083700 0.000000 0.138500 0.138500 0.000000 0.055000 0.000000 0.053100 0.142100 0.142100 0.000000 0.027100 0.000000 0.055000 0.000000 0.055000 0.142100 0.026800 0.111300 0.000000 0.000000 0.055000 0.000000 0.026600 0.000000 0.172200 0.142100 0.027100 0.142100 0.142100 0.055000 0.026600 0.000000 0.108900 0.000000 0.111300 0.055000 0.083200
ForestMusk 0.111300 0.081700 0.055200 0.137800 0.141100 0.111300 0.142200 0.111300 0.055200 0.026500 0.111300 0.055200 0.111300 0.173600 0.207600 0.111300 0.026000 0.026000 0.111300 0.055200 0.111300 0.168800 0.026500 0.026500 0.111300 0.143600 0.111300 0.055200 0.110800 0.055200 0.026500 0.142200 0.000000 0.111300 0.110700 0.055200 0.111300 0.141100 0.111300 0.053500 0.026500 0.143600 0.026500 0.025400 0.055200 0.141100 0.111300 0.231900 0.111300 0.000000 0.055200 0.083800
Bushbuck 0.055000 0.144800 0.000000 0.204900 0.083500 0.055000 0.084300 0.055000 0.000000 0.084500 0.055000 0.000000 0.055000 0.114100 0.146200 0.054800 0.082300 0.082300 0.055000 0.000000 0.055000 0.110800 0.084500 0.084500 0.055000 0.085200 0.055000 0.000000 0.055000 0.000000 0.084500 0.084300 0.055200 0.055000 0.055000 0.000000 0.055000 0.083500 0.055000 0.113700 0.084500 0.085200 0.084500 0.084500 0.000000 0.083500 0.055000 0.170400 0.055000 0.055200 0.000000 0.027700
GreaterKud 0.083500 0.175700 0.026200 0.235800 0.112900 0.083500 0.113500 0.083500 0.027700 0.114000 0.083500 0.027700 0.083500 0.144300 0.178000 0.083500 0.111000 0.111000 0.083500 0.026400 0.083500 0.140400 0.114000 0.114000 0.083500 0.115000 0.083500 0.026700 0.083500 0.027700 0.114000 0.113500 0.083800 0.083500 0.083500 0.027700 0.083500 0.112700 0.083500 0.143900 0.114000 0.115000 0.114000 0.114000 0.026700 0.112000 0.083500 0.202100 0.083200 0.083800 0.027700 0.000000
