1
52 1
Argali 0.000000 0.026000 0.003700 0.037700 0.003700 0.000000 0.003700 0.003700 0.003700 0.007600 0.003700 0.003700 0.003700 0.003700 0.007500 0.003700 0.007400 0.003700 0.003700 0.003700 0.003700 0.003700 0.011300 0.015200 0.003700 0.003700 0.003700 0.007500 0.003700 0.003700 0.007600 0.003700 0.014900 0.007500 0.003800 0.003700 0.003700 0.003700 0.003700 0.011300 0.011200 0.003700 0.011400 0.011300 0.003700 0.003700 0.011200 0.003700 0.003700 0.007400 0.003700 0.003700
LesserMous 0.026000 0.000000 0.022500 0.048700 0.022400 0.026100 0.022200 0.022300 0.022500 0.026500 0.022300 0.022400 0.022400 0.022200 0.026100 0.022300 0.026000 0.022300 0.022500 0.022400 0.022300 0.022300 0.030100 0.026600 0.022300 0.022300 0.022300 0.026200 0.022400 0.022500 0.026500 0.022300 0.025900 0.018600 0.022600 0.022400 0.022400 0.022400 0.022400 0.030200 0.030000 0.022400 0.026500 0.030200 0.022500 0.022400 0.030000 0.022400 0.022500 0.026000 0.022400 0.022400
LesserKudu 0.003700 0.022500 0.000000 0.034200 0.000100 0.003800 0.000100 0.000100 0.000000 0.003800 0.000100 0.000100 0.000100 0.000100 0.003800 0.000100 0.003700 0.000100 0.000100 0.000000 0.000100 0.000100 0.007600 0.011500 0.000100 0.000100 0.000100 0.003800 0.000100 0.000000 0.003800 0.000000 0.011300 0.003800 0.000100 0.000100 0.000100 0.000100 0.000100 0.007600 0.007600 0.000100 0.007600 0.007600 0.000100 0.000000 0.007500 0.000000 0.000100 0.003700 0.000000 0.000000
KillerWhal 0.037700 0.048700 0.034200 0.000000 0.034000 0.037800 0.033800 0.034000 0.034200 0.038400 0.033900 0.034100 0.034100 0.033800 0.037900 0.033900 0.037700 0.033900 0.034100 0.034100 0.033900 0.033900 0.042000 0.046400 0.033900 0.034000 0.033900 0.038000 0.034100 0.034200 0.038300 0.033900 0.029900 0.038000 0.034300 0.034100 0.034100 0.034000 0.034000 0.042200 0.041800 0.034100 0.042300 0.042200 0.034200 0.034000 0.041800 0.034100 0.034200 0.037700 0.034100 0.034100
DefassaWat 0.003700 0.022400 0.000100 0.034000 0.000000 0.003700 0.000000 0.000000 0.000000 0.003800 0.000000 0.000100 0.000000 0.000000 0.003700 0.000100 0.003700 0.000100 0.000000 0.000000 0.000000 0.000000 0.007500 0.011500 0.000000 0.000100 0.000000 0.003800 0.000100 0.000100 0.003800 0.000000 0.011200 0.003700 0.000000 0.000100 0.000000 0.000000 0.000100 0.007600 0.007500 0.000100 0.007600 0.007600 0.000100 0.000000 0.007500 0.000000 0.000000 0.003700 0.000000 0.000000
Sheep 0.000000 0.026100 0.003800 0.037800 0.003700 0.000000 0.003700 0.003700 0.003800 0.007600 0.003700 0.003700 0.003700 0.003700 0.007500 0.003700 0.007500 0.003700 0.003800 0.003700 0.003700 0.003700 0.011300 0.015300 0.003700 0.003700 0.003700 0.007500 0.003700 0.003800 0.007600 0.003700 0.014900 0.007500 0.003800 0.003700 0.003800 0.003700 0.003700 0.011400 0.011300 0.003700 0.011400 0.011400 0.003800 0.003700 0.011300 0.003700 0.003800 0.007500 0.003700 0.003700
MaxwellsDu 0.003700 0.022200 0.000100 0.033800 0.000000 0.003700 0.000000 0.000000 0.000100 0.003800 0.000000 0.000100 0.000000 0.000000 0.003700 0.000100 0.003700 0.000100 0.000100 0.000000 0.000000 0.000000 0.007500 0.011400 0.000000 0.000100 0.000000 0.003700 0.000100 0.000100 0.003800 0.000000 0.011100 0.003700 0.000100 0.000100 0.000100 0.000000 0.000100 0.007500 0.007500 0.000100 0.007500 0.007500 0.000100 0.000000 0.007500 0.000000 0.000100 0.003700 0.000000 0.000000
GazellaPrz 0.003700 0.022300 0.000100 0.034000 0.000000 0.003700 0.000000 0.000000 0.000100 0.003800 0.000100 0.000100 0.000000 0.000000 0.003700 0.000100 0.003700 0.000100 0.000100 0.000100 0.000000 0.000100 0.007500 0.011400 0.000100 0.000000 0.000100 0.003700 0.000000 0.000100 0.003800 0.000000 0.011200 0.003700 0.000100 0.000100 0.000100 0.000100 0.000100 0.007600 0.007500 0.000100 0.007600 0.007600 0.000100 0.000000 0.007500 0.000100 0.000000 0.003700 0.000100 0.000100
MountainNy 0.003700 0.022500 0.000000 0.034200 0.000000 0.003800 0.000100 0.000100 0.000000 0.003800 0.000100 0.000100 0.000100 0.000100 0.003800 0.000100 0.003700 0.000100 0.000100 0.000000 0.000100 0.000100 0.007600 0.011500 0.000100 0.000100 0.000100 0.003800 0.000100 0.000000 0.003800 0.000000 0.011300 0.003800 0.000100 0.000100 0.000100 0.000100 0.000100 0.007600 0.007600 0.000100 0.007600 0.007600 0.000100 0.000000 0.007500 0.000000 0.000100 0.003700 0.000000 0.000000
MuntiacusM 0.007600 0.026500 0.003800 0.038400 0.003800 0.007600 0.003800 0.003800 0.003800 0.000000 0.003800 0.003800 0.003800 0.003800 0.007600 0.003800 0.007600 0.003800 0.003800 0.003800 0.003800 0.003800 0.003800 0.007700 0.003800 0.003800 0.003800 0.007600 0.003800 0.003800 0.000000 0.003800 0.015100 0.007600 0.003800 0.003800 0.003800 0.003800 0.003800 0.003800 0.003800 0.003800 0.003800 0.003800 0.003800 0.003800 0.011400 0.003800 0.003800 0.007600 0.003800 0.003800
goat 0.003700 0.022300 0.000100 0.033900 0.000000 0.003700 0.000000 0.000100 0.000100 0.003800 0.000000 0.000100 0.000000 0.000000 0.003700 0.000100 0.003700 0.000100 0.000000 0.000100 0.000100 0.000000 0.007500 0.011400 0.000000 0.000100 0.000000 0.003700 0.000100 0.000100 0.003800 0.000000 0.011200 0.003700 0.000000 0.000100 0.000000 0.000000 0.000100 0.007600 0.007500 0.000100 0.007600 0.007600 0.000100 0.000000 0.007500 0.000100 0.000100 0.003700 0.000100 0.000100
AfricanBuf 0.003700 0.022400 0.000100 0.034100 0.000100 0.003700 0.000100 0.000100 0.000100 0.003800 0.000100 0.000000 0.000100 0.000100 0.003700 0.000100 0.003700 0.000100 0.000100 0.000100 0.000100 0.000100 0.007500 0.011500 0.000100 0.000100 0.000100 0.003800 0.000100 0.000100 0.003800 0.000000 0.011200 0.003800 0.000100 0.000000 0.000100 0.000100 0.000100 0.007600 0.007500 0.000100 0.007600 0.007600 0.000000 0.000100 0.007500 0.000100 0.000100 0.003700 0.000100 0.000100
Topi 0.003700 0.022400 0.000100 0.034100 0.000000 0.003700 0.000000 0.000000 0.000100 0.003800 0.000000 0.000100 0.000000 0.000000 0.003700 0.000100 0.003700 0.000100 0.000100 0.000000 0.000100 0.000000 0.007600 0.011500 0.000000 0.000100 0.000000 0.003800 0.000100 0.000100 0.003800 0.000000 0.011200 0.003800 0.000000 0.000100 0.000000 0.000000 0.000100 0.007600 0.007500 0.000100 0.007600 0.007600 0.000100 0.000000 0.007500 0.000000 0.000100 0.003700 0.000000 0.000000
CommonDuik 0.003700 0.022200 0.000100 0.033800 0.000000 0.003700 0.000000 0.000000 0.000100 0.003800 0.000000 0.000100 0.000000 0.000000 0.003700 0.000100 0.003700 0.000100 0.000100 0.000000 0.000000 0.000000 0.007500 0.011400 0.000000 0.000100 0.000000 0.003700 0.000100 0.000100 0.003800 0.000000 0.011100 0.003700 0.000100 0.000100 0.000100 0.000000 0.000100 0.007500 0.007500 0.000100 0.007600 0.007500 0.000100 0.000000 0.007500 0.000000 0.000000 0.003700 0.000000 0.000000
Suni 0.007500 0.026100 0.003800 0.037900 0.003700 0.007500 0.003700 0.003700 0.003800 0.007600 0.003700 0.003700 0.003700 0.003700 0.000000 0.003700 0.007500 0.003700 0.003800 0.003800 0.003700 0.003700 0.011300 0.015300 0.003700 0.003700 0.003700 0.007500 0.003800 0.003800 0.007600 0.003700 0.014900 0.007500 0.003800 0.003800 0.003800 0.003700 0.003700 0.011400 0.011300 0.003700 0.011400 0.011400 0.003800 0.003700 0.011300 0.003700 0.003800 0.007500 0.003700 0.003700
Springbuck 0.003700 0.022300 0.000100 0.033900 0.000100 0.003700 0.000100 0.000100 0.000100 0.003800 0.000100 0.000100 0.000100 0.000100 0.003700 0.000000 0.003700 0.000100 0.000100 0.000100 0.000000 0.000100 0.007500 0.011400 0.000100 0.000000 0.000100 0.003700 0.000000 0.000100 0.003800 0.000100 0.011200 0.003700 0.000100 0.000100 0.000100 0.000100 0.000100 0.007500 0.007500 0.000000 0.007600 0.007600 0.000100 0.000100 0.007500 0.000100 0.000100 0.003700 0.000100 0.000100
Okapi 0.007400 0.026000 0.003700 0.037700 0.003700 0.007500 0.003700 0.003700 0.003700 0.007600 0.003700 0.003700 0.003700 0.003700 0.007500 0.003700 0.000000 0.003700 0.003700 0.003700 0.003700 0.003700 0.011300 0.015300 0.003700 0.003700 0.003700 0.007500 0.003700 0.003700 0.007600 0.003700 0.011200 0.007500 0.003800 0.003700 0.003700 0.003700 0.003700 0.011300 0.011200 0.003700 0.011400 0.011300 0.003700 0.003700 0.011200 0.003700 0.003700 0.007400 0.003700 0.003700
Giraffe 0.003700 0.022300 0.000100 0.033900 0.000100 0.003700 0.000100 0.000100 0.000100 0.003800 0.000100 0.000100 0.000100 0.000100 0.003700 0.000100 0.003700 0.000000 0.000100 0.000100 0.000000 0.000100 0.007500 0.011400 0.000100 0.000100 0.000100 0.003700 0.000100 0.000100 0.003800 0.000000 0.011200 0.003700 0.000100 0.000100 0.000100 0.000100 0.000100 0.007500 0.007500 0.000100 0.007600 0.007600 0.000100 0.000100 0.007500 0.000100 0.000100 0.003700 0.000100 0.000100
TibetanAnt 0.003700 0.022500 0.000100 0.034100 0.000000 0.003800 0.000100 0.000100 0.000100 0.003800 0.000000 0.000100 0.000100 0.000100 0.003800 0.000100 0.003700 0.000100 0.000000 0.000100 0.000100 0.000000 0.007600 0.011500 0.000000 0.000100 0.000000 0.003800 0.000100 0.000100 0.003800 0.000100 0.011200 0.003800 0.000100 0.000100 0.000100 0.000100 0.000100 0.007600 0.007500 0.000100 0.007600 0.007600 0.000100 0.000100 0.007500 0.000100 0.000100 0.003700 0.000100 0.000100
Sitatunga 0.003700 0.022400 0.000000 0.034100 0.000000 0.003700 0.000000 0.000100 0.000000 0.003800 0.000100 0.000100 0.000000 0.000000 0.003800 0.000100 0.003700 0.000100 0.000100 0.000000 0.000100 0.000100 0.007600 0.011500 0.000100 0.000100 0.000100 0.003800 0.000100 0.000000 0.003800 0.000000 0.011200 0.003800 0.000000 0.000100 0.000000 0.000000 0.000000 0.007600 0.007500 0.000000 0.007600 0.007600 0.000100 0.000000 0.007500 0.000000 0.000100 0.003700 0.000000 0.000000
Oribi 0.003700 0.022300 0.000100 0.033900 0.000000 0.003700 0.000000 0.000000 0.000100 0.003800 0.000100 0.000100 0.000100 0.000000 0.003700 0.000000 0.003700 0.000000 0.000100 0.000100 0.000000 0.000100 0.007500 0.011400 0.000100 0.000000 0.000100 0.003700 0.000000 0.000100 0.003800 0.000000 0.011200 0.003700 0.000100 0.000100 0.000100 0.000100 0.000000 0.007500 0.007500 0.000000 0.007600 0.007500 0.000100 0.000000 0.007500 0.000100 0.000000 0.003700 0.000100 0.000100
BarbaryShe 0.003700 0.022300 0.000100 0.033900 0.000000 0.003700 0.000000 0.000100 0.000100 0.003800 0.000000 0.000100 0.000000 0.000000 0.003700 0.000100 0.003700 0.000100 0.000000 0.000100 0.000100 0.000000 0.007500 0.011400 0.000000 0.000100 0.000000 0.003700 0.000100 0.000100 0.003800 0.000000 0.011200 0.003700 0.000000 0.000100 0.000000 0.000000 0.000100 0.007600 0.007500 0.000100 0.007600 0.007600 0.000100 0.000000 0.007500 0.000100 0.000100 0.003700 0.000100 0.000100
Daviddeer 0.011300 0.030100 0.007600 0.042000 0.007500 0.011300 0.007500 0.007500 0.007600 0.003800 0.007500 0.007500 0.007600 0.007500 0.011300 0.007500 0.011300 0.007500 0.007600 0.007600 0.007500 0.007500 0.000000 0.011500 0.007500 0.007500 0.007500 0.011400 0.007600 0.007600 0.003800 0.007500 0.018800 0.011400 0.007600 0.007600 0.007600 0.007500 0.007500 0.007600 0.000000 0.007600 0.007600 0.007600 0.007600 0.007500 0.015100 0.007500 0.007600 0.011300 0.007600 0.007600
Reindeer 0.015200 0.026600 0.011500 0.046400 0.011500 0.015300 0.011400 0.011400 0.011500 0.007700 0.011400 0.011500 0.011500 0.011400 0.015300 0.011400 0.015300 0.011400 0.011500 0.011500 0.011400 0.011400 0.011500 0.000000 0.011400 0.011500 0.011400 0.015400 0.011500 0.011500 0.007700 0.011400 0.022900 0.007600 0.011600 0.011500 0.011500 0.011500 0.011500 0.003800 0.011400 0.011500 0.011600 0.003800 0.011500 0.011500 0.019200 0.011500 0.011500 0.015300 0.011500 0.011500
Ibex 0.003700 0.022300 0.000100 0.033900 0.000000 0.003700 0.000000 0.000100 0.000100 0.003800 0.000000 0.000100 0.000000 0.000000 0.003700 0.000100 0.003700 0.000100 0.000000 0.000100 0.000100 0.000000 0.007500 0.011400 0.000000 0.000100 0.000000 0.003700 0.000100 0.000100 0.003800 0.000000 0.011200 0.003700 0.000000 0.000100 0.000000 0.000000 0.000100 0.007600 0.007500 0.000100 0.007600 0.007600 0.000100 0.000000 0.007500 0.000100 0.000100 0.003700 0.000100 0.000100
GyrantGaze 0.003700 0.022300 0.000100 0.034000 0.000100 0.003700 0.000100 0.000000 0.000100 0.003800 0.000100 0.000100 0.000100 0.000100 0.003700 0.000000 0.003700 0.000100 0.000100 0.000100 0.000000 0.000100 0.007500 0.011500 0.000100 0.000000 0.000100 0.003700 0.000000 0.000100 0.003800 0.000000 0.011200 0.003700 0.000100 0.000100 0.000100 0.000100 0.000000 0.007600 0.007500 0.000000 0.007600 0.007600 0.000100 0.000100 0.007500 0.000100 0.000000 0.003700 0.000100 0.000100
Hartebeest 0.003700 0.022300 0.000100 0.033900 0.000000 0.003700 0.000000 0.000100 0.000100 0.003800 0.000000 0.000100 0.000000 0.000000 0.003700 0.000100 0.003700 0.000100 0.000000 0.000100 0.000100 0.000000 0.007500 0.011400 0.000000 0.000100 0.000000 0.003700 0.000100 0.000100 0.003800 0.000000 0.011200 0.003700 0.000000 0.000100 0.000000 0.000000 0.000100 0.007600 0.007500 0.000100 0.007600 0.007600 0.000100 0.000000 0.007500 0.000100 0.000100 0.003700 0.000100 0.000100
Bongo 0.007500 0.026200 0.003800 0.038000 0.003800 0.007500 0.003700 0.003700 0.003800 0.007600 0.003700 0.003800 0.003800 0.003700 0.007500 0.003700 0.007500 0.003700 0.003800 0.003800 0.003700 0.003700 0.011400 0.015400 0.003700 0.003700 0.003700 0.000000 0.003800 0.003800 0.007600 0.003700 0.015000 0.007500 0.003800 0.003800 0.003800 0.003800 0.003800 0.011400 0.011300 0.003800 0.011400 0.011500 0.003800 0.003800 0.011300 0.003800 0.003800 0.007500 0.003800 0.003800
Gerenuk 0.003700 0.022400 0.000100 0.034100 0.000100 0.003700 0.000100 0.000000 0.000100 0.003800 0.000100 0.000100 0.000100 0.000100 0.003800 0.000000 0.003700 0.000100 0.000100 0.000100 0.000000 0.000100 0.007600 0.011500 0.000100 0.000000 0.000100 0.003800 0.000000 0.000100 0.003800 0.000100 0.011200 0.003800 0.000100 0.000100 0.000100 0.000100 0.000000 0.007600 0.007500 0.000000 0.007600 0.007600 0.000100 0.000100 0.007500 0.000100 0.000100 0.003700 0.000100 0.000100
CommonElan 0.003700 0.022500 0.000000 0.034200 0.000100 0.003800 0.000100 0.000100 0.000000 0.003800 0.000100 0.000100 0.000100 0.000100 0.003800 0.000100 0.003700 0.000100 0.000100 0.000000 0.000100 0.000100 0.007600 0.011500 0.000100 0.000100 0.000100 0.003800 0.000100 0.000000 0.003800 0.000100 0.011200 0.003800 0.000100 0.000100 0.000100 0.000100 0.000100 0.007600 0.007500 0.000100 0.007600 0.007600 0.000100 0.000000 0.007500 0.000000 0.000100 0.003700 0.000000 0.000000
MuntiacusR 0.007600 0.026500 0.003800 0.038300 0.003800 0.007600 0.003800 0.003800 0.003800 0.000000 0.003800 0.003800 0.003800 0.003800 0.007600 0.003800 0.007600 0.003800 0.003800 0.003800 0.003800 0.003800 0.003800 0.007700 0.003800 0.003800 0.003800 0.007600 0.003800 0.003800 0.000000 0.003800 0.015100 0.007600 0.003800 0.003800 0.003800 0.003800 0.003800 0.003800 0.003800 0.003800 0.003800 0.003800 0.003800 0.003800 0.011400 0.003800 0.003800 0.007600 0.003800 0.003800
HarveysDui 0.003700 0.022300 0.000000 0.033900 0.000000 0.003700 0.000000 0.000000 0.000000 0.003800 0.000000 0.000000 0.000000 0.000000 0.003700 0.000100 0.003700 0.000000 0.000100 0.000000 0.000000 0.000000 0.007500 0.011400 0.000000 0.000000 0.000000 0.003700 0.000100 0.000100 0.003800 0.000000 0.011200 0.003700 0.000000 0.000100 0.000100 0.000000 0.000100 0.007600 0.007500 0.000100 0.007600 0.007600 0.000100 0.000000 0.007500 0.000000 0.000000 0.003700 0.000000 0.000000
Pronghorn 0.014900 0.025900 0.011300 0.029900 0.011200 0.014900 0.011100 0.011200 0.011300 0.015100 0.011200 0.011200 0.011200 0.011100 0.014900 0.011200 0.011200 0.011200 0.011200 0.011200 0.011200 0.011200 0.018800 0.022900 0.011200 0.011200 0.011200 0.015000 0.011200 0.011200 0.015100 0.011200 0.000000 0.015000 0.011300 0.011200 0.011200 0.011200 0.011200 0.018900 0.018800 0.011200 0.019000 0.018900 0.011300 0.011200 0.018700 0.011200 0.011200 0.014900 0.011200 0.011200
BlueWildeb 0.007500 0.018600 0.003800 0.038000 0.003700 0.007500 0.003700 0.003700 0.003800 0.007600 0.003700 0.003800 0.003800 0.003700 0.007500 0.003700 0.007500 0.003700 0.003800 0.003800 0.003700 0.003700 0.011400 0.007600 0.003700 0.003700 0.003700 0.007500 0.003800 0.003800 0.007600 0.003700 0.015000 0.000000 0.003800 0.003800 0.003800 0.003800 0.003800 0.011400 0.011300 0.003800 0.011400 0.011400 0.003800 0.003800 0.011300 0.003800 0.003800 0.007500 0.003800 0.003800
Gemsbok 0.003800 0.022600 0.000100 0.034300 0.000000 0.003800 0.000100 0.000100 0.000100 0.003800 0.000000 0.000100 0.000000 0.000100 0.003800 0.000100 0.003800 0.000100 0.000100 0.000000 0.000100 0.000000 0.007600 0.011600 0.000000 0.000100 0.000000 0.003800 0.000100 0.000100 0.003800 0.000000 0.011300 0.003800 0.000000 0.000100 0.000000 0.000000 0.000100 0.007600 0.007600 0.000100 0.007700 0.007600 0.000100 0.000100 0.007600 0.000100 0.000100 0.003800 0.000100 0.000100
Yak 0.003700 0.022400 0.000100 0.034100 0.000100 0.003700 0.000100 0.000100 0.000100 0.003800 0.000100 0.000000 0.000100 0.000100 0.003800 0.000100 0.003700 0.000100 0.000100 0.000100 0.000100 0.000100 0.007600 0.011500 0.000100 0.000100 0.000100 0.003800 0.000100 0.000100 0.003800 0.000100 0.011200 0.003800 0.000100 0.000000 0.000100 0.000100 0.000100 0.007600 0.007500 0.000100 0.007600 0.007600 0.000000 0.000100 0.007500 0.000100 0.000100 0.003700 0.000100 0.000100
BlueSheep 0.003700 0.022400 0.000100 0.034100 0.000000 0.003800 0.000100 0.000100 0.000100 0.003800 0.000000 0.000100 0.000000 0.000100 0.003800 0.000100 0.003700 0.000100 0.000100 0.000000 0.000100 0.000000 0.007600 0.011500 0.000000 0.000100 0.000000 0.003800 0.000100 0.000100 0.003800 0.000100 0.011200 0.003800 0.000000 0.000100 0.000000 0.000000 0.000100 0.007600 0.007500 0.000100 0.007600 0.007600 0.000100 0.000100 0.007500 0.000100 0.000100 0.003700 0.000100 0.000100
BohorReedb 0.003700 0.022400 0.000100 0.034000 0.000000 0.003700 0.000000 0.000100 0.000100 0.003800 0.000000 0.000100 0.000000 0.000000 0.003700 0.000100 0.003700 0.000100 0.000100 0.000000 0.000100 0.000000 0.007500 0.011500 0.000000 0.000100 0.000000 0.003800 0.000100 0.000100 0.003800 0.000000 0.011200 0.003800 0.000000 0.000100 0.000000 0.000000 0.000100 0.007600 0.007500 0.000100 0.007600 0.007600 0.000100 0.000000 0.007500 0.000000 0.000100 0.003700 0.000000 0.000000
KirksDik 0.003700 0.022400 0.000100 0.034000 0.000100 0.003700 0.000100 0.000100 0.000100 0.003800 0.000100 0.000100 0.000100 0.000100 0.003700 0.000100 0.003700 0.000100 0.000100 0.000000 0.000000 0.000100 0.007500 0.011500 0.000100 0.000000 0.000100 0.003800 0.000000 0.000100 0.003800 0.000100 0.011200 0.003800 0.000100 0.000100 0.000100 0.000100 0.000000 0.007600 0.007500 0.000000 0.007600 0.007600 0.000100 0.000000 0.007500 0.000100 0.000100 0.003700 0.000000 0.000000
RoeDeer 0.011300 0.030200 0.007600 0.042200 0.007600 0.011400 0.007500 0.007600 0.007600 0.003800 0.007600 0.007600 0.007600 0.007500 0.011400 0.007500 0.011300 0.007500 0.007600 0.007600 0.007500 0.007600 0.007600 0.003800 0.007600 0.007600 0.007600 0.011400 0.007600 0.007600 0.003800 0.007600 0.018900 0.011400 0.007600 0.007600 0.007600 0.007600 0.007600 0.000000 0.007600 0.007600 0.007600 0.000100 0.007600 0.007600 0.015200 0.007600 0.007600 0.011300 0.007600 0.007600
WhiteLippe 0.011200 0.030000 0.007600 0.041800 0.007500 0.011300 0.007500 0.007500 0.007600 0.003800 0.007500 0.007500 0.007500 0.007500 0.011300 0.007500 0.011200 0.007500 0.007500 0.007500 0.007500 0.007500 0.000000 0.011400 0.007500 0.007500 0.007500 0.011300 0.007500 0.007500 0.003800 0.007500 0.018800 0.011300 0.007600 0.007500 0.007500 0.007500 0.007500 0.007600 0.000000 0.007500 0.007600 0.007600 0.007600 0.007500 0.015100 0.007500 0.007500 0.011200 0.007500 0.007500
ThomsonGaz 0.003700 0.022400 0.000100 0.034100 0.000100 0.003700 0.000100 0.000100 0.000100 0.003800 0.000100 0.000100 0.000100 0.000100 0.003700 0.000000 0.003700 0.000100 0.000100 0.000000 0.000000 0.000100 0.007600 0.011500 0.000100 0.000000 0.000100 0.003800 0.000000 0.000100 0.003800 0.000100 0.011200 0.003800 0.000100 0.000100 0.000100 0.000100 0.000000 0.007600 0.007500 0.000000 0.007600 0.007600 0.000100 0.000000 0.007500 0.000100 0.000100 0.003700 0.000000 0.000000
MuntiacusC 0.011400 0.026500 0.007600 0.042300 0.007600 0.011400 0.007500 0.007600 0.007600 0.003800 0.007600 0.007600 0.007600 0.007600 0.011400 0.007600 0.011400 0.007600 0.007600 0.007600 0.007600 0.007600 0.007600 0.011600 0.007600 0.007600 0.007600 0.011400 0.007600 0.007600 0.003800 0.007600 0.019000 0.011400 0.007700 0.007600 0.007600 0.007600 0.007600 0.007600 0.007600 0.007600 0.000000 0.007600 0.007600 0.007600 0.015300 0.007600 0.007600 0.011400 0.007600 0.007600
WhiteTaile 0.011300 0.030200 0.007600 0.042200 0.007600 0.011400 0.007500 0.007600 0.007600 0.003800 0.007600 0.007600 0.007600 0.007500 0.011400 0.007600 0.011300 0.007600 0.007600 0.007600 0.007500 0.007600 0.007600 0.003800 0.007600 0.007600 0.007600 0.011500 0.007600 0.007600 0.003800 0.007600 0.018900 0.011400 0.007600 0.007600 0.007600 0.007600 0.007600 0.000100 0.007600 0.007600 0.007600 0.000000 0.007600 0.007600 0.015200 0.007600 0.007600 0.011300 0.007600 0.007600
Cattle 0.003700 0.022500 0.000100 0.034200 0.000100 0.003800 0.000100 0.000100 0.000100 0.003800 0.000100 0.000000 0.000100 0.000100 0.003800 0.000100 0.003700 0.000100 0.000100 0.000100 0.000100 0.000100 0.007600 0.011500 0.000100 0.000100 0.000100 0.003800 0.000100 0.000100 0.003800 0.000100 0.011300 0.003800 0.000100 0.000000 0.000100 0.000100 0.000100 0.007600 0.007600 0.000100 0.007600 0.007600 0.000000 0.000100 0.007500 0.000100 0.000100 0.003700 0.000100 0.000100
RoyalAntel 0.003700 0.022400 0.000000 0.034000 0.000000 0.003700 0.000000 0.000000 0.000000 0.003800 0.000000 0.000100 0.000000 0.000000 0.003700 0.000100 0.003700 0.000100 0.000100 0.000000 0.000000 0.000000 0.007500 0.011500 0.000000 0.000100 0.000000 0.003800 0.000100 0.000000 0.003800 0.000000 0.011200 0.003800 0.000100 0.000100 0.000100 0.000000 0.000000 0.007600 0.007500 0.000000 0.007600 0.007600 0.000100 0.000000 0.007500 0.000000 0.000000 0.003700 0.000000 0.000000
Steenbok 0.011200 0.030000 0.007500 0.041800 0.007500 0.011300 0.007500 0.007500 0.007500 0.011400 0.007500 0.007500 0.007500 0.007500 0.011300 0.007500 0.011200 0.007500 0.007500 0.007500 0.007500 0.007500 0.015100 0.019200 0.007500 0.007500 0.007500 0.011300 0.007500 0.007500 0.011400 0.007500 0.018700 0.011300 0.007600 0.007500 0.007500 0.007500 0.007500 0.015200 0.015100 0.007500 0.015300 0.015200 0.007500 0.007500 0.000000 0.007500 0.007500 0.011200 0.007500 0.007500
Impala 0.003700 0.022400 0.000000 0.034100 0.000000 0.003700 0.000000 0.000100 0.000000 0.003800 0.000100 0.000100 0.000000 0.000000 0.003700 0.000100 0.003700 0.000100 0.000100 0.000000 0.000100 0.000100 0.007500 0.011500 0.000100 0.000100 0.000100 0.003800 0.000100 0.000000 0.003800 0.000000 0.011200 0.003800 0.000100 0.000100 0.000100 0.000000 0.000100 0.007600 0.007500 0.000100 0.007600 0.007600 0.000100 0.000000 0.007500 0.000000 0.000100 0.003700 0.000000 0.000000
Klipspring 0.003700 0.022500 0.000100 0.034200 0.000000 0.003800 0.000100 0.000000 0.000100 0.003800 0.000100 0.000100 0.000100 0.000000 0.003800 0.000100 0.003700 0.000100 0.000100 0.000100 0.000000 0.000100 0.007600 0.011500 0.000100 0.000000 0.000100 0.003800 0.000100 0.000100 0.003800 0.000000 0.011200 0.003800 0.000100 0.000100 0.000100 0.000100 0.000100 0.007600 0.007500 0.000100 0.007600 0.007600 0.000100 0.000000 0.007500 0.000100 0.000000 0.003700 0.000100 0.000100
ForestMusk 0.007400 0.026000 0.003700 0.037700 0.003700 0.007500 0.003700 0.003700 0.003700 0.007600 0.003700 0.003700 0.003700 0.003700 0.007500 0.003700 0.007400 0.003700 0.003700 0.003700 0.003700 0.003700 0.011300 0.015300 0.003700 0.003700 0.003700 0.007500 0.003700 0.003700 0.007600 0.003700 0.014900 0.007500 0.003800 0.003700 0.003700 0.003700 0.003700 0.011300 0.011200 0.003700 0.011400 0.011300 0.003700 0.003700 0.011200 0.003700 0.003700 0.000000 0.003700 0.003700
Bushbuck 0.003700 0.022400 0.000000 0.034100 0.000000 0.003700 0.000000 0.000100 0.000000 0.003800 0.000100 0.000100 0.000000 0.000000 0.003700 0.000100 0.003700 0.000100 0.000100 0.000000 0.000100 0.000100 0.007600 0.011500 0.000100 0.000100 0.000100 0.003800 0.000100 0.000000 0.003800 0.000000 0.011200 0.003800 0.000100 0.000100 0.000100 0.000000 0.000000 0.007600 0.007500 0.000000 0.007600 0.007600 0.000100 0.000000 0.007500 0.000000 0.000100 0.003700 0.000000 0.000000
GreaterKud 0.003700 0.022400 0.000000 0.034100 0.000000 0.003700 0.000000 0.000100 0.000000 0.003800 0.000100 0.000100 0.000000 0.000000 0.003700 0.000100 0.003700 0.000100 0.000100 0.000000 0.000100 0.000100 0.007600 0.011500 0.000100 0.000100 0.000100 0.003800 0.000100 0.000000 0.003800 0.000000 0.011200 0.003800 0.000100 0.000100 0.000100 0.000000 0.000000 0.007600 0.007500 0.000000 0.007600 0.007600 0.000100 0.000000 0.007500 0.000000 0.000100 0.003700 0.000000 0.000000
