1
52 1
Argali 0.000000 0.232500 0.057500 0.159500 0.041200 0.015700 0.033000 0.050500 0.040500 0.112200 0.050000 0.049200 0.058500 0.058400 0.033000 0.033400 0.085100 0.085400 0.049200 0.049400 0.050400 0.032800 0.112100 0.074300 0.041600 0.059100 0.058500 0.066500 0.042000 0.041000 0.085300 0.049700 0.091600 0.075300 0.033000 0.049600 0.047000 0.032900 0.033200 0.093300 0.102800 0.050900 0.111700 0.110600 0.041300 0.073700 0.103700 0.049800 0.076300 0.041600 0.049700 0.041000
LesserMous 0.232500 0.000000 0.262800 0.193700 0.243300 0.254200 0.224300 0.247800 0.243700 0.323900 0.254100 0.231600 0.255800 0.233900 0.224300 0.248200 0.256300 0.257600 0.231100 0.253000 0.247100 0.222100 0.299900 0.291200 0.243800 0.247800 0.255800 0.276400 0.237700 0.243700 0.279300 0.223800 0.249300 0.275000 0.224300 0.266200 0.233000 0.233900 0.248100 0.263900 0.310300 0.250400 0.312000 0.342000 0.259000 0.302300 0.316000 0.212200 0.266500 0.267300 0.254800 0.243700
LesserKudu 0.057500 0.262800 0.000000 0.158100 0.016100 0.057500 0.041100 0.058800 0.016100 0.120300 0.075500 0.024200 0.066700 0.066600 0.041100 0.041600 0.084400 0.084900 0.057300 0.008000 0.041600 0.057700 0.120300 0.082200 0.066900 0.050000 0.066700 0.040700 0.050300 0.015700 0.093500 0.041100 0.082500 0.066300 0.041100 0.057800 0.075300 0.024400 0.041400 0.101500 0.111100 0.059300 0.119900 0.118600 0.049700 0.081800 0.112100 0.057900 0.102300 0.058200 0.024300 0.016100
KillerWhal 0.159500 0.193700 0.158100 0.000000 0.159400 0.159900 0.151700 0.172700 0.159700 0.210600 0.190400 0.149100 0.180600 0.180200 0.151700 0.153000 0.161300 0.181000 0.168100 0.168500 0.172100 0.150100 0.210000 0.203300 0.181000 0.182500 0.180600 0.179300 0.163200 0.159700 0.200300 0.170400 0.186100 0.198700 0.151700 0.170300 0.170900 0.150700 0.152800 0.187600 0.219400 0.174500 0.209700 0.248000 0.162000 0.204200 0.213100 0.170500 0.210000 0.171200 0.169700 0.159700
DefassaWat 0.041200 0.243300 0.016100 0.159400 0.000000 0.041000 0.024700 0.041900 0.015800 0.103200 0.058600 0.008000 0.050000 0.049900 0.024700 0.024900 0.085100 0.067800 0.040800 0.008100 0.024900 0.041100 0.103100 0.065600 0.050100 0.033300 0.050000 0.041000 0.033500 0.015800 0.076500 0.024600 0.083000 0.049600 0.024700 0.041200 0.058500 0.008100 0.024800 0.084500 0.093900 0.042300 0.102700 0.101500 0.032600 0.065200 0.094700 0.041300 0.085100 0.041500 0.024500 0.016200
Sheep 0.015700 0.254200 0.057500 0.159900 0.041000 0.000000 0.031400 0.050600 0.041100 0.112500 0.050100 0.047600 0.058600 0.058500 0.033100 0.033400 0.085200 0.085500 0.049300 0.049400 0.050400 0.032800 0.112400 0.074400 0.041600 0.059200 0.058600 0.066500 0.042100 0.041100 0.085500 0.049800 0.109300 0.075400 0.032500 0.049700 0.050000 0.032900 0.033300 0.093400 0.103000 0.051000 0.111900 0.110800 0.041400 0.073800 0.103900 0.067100 0.076400 0.041700 0.049700 0.041100
MaxwellsDu 0.033000 0.224300 0.041100 0.151700 0.024700 0.031400 0.000000 0.016700 0.024100 0.095400 0.033400 0.032900 0.024900 0.024900 0.000000 0.016700 0.059300 0.059600 0.032800 0.033000 0.016700 0.016400 0.077100 0.057800 0.024900 0.025100 0.024900 0.050000 0.008300 0.024700 0.050900 0.016500 0.074900 0.041500 0.000000 0.033200 0.033300 0.016500 0.016200 0.058900 0.068100 0.016900 0.094900 0.093600 0.024100 0.074300 0.086700 0.033200 0.059400 0.033500 0.033200 0.023900
GazellaPrz 0.050500 0.247800 0.058800 0.172700 0.041900 0.050600 0.016700 0.000000 0.042000 0.114800 0.050900 0.050300 0.033600 0.042200 0.016700 0.016700 0.077600 0.077900 0.050200 0.050300 0.016600 0.033400 0.095900 0.075600 0.042300 0.025100 0.033600 0.059100 0.008100 0.042000 0.069000 0.033600 0.093200 0.050300 0.016700 0.050800 0.051000 0.033600 0.016700 0.077100 0.086700 0.016900 0.114200 0.103300 0.041600 0.092700 0.077800 0.050700 0.077700 0.051000 0.050700 0.042000
MountainNy 0.040500 0.243700 0.016100 0.159700 0.015800 0.041100 0.024100 0.042000 0.000000 0.103300 0.058700 0.024300 0.050000 0.050000 0.023800 0.025000 0.085200 0.085500 0.040800 0.008100 0.041900 0.041200 0.103200 0.065700 0.050100 0.033400 0.050000 0.023300 0.033500 0.000000 0.076600 0.041400 0.100500 0.066700 0.024700 0.041300 0.058600 0.008100 0.024800 0.084600 0.094000 0.042300 0.102800 0.101600 0.032700 0.082300 0.094800 0.041400 0.085200 0.041600 0.008100 0.000000
MuntiacusM 0.112200 0.323900 0.120300 0.210600 0.103200 0.112500 0.095400 0.114800 0.103300 0.000000 0.132000 0.111700 0.122800 0.122500 0.095400 0.096200 0.161500 0.162100 0.129900 0.111800 0.114400 0.112600 0.068600 0.119800 0.122900 0.123900 0.122800 0.130800 0.105800 0.103300 0.042300 0.113300 0.175600 0.140100 0.095400 0.113100 0.132300 0.094700 0.096100 0.113000 0.059400 0.116000 0.016600 0.149300 0.104100 0.155000 0.152700 0.120600 0.149300 0.095400 0.112600 0.103300
goat 0.050000 0.254100 0.075500 0.190400 0.058600 0.050100 0.033400 0.050900 0.058700 0.132000 0.000000 0.067000 0.059000 0.058900 0.033400 0.051000 0.094600 0.095000 0.049800 0.067000 0.050800 0.033100 0.113000 0.074800 0.024700 0.059500 0.059000 0.084900 0.042300 0.058700 0.086000 0.050300 0.110100 0.075900 0.033400 0.067600 0.033100 0.050200 0.050900 0.094000 0.103700 0.051300 0.131400 0.111500 0.058900 0.074700 0.104900 0.067500 0.058800 0.059300 0.067400 0.058700
AfricanBuf 0.049200 0.231600 0.024200 0.149100 0.008000 0.047600 0.032900 0.050300 0.024300 0.111700 0.067000 0.000000 0.058300 0.058200 0.032900 0.033200 0.093600 0.076300 0.032400 0.016100 0.033200 0.032600 0.111700 0.073900 0.058400 0.041700 0.058300 0.049200 0.041800 0.023300 0.085000 0.032800 0.091500 0.057900 0.032900 0.049500 0.049700 0.016200 0.032200 0.092900 0.102500 0.050800 0.111200 0.110000 0.041200 0.065100 0.103400 0.049600 0.093700 0.049900 0.032700 0.023300
Topi 0.058500 0.255800 0.066700 0.180600 0.050000 0.058600 0.024900 0.033600 0.050000 0.122800 0.059000 0.058300 0.000000 0.050200 0.024900 0.033600 0.085700 0.086000 0.058200 0.058400 0.033500 0.041500 0.103900 0.083400 0.050400 0.042100 0.000000 0.058500 0.025100 0.050000 0.077100 0.041700 0.101000 0.015800 0.024900 0.058900 0.059100 0.041700 0.033600 0.085100 0.094700 0.033900 0.122100 0.102100 0.049600 0.100500 0.104600 0.058800 0.085700 0.059200 0.058700 0.050000
CommonDuik 0.058400 0.233900 0.066600 0.180200 0.049900 0.058500 0.024900 0.042200 0.050000 0.122500 0.058900 0.058200 0.050200 0.000000 0.024900 0.042200 0.085500 0.085900 0.058100 0.058200 0.042000 0.041400 0.103800 0.083200 0.050300 0.050700 0.050200 0.075900 0.033700 0.050000 0.077000 0.024800 0.100800 0.067000 0.024900 0.058800 0.059000 0.041600 0.042200 0.084900 0.094500 0.042500 0.121900 0.120200 0.049100 0.082800 0.113800 0.058700 0.085600 0.059000 0.058600 0.050000
Suni 0.033000 0.224300 0.041100 0.151700 0.024700 0.033100 0.000000 0.016700 0.023800 0.095400 0.033400 0.032900 0.024900 0.024900 0.000000 0.016700 0.059300 0.059600 0.032800 0.033000 0.016700 0.016000 0.077100 0.057800 0.024900 0.025100 0.024900 0.050000 0.008300 0.024000 0.050900 0.016100 0.074900 0.041500 0.000000 0.033200 0.033300 0.016500 0.016700 0.058900 0.068100 0.016900 0.094900 0.093600 0.024100 0.074300 0.086700 0.033200 0.059400 0.033500 0.033200 0.024700
Springbuck 0.033400 0.248200 0.041600 0.153000 0.024900 0.033400 0.016700 0.016700 0.025000 0.096200 0.051000 0.033200 0.033600 0.042200 0.016700 0.000000 0.077700 0.078000 0.050300 0.033200 0.016600 0.033500 0.096100 0.075700 0.042300 0.025200 0.033600 0.041800 0.008100 0.025000 0.069200 0.033600 0.093300 0.050400 0.016700 0.033600 0.051100 0.016600 0.000000 0.077200 0.086800 0.016900 0.095700 0.103400 0.023500 0.075100 0.068700 0.050800 0.077800 0.033700 0.033500 0.025000
Okapi 0.085100 0.256300 0.084400 0.161300 0.085100 0.085200 0.059300 0.077600 0.085200 0.161500 0.094600 0.093600 0.085700 0.085500 0.059300 0.077700 0.000000 0.033400 0.093400 0.093600 0.077400 0.076300 0.141700 0.101400 0.085800 0.068500 0.085700 0.112200 0.068800 0.085200 0.113800 0.076700 0.083500 0.102800 0.059300 0.094600 0.094800 0.076600 0.077700 0.121800 0.132000 0.069300 0.160600 0.158300 0.086000 0.136900 0.114200 0.094400 0.122600 0.095000 0.076500 0.085200
Giraffe 0.085400 0.257600 0.084900 0.181000 0.067800 0.085500 0.059600 0.077900 0.085500 0.162100 0.095000 0.076300 0.086000 0.085900 0.059600 0.078000 0.033400 0.000000 0.093700 0.076300 0.060000 0.076600 0.142300 0.101800 0.086100 0.068700 0.086000 0.112700 0.069100 0.085500 0.114300 0.059400 0.084000 0.085400 0.059600 0.094900 0.095200 0.076900 0.078000 0.122300 0.132600 0.069600 0.161300 0.159100 0.086300 0.119300 0.114600 0.094700 0.123200 0.095300 0.094600 0.085500
TibetanAnt 0.049200 0.231100 0.057300 0.168100 0.040800 0.049300 0.032800 0.050200 0.040800 0.129900 0.049800 0.032400 0.058200 0.058100 0.032800 0.050300 0.093400 0.093700 0.000000 0.049200 0.050100 0.016100 0.111300 0.056900 0.041300 0.041600 0.058200 0.066200 0.041700 0.040800 0.084700 0.049500 0.108700 0.074900 0.032800 0.066500 0.032800 0.032700 0.046900 0.092600 0.102100 0.050600 0.129300 0.092100 0.058500 0.082100 0.121700 0.049500 0.075900 0.058500 0.049400 0.040800
Sitatunga 0.049400 0.253000 0.008000 0.168500 0.008100 0.049400 0.033000 0.050300 0.008100 0.111800 0.067000 0.016100 0.058400 0.058200 0.033000 0.033200 0.093600 0.076300 0.049200 0.000000 0.033200 0.049500 0.111700 0.073900 0.058400 0.041700 0.058400 0.032600 0.041900 0.008100 0.085000 0.032900 0.091500 0.058000 0.033000 0.049600 0.067100 0.015800 0.033200 0.093000 0.102500 0.050800 0.111300 0.110000 0.040600 0.073800 0.103400 0.049600 0.093700 0.049900 0.016200 0.008100
Oribi 0.050400 0.247100 0.041600 0.172100 0.024900 0.050400 0.016700 0.016600 0.041900 0.114400 0.050800 0.033200 0.033500 0.042000 0.016700 0.016600 0.077400 0.060000 0.050100 0.033200 0.000000 0.033300 0.095700 0.075400 0.042200 0.025100 0.033500 0.059000 0.008300 0.041900 0.068800 0.016600 0.075500 0.033200 0.016700 0.050700 0.050900 0.033500 0.016700 0.076900 0.086500 0.016800 0.113800 0.103000 0.041500 0.075100 0.086500 0.050600 0.077500 0.050900 0.050500 0.041900
BarbaryShe 0.032800 0.222100 0.057700 0.150100 0.041100 0.032800 0.016400 0.033400 0.041200 0.112600 0.033100 0.032600 0.041500 0.041400 0.016000 0.033500 0.076300 0.076600 0.016100 0.049500 0.033300 0.000000 0.094100 0.057300 0.024800 0.041900 0.041500 0.066700 0.025000 0.041200 0.067700 0.032100 0.091700 0.058100 0.016400 0.049800 0.015800 0.033000 0.033300 0.075700 0.085100 0.033700 0.112000 0.092900 0.041400 0.065500 0.104100 0.049900 0.058900 0.041700 0.049800 0.041200
Daviddeer 0.112100 0.299900 0.120300 0.210000 0.103100 0.112400 0.077100 0.095900 0.103200 0.068600 0.113000 0.111700 0.103900 0.103800 0.077100 0.096100 0.141700 0.142300 0.111300 0.111700 0.095700 0.094100 0.000000 0.101600 0.104100 0.104900 0.103900 0.130800 0.087100 0.103200 0.042200 0.094700 0.156300 0.121100 0.077100 0.113000 0.113300 0.094600 0.096000 0.103800 0.041900 0.096900 0.068200 0.140100 0.103600 0.155100 0.152600 0.101100 0.129500 0.113500 0.112500 0.103200
Reindeer 0.074300 0.291200 0.082200 0.203300 0.065600 0.074400 0.057800 0.075600 0.065700 0.119800 0.074800 0.073900 0.083400 0.083200 0.057800 0.075700 0.101400 0.101800 0.056900 0.073900 0.075400 0.057300 0.101600 0.000000 0.066300 0.066700 0.083400 0.091600 0.067000 0.065700 0.075300 0.074700 0.134000 0.100100 0.057800 0.092000 0.075000 0.057500 0.075600 0.083100 0.092500 0.076300 0.119200 0.048600 0.074000 0.115800 0.148300 0.080400 0.107900 0.066300 0.074300 0.065700
Ibex 0.041600 0.243800 0.066900 0.181000 0.050100 0.041600 0.024900 0.042300 0.050100 0.122900 0.024700 0.058400 0.050400 0.050300 0.024900 0.042300 0.085800 0.086100 0.041300 0.058400 0.042200 0.024800 0.104100 0.066300 0.000000 0.050900 0.050400 0.076200 0.033800 0.050100 0.077200 0.041800 0.101300 0.067200 0.024900 0.059000 0.024800 0.041700 0.042300 0.085200 0.094800 0.042700 0.122300 0.102600 0.049700 0.083300 0.114200 0.058900 0.050300 0.050700 0.058800 0.050100
GyrantGaze 0.059100 0.247800 0.050000 0.182500 0.033300 0.059200 0.025100 0.025100 0.033400 0.123900 0.059500 0.041700 0.042100 0.050700 0.025100 0.025200 0.068500 0.068700 0.041600 0.041700 0.025100 0.041900 0.104900 0.066700 0.050900 0.000000 0.042100 0.050400 0.016700 0.033400 0.077900 0.042100 0.084100 0.058900 0.025100 0.059500 0.059700 0.025000 0.025200 0.085900 0.095600 0.016200 0.123300 0.094000 0.050100 0.101500 0.077500 0.042000 0.086600 0.059700 0.041900 0.033400
Hartebeest 0.058500 0.255800 0.066700 0.180600 0.050000 0.058600 0.024900 0.033600 0.050000 0.122800 0.059000 0.058300 0.000000 0.050200 0.024900 0.033600 0.085700 0.086000 0.058200 0.058400 0.033500 0.041500 0.103900 0.083400 0.050400 0.042100 0.000000 0.058500 0.025100 0.050000 0.077100 0.041700 0.101000 0.016200 0.024900 0.058900 0.059100 0.041700 0.033600 0.085100 0.094700 0.033900 0.122100 0.102100 0.049600 0.100500 0.104600 0.058800 0.085700 0.059200 0.058700 0.050000
Bongo 0.066500 0.276400 0.040700 0.179300 0.041000 0.066500 0.050000 0.059100 0.023300 0.130800 0.084900 0.049200 0.058500 0.075900 0.050000 0.041800 0.112200 0.112700 0.066200 0.032600 0.059000 0.066700 0.130800 0.091600 0.076200 0.050400 0.058500 0.000000 0.050600 0.024000 0.103500 0.067000 0.109600 0.075300 0.050000 0.066500 0.084800 0.032900 0.041700 0.111400 0.121400 0.059700 0.130200 0.110400 0.058800 0.108400 0.112800 0.067000 0.103400 0.067300 0.032800 0.023300
Gerenuk 0.042000 0.237700 0.050300 0.163200 0.033500 0.042100 0.008300 0.008100 0.033500 0.105800 0.042300 0.041800 0.025100 0.033700 0.008300 0.008100 0.068800 0.069100 0.041700 0.041900 0.008300 0.025000 0.087100 0.067000 0.033800 0.016700 0.025100 0.050600 0.000000 0.033500 0.060300 0.025200 0.084500 0.041900 0.008300 0.042300 0.042400 0.025100 0.008300 0.068400 0.077900 0.008400 0.105200 0.094500 0.032700 0.084100 0.077900 0.042200 0.068900 0.042500 0.042100 0.033500
CommonElan 0.041000 0.243700 0.015700 0.159700 0.015800 0.041100 0.024700 0.042000 0.000000 0.103300 0.058700 0.023300 0.050000 0.050000 0.024000 0.025000 0.085200 0.085500 0.040800 0.008100 0.041900 0.041200 0.103200 0.065700 0.050100 0.033400 0.050000 0.024000 0.033500 0.000000 0.076600 0.039100 0.100500 0.066700 0.024700 0.041300 0.058600 0.008100 0.024100 0.084600 0.094000 0.042300 0.102800 0.101600 0.032700 0.082300 0.094800 0.041400 0.085200 0.041600 0.008100 0.000000
MuntiacusR 0.085300 0.279300 0.093500 0.200300 0.076500 0.085500 0.050900 0.069000 0.076600 0.042300 0.086000 0.085000 0.077100 0.077000 0.050900 0.069200 0.113800 0.114300 0.084700 0.085000 0.068800 0.067700 0.042200 0.075300 0.077200 0.077900 0.077100 0.103500 0.060300 0.076600 0.000000 0.068200 0.128700 0.094100 0.050900 0.086000 0.086200 0.068100 0.069100 0.077000 0.016600 0.069700 0.041900 0.103000 0.076500 0.127800 0.124300 0.085700 0.120500 0.086400 0.085600 0.076600
HarveysDui 0.049700 0.223800 0.041100 0.170400 0.024600 0.049800 0.016500 0.033600 0.041400 0.113300 0.050300 0.032800 0.041700 0.024800 0.016100 0.033600 0.076700 0.059400 0.049500 0.032900 0.016600 0.032100 0.094700 0.074700 0.041800 0.042100 0.041700 0.067000 0.025200 0.039100 0.068200 0.000000 0.074800 0.041400 0.016000 0.050100 0.050300 0.033200 0.033500 0.076200 0.085600 0.033900 0.112700 0.111200 0.041600 0.074200 0.104600 0.050100 0.076700 0.050400 0.050100 0.041400
Pronghorn 0.091600 0.249300 0.082500 0.186100 0.083000 0.109300 0.074900 0.093200 0.100500 0.175600 0.110100 0.091500 0.101000 0.100800 0.074900 0.093300 0.083500 0.084000 0.108700 0.091500 0.075500 0.091700 0.156300 0.134000 0.101300 0.084100 0.101000 0.109600 0.084500 0.100500 0.128700 0.074800 0.000000 0.100400 0.074900 0.109800 0.110200 0.092000 0.093200 0.136600 0.146700 0.085100 0.174900 0.172900 0.101600 0.134100 0.129500 0.091900 0.128800 0.110200 0.109600 0.100500
BlueWildeb 0.075300 0.275000 0.066300 0.198700 0.049600 0.075400 0.041500 0.050300 0.066700 0.140100 0.075900 0.057900 0.015800 0.067000 0.041500 0.050400 0.102800 0.085400 0.074900 0.058000 0.033200 0.058100 0.121100 0.100100 0.067200 0.058900 0.016200 0.075300 0.041900 0.066700 0.094100 0.041400 0.100400 0.000000 0.041500 0.075700 0.076000 0.058300 0.050400 0.102000 0.111800 0.050800 0.139400 0.119100 0.067000 0.100000 0.122000 0.075600 0.102800 0.076000 0.075500 0.066700
Gemsbok 0.033000 0.224300 0.041100 0.151700 0.024700 0.032500 0.000000 0.016700 0.024700 0.095400 0.033400 0.032900 0.024900 0.024900 0.000000 0.016700 0.059300 0.059600 0.032800 0.033000 0.016700 0.016400 0.077100 0.057800 0.024900 0.025100 0.024900 0.050000 0.008300 0.024700 0.050900 0.016000 0.074900 0.041500 0.000000 0.033200 0.033300 0.016500 0.016100 0.058900 0.068100 0.016900 0.094900 0.093600 0.024100 0.074300 0.086700 0.033200 0.059400 0.033500 0.033200 0.024700
Yak 0.049600 0.266200 0.057800 0.170300 0.041200 0.049700 0.033200 0.050800 0.041300 0.113100 0.067600 0.049500 0.058900 0.058800 0.033200 0.033600 0.094600 0.094900 0.066500 0.049600 0.050700 0.049800 0.113000 0.092000 0.059000 0.059500 0.058900 0.066500 0.042300 0.041300 0.086000 0.050100 0.109800 0.075700 0.033200 0.000000 0.067500 0.033100 0.033400 0.093900 0.103600 0.051300 0.112500 0.129400 0.024000 0.073900 0.086100 0.067400 0.094600 0.033300 0.050000 0.041300
BlueSheep 0.047000 0.233000 0.075300 0.170900 0.058500 0.050000 0.033300 0.051000 0.058600 0.132300 0.033100 0.049700 0.059100 0.059000 0.033300 0.051100 0.094800 0.095200 0.032800 0.067100 0.050900 0.015800 0.113300 0.075000 0.024800 0.059700 0.059100 0.084800 0.042400 0.058600 0.086200 0.050300 0.110200 0.076000 0.033300 0.067500 0.000000 0.050300 0.050800 0.094200 0.103900 0.051500 0.131600 0.111700 0.059500 0.083200 0.123600 0.067600 0.059000 0.059400 0.067500 0.058600
BohorReedb 0.032900 0.233900 0.024400 0.150700 0.008100 0.032900 0.016500 0.033600 0.008100 0.094700 0.050200 0.016200 0.041700 0.041600 0.016500 0.016600 0.076600 0.076900 0.032700 0.015800 0.033500 0.033000 0.094600 0.057500 0.041700 0.025000 0.041700 0.032900 0.025100 0.008100 0.068100 0.033200 0.092000 0.058300 0.016500 0.033100 0.050300 0.000000 0.016600 0.076100 0.085500 0.033900 0.094200 0.093100 0.023100 0.074100 0.086100 0.033100 0.076600 0.033300 0.016300 0.008100
KirksDik 0.033200 0.248100 0.041400 0.152800 0.024800 0.033300 0.016200 0.016700 0.024800 0.096100 0.050900 0.032200 0.033600 0.042200 0.016700 0.000000 0.077700 0.078000 0.046900 0.033200 0.016700 0.033300 0.096000 0.075600 0.042300 0.025200 0.033600 0.041700 0.008300 0.024100 0.069100 0.033500 0.093200 0.050400 0.016100 0.033400 0.050800 0.016600 0.000000 0.077200 0.086700 0.016900 0.095600 0.103300 0.024300 0.074800 0.068600 0.050700 0.077700 0.033700 0.033400 0.024000
RoeDeer 0.093300 0.263900 0.101500 0.187600 0.084500 0.093400 0.058900 0.077100 0.084600 0.113000 0.094000 0.092900 0.085100 0.084900 0.058900 0.077200 0.121800 0.122300 0.092600 0.093000 0.076900 0.075700 0.103800 0.083100 0.085200 0.085900 0.085100 0.111400 0.068400 0.084600 0.077000 0.076200 0.136600 0.102000 0.058900 0.093900 0.094200 0.076100 0.077200 0.000000 0.094500 0.077800 0.121900 0.120100 0.084100 0.135800 0.151300 0.100100 0.128400 0.094300 0.093600 0.084600
WhiteLippe 0.102800 0.310300 0.111100 0.219400 0.093900 0.103000 0.068100 0.086700 0.094000 0.059400 0.103700 0.102500 0.094700 0.094500 0.068100 0.086800 0.132000 0.132600 0.102100 0.102500 0.086500 0.085100 0.041900 0.092500 0.094800 0.095600 0.094700 0.121400 0.077900 0.094000 0.016600 0.085600 0.146700 0.111800 0.068100 0.103600 0.103900 0.085500 0.086700 0.094500 0.000000 0.087500 0.059100 0.102700 0.094000 0.145700 0.142700 0.110000 0.138600 0.104000 0.103200 0.094000
ThomsonGaz 0.050900 0.250400 0.059300 0.174500 0.042300 0.051000 0.016900 0.016900 0.042300 0.116000 0.051300 0.050800 0.033900 0.042500 0.016900 0.016900 0.069300 0.069600 0.050600 0.050800 0.016800 0.033700 0.096900 0.076300 0.042700 0.016200 0.033900 0.059700 0.008400 0.042300 0.069700 0.033900 0.085100 0.050800 0.016900 0.051300 0.051500 0.033900 0.016900 0.077800 0.087500 0.000000 0.115300 0.104200 0.041500 0.093500 0.078400 0.051200 0.078400 0.051500 0.051100 0.042300
MuntiacusC 0.111700 0.312000 0.119900 0.209700 0.102700 0.111900 0.094900 0.114200 0.102800 0.016600 0.131400 0.111200 0.122100 0.121900 0.094900 0.095700 0.160600 0.161300 0.129300 0.111300 0.113800 0.112000 0.068200 0.119200 0.122300 0.123300 0.122100 0.130200 0.105200 0.102800 0.041900 0.112700 0.174900 0.139400 0.094900 0.112500 0.131600 0.094200 0.095600 0.121900 0.059100 0.115300 0.000000 0.148500 0.103800 0.154500 0.152000 0.112700 0.148600 0.095000 0.112100 0.102800
WhiteTaile 0.110600 0.342000 0.118600 0.248000 0.101500 0.110800 0.093600 0.103300 0.101600 0.149300 0.111500 0.110000 0.102100 0.120200 0.093600 0.103400 0.158300 0.159100 0.092100 0.110000 0.103000 0.092900 0.140100 0.048600 0.102600 0.094000 0.102100 0.110400 0.094500 0.101600 0.103000 0.111200 0.172900 0.119100 0.093600 0.129400 0.111700 0.093100 0.103300 0.120100 0.102700 0.104200 0.148500 0.000000 0.112000 0.153500 0.179000 0.118500 0.146800 0.102600 0.110700 0.101600
Cattle 0.041300 0.259000 0.049700 0.162000 0.032600 0.041400 0.024100 0.041600 0.032700 0.104100 0.058900 0.041200 0.049600 0.049100 0.024100 0.023500 0.086000 0.086300 0.058500 0.040600 0.041500 0.041400 0.103600 0.074000 0.049700 0.050100 0.049600 0.058800 0.032700 0.032700 0.076500 0.041600 0.101600 0.067000 0.024100 0.024000 0.059500 0.023100 0.024300 0.084100 0.094000 0.041500 0.103800 0.112000 0.000000 0.083600 0.096200 0.058400 0.084400 0.014300 0.040400 0.032700
RoyalAntel 0.073700 0.302300 0.081800 0.204200 0.065200 0.073800 0.074300 0.092700 0.082300 0.155000 0.074700 0.065100 0.100500 0.082800 0.074300 0.075100 0.136900 0.119300 0.082100 0.073800 0.075100 0.065500 0.155100 0.115800 0.083300 0.101500 0.100500 0.108400 0.084100 0.082300 0.127800 0.074200 0.134100 0.100000 0.074300 0.073900 0.083200 0.074100 0.074800 0.135800 0.145700 0.093500 0.154500 0.153500 0.083600 0.000000 0.110700 0.109100 0.118800 0.083200 0.091300 0.082300
Steenbok 0.103700 0.316000 0.112100 0.213100 0.094700 0.103900 0.086700 0.077800 0.094800 0.152700 0.104900 0.103400 0.104600 0.113800 0.086700 0.068700 0.114200 0.114600 0.121700 0.103400 0.086500 0.104100 0.152600 0.148300 0.114200 0.077500 0.104600 0.112800 0.077900 0.094800 0.124300 0.104600 0.129500 0.122000 0.086700 0.086100 0.123600 0.086100 0.068600 0.151300 0.142700 0.078400 0.152000 0.179000 0.096200 0.110700 0.000000 0.122900 0.152600 0.104900 0.104100 0.094800
Impala 0.049800 0.212200 0.057900 0.170500 0.041300 0.067100 0.033200 0.050700 0.041400 0.120600 0.067500 0.049600 0.058800 0.058700 0.033200 0.050800 0.094400 0.094700 0.049500 0.049600 0.050600 0.049900 0.101100 0.080400 0.058900 0.042000 0.058800 0.067000 0.042200 0.041400 0.085700 0.050100 0.091900 0.075600 0.033200 0.067400 0.067600 0.033100 0.050700 0.100100 0.110000 0.051200 0.112700 0.118500 0.058400 0.109100 0.122900 0.000000 0.076600 0.067800 0.049900 0.041400
Klipspring 0.076300 0.266500 0.102300 0.210000 0.085100 0.076400 0.059400 0.077700 0.085200 0.149300 0.058800 0.093700 0.085700 0.085600 0.059400 0.077800 0.122600 0.123200 0.075900 0.093700 0.077500 0.058900 0.129500 0.107900 0.050300 0.086600 0.085700 0.103400 0.068900 0.085200 0.120500 0.076700 0.128800 0.102800 0.059400 0.094600 0.059000 0.076600 0.077700 0.128400 0.138600 0.078400 0.148600 0.146800 0.084400 0.118800 0.152600 0.076600 0.000000 0.086100 0.094300 0.085200
ForestMusk 0.041600 0.267300 0.058200 0.171200 0.041500 0.041700 0.033500 0.051000 0.041600 0.095400 0.059300 0.049900 0.059200 0.059000 0.033500 0.033700 0.095000 0.095300 0.058500 0.049900 0.050900 0.041700 0.113500 0.066300 0.050700 0.059700 0.059200 0.067300 0.042500 0.041600 0.086400 0.050400 0.110200 0.076000 0.033500 0.033300 0.059400 0.033300 0.033700 0.094300 0.104000 0.051500 0.095000 0.102600 0.014300 0.083200 0.104900 0.067800 0.086100 0.000000 0.050200 0.041600
Bushbuck 0.049700 0.254800 0.024300 0.169700 0.024500 0.049700 0.033200 0.050700 0.008100 0.112600 0.067400 0.032700 0.058700 0.058600 0.033200 0.033500 0.076500 0.094600 0.049400 0.016200 0.050500 0.049800 0.112500 0.074300 0.058800 0.041900 0.058700 0.032800 0.042100 0.008100 0.085600 0.050100 0.109600 0.075500 0.033200 0.050000 0.067500 0.016300 0.033400 0.093600 0.103200 0.051100 0.112100 0.110700 0.040400 0.091300 0.104100 0.049900 0.094300 0.050200 0.000000 0.008100
GreaterKud 0.041000 0.243700 0.016100 0.159700 0.016200 0.041100 0.023900 0.042000 0.000000 0.103300 0.058700 0.023300 0.050000 0.050000 0.024700 0.025000 0.085200 0.085500 0.040800 0.008100 0.041900 0.041200 0.103200 0.065700 0.050100 0.033400 0.050000 0.023300 0.033500 0.000000 0.076600 0.041400 0.100500 0.066700 0.024700 0.041300 0.058600 0.008100 0.024000 0.084600 0.094000 0.042300 0.102800 0.101600 0.032700 0.082300 0.094800 0.041400 0.085200 0.041600 0.008100 0.000000
