1
52 1
Argali 0.000000 0.044700 0.000100 0.039500 0.007100 0.000000 0.000100 0.028700 0.000100 0.000000 0.000000 0.000100 0.000000 0.000000 0.000100 0.007100 0.007200 0.000100 0.000000 0.007000 0.014300 0.000000 0.000000 0.000100 0.000000 0.007100 0.007100 0.000100 0.007100 0.000100 0.000000 0.000100 0.007100 0.000000 0.000000 0.000100 0.000000 0.007100 0.007100 0.000000 0.000100 0.021300 0.000100 0.000100 0.000100 0.007100 0.007000 0.000100 0.007100 0.000000 0.007000 0.000100
LesserMous 0.044700 0.000000 0.044400 0.071500 0.052000 0.044900 0.044500 0.075500 0.044300 0.044700 0.044700 0.044200 0.044700 0.044400 0.044500 0.052000 0.052600 0.044600 0.044700 0.051800 0.060000 0.044900 0.045000 0.044800 0.044700 0.052000 0.052300 0.044200 0.052000 0.044200 0.044700 0.044300 0.052200 0.044700 0.044800 0.044200 0.044700 0.052000 0.052200 0.044700 0.044900 0.067400 0.044700 0.044800 0.044200 0.052000 0.051700 0.044200 0.051800 0.044500 0.051700 0.044200
LesserKudu 0.000100 0.044400 0.000000 0.038800 0.007000 0.000100 0.000100 0.028500 0.000000 0.000100 0.000100 0.000000 0.000100 0.000100 0.000100 0.007000 0.007100 0.000100 0.000100 0.007000 0.014200 0.000100 0.000100 0.000200 0.000100 0.007000 0.007100 0.000000 0.007000 0.000000 0.000100 0.000100 0.007100 0.000100 0.000100 0.000000 0.000100 0.007000 0.007000 0.000100 0.000200 0.021200 0.000200 0.000200 0.000000 0.007000 0.007000 0.000100 0.007000 0.000100 0.007000 0.000000
KillerWhal 0.039500 0.071500 0.038800 0.000000 0.047200 0.039400 0.039000 0.059700 0.038700 0.039200 0.039500 0.038800 0.039300 0.039300 0.039100 0.047200 0.047500 0.039400 0.039300 0.046700 0.055000 0.039500 0.039300 0.038800 0.039500 0.047200 0.047100 0.038600 0.047200 0.038800 0.039200 0.038700 0.047900 0.039300 0.039200 0.038800 0.039500 0.047200 0.047100 0.039200 0.038900 0.062800 0.039000 0.038900 0.038800 0.046900 0.046700 0.038900 0.047000 0.039500 0.046500 0.038800
DefassaWat 0.007100 0.052000 0.007000 0.047200 0.000000 0.007100 0.007000 0.021200 0.007000 0.007100 0.007100 0.007000 0.007100 0.007000 0.007000 0.000000 0.014300 0.007100 0.007100 0.000100 0.007000 0.007100 0.007100 0.007100 0.007100 0.000000 0.014200 0.007000 0.000000 0.007000 0.007100 0.007000 0.000100 0.007100 0.007100 0.007000 0.007100 0.000000 0.000000 0.007100 0.007100 0.014000 0.007100 0.007100 0.007000 0.000000 0.000000 0.007000 0.014000 0.007000 0.000000 0.007000
Sheep 0.000000 0.044900 0.000100 0.039400 0.007100 0.000000 0.000100 0.028800 0.000100 0.000100 0.000000 0.000100 0.000000 0.000100 0.000100 0.007100 0.007200 0.000100 0.000000 0.007100 0.014300 0.000000 0.000100 0.000200 0.000000 0.007100 0.007100 0.000100 0.007100 0.000100 0.000100 0.000100 0.007100 0.000000 0.000100 0.000100 0.000000 0.007100 0.007100 0.000100 0.000100 0.021400 0.000100 0.000100 0.000100 0.007100 0.007100 0.000100 0.007100 0.000000 0.007100 0.000100
MaxwellsDu 0.000100 0.044500 0.000100 0.039000 0.007000 0.000100 0.000000 0.028500 0.000100 0.000100 0.000100 0.000100 0.000100 0.000000 0.000100 0.007000 0.007100 0.000100 0.000100 0.007000 0.014200 0.000100 0.000100 0.000200 0.000100 0.007000 0.007100 0.000100 0.007000 0.000100 0.000100 0.000100 0.007100 0.000100 0.000100 0.000100 0.000100 0.007000 0.007000 0.000100 0.000200 0.021200 0.000200 0.000200 0.000100 0.007000 0.007000 0.000100 0.007000 0.000100 0.007000 0.000100
GazellaPrz 0.028700 0.075500 0.028500 0.059700 0.021200 0.028800 0.028500 0.000000 0.028400 0.028700 0.028700 0.028400 0.028600 0.028500 0.028500 0.021200 0.036200 0.028600 0.028600 0.021100 0.014200 0.028800 0.028900 0.028700 0.028700 0.021200 0.035900 0.028300 0.021200 0.028400 0.028700 0.028300 0.021300 0.028600 0.028700 0.028400 0.028700 0.021200 0.021300 0.028700 0.028800 0.035600 0.028800 0.028800 0.028400 0.021200 0.021100 0.028300 0.035600 0.028500 0.021100 0.028400
MountainNy 0.000100 0.044300 0.000000 0.038700 0.007000 0.000100 0.000100 0.028400 0.000000 0.000100 0.000100 0.000000 0.000100 0.000100 0.000100 0.007000 0.007100 0.000100 0.000100 0.007000 0.014100 0.000100 0.000100 0.000200 0.000100 0.007000 0.007000 0.000000 0.007000 0.000000 0.000100 0.000200 0.007000 0.000100 0.000100 0.000000 0.000100 0.007000 0.007000 0.000100 0.000200 0.021100 0.000200 0.000200 0.000000 0.007000 0.007000 0.000100 0.007000 0.000100 0.007000 0.000000
MuntiacusM 0.000000 0.044700 0.000100 0.039200 0.007100 0.000100 0.000100 0.028700 0.000100 0.000000 0.000000 0.000100 0.000100 0.000100 0.000100 0.007100 0.007200 0.000100 0.000100 0.007100 0.014300 0.000100 0.000000 0.000100 0.000000 0.007100 0.007100 0.000100 0.007100 0.000100 0.000000 0.000100 0.007100 0.000100 0.000100 0.000100 0.000000 0.007100 0.007100 0.000000 0.000000 0.021400 0.000000 0.000100 0.000100 0.007100 0.007000 0.000100 0.007100 0.000100 0.007000 0.000100
goat 0.000000 0.044700 0.000100 0.039500 0.007100 0.000000 0.000100 0.028700 0.000100 0.000000 0.000000 0.000100 0.000000 0.000000 0.000100 0.007100 0.007200 0.000100 0.000000 0.007000 0.014300 0.000000 0.000000 0.000100 0.000000 0.007100 0.007100 0.000100 0.007100 0.000100 0.000000 0.000100 0.007100 0.000000 0.000000 0.000100 0.000000 0.007100 0.007100 0.000000 0.000100 0.021300 0.000100 0.000100 0.000100 0.007100 0.007000 0.000100 0.007100 0.000000 0.007000 0.000100
AfricanBuf 0.000100 0.044200 0.000000 0.038800 0.007000 0.000100 0.000100 0.028400 0.000000 0.000100 0.000100 0.000000 0.000100 0.000100 0.000100 0.007000 0.007100 0.000100 0.000100 0.006900 0.014100 0.000100 0.000100 0.000200 0.000100 0.007000 0.007000 0.000000 0.007000 0.000000 0.000100 0.000100 0.007000 0.000100 0.000100 0.000000 0.000100 0.007000 0.007000 0.000100 0.000200 0.021100 0.000100 0.000200 0.000000 0.007000 0.006900 0.000100 0.007000 0.000000 0.007000 0.000000
Topi 0.000000 0.044700 0.000100 0.039300 0.007100 0.000000 0.000100 0.028600 0.000100 0.000100 0.000000 0.000100 0.000000 0.000000 0.000100 0.007100 0.007100 0.000100 0.000000 0.007000 0.014200 0.000000 0.000100 0.000100 0.000000 0.007100 0.007100 0.000100 0.007100 0.000100 0.000100 0.000100 0.007100 0.000000 0.000000 0.000100 0.000000 0.007100 0.007100 0.000100 0.000100 0.021300 0.000100 0.000100 0.000100 0.007000 0.007000 0.000100 0.007000 0.000000 0.007000 0.000100
CommonDuik 0.000000 0.044400 0.000100 0.039300 0.007000 0.000100 0.000000 0.028500 0.000100 0.000100 0.000000 0.000100 0.000000 0.000000 0.000100 0.007000 0.007100 0.000100 0.000000 0.007000 0.014200 0.000100 0.000100 0.000100 0.000000 0.007000 0.007100 0.000000 0.007000 0.000100 0.000100 0.000000 0.007000 0.000000 0.000000 0.000100 0.000000 0.007000 0.007000 0.000100 0.000100 0.021200 0.000100 0.000100 0.000100 0.007000 0.007000 0.000100 0.007000 0.000000 0.007000 0.000100
Suni 0.000100 0.044500 0.000100 0.039100 0.007000 0.000100 0.000100 0.028500 0.000100 0.000100 0.000100 0.000100 0.000100 0.000100 0.000000 0.007000 0.007100 0.000100 0.000100 0.007000 0.014200 0.000100 0.000100 0.000200 0.000100 0.007000 0.007100 0.000100 0.007000 0.000100 0.000100 0.000100 0.007100 0.000100 0.000100 0.000100 0.000100 0.007000 0.007000 0.000100 0.000200 0.021200 0.000100 0.000200 0.000100 0.007000 0.007000 0.000000 0.007000 0.000000 0.007000 0.000100
Springbuck 0.007100 0.052000 0.007000 0.047200 0.000000 0.007100 0.007000 0.021200 0.007000 0.007100 0.007100 0.007000 0.007100 0.007000 0.007000 0.000000 0.014300 0.007100 0.007100 0.000100 0.007000 0.007100 0.007100 0.007100 0.007100 0.000000 0.014200 0.007000 0.000000 0.007000 0.007100 0.007000 0.000100 0.007100 0.007100 0.007000 0.007100 0.000000 0.000000 0.007100 0.007100 0.014000 0.007100 0.007100 0.007000 0.000000 0.000000 0.007000 0.014000 0.007000 0.000000 0.007000
Okapi 0.007200 0.052600 0.007100 0.047500 0.014300 0.007200 0.007100 0.036200 0.007100 0.007200 0.007200 0.007100 0.007100 0.007100 0.007100 0.014300 0.000000 0.007100 0.007100 0.014200 0.021600 0.007200 0.007200 0.007200 0.007200 0.014300 0.014300 0.007100 0.014300 0.007100 0.007200 0.007100 0.014300 0.007100 0.007200 0.007100 0.007200 0.014300 0.014300 0.007200 0.007200 0.028700 0.007200 0.007200 0.007100 0.014200 0.014200 0.007100 0.014200 0.007100 0.014200 0.007100
Giraffe 0.000100 0.044600 0.000100 0.039400 0.007100 0.000100 0.000100 0.028600 0.000100 0.000100 0.000100 0.000100 0.000100 0.000100 0.000100 0.007100 0.007100 0.000000 0.000100 0.007000 0.014200 0.000100 0.000100 0.000200 0.000100 0.007100 0.007100 0.000100 0.007100 0.000100 0.000100 0.000100 0.007100 0.000100 0.000100 0.000100 0.000100 0.007100 0.007100 0.000100 0.000200 0.021300 0.000200 0.000200 0.000100 0.007000 0.007000 0.000100 0.007000 0.000100 0.007000 0.000100
TibetanAnt 0.000000 0.044700 0.000100 0.039300 0.007100 0.000000 0.000100 0.028600 0.000100 0.000100 0.000000 0.000100 0.000000 0.000000 0.000100 0.007100 0.007100 0.000100 0.000000 0.007000 0.014200 0.000000 0.000100 0.000100 0.000000 0.007100 0.007100 0.000100 0.007100 0.000100 0.000100 0.000100 0.007100 0.000000 0.000000 0.000100 0.000000 0.007100 0.007100 0.000100 0.000100 0.021300 0.000100 0.000100 0.000100 0.007000 0.007000 0.000100 0.007000 0.000000 0.007000 0.000100
Sitatunga 0.007000 0.051800 0.007000 0.046700 0.000100 0.007100 0.007000 0.021100 0.007000 0.007100 0.007000 0.006900 0.007000 0.007000 0.007000 0.000100 0.014200 0.007000 0.007000 0.000000 0.007000 0.007100 0.007100 0.007100 0.007000 0.000100 0.014100 0.007000 0.000100 0.006900 0.007100 0.006900 0.000100 0.007000 0.007100 0.006900 0.007000 0.000100 0.000100 0.007100 0.007100 0.014000 0.007100 0.007100 0.006900 0.000100 0.000100 0.007000 0.014000 0.007000 0.000000 0.006900
Oribi 0.014300 0.060000 0.014200 0.055000 0.007000 0.014300 0.014200 0.014200 0.014100 0.014300 0.014300 0.014100 0.014200 0.014200 0.014200 0.007000 0.021600 0.014200 0.014200 0.007000 0.000000 0.014300 0.014300 0.014300 0.014300 0.007000 0.021300 0.014100 0.007000 0.014100 0.014300 0.014100 0.007100 0.014200 0.014300 0.014100 0.014300 0.007000 0.007100 0.014300 0.014300 0.021200 0.014300 0.014300 0.014100 0.007000 0.007000 0.014100 0.021300 0.014200 0.007000 0.014100
BarbaryShe 0.000000 0.044900 0.000100 0.039500 0.007100 0.000000 0.000100 0.028800 0.000100 0.000100 0.000000 0.000100 0.000000 0.000100 0.000100 0.007100 0.007200 0.000100 0.000000 0.007100 0.014300 0.000000 0.000100 0.000200 0.000000 0.007100 0.007100 0.000100 0.007100 0.000100 0.000100 0.000100 0.007100 0.000000 0.000100 0.000100 0.000000 0.007100 0.007100 0.000100 0.000100 0.021400 0.000100 0.000100 0.000100 0.007100 0.007100 0.000100 0.007100 0.000000 0.007100 0.000100
Daviddeer 0.000000 0.045000 0.000100 0.039300 0.007100 0.000100 0.000100 0.028900 0.000100 0.000000 0.000000 0.000100 0.000100 0.000100 0.000100 0.007100 0.007200 0.000100 0.000100 0.007100 0.014300 0.000100 0.000000 0.000100 0.000000 0.007100 0.007200 0.000100 0.007100 0.000100 0.000000 0.000100 0.007200 0.000100 0.000100 0.000100 0.000000 0.007100 0.007100 0.000000 0.000000 0.021500 0.000100 0.000100 0.000100 0.007100 0.007100 0.000100 0.007100 0.000100 0.007100 0.000100
Reindeer 0.000100 0.044800 0.000200 0.038800 0.007100 0.000200 0.000200 0.028700 0.000200 0.000100 0.000100 0.000200 0.000100 0.000100 0.000200 0.007100 0.007200 0.000200 0.000100 0.007100 0.014300 0.000200 0.000100 0.000000 0.000100 0.007100 0.007100 0.000200 0.007100 0.000200 0.000100 0.000200 0.007100 0.000100 0.000100 0.000200 0.000100 0.007100 0.007100 0.000100 0.000100 0.021400 0.000100 0.000000 0.000200 0.007100 0.007000 0.000200 0.007100 0.000200 0.007000 0.000200
Ibex 0.000000 0.044700 0.000100 0.039500 0.007100 0.000000 0.000100 0.028700 0.000100 0.000000 0.000000 0.000100 0.000000 0.000000 0.000100 0.007100 0.007200 0.000100 0.000000 0.007000 0.014300 0.000000 0.000000 0.000100 0.000000 0.007100 0.007100 0.000100 0.007100 0.000100 0.000000 0.000100 0.007100 0.000000 0.000000 0.000100 0.000000 0.007100 0.007100 0.000000 0.000100 0.021300 0.000100 0.000100 0.000100 0.007100 0.007000 0.000100 0.007100 0.000000 0.007000 0.000100
GyrantGaze 0.007100 0.052000 0.007000 0.047200 0.000000 0.007100 0.007000 0.021200 0.007000 0.007100 0.007100 0.007000 0.007100 0.007000 0.007000 0.000000 0.014300 0.007100 0.007100 0.000100 0.007000 0.007100 0.007100 0.007100 0.007100 0.000000 0.014200 0.007000 0.000000 0.007000 0.007100 0.007000 0.000100 0.007100 0.007100 0.007000 0.007100 0.000000 0.000100 0.007100 0.007100 0.014000 0.007100 0.007100 0.007000 0.000100 0.000100 0.007000 0.014100 0.007000 0.000100 0.007000
Hartebeest 0.007100 0.052300 0.007100 0.047100 0.014200 0.007100 0.007100 0.035900 0.007000 0.007100 0.007100 0.007000 0.007100 0.007100 0.007100 0.014200 0.014300 0.007100 0.007100 0.014100 0.021300 0.007100 0.007200 0.007100 0.007100 0.014200 0.000000 0.007000 0.014200 0.007000 0.007100 0.007000 0.014200 0.007100 0.007100 0.007000 0.007100 0.014200 0.014200 0.007100 0.007100 0.028500 0.007100 0.007100 0.007000 0.014100 0.014100 0.007000 0.014100 0.007100 0.014100 0.007000
Bongo 0.000100 0.044200 0.000000 0.038600 0.007000 0.000100 0.000100 0.028300 0.000000 0.000100 0.000100 0.000000 0.000100 0.000000 0.000100 0.007000 0.007100 0.000100 0.000100 0.007000 0.014100 0.000100 0.000100 0.000200 0.000100 0.007000 0.007000 0.000000 0.007000 0.000000 0.000100 0.000100 0.007000 0.000100 0.000100 0.000000 0.000100 0.007000 0.007000 0.000100 0.000200 0.021000 0.000200 0.000200 0.000000 0.007000 0.006900 0.000100 0.007000 0.000100 0.006900 0.000000
Gerenuk 0.007100 0.052000 0.007000 0.047200 0.000000 0.007100 0.007000 0.021200 0.007000 0.007100 0.007100 0.007000 0.007100 0.007000 0.007000 0.000000 0.014300 0.007100 0.007100 0.000100 0.007000 0.007100 0.007100 0.007100 0.007100 0.000000 0.014200 0.007000 0.000000 0.007000 0.007100 0.007000 0.000100 0.007100 0.007100 0.007000 0.007100 0.000000 0.000000 0.007100 0.007100 0.014000 0.007100 0.007100 0.007000 0.000000 0.000000 0.007000 0.014000 0.007000 0.000000 0.007000
CommonElan 0.000100 0.044200 0.000000 0.038800 0.007000 0.000100 0.000100 0.028400 0.000000 0.000100 0.000100 0.000000 0.000100 0.000100 0.000100 0.007000 0.007100 0.000100 0.000100 0.006900 0.014100 0.000100 0.000100 0.000200 0.000100 0.007000 0.007000 0.000000 0.007000 0.000000 0.000100 0.000100 0.007000 0.000100 0.000100 0.000000 0.000100 0.007000 0.007000 0.000100 0.000200 0.021100 0.000100 0.000200 0.000000 0.007000 0.006900 0.000100 0.007000 0.000000 0.007000 0.000000
MuntiacusR 0.000000 0.044700 0.000100 0.039200 0.007100 0.000100 0.000100 0.028700 0.000100 0.000000 0.000000 0.000100 0.000100 0.000100 0.000100 0.007100 0.007200 0.000100 0.000100 0.007100 0.014300 0.000100 0.000000 0.000100 0.000000 0.007100 0.007100 0.000100 0.007100 0.000100 0.000000 0.000100 0.007100 0.000100 0.000100 0.000100 0.000000 0.007100 0.007100 0.000000 0.000000 0.021400 0.000000 0.000100 0.000100 0.007100 0.007000 0.000100 0.007100 0.000100 0.007000 0.000100
HarveysDui 0.000100 0.044300 0.000100 0.038700 0.007000 0.000100 0.000100 0.028300 0.000200 0.000100 0.000100 0.000100 0.000100 0.000000 0.000100 0.007000 0.007100 0.000100 0.000100 0.006900 0.014100 0.000100 0.000100 0.000200 0.000100 0.007000 0.007000 0.000100 0.007000 0.000100 0.000100 0.000000 0.007000 0.000100 0.000100 0.000100 0.000100 0.007000 0.007000 0.000100 0.000200 0.021000 0.000200 0.000200 0.000100 0.006900 0.006900 0.000100 0.007000 0.000100 0.006900 0.000100
Pronghorn 0.007100 0.052200 0.007100 0.047900 0.000100 0.007100 0.007100 0.021300 0.007000 0.007100 0.007100 0.007000 0.007100 0.007000 0.007100 0.000100 0.014300 0.007100 0.007100 0.000100 0.007100 0.007100 0.007200 0.007100 0.007100 0.000100 0.014200 0.007000 0.000100 0.007000 0.007100 0.007000 0.000000 0.007100 0.007100 0.007000 0.007100 0.000100 0.000100 0.007100 0.007100 0.014100 0.007100 0.007100 0.007000 0.000100 0.000100 0.007000 0.014100 0.007100 0.000100 0.007000
BlueWildeb 0.000000 0.044700 0.000100 0.039300 0.007100 0.000000 0.000100 0.028600 0.000100 0.000100 0.000000 0.000100 0.000000 0.000000 0.000100 0.007100 0.007100 0.000100 0.000000 0.007000 0.014200 0.000000 0.000100 0.000100 0.000000 0.007100 0.007100 0.000100 0.007100 0.000100 0.000100 0.000100 0.007100 0.000000 0.000000 0.000100 0.000000 0.007100 0.007100 0.000100 0.000100 0.021300 0.000100 0.000100 0.000100 0.007000 0.007000 0.000100 0.007000 0.000000 0.007000 0.000100
Gemsbok 0.000000 0.044800 0.000100 0.039200 0.007100 0.000100 0.000100 0.028700 0.000100 0.000100 0.000000 0.000100 0.000000 0.000000 0.000100 0.007100 0.007200 0.000100 0.000000 0.007100 0.014300 0.000100 0.000100 0.000100 0.000000 0.007100 0.007100 0.000100 0.007100 0.000100 0.000100 0.000100 0.007100 0.000000 0.000000 0.000100 0.000000 0.007100 0.007100 0.000100 0.000100 0.021400 0.000100 0.000100 0.000100 0.007100 0.007000 0.000100 0.007100 0.000100 0.007000 0.000100
Yak 0.000100 0.044200 0.000000 0.038800 0.007000 0.000100 0.000100 0.028400 0.000000 0.000100 0.000100 0.000000 0.000100 0.000100 0.000100 0.007000 0.007100 0.000100 0.000100 0.006900 0.014100 0.000100 0.000100 0.000200 0.000100 0.007000 0.007000 0.000000 0.007000 0.000000 0.000100 0.000100 0.007000 0.000100 0.000100 0.000000 0.000100 0.007000 0.007000 0.000100 0.000200 0.021100 0.000100 0.000200 0.000000 0.007000 0.006900 0.000100 0.007000 0.000000 0.007000 0.000000
BlueSheep 0.000000 0.044700 0.000100 0.039500 0.007100 0.000000 0.000100 0.028700 0.000100 0.000000 0.000000 0.000100 0.000000 0.000000 0.000100 0.007100 0.007200 0.000100 0.000000 0.007000 0.014300 0.000000 0.000000 0.000100 0.000000 0.007100 0.007100 0.000100 0.007100 0.000100 0.000000 0.000100 0.007100 0.000000 0.000000 0.000100 0.000000 0.007100 0.007100 0.000000 0.000100 0.021300 0.000100 0.000100 0.000100 0.007100 0.007000 0.000100 0.007100 0.000000 0.007000 0.000100
BohorReedb 0.007100 0.052000 0.007000 0.047200 0.000000 0.007100 0.007000 0.021200 0.007000 0.007100 0.007100 0.007000 0.007100 0.007000 0.007000 0.000000 0.014300 0.007100 0.007100 0.000100 0.007000 0.007100 0.007100 0.007100 0.007100 0.000000 0.014200 0.007000 0.000000 0.007000 0.007100 0.007000 0.000100 0.007100 0.007100 0.007000 0.007100 0.000000 0.000000 0.007100 0.007100 0.014000 0.007100 0.007100 0.007000 0.000000 0.000000 0.007000 0.014000 0.007000 0.000000 0.007000
KirksDik 0.007100 0.052200 0.007000 0.047100 0.000000 0.007100 0.007000 0.021300 0.007000 0.007100 0.007100 0.007000 0.007100 0.007000 0.007000 0.000000 0.014300 0.007100 0.007100 0.000100 0.007100 0.007100 0.007100 0.007100 0.007100 0.000100 0.014200 0.007000 0.000000 0.007000 0.007100 0.007000 0.000100 0.007100 0.007100 0.007000 0.007100 0.000000 0.000000 0.007100 0.007100 0.014100 0.007100 0.007100 0.007000 0.000000 0.000000 0.007000 0.014100 0.007000 0.000100 0.007000
RoeDeer 0.000000 0.044700 0.000100 0.039200 0.007100 0.000100 0.000100 0.028700 0.000100 0.000000 0.000000 0.000100 0.000100 0.000100 0.000100 0.007100 0.007200 0.000100 0.000100 0.007100 0.014300 0.000100 0.000000 0.000100 0.000000 0.007100 0.007100 0.000100 0.007100 0.000100 0.000000 0.000100 0.007100 0.000100 0.000100 0.000100 0.000000 0.007100 0.007100 0.000000 0.000000 0.021400 0.000000 0.000100 0.000100 0.007100 0.007000 0.000100 0.007100 0.000100 0.007000 0.000100
WhiteLippe 0.000100 0.044900 0.000200 0.038900 0.007100 0.000100 0.000200 0.028800 0.000200 0.000000 0.000100 0.000200 0.000100 0.000100 0.000200 0.007100 0.007200 0.000200 0.000100 0.007100 0.014300 0.000100 0.000000 0.000100 0.000100 0.007100 0.007100 0.000200 0.007100 0.000200 0.000000 0.000200 0.007100 0.000100 0.000100 0.000200 0.000100 0.007100 0.007100 0.000000 0.000000 0.021400 0.000100 0.000100 0.000200 0.007100 0.007100 0.000200 0.007100 0.000100 0.007100 0.000200
ThomsonGaz 0.021300 0.067400 0.021200 0.062800 0.014000 0.021400 0.021200 0.035600 0.021100 0.021400 0.021300 0.021100 0.021300 0.021200 0.021200 0.014000 0.028700 0.021300 0.021300 0.014000 0.021200 0.021400 0.021500 0.021400 0.021300 0.014000 0.028500 0.021000 0.014000 0.021100 0.021400 0.021000 0.014100 0.021300 0.021400 0.021100 0.021300 0.014000 0.014100 0.021400 0.021400 0.000000 0.021400 0.021400 0.021100 0.014000 0.014000 0.021000 0.028300 0.021200 0.014000 0.021100
MuntiacusC 0.000100 0.044700 0.000200 0.039000 0.007100 0.000100 0.000200 0.028800 0.000200 0.000000 0.000100 0.000100 0.000100 0.000100 0.000100 0.007100 0.007200 0.000200 0.000100 0.007100 0.014300 0.000100 0.000100 0.000100 0.000100 0.007100 0.007100 0.000200 0.007100 0.000100 0.000000 0.000200 0.007100 0.000100 0.000100 0.000100 0.000100 0.007100 0.007100 0.000000 0.000100 0.021400 0.000000 0.000100 0.000100 0.007100 0.007100 0.000100 0.007100 0.000100 0.007100 0.000100
WhiteTaile 0.000100 0.044800 0.000200 0.038900 0.007100 0.000100 0.000200 0.028800 0.000200 0.000100 0.000100 0.000200 0.000100 0.000100 0.000200 0.007100 0.007200 0.000200 0.000100 0.007100 0.014300 0.000100 0.000100 0.000000 0.000100 0.007100 0.007100 0.000200 0.007100 0.000200 0.000100 0.000200 0.007100 0.000100 0.000100 0.000200 0.000100 0.007100 0.007100 0.000100 0.000100 0.021400 0.000100 0.000000 0.000200 0.007100 0.007100 0.000200 0.007100 0.000100 0.007100 0.000200
Cattle 0.000100 0.044200 0.000000 0.038800 0.007000 0.000100 0.000100 0.028400 0.000000 0.000100 0.000100 0.000000 0.000100 0.000100 0.000100 0.007000 0.007100 0.000100 0.000100 0.006900 0.014100 0.000100 0.000100 0.000200 0.000100 0.007000 0.007000 0.000000 0.007000 0.000000 0.000100 0.000100 0.007000 0.000100 0.000100 0.000000 0.000100 0.007000 0.007000 0.000100 0.000200 0.021100 0.000100 0.000200 0.000000 0.007000 0.006900 0.000100 0.007000 0.000000 0.007000 0.000000
RoyalAntel 0.007100 0.052000 0.007000 0.046900 0.000000 0.007100 0.007000 0.021200 0.007000 0.007100 0.007100 0.007000 0.007000 0.007000 0.007000 0.000000 0.014200 0.007000 0.007000 0.000100 0.007000 0.007100 0.007100 0.007100 0.007100 0.000100 0.014100 0.007000 0.000000 0.007000 0.007100 0.006900 0.000100 0.007000 0.007100 0.007000 0.007100 0.000000 0.000000 0.007100 0.007100 0.014000 0.007100 0.007100 0.007000 0.000000 0.000000 0.007000 0.014000 0.007000 0.000100 0.007000
Steenbok 0.007000 0.051700 0.007000 0.046700 0.000000 0.007100 0.007000 0.021100 0.007000 0.007000 0.007000 0.006900 0.007000 0.007000 0.007000 0.000000 0.014200 0.007000 0.007000 0.000100 0.007000 0.007100 0.007100 0.007000 0.007000 0.000100 0.014100 0.006900 0.000000 0.006900 0.007000 0.006900 0.000100 0.007000 0.007000 0.006900 0.007000 0.000000 0.000000 0.007000 0.007100 0.014000 0.007100 0.007100 0.006900 0.000000 0.000000 0.006900 0.014000 0.007000 0.000100 0.006900
Impala 0.000100 0.044200 0.000100 0.038900 0.007000 0.000100 0.000100 0.028300 0.000100 0.000100 0.000100 0.000100 0.000100 0.000100 0.000000 0.007000 0.007100 0.000100 0.000100 0.007000 0.014100 0.000100 0.000100 0.000200 0.000100 0.007000 0.007000 0.000100 0.007000 0.000100 0.000100 0.000100 0.007000 0.000100 0.000100 0.000100 0.000100 0.007000 0.007000 0.000100 0.000200 0.021000 0.000100 0.000200 0.000100 0.007000 0.006900 0.000000 0.007000 0.000000 0.006900 0.000100
Klipspring 0.007100 0.051800 0.007000 0.047000 0.014000 0.007100 0.007000 0.035600 0.007000 0.007100 0.007100 0.007000 0.007000 0.007000 0.007000 0.014000 0.014200 0.007000 0.007000 0.014000 0.021300 0.007100 0.007100 0.007100 0.007100 0.014100 0.014100 0.007000 0.014000 0.007000 0.007100 0.007000 0.014100 0.007000 0.007100 0.007000 0.007100 0.014000 0.014100 0.007100 0.007100 0.028300 0.007100 0.007100 0.007000 0.014000 0.014000 0.007000 0.000000 0.007000 0.014000 0.007000
ForestMusk 0.000000 0.044500 0.000100 0.039500 0.007000 0.000000 0.000100 0.028500 0.000100 0.000100 0.000000 0.000000 0.000000 0.000000 0.000000 0.007000 0.007100 0.000100 0.000000 0.007000 0.014200 0.000000 0.000100 0.000200 0.000000 0.007000 0.007100 0.000100 0.007000 0.000000 0.000100 0.000100 0.007100 0.000000 0.000100 0.000000 0.000000 0.007000 0.007000 0.000100 0.000100 0.021200 0.000100 0.000100 0.000000 0.007000 0.007000 0.000000 0.007000 0.000000 0.007000 0.000000
Bushbuck 0.007000 0.051700 0.007000 0.046500 0.000000 0.007100 0.007000 0.021100 0.007000 0.007000 0.007000 0.007000 0.007000 0.007000 0.007000 0.000000 0.014200 0.007000 0.007000 0.000000 0.007000 0.007100 0.007100 0.007000 0.007000 0.000100 0.014100 0.006900 0.000000 0.007000 0.007000 0.006900 0.000100 0.007000 0.007000 0.007000 0.007000 0.000000 0.000100 0.007000 0.007100 0.014000 0.007100 0.007100 0.007000 0.000100 0.000100 0.006900 0.014000 0.007000 0.000000 0.007000
GreaterKud 0.000100 0.044200 0.000000 0.038800 0.007000 0.000100 0.000100 0.028400 0.000000 0.000100 0.000100 0.000000 0.000100 0.000100 0.000100 0.007000 0.007100 0.000100 0.000100 0.006900 0.014100 0.000100 0.000100 0.000200 0.000100 0.007000 0.007000 0.000000 0.007000 0.000000 0.000100 0.000100 0.007000 0.000100 0.000100 0.000000 0.000100 0.007000 0.007000 0.000100 0.000200 0.021100 0.000100 0.000200 0.000000 0.007000 0.006900 0.000100 0.007000 0.000000 0.007000 0.000000
