1
52 1
Argali 0.000000 0.218000 0.061200 0.216700 0.060600 0.007300 0.052800 0.076600 0.076600 0.084600 0.007000 0.069000 0.045200 0.052800 0.052800 0.076400 0.109000 0.109600 0.007100 0.068700 0.076900 0.014600 0.068400 0.060600 0.014600 0.052900 0.053100 0.068700 0.084200 0.076700 0.084600 0.060500 0.159800 0.060900 0.077100 0.069000 0.007000 0.052800 0.068300 0.068600 0.084000 0.068300 0.084600 0.076600 0.069000 0.093200 0.060600 0.068700 0.068800 0.093600 0.069400 0.053000
LesserMous 0.218000 0.000000 0.155000 0.126700 0.172300 0.228100 0.163100 0.209200 0.145600 0.162900 0.208100 0.164200 0.219300 0.163100 0.163100 0.228000 0.110200 0.127800 0.218000 0.145700 0.181600 0.208700 0.181000 0.153900 0.208000 0.181100 0.182400 0.145700 0.217700 0.172600 0.162900 0.172000 0.152200 0.182200 0.173900 0.182700 0.208100 0.163100 0.198700 0.145100 0.180000 0.198800 0.162900 0.172300 0.182700 0.191800 0.189900 0.210400 0.182300 0.183100 0.146800 0.163700
LesserKudu 0.061200 0.155000 0.000000 0.146100 0.015000 0.069400 0.007500 0.045700 0.015000 0.038000 0.053200 0.007500 0.053700 0.007500 0.007500 0.061200 0.045700 0.046000 0.053300 0.007500 0.045800 0.061200 0.037900 0.015000 0.061100 0.022600 0.022800 0.007500 0.053200 0.015000 0.038000 0.015000 0.093400 0.030500 0.046300 0.022800 0.053200 0.007500 0.037700 0.022600 0.037700 0.037700 0.038000 0.030300 0.022800 0.046100 0.030100 0.046000 0.022700 0.038500 0.007500 0.007500
KillerWhal 0.216700 0.126700 0.146100 0.000000 0.162700 0.208200 0.153600 0.190000 0.145000 0.153300 0.206800 0.154700 0.191100 0.153600 0.153600 0.208200 0.109800 0.093900 0.207300 0.136600 0.190800 0.207400 0.171000 0.144400 0.216200 0.162800 0.154800 0.136600 0.198400 0.162800 0.153300 0.162200 0.143100 0.163700 0.164500 0.173100 0.206800 0.153000 0.179900 0.135800 0.169900 0.180000 0.153300 0.162600 0.173100 0.182400 0.171400 0.199900 0.172300 0.137500 0.138100 0.154200
DefassaWat 0.060600 0.172300 0.015000 0.162700 0.000000 0.068700 0.007400 0.045400 0.030100 0.053200 0.052700 0.022600 0.053400 0.007400 0.007200 0.060900 0.061000 0.061400 0.052800 0.022500 0.045600 0.060700 0.053100 0.030000 0.060500 0.022400 0.022600 0.022500 0.053000 0.030100 0.053200 0.014800 0.109300 0.030200 0.045900 0.038000 0.052700 0.007400 0.037500 0.037700 0.052800 0.037500 0.053200 0.045500 0.038000 0.045700 0.030000 0.045500 0.022500 0.053800 0.022700 0.021800
Sheep 0.007300 0.228100 0.069400 0.208200 0.068700 0.000000 0.060800 0.084900 0.084700 0.093000 0.014600 0.077300 0.037700 0.060800 0.060800 0.084700 0.117700 0.101800 0.014700 0.077000 0.085200 0.022100 0.076600 0.068700 0.022100 0.060900 0.045500 0.077000 0.092600 0.085000 0.093000 0.068600 0.169000 0.053300 0.069400 0.077300 0.014600 0.060800 0.076400 0.076800 0.092300 0.076500 0.093000 0.085000 0.077300 0.085400 0.068700 0.077000 0.077000 0.085800 0.077800 0.061000
MaxwellsDu 0.052800 0.163100 0.007500 0.153600 0.007400 0.060800 0.000000 0.037700 0.021600 0.045400 0.045000 0.014400 0.045600 0.000000 0.000000 0.053000 0.053100 0.053400 0.045100 0.014900 0.037800 0.049000 0.045300 0.022400 0.052700 0.014900 0.014500 0.014400 0.045200 0.022500 0.045400 0.007200 0.101000 0.022500 0.038000 0.030200 0.045000 0.000000 0.029900 0.030000 0.045000 0.029900 0.045400 0.037700 0.030200 0.037900 0.022400 0.037800 0.014900 0.045900 0.015100 0.014400
GazellaPrz 0.076600 0.209200 0.045700 0.190000 0.045400 0.084900 0.037700 0.000000 0.061200 0.069100 0.068600 0.053600 0.069200 0.037700 0.037700 0.029400 0.093300 0.093800 0.068700 0.053400 0.014700 0.076700 0.069000 0.045400 0.076600 0.022300 0.053600 0.053400 0.037200 0.061300 0.069100 0.045400 0.143500 0.061500 0.077800 0.069600 0.068600 0.037700 0.021200 0.053300 0.068700 0.021900 0.069100 0.061200 0.069600 0.077600 0.014300 0.077400 0.053400 0.086200 0.053800 0.053400
MountainNy 0.076600 0.145600 0.015000 0.145000 0.030100 0.084700 0.021600 0.061200 0.000000 0.053300 0.068600 0.022600 0.069500 0.022400 0.022400 0.076900 0.045400 0.045700 0.068700 0.007200 0.061400 0.076700 0.052500 0.030000 0.076500 0.037800 0.035700 0.007400 0.068800 0.030100 0.053300 0.030000 0.109400 0.045800 0.061900 0.038000 0.068600 0.022400 0.053100 0.037700 0.052900 0.053100 0.053300 0.045500 0.038000 0.061600 0.045400 0.061400 0.037900 0.053900 0.007500 0.022500
MuntiacusM 0.084600 0.162900 0.038000 0.153300 0.053200 0.093000 0.045400 0.069100 0.053300 0.000000 0.076400 0.045700 0.077400 0.045400 0.045400 0.084900 0.068900 0.069300 0.076600 0.045500 0.069400 0.076600 0.029900 0.022400 0.084400 0.045500 0.061500 0.045500 0.060400 0.053300 0.000000 0.053100 0.117500 0.069400 0.086000 0.053500 0.076400 0.045400 0.060800 0.030000 0.029800 0.060800 0.000000 0.021500 0.053500 0.085700 0.053100 0.085400 0.045200 0.056700 0.046000 0.045500
goat 0.007000 0.208100 0.053200 0.206800 0.052700 0.014600 0.045000 0.068600 0.068600 0.076400 0.000000 0.061000 0.045200 0.045000 0.045000 0.068400 0.100600 0.101200 0.014700 0.060700 0.068800 0.007000 0.076300 0.052700 0.007000 0.045100 0.045200 0.060700 0.076100 0.068600 0.076400 0.048800 0.150800 0.053000 0.069000 0.077000 0.000000 0.045000 0.060400 0.060600 0.075900 0.060400 0.076400 0.068600 0.077000 0.084700 0.052700 0.068700 0.060800 0.093500 0.061400 0.060800
AfricanBuf 0.069000 0.164200 0.007500 0.154700 0.022600 0.077300 0.014400 0.053600 0.022600 0.045700 0.061000 0.000000 0.061800 0.015000 0.014400 0.069300 0.053500 0.053900 0.061100 0.015000 0.053800 0.069100 0.045600 0.022500 0.068900 0.030300 0.029000 0.014500 0.061200 0.022600 0.045700 0.022500 0.101700 0.038200 0.054200 0.030500 0.061000 0.015000 0.045500 0.030200 0.045400 0.045500 0.045700 0.038000 0.030500 0.054000 0.037900 0.053800 0.030300 0.046300 0.015200 0.015000
Topi 0.045200 0.219300 0.053700 0.191100 0.053400 0.037700 0.045600 0.069200 0.069500 0.077400 0.045200 0.061800 0.000000 0.045600 0.045600 0.085000 0.101900 0.086000 0.037600 0.061600 0.069400 0.053100 0.069200 0.053400 0.053000 0.045500 0.030300 0.061600 0.076800 0.069500 0.077400 0.053300 0.152700 0.038100 0.054000 0.069900 0.045200 0.045600 0.060900 0.061400 0.076900 0.060900 0.077400 0.069500 0.069900 0.069900 0.053200 0.061400 0.061600 0.061900 0.062000 0.053600
CommonDuik 0.052800 0.163100 0.007500 0.153600 0.007400 0.060800 0.000000 0.037700 0.022400 0.045400 0.045000 0.015000 0.045600 0.000000 0.000000 0.053000 0.053100 0.053400 0.045100 0.014400 0.037800 0.052800 0.045300 0.022400 0.052700 0.014900 0.015000 0.014400 0.045200 0.022500 0.045400 0.007400 0.101000 0.022500 0.038000 0.030200 0.045000 0.000000 0.029900 0.030000 0.045000 0.029900 0.045400 0.037700 0.030200 0.037900 0.022400 0.037800 0.014900 0.045900 0.015100 0.014900
Suni 0.052800 0.163100 0.007500 0.153600 0.007200 0.060800 0.000000 0.037700 0.022400 0.045400 0.045000 0.014400 0.045600 0.000000 0.000000 0.053000 0.053100 0.053400 0.045100 0.014900 0.037800 0.052800 0.045300 0.022400 0.052700 0.014900 0.014500 0.014400 0.045200 0.022500 0.045400 0.007400 0.101000 0.022500 0.038000 0.030200 0.045000 0.000000 0.029900 0.030000 0.045000 0.029900 0.045400 0.037700 0.030200 0.037900 0.022400 0.037800 0.014900 0.045900 0.015100 0.014900
Springbuck 0.076400 0.228000 0.061200 0.208200 0.060900 0.084700 0.053000 0.029400 0.076900 0.084900 0.068400 0.069300 0.085000 0.053000 0.053000 0.000000 0.109500 0.110100 0.068500 0.069000 0.029600 0.076500 0.084800 0.060900 0.076300 0.037300 0.069200 0.069000 0.037000 0.077000 0.084900 0.060800 0.160600 0.077200 0.093800 0.085500 0.068400 0.053000 0.037000 0.068900 0.084400 0.022000 0.084900 0.076900 0.085500 0.093600 0.029600 0.093300 0.069100 0.102300 0.069500 0.069000
Okapi 0.109000 0.110200 0.045700 0.109800 0.061000 0.117700 0.053100 0.093300 0.045400 0.068900 0.100600 0.053500 0.101900 0.053100 0.053100 0.109500 0.000000 0.014900 0.100800 0.037700 0.093600 0.109100 0.068700 0.045200 0.108800 0.069000 0.069400 0.037700 0.101000 0.061100 0.068900 0.060900 0.076100 0.077400 0.061700 0.069500 0.100600 0.053100 0.084700 0.053100 0.068400 0.084700 0.068900 0.061000 0.069500 0.093900 0.076800 0.093500 0.069200 0.069700 0.038100 0.053300
Giraffe 0.109600 0.127800 0.046000 0.093900 0.061400 0.101800 0.053400 0.093800 0.045700 0.069300 0.101200 0.053900 0.086000 0.053400 0.053400 0.110100 0.014900 0.000000 0.101400 0.038000 0.094200 0.109700 0.069100 0.045500 0.109400 0.069400 0.053900 0.038000 0.101600 0.061500 0.069300 0.061300 0.076600 0.061800 0.062100 0.069900 0.101200 0.053400 0.085200 0.053400 0.068700 0.085200 0.069300 0.061400 0.069900 0.078100 0.077300 0.094100 0.069600 0.054100 0.038400 0.053700
TibetanAnt 0.007100 0.218000 0.053300 0.207300 0.052800 0.014700 0.045100 0.068700 0.068700 0.076600 0.014700 0.061100 0.037600 0.045100 0.045100 0.068500 0.100800 0.101400 0.000000 0.060900 0.068900 0.022200 0.060500 0.052800 0.022100 0.045200 0.045300 0.060900 0.076300 0.068700 0.076600 0.052800 0.151100 0.053100 0.069100 0.061100 0.014700 0.045100 0.060500 0.060700 0.076000 0.060500 0.076600 0.068700 0.061100 0.085100 0.052800 0.060900 0.060900 0.085500 0.061500 0.045200
Sitatunga 0.068700 0.145700 0.007500 0.136600 0.022500 0.077000 0.014900 0.053400 0.007200 0.045500 0.060700 0.015000 0.061600 0.014400 0.014900 0.069000 0.037700 0.038000 0.060900 0.000000 0.053600 0.068800 0.045400 0.022400 0.068600 0.030100 0.030300 0.000000 0.061000 0.022500 0.045500 0.022400 0.101300 0.038000 0.054000 0.030300 0.060700 0.014900 0.045300 0.028300 0.045200 0.045300 0.045500 0.035700 0.030300 0.053800 0.037700 0.053600 0.030200 0.046100 0.000000 0.015000
Oribi 0.076900 0.181600 0.045800 0.190800 0.045600 0.085200 0.037800 0.014700 0.061400 0.069400 0.068800 0.053800 0.069400 0.037800 0.037800 0.029600 0.093600 0.094200 0.068900 0.053600 0.000000 0.077000 0.069200 0.045600 0.076800 0.022400 0.053800 0.053600 0.037400 0.061500 0.069400 0.045500 0.126700 0.061700 0.078100 0.069900 0.068800 0.037800 0.022300 0.053500 0.068900 0.022300 0.069400 0.061500 0.069900 0.061700 0.014800 0.077600 0.053600 0.086500 0.054000 0.053600
BarbaryShe 0.014600 0.208700 0.061200 0.207400 0.060700 0.022100 0.049000 0.076700 0.076700 0.076600 0.007000 0.069100 0.053100 0.052800 0.052800 0.076500 0.109100 0.109700 0.022200 0.068800 0.077000 0.000000 0.084500 0.060700 0.014600 0.053000 0.053100 0.067900 0.084400 0.076800 0.076600 0.060600 0.160000 0.061000 0.077200 0.085300 0.007000 0.052800 0.068400 0.068700 0.084100 0.068400 0.076600 0.076700 0.085300 0.093300 0.060700 0.076800 0.068800 0.102100 0.069500 0.068900
Daviddeer 0.068400 0.181000 0.037900 0.171000 0.053100 0.076600 0.045300 0.069000 0.052500 0.029900 0.076300 0.045600 0.069200 0.045300 0.045300 0.084800 0.068700 0.069100 0.060500 0.045400 0.069200 0.084500 0.000000 0.022300 0.084300 0.045400 0.061300 0.045400 0.076600 0.053200 0.029900 0.053000 0.117300 0.069300 0.085800 0.042400 0.076300 0.045300 0.060700 0.029900 0.014200 0.060700 0.029900 0.037600 0.045600 0.085500 0.053100 0.077100 0.060500 0.053600 0.045900 0.030000
Reindeer 0.060600 0.153900 0.015000 0.144400 0.030000 0.068700 0.022400 0.045400 0.030000 0.022400 0.052700 0.022500 0.053400 0.022400 0.022400 0.060900 0.045200 0.045500 0.052800 0.022400 0.045600 0.060700 0.022300 0.000000 0.060500 0.022400 0.035500 0.022400 0.052900 0.030000 0.022400 0.029900 0.092600 0.045600 0.061700 0.037900 0.052700 0.022400 0.037500 0.007400 0.022200 0.037500 0.022400 0.014200 0.037900 0.061400 0.029900 0.061200 0.037800 0.038000 0.022700 0.022500
Ibex 0.014600 0.208000 0.061100 0.216200 0.060500 0.022100 0.052700 0.076600 0.076500 0.084400 0.007000 0.068900 0.053000 0.052700 0.052700 0.076300 0.108800 0.109400 0.022100 0.068600 0.076800 0.014600 0.084300 0.060500 0.000000 0.052800 0.053000 0.068600 0.084100 0.076600 0.084400 0.060400 0.141800 0.045200 0.077000 0.085000 0.007100 0.052700 0.068200 0.068500 0.083900 0.068200 0.084400 0.076500 0.085000 0.093100 0.060500 0.076600 0.068700 0.101800 0.069300 0.068700
GyrantGaze 0.052900 0.181100 0.022600 0.162800 0.022400 0.060900 0.014900 0.022300 0.037800 0.045500 0.045100 0.030300 0.045500 0.014900 0.014900 0.037300 0.069000 0.069400 0.045200 0.030100 0.022400 0.053000 0.045400 0.022400 0.052800 0.000000 0.030200 0.030100 0.029600 0.037800 0.045500 0.022400 0.117800 0.037900 0.053800 0.045800 0.045100 0.014900 0.014200 0.030100 0.045200 0.014700 0.045500 0.037800 0.045800 0.053600 0.007100 0.053400 0.030100 0.061900 0.030300 0.030100
Hartebeest 0.053100 0.182400 0.022800 0.154800 0.022600 0.045500 0.014500 0.053600 0.035700 0.061500 0.045200 0.029000 0.030300 0.015000 0.014500 0.069200 0.069400 0.053900 0.045300 0.030300 0.053800 0.053100 0.061300 0.035500 0.053000 0.030200 0.000000 0.030300 0.061100 0.038000 0.061500 0.022500 0.118300 0.007500 0.022800 0.046100 0.045200 0.015000 0.045500 0.045700 0.061000 0.045500 0.061500 0.053600 0.046100 0.038200 0.037800 0.053700 0.030300 0.046300 0.030600 0.030300
Bongo 0.068700 0.145700 0.007500 0.136600 0.022500 0.077000 0.014400 0.053400 0.007400 0.045500 0.060700 0.014500 0.061600 0.014400 0.014400 0.069000 0.037700 0.038000 0.060900 0.000000 0.053600 0.067900 0.045400 0.022400 0.068600 0.030100 0.030300 0.000000 0.061000 0.022500 0.045100 0.021700 0.101300 0.038000 0.054000 0.030300 0.060700 0.014900 0.045300 0.030100 0.045200 0.045300 0.045500 0.037800 0.030300 0.053800 0.037700 0.053600 0.030200 0.046100 0.000000 0.015000
Gerenuk 0.084200 0.217700 0.053200 0.198400 0.053000 0.092600 0.045200 0.037200 0.068800 0.060400 0.076100 0.061200 0.076800 0.045200 0.045200 0.037000 0.101000 0.101600 0.076300 0.061000 0.037400 0.084400 0.076600 0.052900 0.084100 0.029600 0.061100 0.061000 0.000000 0.068900 0.060400 0.052900 0.151400 0.069100 0.085500 0.069100 0.076100 0.045200 0.029400 0.060800 0.076200 0.014600 0.060400 0.052700 0.069100 0.085300 0.022000 0.085000 0.045000 0.093900 0.061400 0.061000
CommonElan 0.076700 0.172600 0.015000 0.162800 0.030100 0.085000 0.022500 0.061300 0.030100 0.053300 0.068600 0.022600 0.069500 0.022500 0.022500 0.077000 0.061100 0.061500 0.068700 0.022500 0.061500 0.076800 0.053200 0.030000 0.076600 0.037800 0.038000 0.022500 0.068900 0.000000 0.053300 0.030000 0.109500 0.045800 0.061900 0.038100 0.068600 0.021700 0.053100 0.037800 0.052900 0.053100 0.049300 0.045600 0.038100 0.061700 0.045500 0.061500 0.037900 0.054000 0.022800 0.022500
MuntiacusR 0.084600 0.162900 0.038000 0.153300 0.053200 0.093000 0.045400 0.069100 0.053300 0.000000 0.076400 0.045700 0.077400 0.045400 0.045400 0.084900 0.068900 0.069300 0.076600 0.045500 0.069400 0.076600 0.029900 0.022400 0.084400 0.045500 0.061500 0.045100 0.060400 0.053300 0.000000 0.053100 0.117500 0.069400 0.086000 0.053500 0.076400 0.045400 0.060800 0.030000 0.029800 0.060800 0.000000 0.021600 0.053500 0.085700 0.053100 0.085400 0.045200 0.061700 0.046000 0.045500
HarveysDui 0.060500 0.172000 0.015000 0.162200 0.014800 0.068600 0.007200 0.045400 0.030000 0.053100 0.048800 0.022500 0.053300 0.007400 0.007400 0.060800 0.060900 0.061300 0.052800 0.022400 0.045500 0.060600 0.053000 0.029900 0.060400 0.022400 0.022500 0.021700 0.052900 0.030000 0.053100 0.000000 0.109100 0.030100 0.045800 0.037900 0.052700 0.007200 0.037400 0.037600 0.049300 0.037400 0.053100 0.045400 0.037900 0.045600 0.029900 0.045500 0.022400 0.049900 0.022700 0.022500
Pronghorn 0.159800 0.152200 0.093400 0.143100 0.109300 0.169000 0.101000 0.143500 0.109400 0.117500 0.150800 0.101700 0.152700 0.101000 0.101000 0.160600 0.076100 0.076600 0.151100 0.101300 0.126700 0.160000 0.117300 0.092600 0.141800 0.117800 0.118300 0.101300 0.151400 0.109500 0.117500 0.109100 0.000000 0.109800 0.127400 0.118500 0.150800 0.101000 0.134200 0.084500 0.100300 0.134200 0.117500 0.109300 0.118500 0.126800 0.126000 0.143800 0.118100 0.118800 0.102300 0.101300
BlueWildeb 0.060900 0.182200 0.030500 0.163700 0.030200 0.053300 0.022500 0.061500 0.045800 0.069400 0.053000 0.038200 0.038100 0.022500 0.022500 0.077200 0.077400 0.061800 0.053100 0.038000 0.061700 0.061000 0.069300 0.045600 0.045200 0.037900 0.007500 0.038000 0.069100 0.045800 0.069400 0.030100 0.109800 0.000000 0.030500 0.054000 0.053000 0.022500 0.053300 0.053600 0.068900 0.053300 0.069400 0.061600 0.054000 0.046000 0.045600 0.061700 0.038000 0.050300 0.038400 0.038100
Gemsbok 0.077100 0.173900 0.046300 0.164500 0.045900 0.069400 0.038000 0.077800 0.061900 0.086000 0.069000 0.054200 0.054000 0.038000 0.038000 0.093800 0.061700 0.062100 0.069100 0.054000 0.078100 0.077200 0.085800 0.061700 0.077000 0.053800 0.022800 0.054000 0.085500 0.061900 0.086000 0.045800 0.127400 0.030500 0.000000 0.070400 0.069000 0.038000 0.069400 0.069800 0.085300 0.069400 0.086000 0.078000 0.070400 0.062200 0.061600 0.078100 0.054000 0.070700 0.054500 0.054000
Yak 0.069000 0.182700 0.022800 0.173100 0.038000 0.077300 0.030200 0.069600 0.038000 0.053500 0.077000 0.030500 0.069900 0.030200 0.030200 0.085500 0.069500 0.069900 0.061100 0.030300 0.069900 0.085300 0.042400 0.037900 0.085000 0.045800 0.046100 0.030300 0.069100 0.038100 0.053500 0.037900 0.118500 0.054000 0.070400 0.000000 0.077000 0.028600 0.061300 0.045800 0.061100 0.061300 0.053500 0.042800 0.000000 0.070100 0.053500 0.061800 0.038100 0.054300 0.030700 0.015000
BlueSheep 0.007000 0.208100 0.053200 0.206800 0.052700 0.014600 0.045000 0.068600 0.068600 0.076400 0.000000 0.061000 0.045200 0.045000 0.045000 0.068400 0.100600 0.101200 0.014700 0.060700 0.068800 0.007000 0.076300 0.052700 0.007100 0.045100 0.045200 0.060700 0.076100 0.068600 0.076400 0.052700 0.150800 0.053000 0.069000 0.077000 0.000000 0.045000 0.060400 0.060600 0.075900 0.060400 0.076400 0.068600 0.077000 0.084900 0.052700 0.068700 0.056100 0.093500 0.061400 0.060800
BohorReedb 0.052800 0.163100 0.007500 0.153000 0.007400 0.060800 0.000000 0.037700 0.022400 0.045400 0.045000 0.015000 0.045600 0.000000 0.000000 0.053000 0.053100 0.053400 0.045100 0.014900 0.037800 0.052800 0.045300 0.022400 0.052700 0.014900 0.015000 0.014900 0.045200 0.021700 0.045400 0.007200 0.101000 0.022500 0.038000 0.028600 0.045000 0.000000 0.029900 0.030000 0.045000 0.029900 0.045400 0.037700 0.030200 0.037900 0.022400 0.037800 0.014900 0.045900 0.015100 0.014900
KirksDik 0.068300 0.198700 0.037700 0.179900 0.037500 0.076400 0.029900 0.021200 0.053100 0.060800 0.060400 0.045500 0.060900 0.029900 0.029900 0.037000 0.084700 0.085200 0.060500 0.045300 0.022300 0.068400 0.060700 0.037500 0.068200 0.014200 0.045500 0.045300 0.029400 0.053100 0.060800 0.037400 0.134200 0.053300 0.069400 0.061300 0.060400 0.029900 0.000000 0.045200 0.060400 0.014100 0.060800 0.053100 0.061300 0.069200 0.007100 0.068900 0.045400 0.077500 0.045600 0.045400
RoeDeer 0.068600 0.145100 0.022600 0.135800 0.037700 0.076800 0.030000 0.053300 0.037700 0.030000 0.060600 0.030200 0.061400 0.030000 0.030000 0.068900 0.053100 0.053400 0.060700 0.028300 0.053500 0.068700 0.029900 0.007400 0.068500 0.030100 0.045700 0.030100 0.060800 0.037800 0.030000 0.037600 0.084500 0.053600 0.069800 0.045800 0.060600 0.030000 0.045200 0.000000 0.029800 0.045200 0.030000 0.022400 0.045800 0.069500 0.037600 0.069300 0.045600 0.045900 0.030400 0.030100
WhiteLippe 0.084000 0.180000 0.037700 0.169900 0.052800 0.092300 0.045000 0.068700 0.052900 0.029800 0.075900 0.045400 0.076900 0.045000 0.045000 0.084400 0.068400 0.068700 0.076000 0.045200 0.068900 0.084100 0.014200 0.022200 0.083900 0.045200 0.061000 0.045200 0.076200 0.052900 0.029800 0.049300 0.100300 0.068900 0.085300 0.061100 0.075900 0.045000 0.060400 0.029800 0.000000 0.060500 0.029800 0.037400 0.061100 0.085000 0.052800 0.084800 0.060900 0.061200 0.045600 0.045200
ThomsonGaz 0.068300 0.198800 0.037700 0.180000 0.037500 0.076500 0.029900 0.021900 0.053100 0.060800 0.060400 0.045500 0.060900 0.029900 0.029900 0.022000 0.084700 0.085200 0.060500 0.045300 0.022300 0.068400 0.060700 0.037500 0.068200 0.014700 0.045500 0.045300 0.014600 0.053100 0.060800 0.037400 0.134200 0.053300 0.069400 0.061300 0.060400 0.029900 0.014100 0.045200 0.060500 0.000000 0.060800 0.053100 0.061300 0.069200 0.007100 0.069000 0.045400 0.077600 0.045600 0.045400
MuntiacusC 0.084600 0.162900 0.038000 0.153300 0.053200 0.093000 0.045400 0.069100 0.053300 0.000000 0.076400 0.045700 0.077400 0.045400 0.045400 0.084900 0.068900 0.069300 0.076600 0.045500 0.069400 0.076600 0.029900 0.022400 0.084400 0.045500 0.061500 0.045500 0.060400 0.049300 0.000000 0.053100 0.117500 0.069400 0.086000 0.053500 0.076400 0.045400 0.060800 0.030000 0.029800 0.060800 0.000000 0.022300 0.053500 0.085700 0.053100 0.085400 0.045200 0.061700 0.046000 0.045500
WhiteTaile 0.076600 0.172300 0.030300 0.162600 0.045500 0.085000 0.037700 0.061200 0.045500 0.021500 0.068600 0.038000 0.069500 0.037700 0.037700 0.076900 0.061000 0.061400 0.068700 0.035700 0.061500 0.076700 0.037600 0.014200 0.076500 0.037800 0.053600 0.037800 0.052700 0.045600 0.021600 0.045400 0.109300 0.061600 0.078000 0.042800 0.068600 0.037700 0.053100 0.022400 0.037400 0.053100 0.022300 0.000000 0.045800 0.077700 0.045400 0.077400 0.037600 0.053900 0.038200 0.037900
Cattle 0.069000 0.182700 0.022800 0.173100 0.038000 0.077300 0.030200 0.069600 0.038000 0.053500 0.077000 0.030500 0.069900 0.030200 0.030200 0.085500 0.069500 0.069900 0.061100 0.030300 0.069900 0.085300 0.045600 0.037900 0.085000 0.045800 0.046100 0.030300 0.069100 0.038100 0.053500 0.037900 0.118500 0.054000 0.070400 0.000000 0.077000 0.030200 0.061300 0.045800 0.061100 0.061300 0.053500 0.045800 0.000000 0.070100 0.053500 0.061800 0.038100 0.054300 0.030700 0.015000
RoyalAntel 0.093200 0.191800 0.046100 0.182400 0.045700 0.085400 0.037900 0.077600 0.061600 0.085700 0.084700 0.054000 0.069900 0.037900 0.037900 0.093600 0.093900 0.078100 0.085100 0.053800 0.061700 0.093300 0.085500 0.061400 0.093100 0.053600 0.038200 0.053800 0.085300 0.061700 0.085700 0.045600 0.126800 0.046000 0.062200 0.070100 0.084900 0.037900 0.069200 0.069500 0.085000 0.069200 0.085700 0.077700 0.070100 0.000000 0.061400 0.077800 0.045600 0.070400 0.054300 0.053800
Steenbok 0.060600 0.189900 0.030100 0.171400 0.030000 0.068700 0.022400 0.014300 0.045400 0.053100 0.052700 0.037900 0.053200 0.022400 0.022400 0.029600 0.076800 0.077300 0.052800 0.037700 0.014800 0.060700 0.053100 0.029900 0.060500 0.007100 0.037800 0.037700 0.022000 0.045500 0.053100 0.029900 0.126000 0.045600 0.061600 0.053500 0.052700 0.022400 0.007100 0.037600 0.052800 0.007100 0.053100 0.045400 0.053500 0.061400 0.000000 0.061200 0.037700 0.069700 0.038000 0.037700
Impala 0.068700 0.210400 0.046000 0.199900 0.045500 0.077000 0.037800 0.077400 0.061400 0.085400 0.068700 0.053800 0.061400 0.037800 0.037800 0.093300 0.093500 0.094100 0.060900 0.053600 0.077600 0.076800 0.077100 0.061200 0.076600 0.053400 0.053700 0.053600 0.085000 0.061500 0.085400 0.045500 0.143800 0.061700 0.078100 0.061800 0.068700 0.037800 0.068900 0.069300 0.084800 0.069000 0.085400 0.077400 0.061800 0.077800 0.061200 0.000000 0.053600 0.078000 0.054100 0.045700
Klipspring 0.068800 0.182300 0.022700 0.172300 0.022500 0.077000 0.014900 0.053400 0.037900 0.045200 0.060800 0.030300 0.061600 0.014900 0.014900 0.069100 0.069200 0.069600 0.060900 0.030200 0.053600 0.068800 0.060500 0.037800 0.068700 0.030100 0.030300 0.030200 0.045000 0.037900 0.045200 0.022400 0.118100 0.038000 0.054000 0.038100 0.056100 0.014900 0.045400 0.045600 0.060900 0.045400 0.045200 0.037600 0.038100 0.045600 0.037700 0.053600 0.000000 0.062000 0.030500 0.030200
ForestMusk 0.093600 0.183100 0.038500 0.137500 0.053800 0.085800 0.045900 0.086200 0.053900 0.056700 0.093500 0.046300 0.061900 0.045900 0.045900 0.102300 0.069700 0.054100 0.085500 0.046100 0.086500 0.102100 0.053600 0.038000 0.101800 0.061900 0.046300 0.046100 0.093900 0.054000 0.061700 0.049900 0.118800 0.050300 0.070700 0.054300 0.093500 0.045900 0.077500 0.045900 0.061200 0.077600 0.061700 0.053900 0.054300 0.070400 0.069700 0.078000 0.062000 0.000000 0.046600 0.038200
Bushbuck 0.069400 0.146800 0.007500 0.138100 0.022700 0.077800 0.015100 0.053800 0.007500 0.046000 0.061400 0.015200 0.062000 0.015100 0.015100 0.069500 0.038100 0.038400 0.061500 0.000000 0.054000 0.069500 0.045900 0.022700 0.069300 0.030300 0.030600 0.000000 0.061400 0.022800 0.046000 0.022700 0.102300 0.038400 0.054500 0.030700 0.061400 0.015100 0.045600 0.030400 0.045600 0.045600 0.046000 0.038200 0.030700 0.054300 0.038000 0.054100 0.030500 0.046600 0.000000 0.015100
GreaterKud 0.053000 0.163700 0.007500 0.154200 0.021800 0.061000 0.014400 0.053400 0.022500 0.045500 0.060800 0.015000 0.053600 0.014900 0.014900 0.069000 0.053300 0.053700 0.045200 0.015000 0.053600 0.068900 0.030000 0.022500 0.068700 0.030100 0.030300 0.015000 0.061000 0.022500 0.045500 0.022500 0.101300 0.038100 0.054000 0.015000 0.060800 0.014900 0.045400 0.030100 0.045200 0.045400 0.045500 0.037900 0.015000 0.053800 0.037700 0.045700 0.030200 0.038200 0.015100 0.000000
