1
52 1
Argali 0.000000 0.293500 0.020900 0.185100 0.064700 0.020700 0.042100 0.042100 0.000100 0.131000 0.020700 0.041900 0.042400 0.041700 0.063900 0.020700 0.064200 0.086500 0.110200 0.000100 0.020800 0.041700 0.132500 0.042300 0.020700 0.000100 0.020800 0.000100 0.000100 0.000100 0.131500 0.020600 0.180600 0.042300 0.020800 0.020800 0.020800 0.065000 0.042000 0.086300 0.109000 0.000100 0.156400 0.064400 0.020800 0.042400 0.042300 0.064100 0.020600 0.063000 0.000100 0.000100
LesserMous 0.293500 0.000000 0.264600 0.303200 0.327500 0.321400 0.234900 0.292800 0.292000 0.236200 0.321400 0.291700 0.293900 0.236900 0.321100 0.319800 0.211300 0.238100 0.326500 0.292000 0.264400 0.292700 0.184700 0.238300 0.321400 0.292000 0.264400 0.292000 0.292000 0.292000 0.237300 0.261900 0.352100 0.293500 0.264400 0.264400 0.265800 0.329200 0.290700 0.238500 0.159900 0.292000 0.266200 0.266700 0.264400 0.293200 0.292800 0.323000 0.262200 0.259500 0.292200 0.292000
LesserKudu 0.020900 0.264600 0.000000 0.211200 0.086900 0.042000 0.063900 0.063500 0.020700 0.154600 0.042000 0.063400 0.064100 0.063300 0.085900 0.041600 0.086200 0.108800 0.133300 0.020700 0.042000 0.063500 0.156200 0.064100 0.042000 0.020700 0.042000 0.020700 0.019600 0.020700 0.155200 0.041600 0.204100 0.064000 0.042000 0.042000 0.042300 0.087600 0.063700 0.109200 0.132300 0.020700 0.181000 0.087000 0.042000 0.064300 0.064100 0.086200 0.041700 0.084800 0.020700 0.020700
KillerWhal 0.185100 0.303200 0.211200 0.000000 0.213800 0.184800 0.185600 0.184500 0.184300 0.184000 0.184800 0.184100 0.185800 0.183700 0.185300 0.208900 0.160800 0.185900 0.213300 0.184300 0.159700 0.159500 0.135300 0.135700 0.184800 0.184300 0.159700 0.184300 0.184300 0.184300 0.184700 0.158000 0.236800 0.135700 0.159700 0.159700 0.160400 0.214800 0.134600 0.088300 0.160000 0.184300 0.211400 0.161200 0.159700 0.185800 0.184900 0.211700 0.158500 0.207800 0.184300 0.184300
DefassaWat 0.064700 0.327500 0.086900 0.213800 0.000000 0.086800 0.110300 0.064400 0.064200 0.156700 0.086800 0.064200 0.064900 0.109000 0.086900 0.086200 0.087500 0.110600 0.135100 0.064200 0.042500 0.109500 0.158500 0.064900 0.086800 0.064200 0.042500 0.064200 0.064200 0.064200 0.157300 0.086100 0.182000 0.058000 0.042500 0.042500 0.042800 0.042300 0.064500 0.110600 0.134200 0.064200 0.183300 0.088000 0.042500 0.065200 0.065000 0.087100 0.042300 0.086000 0.064300 0.064200
Sheep 0.020700 0.321400 0.042000 0.184800 0.086800 0.000000 0.063700 0.063400 0.020700 0.154300 0.000000 0.063400 0.063900 0.063200 0.042000 0.041600 0.086200 0.108800 0.133000 0.020700 0.041900 0.020600 0.155300 0.063800 0.000000 0.020700 0.041900 0.020700 0.020700 0.020700 0.154900 0.041500 0.204400 0.063800 0.041900 0.041900 0.041900 0.087200 0.063300 0.108600 0.131600 0.020700 0.180500 0.086400 0.041900 0.063800 0.063800 0.086000 0.041500 0.084500 0.020700 0.020700
MaxwellsDu 0.042100 0.234900 0.063900 0.185600 0.110300 0.063700 0.000000 0.085800 0.041900 0.131600 0.063700 0.085700 0.086300 0.041700 0.108700 0.063300 0.109400 0.132700 0.157600 0.041900 0.063800 0.042000 0.132100 0.086300 0.063700 0.041900 0.063800 0.041900 0.041900 0.041900 0.132000 0.020600 0.231600 0.086300 0.063800 0.063800 0.064100 0.110400 0.085600 0.086300 0.108900 0.041900 0.157000 0.109700 0.063800 0.086300 0.086200 0.109000 0.063100 0.107200 0.041900 0.041900
GazellaPrz 0.042100 0.292800 0.063500 0.184500 0.064400 0.063400 0.085800 0.000000 0.041700 0.130700 0.063400 0.041700 0.042200 0.084900 0.063600 0.063000 0.064000 0.086200 0.064000 0.041700 0.020700 0.085300 0.132500 0.042200 0.063400 0.041700 0.020700 0.041700 0.041700 0.041700 0.131300 0.062900 0.180300 0.042200 0.020700 0.020700 0.020900 0.065000 0.042000 0.086300 0.109100 0.041700 0.156000 0.064300 0.020700 0.042400 0.042300 0.063700 0.020600 0.062900 0.041800 0.041700
MountainNy 0.000100 0.292000 0.020700 0.184300 0.064200 0.020700 0.041900 0.041700 0.000000 0.130500 0.020700 0.041600 0.042000 0.041600 0.063400 0.020500 0.063700 0.085800 0.109300 0.000000 0.020700 0.041700 0.131800 0.042100 0.020700 0.000000 0.020700 0.000000 0.000000 0.000000 0.131000 0.020500 0.178900 0.042000 0.019700 0.020700 0.020800 0.064700 0.041800 0.086000 0.108600 0.000000 0.155800 0.064200 0.020700 0.042200 0.042100 0.063600 0.020600 0.062700 0.000100 0.000000
MuntiacusM 0.131000 0.236200 0.154600 0.184000 0.156700 0.154300 0.131600 0.130700 0.130500 0.000000 0.154300 0.130400 0.131300 0.130300 0.154400 0.153400 0.063400 0.085400 0.156400 0.130500 0.107700 0.130800 0.085000 0.085600 0.154300 0.130500 0.107700 0.130500 0.130500 0.130500 0.041200 0.106800 0.178600 0.131100 0.107700 0.107700 0.108100 0.157600 0.130100 0.085600 0.063100 0.130500 0.062900 0.108700 0.107700 0.131300 0.131000 0.155100 0.106700 0.105900 0.130600 0.130500
goat 0.020700 0.321400 0.042000 0.184800 0.086800 0.000000 0.063700 0.063400 0.020700 0.154300 0.000000 0.063400 0.063900 0.063200 0.042000 0.041600 0.086200 0.108800 0.133000 0.020700 0.041900 0.020600 0.155300 0.063800 0.000000 0.020700 0.041900 0.020700 0.020700 0.020700 0.154900 0.041500 0.204400 0.063800 0.041900 0.041900 0.041900 0.087200 0.063300 0.108600 0.131600 0.020700 0.180500 0.086400 0.041900 0.063800 0.063800 0.086000 0.041500 0.084500 0.020700 0.020700
AfricanBuf 0.041900 0.291700 0.063400 0.184100 0.064200 0.063400 0.085700 0.041700 0.041600 0.130400 0.063400 0.000000 0.042000 0.084900 0.063400 0.062800 0.063700 0.085800 0.109200 0.041600 0.020700 0.085200 0.131700 0.042100 0.063400 0.041600 0.020700 0.041600 0.041600 0.041600 0.130900 0.062800 0.178800 0.042000 0.020700 0.020700 0.020800 0.064700 0.041800 0.086000 0.108500 0.041600 0.155700 0.064200 0.020700 0.042200 0.042100 0.063600 0.020500 0.062700 0.020700 0.041600
Topi 0.042400 0.293900 0.064100 0.185800 0.064900 0.063900 0.086300 0.042200 0.042000 0.131300 0.063900 0.042000 0.000000 0.085400 0.064100 0.063400 0.064500 0.086800 0.110700 0.038500 0.020900 0.085700 0.133600 0.042600 0.063900 0.042000 0.020900 0.042000 0.042000 0.042000 0.131900 0.063300 0.181000 0.042600 0.020900 0.020900 0.021100 0.065400 0.042400 0.087000 0.109900 0.042000 0.156900 0.064900 0.020900 0.042800 0.042700 0.064300 0.020800 0.063300 0.042100 0.042000
CommonDuik 0.041700 0.236900 0.063300 0.183700 0.109000 0.063200 0.041700 0.084900 0.041600 0.130300 0.063200 0.084900 0.085400 0.000000 0.107500 0.062700 0.108100 0.131100 0.155800 0.041600 0.063100 0.041700 0.130400 0.085400 0.063200 0.041600 0.063100 0.041600 0.041600 0.041600 0.130700 0.020400 0.228100 0.085300 0.063100 0.063100 0.063400 0.109100 0.084700 0.085400 0.107700 0.041600 0.155500 0.108500 0.063100 0.085300 0.085300 0.108000 0.062500 0.106100 0.041500 0.041600
Suni 0.063900 0.321100 0.085900 0.185300 0.086900 0.042000 0.108700 0.063600 0.063400 0.154400 0.042000 0.063400 0.064100 0.107500 0.000000 0.085000 0.086300 0.109000 0.133300 0.063400 0.042000 0.063500 0.156400 0.064100 0.042000 0.063400 0.038600 0.063400 0.063400 0.063400 0.155000 0.085000 0.204500 0.064000 0.042000 0.042000 0.042300 0.087600 0.063800 0.109200 0.132400 0.063400 0.180700 0.087000 0.042000 0.064400 0.064200 0.086100 0.041700 0.084800 0.063500 0.063400
Springbuck 0.020700 0.319800 0.041600 0.208900 0.086200 0.041600 0.063300 0.063000 0.020500 0.153400 0.041600 0.062800 0.063400 0.062700 0.085000 0.000000 0.085600 0.108200 0.132100 0.020500 0.041600 0.062900 0.155000 0.063500 0.041600 0.020500 0.041600 0.020500 0.020500 0.020500 0.154100 0.041200 0.154700 0.063400 0.041300 0.041600 0.041900 0.086900 0.063100 0.108200 0.131300 0.020500 0.179400 0.086000 0.041600 0.063600 0.063500 0.085300 0.041300 0.084200 0.020500 0.020500
Okapi 0.064200 0.211300 0.086200 0.160800 0.087500 0.086200 0.109400 0.064000 0.063700 0.063400 0.086200 0.063700 0.064500 0.108100 0.086300 0.085600 0.000000 0.020900 0.087500 0.063700 0.042200 0.108600 0.064200 0.021100 0.086200 0.063700 0.042200 0.063700 0.063700 0.063700 0.063700 0.085400 0.109000 0.064400 0.042200 0.042200 0.042600 0.088300 0.064100 0.064500 0.042300 0.063700 0.086300 0.042800 0.042200 0.064800 0.064500 0.086600 0.042000 0.041600 0.063900 0.063700
Giraffe 0.086500 0.238100 0.108800 0.185900 0.110600 0.108800 0.132700 0.086200 0.085800 0.085400 0.108800 0.085800 0.086800 0.131100 0.109000 0.108200 0.020900 0.000000 0.110600 0.085800 0.064000 0.131700 0.086500 0.042500 0.108800 0.085800 0.064000 0.085800 0.085800 0.085800 0.085800 0.107800 0.132700 0.086700 0.064000 0.064000 0.064500 0.111600 0.086400 0.086900 0.064200 0.085800 0.109100 0.064700 0.064000 0.087200 0.086900 0.109300 0.063500 0.063000 0.086000 0.085800
TibetanAnt 0.110200 0.326500 0.133300 0.213300 0.135100 0.133000 0.157600 0.064000 0.109300 0.156400 0.133000 0.109200 0.110700 0.155800 0.133300 0.132100 0.087500 0.110600 0.000000 0.109300 0.086900 0.156400 0.158800 0.065000 0.133000 0.109300 0.086900 0.109300 0.109300 0.109300 0.157200 0.131800 0.208200 0.110600 0.086900 0.086900 0.087600 0.136400 0.110100 0.110700 0.134400 0.109300 0.183100 0.088000 0.087200 0.111200 0.110800 0.133800 0.086300 0.131900 0.109500 0.109300
Sitatunga 0.000100 0.292000 0.020700 0.184300 0.064200 0.020700 0.041900 0.041700 0.000000 0.130500 0.020700 0.041600 0.038500 0.041600 0.063400 0.020500 0.063700 0.085800 0.109300 0.000000 0.020700 0.041700 0.131800 0.042100 0.020700 0.000000 0.020700 0.000000 0.000000 0.000000 0.131000 0.020500 0.178900 0.042000 0.020700 0.020700 0.020800 0.064700 0.041800 0.086000 0.108600 0.000000 0.155800 0.064200 0.020700 0.042200 0.042100 0.063600 0.020600 0.062700 0.000100 0.000000
Oribi 0.020800 0.264400 0.042000 0.159700 0.042500 0.041900 0.063800 0.020700 0.020700 0.107700 0.041900 0.020700 0.020900 0.063100 0.042000 0.041600 0.042200 0.064000 0.086900 0.020700 0.000000 0.063400 0.109200 0.020900 0.041900 0.020700 0.000000 0.020700 0.020700 0.020700 0.108200 0.041600 0.155400 0.020900 0.000000 0.000000 0.000100 0.042900 0.020800 0.064100 0.086300 0.019900 0.132300 0.042500 0.000000 0.021000 0.021000 0.042100 0.000100 0.041500 0.020700 0.020700
BarbaryShe 0.041700 0.292700 0.063500 0.159500 0.109500 0.020600 0.042000 0.085300 0.041700 0.130800 0.020600 0.085200 0.085700 0.041700 0.063500 0.062900 0.108600 0.131700 0.156400 0.041700 0.063400 0.000000 0.131000 0.085700 0.020600 0.041700 0.063400 0.041700 0.041700 0.041700 0.131200 0.020500 0.229300 0.085600 0.063400 0.063400 0.063400 0.110000 0.085000 0.085700 0.108100 0.041700 0.156000 0.108900 0.063400 0.085600 0.085600 0.108400 0.062800 0.106600 0.041700 0.041700
Daviddeer 0.132500 0.184700 0.156200 0.135300 0.158500 0.155300 0.132100 0.132500 0.131800 0.085000 0.155300 0.131700 0.133600 0.130400 0.156400 0.155000 0.064200 0.086500 0.158800 0.131800 0.109200 0.131000 0.000000 0.086800 0.155300 0.131800 0.109200 0.131800 0.131800 0.131800 0.085400 0.107500 0.132400 0.087000 0.109200 0.109200 0.109800 0.159500 0.086300 0.042500 0.020900 0.131800 0.108600 0.110200 0.109200 0.133800 0.133200 0.156900 0.108200 0.107000 0.131600 0.131800
Reindeer 0.042300 0.238300 0.064100 0.135700 0.064900 0.063800 0.086300 0.042200 0.042100 0.085600 0.063800 0.042100 0.042600 0.085400 0.064100 0.063500 0.021100 0.042500 0.065000 0.042100 0.020900 0.085700 0.086800 0.000000 0.063800 0.042100 0.020900 0.042100 0.042100 0.042100 0.086000 0.063200 0.132800 0.042500 0.020900 0.020900 0.021000 0.065300 0.042200 0.042300 0.064100 0.042100 0.109400 0.021100 0.020900 0.042600 0.042400 0.064300 0.020600 0.063200 0.042000 0.042100
Ibex 0.020700 0.321400 0.042000 0.184800 0.086800 0.000000 0.063700 0.063400 0.020700 0.154300 0.000000 0.063400 0.063900 0.063200 0.042000 0.041600 0.086200 0.108800 0.133000 0.020700 0.041900 0.020600 0.155300 0.063800 0.000000 0.020700 0.041900 0.020700 0.020700 0.020700 0.154900 0.041500 0.204400 0.063800 0.041900 0.041900 0.041900 0.087200 0.063300 0.108600 0.131600 0.020700 0.180500 0.086400 0.041900 0.063800 0.063800 0.086000 0.041500 0.084500 0.020700 0.020700
GyrantGaze 0.000100 0.292000 0.020700 0.184300 0.064200 0.020700 0.041900 0.041700 0.000000 0.130500 0.020700 0.041600 0.042000 0.041600 0.063400 0.020500 0.063700 0.085800 0.109300 0.000000 0.020700 0.041700 0.131800 0.042100 0.020700 0.000000 0.020700 0.000000 0.000000 0.000000 0.131000 0.020500 0.178900 0.042000 0.020700 0.020700 0.020800 0.064700 0.041800 0.086000 0.108600 0.000000 0.155800 0.064200 0.020700 0.042200 0.042100 0.063600 0.020600 0.062700 0.000100 0.000000
Hartebeest 0.020800 0.264400 0.042000 0.159700 0.042500 0.041900 0.063800 0.020700 0.020700 0.107700 0.041900 0.020700 0.020900 0.063100 0.038600 0.041600 0.042200 0.064000 0.086900 0.020700 0.000000 0.063400 0.109200 0.020900 0.041900 0.020700 0.000000 0.020700 0.020700 0.020700 0.108200 0.041600 0.155400 0.020900 0.000000 0.000000 0.000100 0.042900 0.020800 0.064100 0.086300 0.020700 0.132300 0.042500 0.000000 0.021000 0.021000 0.038500 0.000100 0.041500 0.020700 0.020700
Bongo 0.000100 0.292000 0.020700 0.184300 0.064200 0.020700 0.041900 0.041700 0.000000 0.130500 0.020700 0.041600 0.042000 0.041600 0.063400 0.020500 0.063700 0.085800 0.109300 0.000000 0.020700 0.041700 0.131800 0.042100 0.020700 0.000000 0.020700 0.000000 0.000000 0.000000 0.131000 0.020500 0.178900 0.042000 0.020700 0.020700 0.020800 0.064700 0.041800 0.086000 0.108600 0.000000 0.155800 0.064200 0.020700 0.042200 0.042100 0.063600 0.020600 0.062700 0.000100 0.000000
Gerenuk 0.000100 0.292000 0.019600 0.184300 0.064200 0.020700 0.041900 0.041700 0.000000 0.130500 0.020700 0.041600 0.042000 0.041600 0.063400 0.020500 0.063700 0.085800 0.109300 0.000000 0.020700 0.041700 0.131800 0.042100 0.020700 0.000000 0.020700 0.000000 0.000000 0.000000 0.131000 0.020500 0.178900 0.042000 0.020700 0.019700 0.020800 0.064700 0.041800 0.086000 0.108600 0.000000 0.155800 0.064200 0.020700 0.042200 0.042100 0.063600 0.020600 0.062700 0.000100 0.000000
CommonElan 0.000100 0.292000 0.020700 0.184300 0.064200 0.020700 0.041900 0.041700 0.000000 0.130500 0.020700 0.041600 0.042000 0.041600 0.063400 0.020500 0.063700 0.085800 0.109300 0.000000 0.020700 0.041700 0.131800 0.042100 0.020700 0.000000 0.020700 0.000000 0.000000 0.000000 0.131000 0.020500 0.178900 0.042000 0.020700 0.020700 0.020800 0.064700 0.041800 0.086000 0.108600 0.000000 0.155800 0.064200 0.020700 0.042200 0.042100 0.063600 0.020600 0.062700 0.000100 0.000000
MuntiacusR 0.131500 0.237300 0.155200 0.184700 0.157300 0.154900 0.132000 0.131300 0.131000 0.041200 0.154900 0.130900 0.131900 0.130700 0.155000 0.154100 0.063700 0.085800 0.157200 0.131000 0.108200 0.131200 0.085400 0.086000 0.154900 0.131000 0.108200 0.131000 0.131000 0.131000 0.000000 0.107200 0.179500 0.131700 0.108200 0.108200 0.108500 0.158300 0.130700 0.086000 0.063400 0.131000 0.020200 0.109100 0.108200 0.131900 0.131700 0.155700 0.107200 0.106400 0.131100 0.131000
HarveysDui 0.020600 0.261900 0.041600 0.158000 0.086100 0.041500 0.020600 0.062900 0.020500 0.106800 0.041500 0.062800 0.063300 0.020400 0.085000 0.041200 0.085400 0.107800 0.131800 0.020500 0.041600 0.020500 0.107500 0.063200 0.041500 0.020500 0.041600 0.020500 0.020500 0.020500 0.107200 0.000000 0.202500 0.063300 0.041600 0.041600 0.041800 0.086500 0.062800 0.063200 0.085100 0.020500 0.131000 0.085700 0.041600 0.063300 0.063200 0.085300 0.041200 0.083800 0.020500 0.020500
Pronghorn 0.180600 0.352100 0.204100 0.236800 0.182000 0.204400 0.231600 0.180300 0.178900 0.178600 0.204400 0.178800 0.181000 0.228100 0.204500 0.154700 0.109000 0.132700 0.208200 0.178900 0.155400 0.229300 0.132400 0.132800 0.204400 0.178900 0.155400 0.178900 0.178900 0.178900 0.179500 0.202500 0.000000 0.132500 0.155400 0.155400 0.156800 0.183800 0.131800 0.132800 0.156200 0.178900 0.205200 0.157000 0.155400 0.181800 0.181200 0.205100 0.154500 0.153400 0.179500 0.178900
BlueWildeb 0.042300 0.293500 0.064000 0.135700 0.058000 0.063800 0.086300 0.042200 0.042000 0.131100 0.063800 0.042000 0.042600 0.085300 0.064000 0.063400 0.064400 0.086700 0.110600 0.042000 0.020900 0.085600 0.087000 0.042500 0.063800 0.042000 0.020900 0.042000 0.042000 0.042000 0.131700 0.063300 0.132500 0.000000 0.020900 0.020900 0.021100 0.065400 0.000100 0.042500 0.109800 0.042000 0.156600 0.064900 0.020900 0.042800 0.042600 0.064200 0.020800 0.063200 0.042000 0.042000
Gemsbok 0.020800 0.264400 0.042000 0.159700 0.042500 0.041900 0.063800 0.020700 0.019700 0.107700 0.041900 0.020700 0.020900 0.063100 0.042000 0.041300 0.042200 0.064000 0.086900 0.020700 0.000000 0.063400 0.109200 0.020900 0.041900 0.020700 0.000000 0.020700 0.020700 0.020700 0.108200 0.041600 0.155400 0.020900 0.000000 0.000000 0.000100 0.042900 0.020800 0.064100 0.086300 0.020700 0.132300 0.042500 0.000000 0.021000 0.021000 0.042100 0.000100 0.041500 0.020700 0.020700
Yak 0.020800 0.264400 0.042000 0.159700 0.042500 0.041900 0.063800 0.020700 0.020700 0.107700 0.041900 0.020700 0.020900 0.063100 0.042000 0.041600 0.042200 0.064000 0.086900 0.020700 0.000000 0.063400 0.109200 0.020900 0.041900 0.020700 0.000000 0.020700 0.019700 0.020700 0.108200 0.041600 0.155400 0.020900 0.000000 0.000000 0.000100 0.042900 0.020800 0.064100 0.086300 0.020700 0.132300 0.042500 0.000000 0.021000 0.021000 0.042100 0.000100 0.041500 0.020700 0.020700
BlueSheep 0.020800 0.265800 0.042300 0.160400 0.042800 0.041900 0.064100 0.020900 0.020800 0.108100 0.041900 0.020800 0.021100 0.063400 0.042300 0.041900 0.042600 0.064500 0.087600 0.020800 0.000100 0.063400 0.109800 0.021000 0.041900 0.020800 0.000100 0.020800 0.020800 0.020800 0.108500 0.041800 0.156800 0.021100 0.000100 0.000100 0.000000 0.043100 0.020900 0.064300 0.086600 0.020800 0.132700 0.042700 0.000100 0.021100 0.021000 0.042400 0.000200 0.041700 0.020800 0.020800
BohorReedb 0.065000 0.329200 0.087600 0.214800 0.042300 0.087200 0.110400 0.065000 0.064700 0.157600 0.087200 0.064700 0.065400 0.109100 0.087600 0.086900 0.088300 0.111600 0.136400 0.064700 0.042900 0.110000 0.159500 0.065300 0.087200 0.064700 0.042900 0.064700 0.064700 0.064700 0.158300 0.086500 0.183800 0.065400 0.042900 0.042900 0.043100 0.000000 0.064900 0.111200 0.135000 0.064700 0.184400 0.088400 0.042900 0.065500 0.065400 0.065200 0.042500 0.086400 0.064600 0.064700
KirksDik 0.042000 0.290700 0.063700 0.134600 0.064500 0.063300 0.085600 0.042000 0.041800 0.130100 0.063300 0.041800 0.042400 0.084700 0.063800 0.063100 0.064100 0.086400 0.110100 0.041800 0.020800 0.085000 0.086300 0.042200 0.063300 0.041800 0.020800 0.041800 0.041800 0.041800 0.130700 0.062800 0.131800 0.000100 0.020800 0.020800 0.020900 0.064900 0.000000 0.042200 0.108900 0.041800 0.155400 0.064300 0.020800 0.042500 0.042300 0.064000 0.020600 0.062800 0.041700 0.041800
RoeDeer 0.086300 0.238500 0.109200 0.088300 0.110600 0.108600 0.086300 0.086300 0.086000 0.085600 0.108600 0.086000 0.087000 0.085400 0.109200 0.108200 0.064500 0.086900 0.110700 0.086000 0.064100 0.085700 0.042500 0.042300 0.108600 0.086000 0.064100 0.086000 0.086000 0.086000 0.086000 0.063200 0.132800 0.042500 0.064100 0.064100 0.064300 0.111200 0.042200 0.000000 0.064100 0.086000 0.109400 0.064500 0.064100 0.087100 0.086700 0.109600 0.063500 0.107600 0.085900 0.086000
WhiteLippe 0.109000 0.159900 0.132300 0.160000 0.134200 0.131600 0.108900 0.109100 0.108600 0.063100 0.131600 0.108500 0.109900 0.107700 0.132400 0.131300 0.042300 0.064200 0.134400 0.108600 0.086300 0.108100 0.020900 0.064100 0.131600 0.108600 0.086300 0.108600 0.108600 0.108600 0.063400 0.085100 0.156200 0.109800 0.086300 0.086300 0.086600 0.135000 0.108900 0.064100 0.000000 0.108600 0.086000 0.086800 0.086300 0.110000 0.109600 0.132900 0.085500 0.084700 0.108400 0.108600
ThomsonGaz 0.000100 0.292000 0.020700 0.184300 0.064200 0.020700 0.041900 0.041700 0.000000 0.130500 0.020700 0.041600 0.042000 0.041600 0.063400 0.020500 0.063700 0.085800 0.109300 0.000000 0.019900 0.041700 0.131800 0.042100 0.020700 0.000000 0.020700 0.000000 0.000000 0.000000 0.131000 0.020500 0.178900 0.042000 0.020700 0.020700 0.020800 0.064700 0.041800 0.086000 0.108600 0.000000 0.155800 0.064200 0.020700 0.042200 0.042100 0.063600 0.020600 0.062700 0.000100 0.000000
MuntiacusC 0.156400 0.266200 0.181000 0.211400 0.183300 0.180500 0.157000 0.156000 0.155800 0.062900 0.180500 0.155700 0.156900 0.155500 0.180700 0.179400 0.086300 0.109100 0.183100 0.155800 0.132300 0.156000 0.108600 0.109400 0.180500 0.155800 0.132300 0.155800 0.155800 0.155800 0.020200 0.131000 0.205200 0.156600 0.132300 0.132300 0.132700 0.184400 0.155400 0.109400 0.086000 0.155800 0.000000 0.133500 0.132300 0.156800 0.156600 0.181600 0.131000 0.130000 0.155900 0.155800
WhiteTaile 0.064400 0.266700 0.087000 0.161200 0.088000 0.086400 0.109700 0.064300 0.064200 0.108700 0.086400 0.064200 0.064900 0.108500 0.087000 0.086000 0.042800 0.064700 0.088000 0.064200 0.042500 0.108900 0.110200 0.021100 0.086400 0.064200 0.042500 0.064200 0.064200 0.064200 0.109100 0.085700 0.157000 0.064900 0.042500 0.042500 0.042700 0.088400 0.064300 0.064500 0.086800 0.064200 0.133500 0.000000 0.042500 0.065000 0.064700 0.087300 0.042000 0.085600 0.064100 0.064200
Cattle 0.020800 0.264400 0.042000 0.159700 0.042500 0.041900 0.063800 0.020700 0.020700 0.107700 0.041900 0.020700 0.020900 0.063100 0.042000 0.041600 0.042200 0.064000 0.087200 0.020700 0.000000 0.063400 0.109200 0.020900 0.041900 0.020700 0.000000 0.020700 0.020700 0.020700 0.108200 0.041600 0.155400 0.020900 0.000000 0.000000 0.000100 0.042900 0.020800 0.064100 0.086300 0.020700 0.132300 0.042500 0.000000 0.021000 0.021000 0.042100 0.000100 0.041500 0.020700 0.020700
RoyalAntel 0.042400 0.293200 0.064300 0.185800 0.065200 0.063800 0.086300 0.042400 0.042200 0.131300 0.063800 0.042200 0.042800 0.085300 0.064400 0.063600 0.064800 0.087200 0.111200 0.042200 0.021000 0.085600 0.133800 0.042600 0.063800 0.042200 0.021000 0.042200 0.042200 0.042200 0.131900 0.063300 0.181800 0.042800 0.021000 0.021000 0.021100 0.065500 0.042500 0.087100 0.110000 0.042200 0.156800 0.065000 0.021000 0.000000 0.042700 0.064600 0.020800 0.063400 0.042100 0.042200
Steenbok 0.042300 0.292800 0.064100 0.184900 0.065000 0.063800 0.086200 0.042300 0.042100 0.131000 0.063800 0.042100 0.042700 0.085300 0.064200 0.063500 0.064500 0.086900 0.110800 0.042100 0.021000 0.085600 0.133200 0.042400 0.063800 0.042100 0.021000 0.042100 0.042100 0.042100 0.131700 0.063200 0.181200 0.042600 0.021000 0.021000 0.021000 0.065400 0.042300 0.086700 0.109600 0.042100 0.156600 0.064700 0.021000 0.042700 0.000000 0.064400 0.020700 0.063200 0.042000 0.042100
Impala 0.064100 0.323000 0.086200 0.211700 0.087100 0.086000 0.109000 0.063700 0.063600 0.155100 0.086000 0.063600 0.064300 0.108000 0.086100 0.085300 0.086600 0.109300 0.133800 0.063600 0.042100 0.108400 0.156900 0.064300 0.086000 0.063600 0.038500 0.063600 0.063600 0.063600 0.155700 0.085300 0.205100 0.064200 0.042100 0.042100 0.042400 0.065200 0.064000 0.109600 0.132900 0.063600 0.181600 0.087300 0.042100 0.064600 0.064400 0.000000 0.041900 0.085100 0.063700 0.063600
Klipspring 0.020600 0.262200 0.041700 0.158500 0.042300 0.041500 0.063100 0.020600 0.020600 0.106700 0.041500 0.020500 0.020800 0.062500 0.041700 0.041300 0.042000 0.063500 0.086300 0.020600 0.000100 0.062800 0.108200 0.020600 0.041500 0.020600 0.000100 0.020600 0.020600 0.020600 0.107200 0.041200 0.154500 0.020800 0.000100 0.000100 0.000200 0.042500 0.020600 0.063500 0.085500 0.020600 0.131000 0.042000 0.000100 0.020800 0.020700 0.041900 0.000000 0.041100 0.020500 0.020600
ForestMusk 0.063000 0.259500 0.084800 0.207800 0.086000 0.084500 0.107200 0.062900 0.062700 0.105900 0.084500 0.062700 0.063300 0.106100 0.084800 0.084200 0.041600 0.063000 0.131900 0.062700 0.041500 0.106600 0.107000 0.063200 0.084500 0.062700 0.041500 0.062700 0.062700 0.062700 0.106400 0.083800 0.153400 0.063200 0.041500 0.041500 0.041700 0.086400 0.062800 0.107600 0.084700 0.062700 0.130000 0.085600 0.041500 0.063400 0.063200 0.085100 0.041100 0.000000 0.062600 0.062700
Bushbuck 0.000100 0.292200 0.020700 0.184300 0.064300 0.020700 0.041900 0.041800 0.000100 0.130600 0.020700 0.020700 0.042100 0.041500 0.063500 0.020500 0.063900 0.086000 0.109500 0.000100 0.020700 0.041700 0.131600 0.042000 0.020700 0.000100 0.020700 0.000100 0.000100 0.000100 0.131100 0.020500 0.179500 0.042000 0.020700 0.020700 0.020800 0.064600 0.041700 0.085900 0.108400 0.000100 0.155900 0.064100 0.020700 0.042100 0.042000 0.063700 0.020500 0.062600 0.000000 0.000100
GreaterKud 0.000100 0.292000 0.020700 0.184300 0.064200 0.020700 0.041900 0.041700 0.000000 0.130500 0.020700 0.041600 0.042000 0.041600 0.063400 0.020500 0.063700 0.085800 0.109300 0.000000 0.020700 0.041700 0.131800 0.042100 0.020700 0.000000 0.020700 0.000000 0.000000 0.000000 0.131000 0.020500 0.178900 0.042000 0.020700 0.020700 0.020800 0.064700 0.041800 0.086000 0.108600 0.000000 0.155800 0.064200 0.020700 0.042200 0.042100 0.063600 0.020600 0.062700 0.000100 0.000000
