1
52 1
Argali 0.000000 0.000300 0.000100 0.023300 0.006800 0.000000 0.000100 0.000100 0.000100 0.000100 0.000000 0.000100 0.020800 0.000100 0.000100 0.006800 0.006800 0.013500 0.000000 0.000100 0.000100 0.006800 0.006800 0.000100 0.006800 0.006800 0.020800 0.000100 0.006700 0.000100 0.000100 0.000100 0.020700 0.020800 0.006900 0.000100 0.000100 0.006900 0.000200 0.000100 0.006800 0.006800 0.000100 0.000100 0.000100 0.006800 0.000100 0.006900 0.006800 0.006700 0.000100 0.000100
LesserMous 0.000300 0.000000 0.000300 0.021600 0.007000 0.000300 0.000300 0.000200 0.000300 0.000300 0.000300 0.000300 0.021600 0.000400 0.000300 0.007000 0.007100 0.014000 0.000300 0.000300 0.000300 0.007100 0.007100 0.000300 0.007100 0.007000 0.021600 0.000300 0.007000 0.000300 0.000300 0.000400 0.021300 0.021600 0.007100 0.000300 0.000300 0.007100 0.000300 0.000300 0.007100 0.007000 0.000300 0.000300 0.000300 0.007100 0.000300 0.007100 0.007100 0.007000 0.000300 0.000300
LesserKudu 0.000100 0.000300 0.000000 0.023400 0.006700 0.000100 0.000100 0.000100 0.000000 0.000000 0.000100 0.000000 0.020800 0.000100 0.000000 0.006700 0.006800 0.013500 0.000100 0.000000 0.000000 0.006800 0.006800 0.000100 0.006800 0.006700 0.020800 0.000000 0.006700 0.000000 0.000000 0.000100 0.020700 0.020800 0.006900 0.000000 0.000100 0.007000 0.000100 0.000100 0.006800 0.006700 0.000000 0.000000 0.000000 0.006800 0.000100 0.006900 0.006800 0.006700 0.000000 0.000000
KillerWhal 0.023300 0.021600 0.023400 0.000000 0.030600 0.023300 0.023600 0.023900 0.023300 0.023700 0.023400 0.023700 0.046700 0.023000 0.023700 0.030600 0.028300 0.035000 0.023700 0.023300 0.023900 0.031600 0.031000 0.023600 0.030800 0.030500 0.046700 0.023300 0.030400 0.023600 0.023700 0.022900 0.042700 0.046700 0.031200 0.023700 0.023300 0.031100 0.023400 0.023600 0.031200 0.030500 0.023700 0.023700 0.023700 0.031600 0.023400 0.031900 0.030800 0.030000 0.023300 0.023400
DefassaWat 0.006800 0.007000 0.006700 0.030600 0.000000 0.006800 0.006800 0.006800 0.006800 0.006800 0.006800 0.006800 0.013800 0.006800 0.006800 0.000200 0.013700 0.020300 0.006800 0.006800 0.006800 0.006800 0.000100 0.006800 0.013600 0.000200 0.013800 0.006800 0.000200 0.006800 0.006800 0.006800 0.027700 0.013800 0.000200 0.006800 0.006800 0.013500 0.006800 0.006800 0.000100 0.000200 0.006800 0.006800 0.006800 0.000100 0.006800 0.006900 0.013600 0.013400 0.006800 0.006700
Sheep 0.000000 0.000300 0.000100 0.023300 0.006800 0.000000 0.000100 0.000100 0.000100 0.000100 0.000000 0.000100 0.020800 0.000100 0.000100 0.006800 0.006800 0.013500 0.000000 0.000100 0.000100 0.006800 0.006800 0.000100 0.006800 0.006800 0.020800 0.000100 0.006700 0.000100 0.000100 0.000100 0.020700 0.020800 0.006900 0.000100 0.000100 0.006900 0.000200 0.000100 0.006800 0.006800 0.000100 0.000100 0.000100 0.006800 0.000100 0.006900 0.006800 0.006700 0.000100 0.000100
MaxwellsDu 0.000100 0.000300 0.000100 0.023600 0.006800 0.000100 0.000000 0.000100 0.000100 0.000100 0.000100 0.000100 0.021000 0.000000 0.000100 0.006800 0.006900 0.013600 0.000000 0.000100 0.000000 0.006900 0.006900 0.000100 0.006900 0.006800 0.021000 0.000100 0.006800 0.000100 0.000100 0.000100 0.020900 0.021000 0.006900 0.000100 0.000100 0.007100 0.000100 0.000100 0.006900 0.006800 0.000100 0.000100 0.000100 0.006900 0.000000 0.007000 0.006800 0.006800 0.000100 0.000100
GazellaPrz 0.000100 0.000200 0.000100 0.023900 0.006800 0.000100 0.000100 0.000000 0.000100 0.000100 0.000100 0.000100 0.021200 0.000100 0.000100 0.006900 0.006900 0.013700 0.000100 0.000100 0.000100 0.006900 0.006900 0.000100 0.006900 0.006900 0.021200 0.000100 0.006800 0.000100 0.000100 0.000200 0.021000 0.021200 0.007000 0.000000 0.000100 0.007100 0.000100 0.000100 0.006900 0.006900 0.000100 0.000100 0.000000 0.006900 0.000100 0.007000 0.006900 0.006800 0.000100 0.000100
MountainNy 0.000100 0.000300 0.000000 0.023300 0.006800 0.000100 0.000100 0.000100 0.000000 0.000000 0.000100 0.000100 0.020900 0.000100 0.000100 0.006800 0.006900 0.013600 0.000100 0.000000 0.000000 0.006800 0.006800 0.000000 0.006800 0.006800 0.020900 0.000000 0.006800 0.000000 0.000000 0.000100 0.020700 0.020900 0.006900 0.000100 0.000100 0.007000 0.000100 0.000000 0.006800 0.006800 0.000000 0.000000 0.000100 0.006800 0.000100 0.006900 0.006800 0.006700 0.000000 0.000000
MuntiacusM 0.000100 0.000300 0.000000 0.023700 0.006800 0.000100 0.000100 0.000100 0.000000 0.000000 0.000100 0.000000 0.021000 0.000100 0.000000 0.006800 0.006900 0.013600 0.000100 0.000000 0.000000 0.006900 0.006900 0.000000 0.006900 0.006800 0.021000 0.000000 0.006800 0.000000 0.000000 0.000100 0.020900 0.021000 0.006900 0.000000 0.000100 0.007000 0.000100 0.000000 0.006900 0.006800 0.000000 0.000000 0.000000 0.006900 0.000100 0.006900 0.006800 0.006800 0.000000 0.000000
goat 0.000000 0.000300 0.000100 0.023400 0.006800 0.000000 0.000100 0.000100 0.000100 0.000100 0.000000 0.000100 0.020900 0.000100 0.000100 0.006800 0.006900 0.013600 0.000000 0.000100 0.000100 0.006900 0.006900 0.000100 0.006800 0.006800 0.020900 0.000100 0.006800 0.000100 0.000100 0.000100 0.020800 0.020900 0.006900 0.000100 0.000000 0.007000 0.000200 0.000100 0.006900 0.006800 0.000100 0.000100 0.000100 0.006900 0.000100 0.006900 0.006800 0.006800 0.000100 0.000100
AfricanBuf 0.000100 0.000300 0.000000 0.023700 0.006800 0.000100 0.000100 0.000100 0.000100 0.000000 0.000100 0.000000 0.021000 0.000100 0.000000 0.006800 0.006900 0.013600 0.000100 0.000100 0.000000 0.006900 0.006900 0.000100 0.006900 0.006800 0.021000 0.000100 0.006800 0.000000 0.000000 0.000100 0.020900 0.021000 0.007000 0.000000 0.000100 0.007100 0.000100 0.000100 0.006900 0.006800 0.000000 0.000000 0.000000 0.006900 0.000100 0.007000 0.006800 0.006800 0.000100 0.000000
Topi 0.020800 0.021600 0.020800 0.046700 0.013800 0.020800 0.021000 0.021200 0.020900 0.021000 0.020900 0.021000 0.000000 0.020900 0.021000 0.013800 0.013900 0.020700 0.020900 0.020900 0.020900 0.021000 0.013900 0.021100 0.028000 0.013800 0.000000 0.020900 0.013800 0.020900 0.021000 0.020900 0.028200 0.000000 0.014100 0.021000 0.021000 0.028600 0.021100 0.021100 0.014000 0.013800 0.021000 0.021000 0.021000 0.013900 0.020900 0.021200 0.027900 0.027700 0.020900 0.020800
CommonDuik 0.000100 0.000400 0.000100 0.023000 0.006800 0.000100 0.000000 0.000100 0.000100 0.000100 0.000100 0.000100 0.020900 0.000000 0.000100 0.006800 0.006800 0.013500 0.000100 0.000100 0.000100 0.006800 0.006800 0.000100 0.006800 0.006800 0.020900 0.000100 0.006700 0.000100 0.000100 0.000000 0.020700 0.020900 0.006900 0.000100 0.000100 0.007000 0.000200 0.000100 0.006800 0.006800 0.000100 0.000100 0.000100 0.006800 0.000100 0.006900 0.006800 0.006700 0.000100 0.000100
Suni 0.000100 0.000300 0.000000 0.023700 0.006800 0.000100 0.000100 0.000100 0.000100 0.000000 0.000100 0.000000 0.021000 0.000100 0.000000 0.006800 0.006900 0.013600 0.000100 0.000100 0.000000 0.006900 0.006900 0.000100 0.006900 0.006800 0.021000 0.000100 0.006800 0.000000 0.000000 0.000100 0.020900 0.021000 0.007000 0.000000 0.000100 0.007100 0.000100 0.000100 0.006900 0.006800 0.000000 0.000000 0.000000 0.006900 0.000100 0.007000 0.006800 0.006800 0.000100 0.000000
Springbuck 0.006800 0.007000 0.006700 0.030600 0.000200 0.006800 0.006800 0.006900 0.006800 0.006800 0.006800 0.006800 0.013800 0.006800 0.006800 0.000000 0.013700 0.020300 0.006800 0.006800 0.006800 0.006800 0.000100 0.006800 0.013700 0.000000 0.013800 0.006800 0.000000 0.006800 0.006800 0.006800 0.027700 0.013800 0.000100 0.006800 0.006800 0.013800 0.006800 0.006800 0.000100 0.000000 0.006800 0.006800 0.006800 0.000100 0.006800 0.006900 0.013600 0.013500 0.006800 0.006700
Okapi 0.006800 0.007100 0.006800 0.028300 0.013700 0.006800 0.006900 0.006900 0.006900 0.006900 0.006900 0.006900 0.013900 0.006800 0.006900 0.013700 0.000000 0.006800 0.006900 0.006900 0.006900 0.013900 0.013800 0.006900 0.013800 0.013700 0.013900 0.006900 0.013700 0.006900 0.006900 0.006900 0.013800 0.013900 0.014000 0.006900 0.006900 0.013900 0.006900 0.006900 0.013900 0.013700 0.006900 0.006900 0.006900 0.013800 0.006900 0.014000 0.013800 0.013600 0.006900 0.006800
Giraffe 0.013500 0.014000 0.013500 0.035000 0.020300 0.013500 0.013600 0.013700 0.013600 0.013600 0.013600 0.013600 0.020700 0.013500 0.013600 0.020300 0.006800 0.000000 0.013600 0.013600 0.013600 0.020600 0.020500 0.013700 0.020500 0.020300 0.020700 0.013600 0.020200 0.013600 0.013600 0.013600 0.020500 0.020700 0.020800 0.013600 0.013600 0.020500 0.013700 0.013600 0.020600 0.020300 0.013600 0.013600 0.013600 0.020500 0.013600 0.020800 0.020400 0.006700 0.013600 0.013500
TibetanAnt 0.000000 0.000300 0.000100 0.023700 0.006800 0.000000 0.000000 0.000100 0.000100 0.000100 0.000000 0.000100 0.020900 0.000100 0.000100 0.006800 0.006900 0.013600 0.000000 0.000100 0.000000 0.006800 0.006900 0.000100 0.006800 0.006800 0.020900 0.000100 0.006800 0.000100 0.000100 0.000100 0.020800 0.020900 0.006900 0.000100 0.000000 0.007000 0.000100 0.000100 0.006900 0.006800 0.000100 0.000100 0.000100 0.006900 0.000100 0.006900 0.006800 0.006800 0.000100 0.000100
Sitatunga 0.000100 0.000300 0.000000 0.023300 0.006800 0.000100 0.000100 0.000100 0.000000 0.000000 0.000100 0.000100 0.020900 0.000100 0.000100 0.006800 0.006900 0.013600 0.000100 0.000000 0.000000 0.006800 0.006800 0.000000 0.006800 0.006800 0.020900 0.000000 0.006800 0.000000 0.000000 0.000100 0.020700 0.020900 0.006900 0.000100 0.000100 0.007000 0.000100 0.000000 0.006800 0.006800 0.000000 0.000000 0.000100 0.006800 0.000100 0.006900 0.006800 0.006700 0.000000 0.000000
Oribi 0.000100 0.000300 0.000000 0.023900 0.006800 0.000100 0.000000 0.000100 0.000000 0.000000 0.000100 0.000000 0.020900 0.000100 0.000000 0.006800 0.006900 0.013600 0.000000 0.000000 0.000000 0.006900 0.006800 0.000000 0.006800 0.006800 0.020900 0.000000 0.006800 0.000000 0.000000 0.000100 0.020800 0.020900 0.006900 0.000000 0.000100 0.007100 0.000100 0.000000 0.006900 0.006800 0.000000 0.000000 0.000000 0.006900 0.000000 0.006900 0.006800 0.006700 0.000000 0.000000
BarbaryShe 0.006800 0.007100 0.006800 0.031600 0.006800 0.006800 0.006900 0.006900 0.006800 0.006900 0.006900 0.006900 0.021000 0.006800 0.006900 0.006800 0.013900 0.020600 0.006800 0.006800 0.006900 0.000000 0.006900 0.006900 0.013800 0.006800 0.021000 0.006800 0.006800 0.006900 0.006900 0.006900 0.028000 0.021000 0.006900 0.006900 0.006900 0.014100 0.006900 0.006900 0.006900 0.006800 0.006900 0.006900 0.006900 0.006900 0.006900 0.000100 0.013700 0.013600 0.006800 0.006800
Daviddeer 0.006800 0.007100 0.006800 0.031000 0.000100 0.006800 0.006900 0.006900 0.006800 0.006900 0.006900 0.006900 0.013900 0.006800 0.006900 0.000100 0.013800 0.020500 0.006900 0.006800 0.006800 0.006900 0.000000 0.006900 0.013800 0.000100 0.013900 0.006800 0.000100 0.006800 0.006900 0.006900 0.027900 0.013900 0.000100 0.006900 0.006900 0.014000 0.006900 0.006900 0.000000 0.000100 0.006900 0.006900 0.006900 0.000100 0.006800 0.006900 0.013700 0.013600 0.006800 0.006800
Reindeer 0.000100 0.000300 0.000100 0.023600 0.006800 0.000100 0.000100 0.000100 0.000000 0.000000 0.000100 0.000100 0.021100 0.000100 0.000100 0.006800 0.006900 0.013700 0.000100 0.000000 0.000000 0.006900 0.006900 0.000000 0.006900 0.006800 0.021100 0.000000 0.006800 0.000100 0.000000 0.000100 0.020900 0.021100 0.007000 0.000100 0.000100 0.007000 0.000100 0.000000 0.006900 0.006800 0.000000 0.000000 0.000100 0.006900 0.000100 0.007000 0.006900 0.006800 0.000000 0.000100
Ibex 0.006800 0.007100 0.006800 0.030800 0.013600 0.006800 0.006900 0.006900 0.006800 0.006900 0.006800 0.006900 0.028000 0.006800 0.006900 0.013700 0.013800 0.020500 0.006800 0.006800 0.006800 0.013800 0.013800 0.006900 0.000000 0.013600 0.028000 0.006800 0.013600 0.006800 0.006900 0.006800 0.013800 0.028000 0.013900 0.006900 0.006900 0.013900 0.006900 0.006900 0.013800 0.013600 0.006900 0.006900 0.006900 0.013800 0.006800 0.013900 0.013700 0.013600 0.006800 0.006800
GyrantGaze 0.006800 0.007000 0.006700 0.030500 0.000200 0.006800 0.006800 0.006900 0.006800 0.006800 0.006800 0.006800 0.013800 0.006800 0.006800 0.000000 0.013700 0.020300 0.006800 0.006800 0.006800 0.006800 0.000100 0.006800 0.013600 0.000000 0.013800 0.006800 0.000000 0.006800 0.006800 0.006800 0.027700 0.013800 0.000100 0.006800 0.006800 0.013900 0.006800 0.006800 0.000100 0.000000 0.006800 0.006800 0.006800 0.000100 0.006800 0.006900 0.013600 0.013500 0.006800 0.006700
Hartebeest 0.020800 0.021600 0.020800 0.046700 0.013800 0.020800 0.021000 0.021200 0.020900 0.021000 0.020900 0.021000 0.000000 0.020900 0.021000 0.013800 0.013900 0.020700 0.020900 0.020900 0.020900 0.021000 0.013900 0.021100 0.028000 0.013800 0.000000 0.020900 0.013800 0.020900 0.021000 0.020900 0.028200 0.000000 0.014100 0.021000 0.021000 0.028600 0.021100 0.021100 0.014000 0.013800 0.021000 0.021000 0.021000 0.013900 0.020900 0.021200 0.027900 0.027700 0.020900 0.020800
Bongo 0.000100 0.000300 0.000000 0.023300 0.006800 0.000100 0.000100 0.000100 0.000000 0.000000 0.000100 0.000100 0.020900 0.000100 0.000100 0.006800 0.006900 0.013600 0.000100 0.000000 0.000000 0.006800 0.006800 0.000000 0.006800 0.006800 0.020900 0.000000 0.006800 0.000000 0.000000 0.000100 0.020700 0.020900 0.006900 0.000100 0.000100 0.007000 0.000100 0.000000 0.006800 0.006800 0.000000 0.000000 0.000100 0.006800 0.000100 0.006900 0.006800 0.006700 0.000000 0.000000
Gerenuk 0.006700 0.007000 0.006700 0.030400 0.000200 0.006700 0.006800 0.006800 0.006800 0.006800 0.006800 0.006800 0.013800 0.006700 0.006800 0.000000 0.013700 0.020200 0.006800 0.006800 0.006800 0.006800 0.000100 0.006800 0.013600 0.000000 0.013800 0.006800 0.000000 0.006800 0.006800 0.006800 0.027600 0.013800 0.000100 0.006800 0.006800 0.013800 0.006800 0.006800 0.000100 0.000000 0.006800 0.006800 0.006800 0.000100 0.006800 0.006900 0.013600 0.013400 0.006800 0.006700
CommonElan 0.000100 0.000300 0.000000 0.023600 0.006800 0.000100 0.000100 0.000100 0.000000 0.000000 0.000100 0.000000 0.020900 0.000100 0.000000 0.006800 0.006900 0.013600 0.000100 0.000000 0.000000 0.006900 0.006800 0.000100 0.006800 0.006800 0.020900 0.000000 0.006800 0.000000 0.000000 0.000100 0.020800 0.020900 0.006900 0.000000 0.000100 0.007000 0.000100 0.000100 0.006900 0.006800 0.000000 0.000000 0.000000 0.006900 0.000100 0.006900 0.006800 0.006800 0.000000 0.000000
MuntiacusR 0.000100 0.000300 0.000000 0.023700 0.006800 0.000100 0.000100 0.000100 0.000000 0.000000 0.000100 0.000000 0.021000 0.000100 0.000000 0.006800 0.006900 0.013600 0.000100 0.000000 0.000000 0.006900 0.006900 0.000000 0.006900 0.006800 0.021000 0.000000 0.006800 0.000000 0.000000 0.000100 0.020900 0.021000 0.006900 0.000000 0.000100 0.007000 0.000100 0.000000 0.006900 0.006800 0.000000 0.000000 0.000000 0.006900 0.000100 0.006900 0.006800 0.006800 0.000000 0.000000
HarveysDui 0.000100 0.000400 0.000100 0.022900 0.006800 0.000100 0.000100 0.000200 0.000100 0.000100 0.000100 0.000100 0.020900 0.000000 0.000100 0.006800 0.006900 0.013600 0.000100 0.000100 0.000100 0.006900 0.006900 0.000100 0.006800 0.006800 0.020900 0.000100 0.006800 0.000100 0.000100 0.000000 0.020800 0.020900 0.006900 0.000100 0.000100 0.007000 0.000200 0.000100 0.006900 0.006800 0.000100 0.000100 0.000100 0.006900 0.000100 0.006900 0.006800 0.006800 0.000100 0.000100
Pronghorn 0.020700 0.021300 0.020700 0.042700 0.027700 0.020700 0.020900 0.021000 0.020700 0.020900 0.020800 0.020900 0.028200 0.020700 0.020900 0.027700 0.013800 0.020500 0.020800 0.020700 0.020800 0.028000 0.027900 0.020900 0.013800 0.027700 0.028200 0.020700 0.027600 0.020800 0.020900 0.020800 0.000000 0.028200 0.028200 0.020900 0.020900 0.028400 0.020900 0.020900 0.028000 0.027700 0.020900 0.020900 0.020900 0.027900 0.020800 0.028200 0.027800 0.027500 0.020700 0.020700
BlueWildeb 0.020800 0.021600 0.020800 0.046700 0.013800 0.020800 0.021000 0.021200 0.020900 0.021000 0.020900 0.021000 0.000000 0.020900 0.021000 0.013800 0.013900 0.020700 0.020900 0.020900 0.020900 0.021000 0.013900 0.021100 0.028000 0.013800 0.000000 0.020900 0.013800 0.020900 0.021000 0.020900 0.028200 0.000000 0.014100 0.021000 0.021000 0.028600 0.021100 0.021100 0.014000 0.013800 0.021000 0.021000 0.021000 0.013900 0.020900 0.021200 0.027900 0.027700 0.020900 0.020800
Gemsbok 0.006900 0.007100 0.006900 0.031200 0.000200 0.006900 0.006900 0.007000 0.006900 0.006900 0.006900 0.007000 0.014100 0.006900 0.007000 0.000100 0.014000 0.020800 0.006900 0.006900 0.006900 0.006900 0.000100 0.007000 0.013900 0.000100 0.014100 0.006900 0.000100 0.006900 0.006900 0.006900 0.028200 0.014100 0.000000 0.006900 0.006900 0.014200 0.007000 0.007000 0.000100 0.000100 0.006900 0.006900 0.006900 0.000100 0.006900 0.007000 0.013900 0.013800 0.006900 0.006900
Yak 0.000100 0.000300 0.000000 0.023700 0.006800 0.000100 0.000100 0.000000 0.000100 0.000000 0.000100 0.000000 0.021000 0.000100 0.000000 0.006800 0.006900 0.013600 0.000100 0.000100 0.000000 0.006900 0.006900 0.000100 0.006900 0.006800 0.021000 0.000100 0.006800 0.000000 0.000000 0.000100 0.020900 0.021000 0.006900 0.000000 0.000100 0.007000 0.000100 0.000100 0.006900 0.006800 0.000000 0.000000 0.000000 0.006900 0.000100 0.006900 0.006800 0.006800 0.000100 0.000000
BlueSheep 0.000100 0.000300 0.000100 0.023300 0.006800 0.000100 0.000100 0.000100 0.000100 0.000100 0.000000 0.000100 0.021000 0.000100 0.000100 0.006800 0.006900 0.013600 0.000000 0.000100 0.000100 0.006900 0.006900 0.000100 0.006900 0.006800 0.021000 0.000100 0.006800 0.000100 0.000100 0.000100 0.020900 0.021000 0.006900 0.000100 0.000000 0.007000 0.000200 0.000100 0.006900 0.006800 0.000100 0.000100 0.000100 0.006900 0.000100 0.007000 0.006800 0.006800 0.000100 0.000100
BohorReedb 0.006900 0.007100 0.007000 0.031100 0.013500 0.006900 0.007100 0.007100 0.007000 0.007000 0.007000 0.007100 0.028600 0.007000 0.007100 0.013800 0.013900 0.020500 0.007000 0.007000 0.007100 0.014100 0.014000 0.007000 0.013900 0.013900 0.028600 0.007000 0.013800 0.007000 0.007000 0.007000 0.028400 0.028600 0.014200 0.007000 0.007000 0.000000 0.007000 0.007000 0.014100 0.013900 0.007000 0.007000 0.007000 0.014000 0.007100 0.014200 0.014100 0.013700 0.007000 0.007000
KirksDik 0.000200 0.000300 0.000100 0.023400 0.006800 0.000200 0.000100 0.000100 0.000100 0.000100 0.000200 0.000100 0.021100 0.000200 0.000100 0.006800 0.006900 0.013700 0.000100 0.000100 0.000100 0.006900 0.006900 0.000100 0.006900 0.006800 0.021100 0.000100 0.006800 0.000100 0.000100 0.000200 0.020900 0.021100 0.007000 0.000100 0.000200 0.007000 0.000000 0.000100 0.006900 0.006800 0.000100 0.000100 0.000100 0.006900 0.000100 0.007000 0.006900 0.006800 0.000100 0.000100
RoeDeer 0.000100 0.000300 0.000100 0.023600 0.006800 0.000100 0.000100 0.000100 0.000000 0.000000 0.000100 0.000100 0.021100 0.000100 0.000100 0.006800 0.006900 0.013600 0.000100 0.000000 0.000000 0.006900 0.006900 0.000000 0.006900 0.006800 0.021100 0.000000 0.006800 0.000100 0.000000 0.000100 0.020900 0.021100 0.007000 0.000100 0.000100 0.007000 0.000100 0.000000 0.006900 0.006800 0.000000 0.000000 0.000100 0.006900 0.000100 0.007000 0.006800 0.006800 0.000000 0.000100
WhiteLippe 0.006800 0.007100 0.006800 0.031200 0.000100 0.006800 0.006900 0.006900 0.006800 0.006900 0.006900 0.006900 0.014000 0.006800 0.006900 0.000100 0.013900 0.020600 0.006900 0.006800 0.006900 0.006900 0.000000 0.006900 0.013800 0.000100 0.014000 0.006800 0.000100 0.006900 0.006900 0.006900 0.028000 0.014000 0.000100 0.006900 0.006900 0.014100 0.006900 0.006900 0.000000 0.000100 0.006900 0.006900 0.006900 0.000100 0.006900 0.007000 0.013800 0.013600 0.006800 0.006800
ThomsonGaz 0.006800 0.007000 0.006700 0.030500 0.000200 0.006800 0.006800 0.006900 0.006800 0.006800 0.006800 0.006800 0.013800 0.006800 0.006800 0.000000 0.013700 0.020300 0.006800 0.006800 0.006800 0.006800 0.000100 0.006800 0.013600 0.000000 0.013800 0.006800 0.000000 0.006800 0.006800 0.006800 0.027700 0.013800 0.000100 0.006800 0.006800 0.013900 0.006800 0.006800 0.000100 0.000000 0.006800 0.006800 0.006800 0.000100 0.006800 0.006900 0.013600 0.013500 0.006800 0.006700
MuntiacusC 0.000100 0.000300 0.000000 0.023700 0.006800 0.000100 0.000100 0.000100 0.000000 0.000000 0.000100 0.000000 0.021000 0.000100 0.000000 0.006800 0.006900 0.013600 0.000100 0.000000 0.000000 0.006900 0.006900 0.000000 0.006900 0.006800 0.021000 0.000000 0.006800 0.000000 0.000000 0.000100 0.020900 0.021000 0.006900 0.000000 0.000100 0.007000 0.000100 0.000000 0.006900 0.006800 0.000000 0.000000 0.000000 0.006900 0.000100 0.006900 0.006800 0.006800 0.000000 0.000000
WhiteTaile 0.000100 0.000300 0.000000 0.023700 0.006800 0.000100 0.000100 0.000100 0.000000 0.000000 0.000100 0.000000 0.021000 0.000100 0.000000 0.006800 0.006900 0.013600 0.000100 0.000000 0.000000 0.006900 0.006900 0.000000 0.006900 0.006800 0.021000 0.000000 0.006800 0.000000 0.000000 0.000100 0.020900 0.021000 0.006900 0.000000 0.000100 0.007000 0.000100 0.000000 0.006900 0.006800 0.000000 0.000000 0.000000 0.006900 0.000100 0.006900 0.006800 0.006800 0.000000 0.000000
Cattle 0.000100 0.000300 0.000000 0.023700 0.006800 0.000100 0.000100 0.000000 0.000100 0.000000 0.000100 0.000000 0.021000 0.000100 0.000000 0.006800 0.006900 0.013600 0.000100 0.000100 0.000000 0.006900 0.006900 0.000100 0.006900 0.006800 0.021000 0.000100 0.006800 0.000000 0.000000 0.000100 0.020900 0.021000 0.006900 0.000000 0.000100 0.007000 0.000100 0.000100 0.006900 0.006800 0.000000 0.000000 0.000000 0.006900 0.000100 0.006900 0.006800 0.006800 0.000100 0.000000
RoyalAntel 0.006800 0.007100 0.006800 0.031600 0.000100 0.006800 0.006900 0.006900 0.006800 0.006900 0.006900 0.006900 0.013900 0.006800 0.006900 0.000100 0.013800 0.020500 0.006900 0.006800 0.006900 0.006900 0.000100 0.006900 0.013800 0.000100 0.013900 0.006800 0.000100 0.006900 0.006900 0.006900 0.027900 0.013900 0.000100 0.006900 0.006900 0.014000 0.006900 0.006900 0.000100 0.000100 0.006900 0.006900 0.006900 0.000000 0.006800 0.007000 0.013700 0.013600 0.006800 0.006800
Steenbok 0.000100 0.000300 0.000100 0.023400 0.006800 0.000100 0.000000 0.000100 0.000100 0.000100 0.000100 0.000100 0.020900 0.000100 0.000100 0.006800 0.006900 0.013600 0.000100 0.000100 0.000000 0.006900 0.006800 0.000100 0.006800 0.006800 0.020900 0.000100 0.006800 0.000100 0.000100 0.000100 0.020800 0.020900 0.006900 0.000100 0.000100 0.007100 0.000100 0.000100 0.006900 0.006800 0.000100 0.000100 0.000100 0.006800 0.000000 0.006900 0.006800 0.006700 0.000100 0.000100
Impala 0.006900 0.007100 0.006900 0.031900 0.006900 0.006900 0.007000 0.007000 0.006900 0.006900 0.006900 0.007000 0.021200 0.006900 0.007000 0.006900 0.014000 0.020800 0.006900 0.006900 0.006900 0.000100 0.006900 0.007000 0.013900 0.006900 0.021200 0.006900 0.006900 0.006900 0.006900 0.006900 0.028200 0.021200 0.007000 0.006900 0.007000 0.014200 0.007000 0.007000 0.007000 0.006900 0.006900 0.006900 0.006900 0.007000 0.006900 0.000000 0.013900 0.013800 0.006900 0.006900
Klipspring 0.006800 0.007100 0.006800 0.030800 0.013600 0.006800 0.006800 0.006900 0.006800 0.006800 0.006800 0.006800 0.027900 0.006800 0.006800 0.013600 0.013800 0.020400 0.006800 0.006800 0.006800 0.013700 0.013700 0.006900 0.013700 0.013600 0.027900 0.006800 0.013600 0.006800 0.006800 0.006800 0.027800 0.027900 0.013900 0.006800 0.006800 0.014100 0.006900 0.006800 0.013800 0.013600 0.006800 0.006800 0.006800 0.013700 0.006800 0.013900 0.000000 0.013500 0.006800 0.006800
ForestMusk 0.006700 0.007000 0.006700 0.030000 0.013400 0.006700 0.006800 0.006800 0.006700 0.006800 0.006800 0.006800 0.027700 0.006700 0.006800 0.013500 0.013600 0.006700 0.006800 0.006700 0.006700 0.013600 0.013600 0.006800 0.013600 0.013500 0.027700 0.006700 0.013400 0.006800 0.006800 0.006800 0.027500 0.027700 0.013800 0.006800 0.006800 0.013700 0.006800 0.006800 0.013600 0.013500 0.006800 0.006800 0.006800 0.013600 0.006700 0.013800 0.013500 0.000000 0.006700 0.006700
Bushbuck 0.000100 0.000300 0.000000 0.023300 0.006800 0.000100 0.000100 0.000100 0.000000 0.000000 0.000100 0.000100 0.020900 0.000100 0.000100 0.006800 0.006900 0.013600 0.000100 0.000000 0.000000 0.006800 0.006800 0.000000 0.006800 0.006800 0.020900 0.000000 0.006800 0.000000 0.000000 0.000100 0.020700 0.020900 0.006900 0.000100 0.000100 0.007000 0.000100 0.000000 0.006800 0.006800 0.000000 0.000000 0.000100 0.006800 0.000100 0.006900 0.006800 0.006700 0.000000 0.000000
GreaterKud 0.000100 0.000300 0.000000 0.023400 0.006700 0.000100 0.000100 0.000100 0.000000 0.000000 0.000100 0.000000 0.020800 0.000100 0.000000 0.006700 0.006800 0.013500 0.000100 0.000000 0.000000 0.006800 0.006800 0.000100 0.006800 0.006700 0.020800 0.000000 0.006700 0.000000 0.000000 0.000100 0.020700 0.020800 0.006900 0.000000 0.000100 0.007000 0.000100 0.000100 0.006800 0.006700 0.000000 0.000000 0.000000 0.006800 0.000100 0.006900 0.006800 0.006700 0.000000 0.000000
