1
52 1
Argali 0.000000 0.033400 0.008000 0.041900 0.000000 0.000100 0.000100 0.000000 0.008000 0.041000 0.008100 0.000200 0.008100 0.000000 0.000000 0.016200 0.024600 0.032400 0.000100 0.008000 0.016300 0.000000 0.016100 0.024300 0.016300 0.008100 0.008100 0.008000 0.008100 0.008100 0.032600 0.000000 0.024500 0.008100 0.000100 0.000200 0.008100 0.000000 0.000300 0.048400 0.016200 0.008100 0.041000 0.024200 0.000100 0.000000 0.000000 0.000000 0.000100 0.008000 0.016100 0.008000
LesserMous 0.033400 0.000000 0.041700 0.024700 0.033400 0.033100 0.033200 0.033400 0.041700 0.041700 0.041800 0.033400 0.041800 0.033400 0.033400 0.053500 0.008100 0.016200 0.033100 0.041700 0.033200 0.033300 0.016300 0.024600 0.050400 0.041900 0.041800 0.041700 0.042000 0.041800 0.033100 0.033400 0.024800 0.041800 0.033400 0.033200 0.041800 0.033400 0.032800 0.049100 0.016400 0.041800 0.041600 0.024500 0.033300 0.033300 0.033400 0.033500 0.033300 0.041600 0.050100 0.041700
LesserKudu 0.008000 0.041700 0.000000 0.050300 0.008000 0.008000 0.008000 0.008100 0.000000 0.049000 0.016100 0.008100 0.016100 0.008100 0.008100 0.024300 0.032700 0.040400 0.007900 0.000000 0.024400 0.008000 0.024100 0.032300 0.024400 0.016200 0.016100 0.000000 0.016200 0.000000 0.040600 0.008100 0.032500 0.016100 0.008000 0.008000 0.016100 0.008000 0.007900 0.056200 0.024200 0.016100 0.049000 0.032200 0.008000 0.008000 0.008100 0.008100 0.008000 0.016100 0.007900 0.000000
KillerWhal 0.041900 0.024700 0.050300 0.000000 0.041800 0.041600 0.041800 0.042000 0.050300 0.067700 0.033100 0.041800 0.050400 0.042000 0.042000 0.063700 0.033000 0.041100 0.041500 0.050300 0.041600 0.041800 0.041500 0.049900 0.041600 0.050500 0.050400 0.050200 0.050600 0.050400 0.058800 0.042000 0.050200 0.050400 0.041900 0.041700 0.033100 0.041800 0.041100 0.074800 0.041500 0.050400 0.067500 0.049700 0.041800 0.041900 0.042000 0.042000 0.041800 0.050100 0.058600 0.050300
DefassaWat 0.000000 0.033400 0.008000 0.041800 0.000000 0.000100 0.000200 0.000000 0.008000 0.041000 0.008100 0.000200 0.008100 0.000000 0.000000 0.016200 0.024500 0.032400 0.000100 0.008000 0.016300 0.000000 0.016100 0.024300 0.016300 0.008100 0.008100 0.008000 0.008100 0.008100 0.032600 0.000000 0.024400 0.008100 0.000100 0.000200 0.008100 0.000000 0.000300 0.048300 0.016200 0.008100 0.040900 0.024100 0.000200 0.000100 0.000000 0.000100 0.000100 0.008000 0.016100 0.008000
Sheep 0.000100 0.033100 0.008000 0.041600 0.000100 0.000000 0.000200 0.000100 0.008000 0.040600 0.008000 0.000300 0.008000 0.000100 0.000100 0.016000 0.024300 0.032000 0.000100 0.008000 0.016100 0.000100 0.016000 0.024000 0.016100 0.008000 0.008000 0.007900 0.008100 0.008000 0.032200 0.000100 0.024200 0.008000 0.000100 0.000300 0.008000 0.000100 0.000300 0.047800 0.016000 0.008000 0.040500 0.023900 0.000200 0.000100 0.000100 0.000100 0.000200 0.008000 0.015900 0.008000
MaxwellsDu 0.000100 0.033200 0.008000 0.041800 0.000200 0.000200 0.000000 0.000100 0.008000 0.040700 0.008000 0.000200 0.008000 0.000100 0.000100 0.016100 0.024400 0.032200 0.000200 0.008000 0.016200 0.000200 0.016000 0.024100 0.016200 0.008000 0.008000 0.008000 0.008100 0.008000 0.032300 0.000100 0.024300 0.008000 0.000200 0.000200 0.008000 0.000200 0.000400 0.048000 0.016100 0.008000 0.040700 0.024000 0.000200 0.000100 0.000100 0.000100 0.000200 0.008000 0.016000 0.008000
GazellaPrz 0.000000 0.033400 0.008100 0.042000 0.000000 0.000100 0.000100 0.000000 0.008100 0.041100 0.008100 0.000100 0.008100 0.000000 0.000000 0.016200 0.024600 0.032500 0.000100 0.008100 0.016400 0.000000 0.016200 0.024300 0.016300 0.008100 0.008100 0.008000 0.008100 0.008100 0.032600 0.000000 0.024500 0.008100 0.000100 0.000100 0.008100 0.000000 0.000300 0.048500 0.016200 0.008100 0.041000 0.024300 0.000100 0.000000 0.000000 0.000000 0.000000 0.008100 0.016200 0.008100
MountainNy 0.008000 0.041700 0.000000 0.050300 0.008000 0.008000 0.008000 0.008100 0.000000 0.049000 0.016100 0.008100 0.016100 0.008100 0.008100 0.024300 0.032700 0.040400 0.007900 0.000000 0.024400 0.008000 0.024100 0.032300 0.024400 0.016200 0.016100 0.000000 0.016200 0.000000 0.040600 0.008100 0.032500 0.016100 0.008000 0.008000 0.016100 0.008000 0.007900 0.056200 0.024200 0.016100 0.049000 0.032200 0.008000 0.008000 0.008100 0.008100 0.008000 0.016100 0.007900 0.000000
MuntiacusM 0.041000 0.041700 0.049000 0.067700 0.041000 0.040600 0.040700 0.041100 0.049000 0.000000 0.049400 0.041200 0.049400 0.041100 0.041100 0.056900 0.032600 0.040300 0.040600 0.049000 0.058000 0.041000 0.024000 0.032300 0.057900 0.049300 0.049400 0.048900 0.049500 0.049200 0.007900 0.041100 0.016000 0.049400 0.041000 0.040900 0.049400 0.041000 0.040100 0.056000 0.024200 0.049100 0.000000 0.032200 0.041000 0.040900 0.041100 0.041100 0.040900 0.032300 0.057400 0.049000
goat 0.008100 0.041800 0.016100 0.033100 0.008100 0.008000 0.008000 0.008100 0.016100 0.049400 0.000000 0.008100 0.016200 0.008100 0.008100 0.024400 0.032800 0.040600 0.008000 0.016100 0.024500 0.008000 0.024300 0.032500 0.008000 0.016200 0.016200 0.016100 0.016300 0.016200 0.040800 0.008100 0.032700 0.016200 0.008100 0.008100 0.000000 0.008100 0.007900 0.056500 0.024300 0.016200 0.049300 0.032300 0.008100 0.008100 0.008100 0.008100 0.008100 0.016100 0.024200 0.016100
AfricanBuf 0.000200 0.033400 0.008100 0.041800 0.000200 0.000300 0.000200 0.000100 0.008100 0.041200 0.008100 0.000000 0.008100 0.000100 0.000100 0.016300 0.024600 0.032500 0.000200 0.008100 0.016300 0.000200 0.016200 0.024400 0.016300 0.008100 0.008100 0.008100 0.008200 0.008100 0.032700 0.000100 0.024500 0.008100 0.000200 0.000000 0.008100 0.000200 0.000300 0.048500 0.016200 0.008100 0.041100 0.024300 0.000000 0.000200 0.000100 0.000200 0.000200 0.008100 0.016200 0.008100
Topi 0.008100 0.041800 0.016100 0.050400 0.008100 0.008000 0.008000 0.008100 0.016100 0.049400 0.016200 0.008100 0.000000 0.008100 0.008100 0.024400 0.032800 0.040500 0.008000 0.016100 0.024500 0.008100 0.024200 0.032400 0.024400 0.016200 0.000000 0.016100 0.016300 0.016200 0.040700 0.008100 0.032600 0.000000 0.008100 0.008000 0.016200 0.008100 0.007900 0.056400 0.024300 0.016100 0.049200 0.032200 0.008100 0.008100 0.008100 0.008100 0.008000 0.016100 0.024200 0.016100
CommonDuik 0.000000 0.033400 0.008100 0.042000 0.000000 0.000100 0.000100 0.000000 0.008100 0.041100 0.008100 0.000100 0.008100 0.000000 0.000000 0.016200 0.024600 0.032500 0.000100 0.008100 0.016400 0.000000 0.016200 0.024300 0.016300 0.008100 0.008100 0.008000 0.008100 0.008100 0.032600 0.000000 0.024500 0.008100 0.000100 0.000100 0.008100 0.000000 0.000300 0.048500 0.016200 0.008100 0.041000 0.024300 0.000100 0.000000 0.000000 0.000000 0.000000 0.008100 0.016200 0.008100
Suni 0.000000 0.033400 0.008100 0.042000 0.000000 0.000100 0.000100 0.000000 0.008100 0.041100 0.008100 0.000100 0.008100 0.000000 0.000000 0.016200 0.024600 0.032500 0.000100 0.008100 0.016400 0.000000 0.016200 0.024300 0.016300 0.008100 0.008100 0.008000 0.008100 0.008100 0.032600 0.000000 0.024500 0.008100 0.000100 0.000100 0.008100 0.000000 0.000300 0.048500 0.016200 0.008100 0.041000 0.024300 0.000100 0.000000 0.000000 0.000000 0.000000 0.008100 0.016200 0.008100
Springbuck 0.016200 0.053500 0.024300 0.063700 0.016200 0.016000 0.016100 0.016200 0.024300 0.056900 0.024400 0.016300 0.024400 0.016200 0.016200 0.000000 0.041200 0.048900 0.016000 0.024300 0.016100 0.016200 0.032400 0.040700 0.032700 0.008000 0.024400 0.024200 0.008000 0.024300 0.048100 0.016200 0.039500 0.024400 0.016200 0.016200 0.024400 0.016200 0.015800 0.064700 0.032500 0.008000 0.056700 0.040500 0.016200 0.016200 0.016200 0.016300 0.016100 0.023300 0.032400 0.024300
Okapi 0.024600 0.008100 0.032700 0.033000 0.024500 0.024300 0.024400 0.024600 0.032700 0.032600 0.032800 0.024600 0.032800 0.024600 0.024600 0.041200 0.000000 0.007900 0.024200 0.032700 0.024400 0.024500 0.008000 0.016000 0.041300 0.032900 0.032800 0.032600 0.033000 0.032800 0.024200 0.024600 0.016100 0.032800 0.024500 0.024400 0.032800 0.024500 0.024000 0.039800 0.008000 0.032800 0.032500 0.015900 0.024500 0.024500 0.024600 0.024600 0.024400 0.032600 0.040800 0.032700
Giraffe 0.032400 0.016200 0.040400 0.041100 0.032400 0.032000 0.032200 0.032500 0.040400 0.040300 0.040600 0.032500 0.040500 0.032500 0.032500 0.048900 0.007900 0.000000 0.031900 0.040400 0.032200 0.032300 0.015800 0.023700 0.049000 0.040700 0.040500 0.040300 0.040900 0.040500 0.031900 0.032500 0.024000 0.040500 0.032300 0.032200 0.040600 0.032400 0.031500 0.047300 0.015800 0.040600 0.040100 0.007700 0.032300 0.032400 0.032500 0.032600 0.032200 0.040300 0.048400 0.040400
TibetanAnt 0.000100 0.033100 0.007900 0.041500 0.000100 0.000100 0.000200 0.000100 0.007900 0.040600 0.008000 0.000200 0.008000 0.000100 0.000100 0.016000 0.024200 0.031900 0.000000 0.007900 0.016100 0.000100 0.015900 0.024000 0.016100 0.008000 0.008000 0.007900 0.008000 0.008000 0.032200 0.000100 0.024100 0.008000 0.000100 0.000200 0.008000 0.000100 0.000200 0.047600 0.016000 0.008000 0.040500 0.023800 0.000200 0.000200 0.000100 0.000200 0.000100 0.007900 0.015900 0.007900
Sitatunga 0.008000 0.041700 0.000000 0.050300 0.008000 0.008000 0.008000 0.008100 0.000000 0.049000 0.016100 0.008100 0.016100 0.008100 0.008100 0.024300 0.032700 0.040400 0.007900 0.000000 0.024400 0.008000 0.024100 0.032300 0.024400 0.016200 0.016100 0.000000 0.016200 0.000000 0.040600 0.008100 0.032500 0.016100 0.008000 0.008000 0.016100 0.008000 0.007900 0.056200 0.024200 0.016100 0.049000 0.032200 0.008000 0.008000 0.008100 0.008100 0.008000 0.016100 0.007900 0.000000
Oribi 0.016300 0.033200 0.024400 0.041600 0.016300 0.016100 0.016200 0.016400 0.024400 0.058000 0.024500 0.016300 0.024500 0.016400 0.016400 0.016100 0.024400 0.032200 0.016100 0.024400 0.000000 0.016300 0.032600 0.040800 0.032800 0.008000 0.024500 0.024400 0.008100 0.024500 0.049300 0.016400 0.041000 0.024500 0.016300 0.016200 0.024500 0.016300 0.015900 0.065000 0.032600 0.008000 0.057800 0.040600 0.016300 0.016300 0.016400 0.016400 0.016300 0.024200 0.032500 0.024400
BarbaryShe 0.000000 0.033300 0.008000 0.041800 0.000000 0.000100 0.000200 0.000000 0.008000 0.041000 0.008000 0.000200 0.008100 0.000000 0.000000 0.016200 0.024500 0.032300 0.000100 0.008000 0.016300 0.000000 0.016100 0.024200 0.016200 0.008100 0.008100 0.008000 0.008100 0.008100 0.032500 0.000000 0.024400 0.008100 0.000100 0.000200 0.008000 0.000000 0.000200 0.048300 0.016100 0.008100 0.040900 0.024100 0.000200 0.000100 0.000000 0.000100 0.000100 0.008000 0.016100 0.008000
Daviddeer 0.016100 0.016300 0.024100 0.041500 0.016100 0.016000 0.016000 0.016200 0.024100 0.024000 0.024300 0.016200 0.024200 0.016200 0.016200 0.032400 0.008000 0.015800 0.015900 0.024100 0.032600 0.016100 0.000000 0.007900 0.032600 0.024300 0.024200 0.024100 0.024400 0.024200 0.015900 0.016200 0.008000 0.024200 0.016100 0.016100 0.024300 0.016100 0.015700 0.031300 0.000100 0.024200 0.023900 0.007800 0.016100 0.016100 0.016200 0.016200 0.016100 0.024100 0.032200 0.024100
Reindeer 0.024300 0.024600 0.032300 0.049900 0.024300 0.024000 0.024100 0.024300 0.032300 0.032300 0.032500 0.024400 0.032400 0.024300 0.024300 0.040700 0.016000 0.023700 0.024000 0.032300 0.040800 0.024200 0.007900 0.000000 0.040800 0.032500 0.032400 0.032200 0.032600 0.032400 0.023800 0.024300 0.016000 0.032400 0.024200 0.024200 0.032500 0.024300 0.023600 0.039300 0.007900 0.032400 0.031900 0.015800 0.024200 0.024200 0.024300 0.024400 0.024200 0.032200 0.040400 0.032300
Ibex 0.016300 0.050400 0.024400 0.041600 0.016300 0.016100 0.016200 0.016300 0.024400 0.057900 0.008000 0.016300 0.024400 0.016300 0.016300 0.032700 0.041300 0.049000 0.016100 0.024400 0.032800 0.016200 0.032600 0.040800 0.000000 0.024500 0.024400 0.024300 0.024600 0.024400 0.049300 0.016300 0.041100 0.024400 0.016200 0.016200 0.008000 0.016300 0.015900 0.065000 0.032600 0.024400 0.057800 0.040600 0.016200 0.016300 0.016300 0.016300 0.016200 0.024300 0.032500 0.024400
GyrantGaze 0.008100 0.041900 0.016200 0.050500 0.008100 0.008000 0.008000 0.008100 0.016200 0.049300 0.016200 0.008100 0.016200 0.008100 0.008100 0.008000 0.032900 0.040700 0.008000 0.016200 0.008000 0.008100 0.024300 0.032500 0.024500 0.000000 0.016200 0.016100 0.000100 0.016200 0.040700 0.008100 0.032600 0.016200 0.008100 0.008100 0.016200 0.008100 0.007900 0.056600 0.024400 0.000000 0.049200 0.032400 0.008100 0.008100 0.008100 0.008100 0.008100 0.016100 0.024300 0.016200
Hartebeest 0.008100 0.041800 0.016100 0.050400 0.008100 0.008000 0.008000 0.008100 0.016100 0.049400 0.016200 0.008100 0.000000 0.008100 0.008100 0.024400 0.032800 0.040500 0.008000 0.016100 0.024500 0.008100 0.024200 0.032400 0.024400 0.016200 0.000000 0.016100 0.016300 0.016200 0.040700 0.008100 0.032600 0.000000 0.008100 0.008000 0.016200 0.008100 0.007900 0.056400 0.024300 0.016100 0.049200 0.032200 0.008100 0.008100 0.008100 0.008100 0.008000 0.016100 0.024200 0.016100
Bongo 0.008000 0.041700 0.000000 0.050200 0.008000 0.007900 0.008000 0.008000 0.000000 0.048900 0.016100 0.008100 0.016100 0.008000 0.008000 0.024200 0.032600 0.040300 0.007900 0.000000 0.024400 0.008000 0.024100 0.032200 0.024300 0.016100 0.016100 0.000000 0.016200 0.000100 0.040500 0.008000 0.032400 0.016100 0.008000 0.008000 0.016100 0.008000 0.007800 0.056100 0.024200 0.016100 0.049000 0.032100 0.008000 0.008000 0.008000 0.008000 0.008000 0.016000 0.007900 0.000000
Gerenuk 0.008100 0.042000 0.016200 0.050600 0.008100 0.008100 0.008100 0.008100 0.016200 0.049500 0.016300 0.008200 0.016300 0.008100 0.008100 0.008000 0.033000 0.040900 0.008000 0.016200 0.008100 0.008100 0.024400 0.032600 0.024600 0.000100 0.016300 0.016200 0.000000 0.016300 0.040900 0.008100 0.032700 0.016300 0.008100 0.008100 0.016300 0.008100 0.007900 0.056800 0.024500 0.000100 0.049400 0.032500 0.008100 0.008100 0.008100 0.008100 0.008100 0.016100 0.024400 0.016200
CommonElan 0.008100 0.041800 0.000000 0.050400 0.008100 0.008000 0.008000 0.008100 0.000000 0.049200 0.016200 0.008100 0.016200 0.008100 0.008100 0.024300 0.032800 0.040500 0.008000 0.000000 0.024500 0.008100 0.024200 0.032400 0.024400 0.016200 0.016200 0.000100 0.016300 0.000000 0.040700 0.008100 0.032600 0.016200 0.008100 0.008000 0.016200 0.008100 0.007900 0.057400 0.024300 0.016200 0.049200 0.032300 0.008100 0.008100 0.008100 0.008100 0.008000 0.016100 0.008000 0.000000
MuntiacusR 0.032600 0.033100 0.040600 0.058800 0.032600 0.032200 0.032300 0.032600 0.040600 0.007900 0.040800 0.032700 0.040700 0.032600 0.032600 0.048100 0.024200 0.031900 0.032200 0.040600 0.049300 0.032500 0.015900 0.023800 0.049300 0.040700 0.040700 0.040500 0.040900 0.040700 0.000000 0.032600 0.007900 0.040700 0.032500 0.032500 0.040800 0.032600 0.031800 0.047500 0.016000 0.040600 0.007800 0.023900 0.032500 0.032500 0.032600 0.032700 0.032500 0.024000 0.048800 0.040600
HarveysDui 0.000000 0.033400 0.008100 0.042000 0.000000 0.000100 0.000100 0.000000 0.008100 0.041100 0.008100 0.000100 0.008100 0.000000 0.000000 0.016200 0.024600 0.032500 0.000100 0.008100 0.016400 0.000000 0.016200 0.024300 0.016300 0.008100 0.008100 0.008000 0.008100 0.008100 0.032600 0.000000 0.024500 0.008100 0.000100 0.000100 0.008100 0.000000 0.000300 0.048500 0.016200 0.008100 0.041000 0.024300 0.000100 0.000000 0.000000 0.000000 0.000000 0.008100 0.016200 0.008100
Pronghorn 0.024500 0.024800 0.032500 0.050200 0.024400 0.024200 0.024300 0.024500 0.032500 0.016000 0.032700 0.024500 0.032600 0.024500 0.024500 0.039500 0.016100 0.024000 0.024100 0.032500 0.041000 0.024400 0.008000 0.016000 0.041100 0.032600 0.032600 0.032400 0.032700 0.032600 0.007900 0.024500 0.000000 0.032600 0.024400 0.024300 0.032700 0.024400 0.023800 0.039700 0.008000 0.032500 0.016000 0.015900 0.024400 0.024400 0.024500 0.024500 0.024300 0.016000 0.040700 0.032500
BlueWildeb 0.008100 0.041800 0.016100 0.050400 0.008100 0.008000 0.008000 0.008100 0.016100 0.049400 0.016200 0.008100 0.000000 0.008100 0.008100 0.024400 0.032800 0.040500 0.008000 0.016100 0.024500 0.008100 0.024200 0.032400 0.024400 0.016200 0.000000 0.016100 0.016300 0.016200 0.040700 0.008100 0.032600 0.000000 0.008100 0.008000 0.016200 0.008100 0.007900 0.056400 0.024300 0.016100 0.049200 0.032200 0.008100 0.008100 0.008100 0.008100 0.008000 0.016100 0.024200 0.016100
Gemsbok 0.000100 0.033400 0.008000 0.041900 0.000100 0.000100 0.000200 0.000100 0.008000 0.041000 0.008100 0.000200 0.008100 0.000100 0.000100 0.016200 0.024500 0.032300 0.000100 0.008000 0.016300 0.000100 0.016100 0.024200 0.016200 0.008100 0.008100 0.008000 0.008100 0.008100 0.032500 0.000100 0.024400 0.008100 0.000000 0.000200 0.008100 0.000100 0.000300 0.048300 0.016200 0.008000 0.040900 0.024100 0.000200 0.000100 0.000100 0.000100 0.000200 0.008000 0.016100 0.008000
Yak 0.000200 0.033200 0.008000 0.041700 0.000200 0.000300 0.000200 0.000100 0.008000 0.040900 0.008100 0.000000 0.008000 0.000100 0.000100 0.016200 0.024400 0.032200 0.000200 0.008000 0.016200 0.000200 0.016100 0.024200 0.016200 0.008100 0.008000 0.008000 0.008100 0.008000 0.032500 0.000100 0.024300 0.008000 0.000200 0.000000 0.008100 0.000200 0.000300 0.048100 0.016100 0.008000 0.040800 0.024100 0.000000 0.000200 0.000100 0.000200 0.000100 0.008000 0.016000 0.008000
BlueSheep 0.008100 0.041800 0.016100 0.033100 0.008100 0.008000 0.008000 0.008100 0.016100 0.049400 0.000000 0.008100 0.016200 0.008100 0.008100 0.024400 0.032800 0.040600 0.008000 0.016100 0.024500 0.008000 0.024300 0.032500 0.008000 0.016200 0.016200 0.016100 0.016300 0.016200 0.040800 0.008100 0.032700 0.016200 0.008100 0.008100 0.000000 0.008100 0.007900 0.056500 0.024300 0.016200 0.049300 0.032300 0.008100 0.008100 0.008100 0.008100 0.008100 0.016100 0.024200 0.016100
BohorReedb 0.000000 0.033400 0.008000 0.041800 0.000000 0.000100 0.000200 0.000000 0.008000 0.041000 0.008100 0.000200 0.008100 0.000000 0.000000 0.016200 0.024500 0.032400 0.000100 0.008000 0.016300 0.000000 0.016100 0.024300 0.016300 0.008100 0.008100 0.008000 0.008100 0.008100 0.032600 0.000000 0.024400 0.008100 0.000100 0.000200 0.008100 0.000000 0.000300 0.048300 0.016200 0.008100 0.040900 0.024100 0.000200 0.000100 0.000000 0.000100 0.000100 0.008000 0.016100 0.008000
KirksDik 0.000300 0.032800 0.007900 0.041100 0.000300 0.000300 0.000400 0.000300 0.007900 0.040100 0.007900 0.000300 0.007900 0.000300 0.000300 0.015800 0.024000 0.031500 0.000200 0.007900 0.015900 0.000200 0.015700 0.023600 0.015900 0.007900 0.007900 0.007800 0.007900 0.007900 0.031800 0.000300 0.023800 0.007900 0.000300 0.000300 0.007900 0.000300 0.000000 0.046900 0.015800 0.007900 0.039900 0.023500 0.000300 0.000400 0.000300 0.000400 0.000200 0.007800 0.015700 0.007900
RoeDeer 0.048400 0.049100 0.056200 0.074800 0.048300 0.047800 0.048000 0.048500 0.056200 0.056000 0.056500 0.048500 0.056400 0.048500 0.048500 0.064700 0.039800 0.047300 0.047600 0.056200 0.065000 0.048300 0.031300 0.039300 0.065000 0.056600 0.056400 0.056100 0.056800 0.057400 0.047500 0.048500 0.039700 0.056400 0.048300 0.048100 0.056500 0.048300 0.046900 0.000000 0.031500 0.056400 0.055700 0.039200 0.048200 0.048300 0.048500 0.048600 0.048100 0.056000 0.064100 0.056200
WhiteLippe 0.016200 0.016400 0.024200 0.041500 0.016200 0.016000 0.016100 0.016200 0.024200 0.024200 0.024300 0.016200 0.024300 0.016200 0.016200 0.032500 0.008000 0.015800 0.016000 0.024200 0.032600 0.016100 0.000100 0.007900 0.032600 0.024400 0.024300 0.024200 0.024500 0.024300 0.016000 0.016200 0.008000 0.024300 0.016200 0.016100 0.024300 0.016200 0.015800 0.031500 0.000000 0.024300 0.024100 0.007900 0.016200 0.016200 0.016200 0.016200 0.016100 0.024200 0.032300 0.024200
ThomsonGaz 0.008100 0.041800 0.016100 0.050400 0.008100 0.008000 0.008000 0.008100 0.016100 0.049100 0.016200 0.008100 0.016100 0.008100 0.008100 0.008000 0.032800 0.040600 0.008000 0.016100 0.008000 0.008100 0.024200 0.032400 0.024400 0.000000 0.016100 0.016100 0.000100 0.016200 0.040600 0.008100 0.032500 0.016100 0.008000 0.008000 0.016200 0.008100 0.007900 0.056400 0.024300 0.000000 0.049000 0.032300 0.008100 0.008100 0.008100 0.008100 0.008000 0.016000 0.024200 0.016100
MuntiacusC 0.041000 0.041600 0.049000 0.067500 0.040900 0.040500 0.040700 0.041000 0.049000 0.000000 0.049300 0.041100 0.049200 0.041000 0.041000 0.056700 0.032500 0.040100 0.040500 0.049000 0.057800 0.040900 0.023900 0.031900 0.057800 0.049200 0.049200 0.049000 0.049400 0.049200 0.007800 0.041000 0.016000 0.049200 0.040900 0.040800 0.049300 0.040900 0.039900 0.055700 0.024100 0.049000 0.000000 0.032100 0.040900 0.040900 0.041000 0.041100 0.040800 0.032200 0.057300 0.049000
WhiteTaile 0.024200 0.024500 0.032200 0.049700 0.024100 0.023900 0.024000 0.024300 0.032200 0.032200 0.032300 0.024300 0.032200 0.024300 0.024300 0.040500 0.015900 0.007700 0.023800 0.032200 0.040600 0.024100 0.007800 0.015800 0.040600 0.032400 0.032200 0.032100 0.032500 0.032300 0.023900 0.024300 0.015900 0.032200 0.024100 0.024100 0.032300 0.024100 0.023500 0.039200 0.007900 0.032300 0.032100 0.000000 0.024100 0.024200 0.024300 0.024300 0.024100 0.032000 0.040200 0.032200
Cattle 0.000100 0.033300 0.008000 0.041800 0.000200 0.000200 0.000200 0.000100 0.008000 0.041000 0.008100 0.000000 0.008100 0.000100 0.000100 0.016200 0.024500 0.032300 0.000200 0.008000 0.016300 0.000200 0.016100 0.024200 0.016200 0.008100 0.008100 0.008000 0.008100 0.008100 0.032500 0.000100 0.024400 0.008100 0.000200 0.000000 0.008100 0.000200 0.000300 0.048200 0.016200 0.008100 0.040900 0.024100 0.000000 0.000100 0.000100 0.000100 0.000200 0.008000 0.016100 0.008000
RoyalAntel 0.000000 0.033300 0.008000 0.041900 0.000100 0.000100 0.000100 0.000000 0.008000 0.040900 0.008100 0.000200 0.008100 0.000000 0.000000 0.016200 0.024500 0.032400 0.000200 0.008000 0.016300 0.000100 0.016100 0.024200 0.016300 0.008100 0.008100 0.008000 0.008100 0.008100 0.032500 0.000000 0.024400 0.008100 0.000100 0.000200 0.008100 0.000100 0.000400 0.048300 0.016200 0.008100 0.040900 0.024200 0.000100 0.000000 0.000000 0.000000 0.000100 0.008000 0.016100 0.008000
Steenbok 0.000000 0.033400 0.008100 0.042000 0.000000 0.000100 0.000100 0.000000 0.008100 0.041100 0.008100 0.000100 0.008100 0.000000 0.000000 0.016200 0.024600 0.032500 0.000100 0.008100 0.016400 0.000000 0.016200 0.024300 0.016300 0.008100 0.008100 0.008000 0.008100 0.008100 0.032600 0.000000 0.024500 0.008100 0.000100 0.000100 0.008100 0.000000 0.000300 0.048500 0.016200 0.008100 0.041000 0.024300 0.000100 0.000000 0.000000 0.000000 0.000000 0.008100 0.016200 0.008100
Impala 0.000000 0.033500 0.008100 0.042000 0.000100 0.000100 0.000100 0.000000 0.008100 0.041100 0.008100 0.000200 0.008100 0.000000 0.000000 0.016300 0.024600 0.032600 0.000200 0.008100 0.016400 0.000100 0.016200 0.024400 0.016300 0.008100 0.008100 0.008000 0.008100 0.008100 0.032700 0.000000 0.024500 0.008100 0.000100 0.000200 0.008100 0.000100 0.000400 0.048600 0.016200 0.008100 0.041100 0.024300 0.000100 0.000000 0.000000 0.000000 0.000100 0.008100 0.016200 0.008100
Klipspring 0.000100 0.033300 0.008000 0.041800 0.000100 0.000200 0.000200 0.000000 0.008000 0.040900 0.008100 0.000200 0.008000 0.000000 0.000000 0.016100 0.024400 0.032200 0.000100 0.008000 0.016300 0.000100 0.016100 0.024200 0.016200 0.008100 0.008000 0.008000 0.008100 0.008000 0.032500 0.000000 0.024300 0.008000 0.000200 0.000100 0.008100 0.000100 0.000200 0.048100 0.016100 0.008000 0.040800 0.024100 0.000200 0.000100 0.000000 0.000100 0.000000 0.008000 0.016000 0.008000
ForestMusk 0.008000 0.041600 0.016100 0.050100 0.008000 0.008000 0.008000 0.008100 0.016100 0.032300 0.016100 0.008100 0.016100 0.008100 0.008100 0.023300 0.032600 0.040300 0.007900 0.016100 0.024200 0.008000 0.024100 0.032200 0.024300 0.016100 0.016100 0.016000 0.016100 0.016100 0.024000 0.008100 0.016000 0.016100 0.008000 0.008000 0.016100 0.008000 0.007800 0.056000 0.024200 0.016000 0.032200 0.032000 0.008000 0.008000 0.008100 0.008100 0.008000 0.000000 0.024100 0.016100
Bushbuck 0.016100 0.050100 0.007900 0.058600 0.016100 0.015900 0.016000 0.016200 0.007900 0.057400 0.024200 0.016200 0.024200 0.016200 0.016200 0.032400 0.040800 0.048400 0.015900 0.007900 0.032500 0.016100 0.032200 0.040400 0.032500 0.024300 0.024200 0.007900 0.024400 0.008000 0.048800 0.016200 0.040700 0.024200 0.016100 0.016000 0.024200 0.016100 0.015700 0.064100 0.032300 0.024200 0.057300 0.040200 0.016100 0.016100 0.016200 0.016200 0.016000 0.024100 0.000000 0.007900
GreaterKud 0.008000 0.041700 0.000000 0.050300 0.008000 0.008000 0.008000 0.008100 0.000000 0.049000 0.016100 0.008100 0.016100 0.008100 0.008100 0.024300 0.032700 0.040400 0.007900 0.000000 0.024400 0.008000 0.024100 0.032300 0.024400 0.016200 0.016100 0.000000 0.016200 0.000000 0.040600 0.008100 0.032500 0.016100 0.008000 0.008000 0.016100 0.008000 0.007900 0.056200 0.024200 0.016100 0.049000 0.032200 0.008000 0.008000 0.008100 0.008100 0.008000 0.016100 0.007900 0.000000
