1
52 1
Argali 0.000000 0.385800 0.132600 0.309700 0.000000 0.000100 0.051500 0.138100 0.106500 0.226300 0.050200 0.078500 0.050700 0.025500 0.025600 0.079700 0.161700 0.192500 0.051300 0.163900 0.052200 0.077500 0.162900 0.222500 0.024900 0.052200 0.050700 0.105700 0.108600 0.077600 0.226300 0.051500 0.291100 0.077300 0.104500 0.162800 0.024900 0.000000 0.078600 0.252700 0.162000 0.078700 0.226300 0.191100 0.191600 0.081100 0.079700 0.076300 0.110100 0.223500 0.077000 0.104000
LesserMous 0.385800 0.000000 0.433300 0.253700 0.385800 0.383300 0.385800 0.436300 0.350000 0.516800 0.304800 0.350600 0.308100 0.427400 0.427500 0.357000 0.313500 0.355000 0.311700 0.427800 0.392100 0.350000 0.390900 0.388000 0.342600 0.392100 0.308100 0.391000 0.403600 0.350000 0.516800 0.428900 0.353600 0.275800 0.468800 0.474300 0.342600 0.385800 0.426600 0.388800 0.389000 0.390900 0.516800 0.386200 0.388300 0.393600 0.356500 0.338800 0.595700 0.322500 0.346400 0.389100
LesserKudu 0.132600 0.433300 0.000000 0.276300 0.132600 0.131700 0.132600 0.298100 0.078500 0.255400 0.129800 0.105300 0.131300 0.162700 0.163100 0.166700 0.190700 0.223500 0.192700 0.078100 0.195800 0.161900 0.253900 0.253100 0.159600 0.195800 0.131300 0.077900 0.137900 0.050900 0.255400 0.192500 0.257000 0.104500 0.190200 0.132500 0.159600 0.132600 0.224300 0.283600 0.252500 0.225500 0.255400 0.220000 0.222000 0.231700 0.166800 0.157400 0.265600 0.194100 0.050500 0.076900
KillerWhal 0.309700 0.253700 0.276300 0.000000 0.309700 0.306300 0.309700 0.441800 0.275800 0.466400 0.303100 0.277300 0.236500 0.347800 0.349500 0.284200 0.241300 0.279500 0.390900 0.347400 0.317000 0.351000 0.347200 0.385900 0.342300 0.317000 0.236500 0.313400 0.251500 0.275300 0.466400 0.350000 0.282300 0.206400 0.342500 0.311400 0.342300 0.309700 0.347300 0.423600 0.345100 0.315400 0.466400 0.343300 0.310800 0.399000 0.283500 0.336100 0.497800 0.322500 0.273200 0.310300
DefassaWat 0.000000 0.385800 0.132600 0.309700 0.000000 0.000100 0.048000 0.138100 0.106500 0.226300 0.050200 0.078500 0.050700 0.025500 0.025600 0.079700 0.161700 0.192500 0.051300 0.163900 0.052200 0.077500 0.162900 0.222500 0.024900 0.052200 0.050700 0.105700 0.108600 0.077600 0.226300 0.048100 0.291100 0.077300 0.104500 0.162800 0.024900 0.000000 0.078600 0.252700 0.162000 0.078700 0.226300 0.191100 0.191600 0.081100 0.079700 0.076300 0.110100 0.223500 0.077000 0.104000
Sheep 0.000100 0.383300 0.131700 0.306300 0.000100 0.000000 0.051200 0.137200 0.105700 0.224600 0.049600 0.077900 0.049500 0.024700 0.025400 0.079100 0.160600 0.190800 0.050800 0.162200 0.051900 0.076500 0.161200 0.220400 0.024600 0.051900 0.050000 0.104900 0.107900 0.077000 0.224600 0.051200 0.287400 0.076300 0.103200 0.161700 0.024000 0.000100 0.077500 0.250800 0.160300 0.078100 0.224600 0.189300 0.190400 0.080500 0.078900 0.075300 0.109300 0.222000 0.076200 0.103200
MaxwellsDu 0.051500 0.385800 0.132600 0.309700 0.048000 0.051200 0.000000 0.138100 0.106500 0.226300 0.050200 0.025300 0.050700 0.025500 0.079300 0.079700 0.161700 0.192500 0.106200 0.163900 0.052200 0.133800 0.162900 0.222500 0.077300 0.052200 0.050700 0.105700 0.108600 0.077600 0.226300 0.051500 0.291100 0.077300 0.104500 0.104700 0.077300 0.051500 0.078600 0.252700 0.162000 0.078700 0.226300 0.191100 0.132000 0.081100 0.079700 0.076300 0.110100 0.223500 0.077000 0.104000
GazellaPrz 0.138100 0.436300 0.298100 0.441800 0.138100 0.137200 0.138100 0.000000 0.269300 0.420300 0.134200 0.168500 0.136100 0.109300 0.170700 0.110300 0.295900 0.333000 0.137200 0.342400 0.081300 0.166100 0.336100 0.412000 0.106400 0.081300 0.136100 0.267200 0.141000 0.230900 0.420300 0.138000 0.413500 0.166300 0.263200 0.263500 0.106400 0.138100 0.109000 0.365100 0.334600 0.108800 0.420300 0.371500 0.227600 0.174900 0.110400 0.163400 0.139800 0.412900 0.229600 0.261700
MountainNy 0.106500 0.350000 0.078500 0.275800 0.106500 0.105700 0.106500 0.269300 0.000000 0.228000 0.103700 0.079200 0.104900 0.136300 0.136700 0.139300 0.163200 0.194700 0.165100 0.051600 0.168500 0.194800 0.225100 0.224200 0.133100 0.168500 0.104900 0.052000 0.171300 0.025500 0.228000 0.165600 0.294100 0.078200 0.162600 0.164300 0.133100 0.106500 0.197200 0.253900 0.224000 0.197500 0.228000 0.192600 0.193500 0.139900 0.139300 0.131100 0.236900 0.165000 0.025300 0.051200
MuntiacusM 0.226300 0.516800 0.255400 0.466400 0.226300 0.224600 0.226300 0.420300 0.228000 0.000000 0.220100 0.258700 0.221900 0.261500 0.262000 0.334900 0.288900 0.324100 0.292600 0.294200 0.298600 0.324900 0.104900 0.103600 0.254900 0.298600 0.221900 0.226300 0.374700 0.193100 0.000000 0.294300 0.441900 0.254100 0.287200 0.361400 0.254900 0.226300 0.331600 0.189000 0.104400 0.330300 0.000000 0.076600 0.395900 0.342200 0.335000 0.251900 0.384300 0.290300 0.191700 0.222300
goat 0.050200 0.304800 0.129800 0.303100 0.050200 0.049600 0.050200 0.134200 0.103700 0.220100 0.000000 0.076500 0.049300 0.076200 0.076900 0.133500 0.158200 0.187800 0.050100 0.158700 0.104900 0.075400 0.159300 0.217200 0.024200 0.104900 0.049300 0.103100 0.163900 0.075800 0.220100 0.103900 0.218300 0.075200 0.101600 0.159100 0.024200 0.050200 0.130900 0.186200 0.158500 0.132300 0.220100 0.186500 0.188200 0.135200 0.133200 0.023200 0.167000 0.219900 0.075100 0.102100
AfricanBuf 0.078500 0.350600 0.105300 0.277300 0.078500 0.077900 0.025300 0.168500 0.079200 0.258700 0.076500 0.000000 0.077300 0.051700 0.107400 0.052800 0.133500 0.163700 0.135000 0.135200 0.079700 0.163800 0.193200 0.192400 0.104600 0.079700 0.077300 0.078600 0.081000 0.051300 0.258700 0.078500 0.259300 0.051200 0.133000 0.077800 0.104600 0.078500 0.106500 0.221800 0.192100 0.106700 0.258700 0.161800 0.104600 0.110000 0.052800 0.103100 0.139800 0.194200 0.050900 0.077300
Topi 0.050700 0.308100 0.131300 0.236500 0.050700 0.049500 0.050700 0.136100 0.104900 0.221900 0.049300 0.077300 0.000000 0.077100 0.077800 0.078800 0.159700 0.190000 0.104500 0.160800 0.051500 0.131600 0.160200 0.219100 0.075700 0.051500 0.000000 0.104200 0.107500 0.076600 0.221900 0.104900 0.287400 0.024500 0.102600 0.160700 0.075700 0.050700 0.076900 0.249700 0.159400 0.077800 0.221900 0.187900 0.131000 0.137400 0.078600 0.074800 0.168500 0.222300 0.075800 0.102900
CommonDuik 0.025500 0.427400 0.162700 0.347800 0.025500 0.024700 0.025500 0.109300 0.136300 0.261500 0.076200 0.051700 0.077100 0.000000 0.052300 0.052600 0.193100 0.224800 0.078300 0.195800 0.025900 0.104900 0.193400 0.255800 0.050500 0.025900 0.077100 0.135100 0.080600 0.105500 0.261500 0.025500 0.326100 0.104700 0.132800 0.133700 0.050500 0.025500 0.051500 0.286600 0.192300 0.051900 0.261500 0.223100 0.161600 0.053600 0.052500 0.103000 0.081500 0.257000 0.104400 0.132500
Suni 0.025600 0.427500 0.163100 0.349500 0.025600 0.025400 0.079300 0.170700 0.136700 0.262000 0.076900 0.107400 0.077800 0.052300 0.000000 0.109300 0.193400 0.225600 0.078700 0.196900 0.080600 0.105800 0.194400 0.256900 0.050900 0.080600 0.077800 0.135600 0.139700 0.105800 0.262000 0.079300 0.328500 0.105600 0.133900 0.194800 0.050900 0.025600 0.107800 0.287100 0.193400 0.107600 0.262000 0.224100 0.224200 0.111500 0.109300 0.103900 0.141500 0.257300 0.105100 0.132900
Springbuck 0.079700 0.357000 0.166700 0.284200 0.079700 0.079100 0.079700 0.110300 0.139300 0.334900 0.133500 0.052800 0.078800 0.052600 0.109300 0.000000 0.197000 0.231000 0.137100 0.200600 0.026300 0.166800 0.261600 0.261300 0.106000 0.026300 0.078800 0.138100 0.026800 0.107800 0.334900 0.079700 0.336700 0.052300 0.196700 0.136500 0.106000 0.079700 0.052500 0.291500 0.260000 0.052600 0.334900 0.227300 0.106400 0.112400 0.000100 0.161900 0.141800 0.264300 0.107000 0.135300
Okapi 0.161700 0.313500 0.190700 0.241300 0.161700 0.160600 0.161700 0.295900 0.163200 0.288900 0.158200 0.133500 0.159700 0.193100 0.193400 0.197000 0.000000 0.025000 0.223600 0.223600 0.227200 0.255000 0.222500 0.221500 0.189300 0.227200 0.159700 0.162200 0.231100 0.132200 0.288900 0.223800 0.225800 0.132100 0.220200 0.222500 0.189300 0.161700 0.257000 0.252100 0.221400 0.257600 0.288900 0.189900 0.253400 0.265000 0.197200 0.186900 0.265400 0.163400 0.131300 0.160000
Giraffe 0.192500 0.355000 0.223500 0.279500 0.192500 0.190800 0.192500 0.333000 0.194700 0.324100 0.187800 0.163700 0.190000 0.224800 0.225600 0.231000 0.025000 0.000000 0.256600 0.257100 0.261800 0.290300 0.254500 0.254400 0.220300 0.261800 0.190000 0.193500 0.267600 0.162100 0.324100 0.257200 0.260200 0.161900 0.253000 0.256200 0.220300 0.192500 0.291400 0.285700 0.253200 0.293200 0.324100 0.221000 0.288300 0.301800 0.230300 0.217000 0.301400 0.195800 0.160600 0.190800
TibetanAnt 0.051300 0.311700 0.192700 0.390900 0.051300 0.050800 0.106200 0.137200 0.165100 0.292600 0.050100 0.135000 0.104500 0.078300 0.078700 0.137100 0.223600 0.256600 0.000000 0.225600 0.107600 0.025000 0.224700 0.254200 0.024800 0.107600 0.104500 0.163900 0.168600 0.133600 0.292600 0.106100 0.291300 0.133200 0.161800 0.224900 0.024800 0.051300 0.134400 0.251900 0.223500 0.135400 0.292600 0.254200 0.256200 0.080800 0.136700 0.075900 0.170500 0.225100 0.132400 0.161600
Sitatunga 0.163900 0.427800 0.078100 0.347400 0.163900 0.162200 0.163900 0.342400 0.051600 0.294200 0.158700 0.135200 0.160800 0.195800 0.196900 0.200600 0.223600 0.257100 0.225600 0.000000 0.231500 0.257200 0.288300 0.288400 0.190700 0.231500 0.160800 0.051400 0.235600 0.077900 0.294200 0.227100 0.364200 0.132900 0.222500 0.225100 0.190700 0.163900 0.261100 0.319600 0.286900 0.261700 0.294200 0.254200 0.255600 0.202000 0.200000 0.187600 0.307300 0.162700 0.076800 0.104400
Oribi 0.052200 0.392100 0.195800 0.317000 0.052200 0.051900 0.052200 0.081300 0.168500 0.298600 0.104900 0.079700 0.051500 0.025900 0.080600 0.026300 0.227200 0.261800 0.107600 0.231500 0.000000 0.135900 0.228000 0.293700 0.078200 0.000000 0.051500 0.167000 0.053700 0.135700 0.298600 0.052200 0.371100 0.078800 0.165000 0.165100 0.078200 0.052200 0.025800 0.324500 0.226600 0.025800 0.298600 0.258700 0.133900 0.082700 0.026300 0.132700 0.111500 0.295700 0.134800 0.163600
BarbaryShe 0.077500 0.350000 0.161900 0.351000 0.077500 0.076500 0.133800 0.166100 0.194800 0.324900 0.075400 0.163800 0.131600 0.104900 0.105800 0.166800 0.255000 0.290300 0.025000 0.257200 0.135900 0.000000 0.255100 0.286100 0.049700 0.135900 0.131600 0.193500 0.137900 0.162100 0.324900 0.133800 0.255300 0.161400 0.190500 0.192500 0.049700 0.077500 0.162300 0.283800 0.253800 0.164300 0.324900 0.285600 0.288900 0.108700 0.166300 0.101500 0.200800 0.257900 0.160500 0.190900
Daviddeer 0.162900 0.390900 0.253900 0.347200 0.162900 0.161200 0.162900 0.336100 0.225100 0.104900 0.159300 0.193200 0.160200 0.193400 0.194400 0.261600 0.222500 0.254500 0.224700 0.288300 0.228000 0.255100 0.000000 0.103300 0.190200 0.228000 0.160200 0.223900 0.298100 0.191700 0.104900 0.162700 0.362500 0.190400 0.220400 0.288600 0.190200 0.162900 0.257100 0.131100 0.000100 0.193600 0.104900 0.076200 0.253100 0.265200 0.260800 0.188500 0.304900 0.290700 0.189800 0.221300
Reindeer 0.222500 0.388000 0.253100 0.385900 0.222500 0.220400 0.222500 0.412000 0.224200 0.103600 0.217200 0.192400 0.219100 0.255800 0.256900 0.261300 0.221500 0.254400 0.254200 0.288400 0.293700 0.286100 0.103300 0.000000 0.250900 0.293700 0.219100 0.222900 0.298300 0.190500 0.103600 0.289200 0.363100 0.189800 0.283700 0.287800 0.250900 0.222500 0.324700 0.130000 0.102600 0.325800 0.103600 0.024400 0.320900 0.298100 0.260500 0.248100 0.377900 0.254600 0.188800 0.219900
Ibex 0.024900 0.342600 0.159600 0.342300 0.024900 0.024600 0.077300 0.106400 0.133100 0.254900 0.024200 0.104600 0.075700 0.050500 0.050900 0.106000 0.189300 0.220300 0.024800 0.190700 0.078200 0.049700 0.190200 0.250900 0.000000 0.078200 0.075700 0.132200 0.135600 0.103500 0.254900 0.077200 0.251600 0.102700 0.130100 0.190500 0.000000 0.024900 0.103900 0.217500 0.189300 0.104900 0.254900 0.218700 0.220300 0.107600 0.105800 0.049100 0.137700 0.253300 0.102500 0.130500
GyrantGaze 0.052200 0.392100 0.195800 0.317000 0.052200 0.051900 0.052200 0.081300 0.168500 0.298600 0.104900 0.079700 0.051500 0.025900 0.080600 0.026300 0.227200 0.261800 0.107600 0.231500 0.000000 0.135900 0.228000 0.293700 0.078200 0.000000 0.051500 0.167000 0.053700 0.135700 0.298600 0.052200 0.371100 0.078800 0.165000 0.165100 0.078200 0.052200 0.025800 0.324500 0.226600 0.025800 0.298600 0.258700 0.133900 0.082700 0.026300 0.132700 0.111500 0.295700 0.134800 0.163600
Hartebeest 0.050700 0.308100 0.131300 0.236500 0.050700 0.050000 0.050700 0.136100 0.104900 0.221900 0.049300 0.077300 0.000000 0.077100 0.077800 0.078800 0.159700 0.190000 0.104500 0.160800 0.051500 0.131600 0.160200 0.219100 0.075700 0.051500 0.000000 0.104200 0.107500 0.076600 0.221900 0.104900 0.287400 0.024600 0.102600 0.160700 0.075700 0.050700 0.076900 0.249700 0.159400 0.077800 0.221900 0.187900 0.131000 0.137400 0.078600 0.074800 0.168500 0.222300 0.075800 0.102900
Bongo 0.105700 0.391000 0.077900 0.313400 0.105700 0.104900 0.105700 0.267200 0.052000 0.226300 0.103100 0.078600 0.104200 0.135100 0.135600 0.138100 0.162200 0.193500 0.163900 0.051400 0.167000 0.193500 0.223900 0.222900 0.132200 0.167000 0.104200 0.000000 0.169900 0.025300 0.226300 0.164400 0.292600 0.077600 0.161500 0.163200 0.132200 0.105700 0.195400 0.252900 0.222800 0.196100 0.226300 0.191300 0.192500 0.202100 0.138200 0.130300 0.235100 0.105700 0.025100 0.050900
Gerenuk 0.108600 0.403600 0.137900 0.251500 0.108600 0.107900 0.108600 0.141000 0.171300 0.374700 0.163900 0.081000 0.107500 0.080600 0.139700 0.026800 0.231100 0.267600 0.168600 0.235600 0.053700 0.137900 0.298100 0.298300 0.135600 0.053700 0.107500 0.169900 0.000000 0.138000 0.374700 0.108600 0.302700 0.080400 0.230800 0.108200 0.135600 0.108600 0.080400 0.328900 0.296200 0.080800 0.374700 0.262000 0.136200 0.144100 0.026800 0.193000 0.174100 0.303100 0.137000 0.166400
CommonElan 0.077600 0.350000 0.050900 0.275300 0.077600 0.077000 0.077600 0.230900 0.025500 0.193100 0.075800 0.051300 0.076600 0.105500 0.105800 0.107800 0.132200 0.162100 0.133600 0.077900 0.135700 0.162100 0.191700 0.190500 0.103500 0.135700 0.076600 0.025300 0.138000 0.000000 0.193100 0.133800 0.257300 0.050700 0.131600 0.133000 0.103500 0.077600 0.163300 0.220000 0.190700 0.164000 0.193100 0.160300 0.161500 0.168400 0.107900 0.102300 0.200200 0.134000 0.000200 0.025000
MuntiacusR 0.226300 0.516800 0.255400 0.466400 0.226300 0.224600 0.226300 0.420300 0.228000 0.000000 0.220100 0.258700 0.221900 0.261500 0.262000 0.334900 0.288900 0.324100 0.292600 0.294200 0.298600 0.324900 0.104900 0.103600 0.254900 0.298600 0.221900 0.226300 0.374700 0.193100 0.000000 0.294300 0.441900 0.254100 0.287200 0.361400 0.254900 0.226300 0.331600 0.189000 0.104400 0.330300 0.000000 0.076600 0.395900 0.342200 0.335000 0.251900 0.384300 0.290300 0.191700 0.222300
HarveysDui 0.051500 0.428900 0.192500 0.350000 0.048100 0.051200 0.051500 0.138000 0.165600 0.294300 0.103900 0.078500 0.104900 0.025500 0.079300 0.079700 0.223800 0.257200 0.106100 0.227100 0.052200 0.133800 0.162700 0.289200 0.077200 0.052200 0.104900 0.164400 0.108600 0.133800 0.294300 0.000000 0.364200 0.133500 0.162400 0.162700 0.077200 0.051500 0.078600 0.321300 0.161700 0.025300 0.294300 0.255200 0.131800 0.081100 0.079700 0.131600 0.110100 0.290700 0.132900 0.161600
Pronghorn 0.291100 0.353600 0.257000 0.282300 0.291100 0.287400 0.291100 0.413500 0.294100 0.441900 0.218300 0.259300 0.287400 0.326100 0.328500 0.336700 0.225800 0.260200 0.291300 0.364200 0.371100 0.255300 0.362500 0.363100 0.251600 0.371100 0.287400 0.292600 0.302700 0.257300 0.441900 0.364200 0.000000 0.256400 0.358900 0.291300 0.251600 0.291100 0.402500 0.323000 0.360500 0.406400 0.441900 0.323300 0.401900 0.417000 0.335700 0.248700 0.465600 0.297600 0.255100 0.289900
BlueWildeb 0.077300 0.275800 0.104500 0.206400 0.077300 0.076300 0.077300 0.166300 0.078200 0.254100 0.075200 0.051200 0.024500 0.104700 0.105600 0.052300 0.132100 0.161900 0.133200 0.132900 0.078800 0.161400 0.190400 0.189800 0.102700 0.078800 0.024600 0.077600 0.080400 0.050700 0.254100 0.133500 0.256400 0.000000 0.130800 0.132900 0.102700 0.077300 0.104200 0.219600 0.189400 0.105700 0.254100 0.159400 0.104100 0.168300 0.052200 0.101300 0.200300 0.193400 0.050200 0.076600
Gemsbok 0.104500 0.468800 0.190200 0.342500 0.104500 0.103200 0.104500 0.263200 0.162600 0.287200 0.101600 0.133000 0.102600 0.132800 0.133900 0.196700 0.220200 0.253000 0.161800 0.222500 0.165000 0.190500 0.220400 0.283700 0.130100 0.165000 0.102600 0.161500 0.230800 0.131600 0.287200 0.162400 0.358900 0.130800 0.000000 0.221600 0.130100 0.104500 0.191900 0.315500 0.219400 0.193800 0.287200 0.249900 0.252200 0.199400 0.196000 0.128300 0.232900 0.288000 0.130300 0.159200
Yak 0.162800 0.474300 0.132500 0.311400 0.162800 0.161700 0.104700 0.263500 0.164300 0.361400 0.159100 0.077800 0.160700 0.133700 0.194800 0.136500 0.222500 0.256200 0.224900 0.225100 0.165100 0.192500 0.288600 0.287800 0.190500 0.165100 0.160700 0.163200 0.108200 0.133000 0.361400 0.162700 0.291300 0.132900 0.221600 0.000000 0.190500 0.162800 0.193300 0.319900 0.287100 0.193900 0.361400 0.253400 0.077000 0.199400 0.136600 0.188000 0.233200 0.291000 0.132100 0.104300
BlueSheep 0.024900 0.342600 0.159600 0.342300 0.024900 0.024000 0.077300 0.106400 0.133100 0.254900 0.024200 0.104600 0.075700 0.050500 0.050900 0.106000 0.189300 0.220300 0.024800 0.190700 0.078200 0.049700 0.190200 0.250900 0.000000 0.078200 0.075700 0.132200 0.135600 0.103500 0.254900 0.077200 0.251600 0.102700 0.130100 0.190500 0.000000 0.024900 0.103900 0.217500 0.189300 0.104900 0.254900 0.218700 0.220300 0.107600 0.105800 0.049100 0.137700 0.253300 0.102500 0.130500
BohorReedb 0.000000 0.385800 0.132600 0.309700 0.000000 0.000100 0.051500 0.138100 0.106500 0.226300 0.050200 0.078500 0.050700 0.025500 0.025600 0.079700 0.161700 0.192500 0.051300 0.163900 0.052200 0.077500 0.162900 0.222500 0.024900 0.052200 0.050700 0.105700 0.108600 0.077600 0.226300 0.051500 0.291100 0.077300 0.104500 0.162800 0.024900 0.000000 0.078600 0.252700 0.162000 0.078700 0.226300 0.191100 0.191600 0.081100 0.079700 0.076300 0.110100 0.223500 0.077000 0.104000
KirksDik 0.078600 0.426600 0.224300 0.347300 0.078600 0.077500 0.078600 0.109000 0.197200 0.331600 0.130900 0.106500 0.076900 0.051500 0.107800 0.052500 0.257000 0.291400 0.134400 0.261100 0.025800 0.162300 0.257100 0.324700 0.103900 0.025800 0.076900 0.195400 0.080400 0.163300 0.331600 0.078600 0.402500 0.104200 0.191900 0.193300 0.103900 0.078600 0.000000 0.356900 0.255700 0.051700 0.331600 0.289000 0.161200 0.110500 0.052300 0.159200 0.140200 0.326300 0.161700 0.191500
RoeDeer 0.252700 0.388800 0.283600 0.423600 0.252700 0.250800 0.252700 0.365100 0.253900 0.189000 0.186200 0.221800 0.249700 0.286600 0.287100 0.291500 0.252100 0.285700 0.251900 0.319600 0.324500 0.283800 0.131100 0.130000 0.217500 0.324500 0.249700 0.252900 0.328900 0.220000 0.189000 0.321300 0.323000 0.219600 0.315500 0.319900 0.217500 0.252700 0.356900 0.000000 0.130400 0.358300 0.189000 0.102300 0.355000 0.365900 0.290600 0.216000 0.374300 0.322100 0.218600 0.250600
WhiteLippe 0.162000 0.389000 0.252500 0.345100 0.162000 0.160300 0.162000 0.334600 0.224000 0.104400 0.158500 0.192100 0.159400 0.192300 0.193400 0.260000 0.221400 0.253200 0.223500 0.286900 0.226600 0.253800 0.000100 0.102600 0.189300 0.226600 0.159400 0.222800 0.296200 0.190700 0.104400 0.161700 0.360500 0.189400 0.219400 0.287100 0.189300 0.162000 0.255700 0.130400 0.000000 0.192400 0.104400 0.075800 0.251800 0.263700 0.259200 0.187700 0.303500 0.289100 0.188800 0.220200
ThomsonGaz 0.078700 0.390900 0.225500 0.315400 0.078700 0.078100 0.078700 0.108800 0.197500 0.330300 0.132300 0.106700 0.077800 0.051900 0.107600 0.052600 0.257600 0.293200 0.135400 0.261700 0.025800 0.164300 0.193600 0.325800 0.104900 0.025800 0.077800 0.196100 0.080800 0.164000 0.330300 0.025300 0.406400 0.105700 0.193800 0.193900 0.104900 0.078700 0.051700 0.358300 0.192400 0.000000 0.330300 0.289700 0.104200 0.110300 0.052600 0.160700 0.140100 0.329100 0.162900 0.192700
MuntiacusC 0.226300 0.516800 0.255400 0.466400 0.226300 0.224600 0.226300 0.420300 0.228000 0.000000 0.220100 0.258700 0.221900 0.261500 0.262000 0.334900 0.288900 0.324100 0.292600 0.294200 0.298600 0.324900 0.104900 0.103600 0.254900 0.298600 0.221900 0.226300 0.374700 0.193100 0.000000 0.294300 0.441900 0.254100 0.287200 0.361400 0.254900 0.226300 0.331600 0.189000 0.104400 0.330300 0.000000 0.076600 0.395900 0.342200 0.335000 0.251900 0.384300 0.290300 0.191700 0.222300
WhiteTaile 0.191100 0.386200 0.220000 0.343300 0.191100 0.189300 0.191100 0.371500 0.192600 0.076600 0.186500 0.161800 0.187900 0.223100 0.224100 0.227300 0.189900 0.221000 0.254200 0.254200 0.258700 0.285600 0.076200 0.024400 0.218700 0.258700 0.187900 0.191300 0.262000 0.160300 0.076600 0.255200 0.323300 0.159400 0.249900 0.253400 0.218700 0.191100 0.289000 0.102300 0.075800 0.289700 0.076600 0.000000 0.285100 0.298300 0.226600 0.216400 0.339000 0.254000 0.158800 0.188700
Cattle 0.191600 0.388300 0.222000 0.310800 0.191600 0.190400 0.132000 0.227600 0.193500 0.395900 0.188200 0.104600 0.131000 0.161600 0.224200 0.106400 0.253400 0.288300 0.256200 0.255600 0.133900 0.288900 0.253100 0.320900 0.220300 0.133900 0.131000 0.192500 0.136200 0.161500 0.395900 0.131800 0.401900 0.104100 0.252200 0.077000 0.220300 0.191600 0.161200 0.355000 0.251800 0.104200 0.395900 0.285100 0.000000 0.229000 0.106500 0.217900 0.265300 0.325500 0.160500 0.132200
RoyalAntel 0.081100 0.393600 0.231700 0.399000 0.081100 0.080500 0.081100 0.174900 0.139900 0.342200 0.135200 0.110000 0.137400 0.053600 0.111500 0.112400 0.265000 0.301800 0.080800 0.202000 0.082700 0.108700 0.265200 0.298100 0.107600 0.082700 0.137400 0.202100 0.144100 0.168400 0.342200 0.081100 0.417000 0.168300 0.199400 0.199400 0.107600 0.081100 0.110500 0.365900 0.263700 0.110300 0.342200 0.298300 0.229000 0.000000 0.112500 0.164200 0.144700 0.264600 0.167200 0.197100
Steenbok 0.079700 0.356500 0.166800 0.283500 0.079700 0.078900 0.079700 0.110400 0.139300 0.335000 0.133200 0.052800 0.078600 0.052500 0.109300 0.000100 0.197200 0.230300 0.136700 0.200000 0.026300 0.166300 0.260800 0.260500 0.105800 0.026300 0.078600 0.138200 0.026800 0.107900 0.335000 0.079700 0.335700 0.052200 0.196000 0.136600 0.105800 0.079700 0.052300 0.290600 0.259200 0.052600 0.335000 0.226600 0.106500 0.112500 0.000000 0.161400 0.141900 0.264600 0.106800 0.135400
Impala 0.076300 0.338800 0.157400 0.336100 0.076300 0.075300 0.076300 0.163400 0.131100 0.251900 0.023200 0.103100 0.074800 0.103000 0.103900 0.161900 0.186900 0.217000 0.075900 0.187600 0.132700 0.101500 0.188500 0.248100 0.049100 0.132700 0.074800 0.130300 0.193000 0.102300 0.251900 0.131600 0.248700 0.101300 0.128300 0.188000 0.049100 0.076300 0.159200 0.216000 0.187700 0.160700 0.251900 0.216400 0.217900 0.164200 0.161400 0.000000 0.198100 0.249900 0.101300 0.129100
Klipspring 0.110100 0.595700 0.265600 0.497800 0.110100 0.109300 0.110100 0.139800 0.236900 0.384300 0.167000 0.139800 0.168500 0.081500 0.141500 0.141800 0.265400 0.301400 0.170500 0.307300 0.111500 0.200800 0.304900 0.377900 0.137700 0.111500 0.168500 0.235100 0.174100 0.200200 0.384300 0.110100 0.465600 0.200300 0.232900 0.233200 0.137700 0.110100 0.140200 0.374300 0.303500 0.140100 0.384300 0.339000 0.265300 0.144700 0.141900 0.198100 0.000000 0.299800 0.198500 0.230700
ForestMusk 0.223500 0.322500 0.194100 0.322500 0.223500 0.222000 0.223500 0.412900 0.165000 0.290300 0.219900 0.194200 0.222300 0.257000 0.257300 0.264300 0.163400 0.195800 0.225100 0.162700 0.295700 0.257900 0.290700 0.254600 0.253300 0.295700 0.222300 0.105700 0.303100 0.134000 0.290300 0.290700 0.297600 0.193400 0.288000 0.291000 0.253300 0.223500 0.326300 0.322100 0.289100 0.329100 0.290300 0.254000 0.325500 0.264600 0.264600 0.249900 0.299800 0.000000 0.132900 0.162600
Bushbuck 0.077000 0.346400 0.050500 0.273200 0.077000 0.076200 0.077000 0.229600 0.025300 0.191700 0.075100 0.050900 0.075800 0.104400 0.105100 0.107000 0.131300 0.160600 0.132400 0.076800 0.134800 0.160500 0.189800 0.188800 0.102500 0.134800 0.075800 0.025100 0.137000 0.000200 0.191700 0.132900 0.255100 0.050200 0.130300 0.132100 0.102500 0.077000 0.161700 0.218600 0.188800 0.162900 0.191700 0.158800 0.160500 0.167200 0.106800 0.101300 0.198500 0.132900 0.000000 0.024700
GreaterKud 0.104000 0.389100 0.076900 0.310300 0.104000 0.103200 0.104000 0.261700 0.051200 0.222300 0.102100 0.077300 0.102900 0.132500 0.132900 0.135300 0.160000 0.190800 0.161600 0.104400 0.163600 0.190900 0.221300 0.219900 0.130500 0.163600 0.102900 0.050900 0.166400 0.025000 0.222300 0.161600 0.289900 0.076600 0.159200 0.104300 0.130500 0.104000 0.191500 0.250600 0.220200 0.192700 0.222300 0.188700 0.132200 0.197100 0.135400 0.129100 0.230700 0.162600 0.024700 0.000000
