1
52 1
Argali 0.000000 0.193800 0.069000 0.189800 0.019700 0.000000 0.039900 0.044100 0.048200 0.090900 0.019700 0.031900 0.019700 0.040000 0.044000 0.040000 0.036000 0.040000 0.011800 0.052500 0.048000 0.011800 0.065000 0.060800 0.011800 0.044100 0.019700 0.052400 0.048200 0.060800 0.077900 0.031800 0.035900 0.027900 0.036100 0.064900 0.007900 0.019700 0.052400 0.065200 0.069300 0.044200 0.077600 0.069300 0.056500 0.048300 0.031800 0.035800 0.031800 0.052400 0.056500 0.052400
LesserMous 0.193800 0.000000 0.219600 0.206200 0.188600 0.193800 0.224300 0.218600 0.204600 0.251900 0.198900 0.184700 0.218900 0.214300 0.209300 0.209000 0.175300 0.194400 0.209100 0.210200 0.204300 0.209000 0.219600 0.224600 0.199300 0.219200 0.218900 0.209600 0.215500 0.220100 0.225700 0.214300 0.179600 0.220000 0.210600 0.214200 0.203900 0.198500 0.229400 0.215400 0.235300 0.219800 0.234800 0.235200 0.204300 0.215300 0.203900 0.209400 0.204400 0.189600 0.214600 0.209600
LesserKudu 0.069000 0.219600 0.000000 0.215500 0.073100 0.069000 0.086200 0.090400 0.019800 0.131000 0.081900 0.052500 0.081800 0.069100 0.082000 0.077900 0.065100 0.069100 0.082000 0.015900 0.086200 0.081900 0.103800 0.099300 0.073400 0.081900 0.081800 0.015100 0.086500 0.023800 0.117400 0.077700 0.082000 0.082100 0.082300 0.077700 0.077700 0.073100 0.099300 0.095400 0.108300 0.082000 0.116900 0.090700 0.069200 0.086500 0.077700 0.081900 0.077700 0.073500 0.019700 0.015800
KillerWhal 0.189800 0.206200 0.215500 0.000000 0.184700 0.189800 0.190300 0.205000 0.200500 0.236900 0.195000 0.185800 0.215000 0.190300 0.205400 0.200100 0.176000 0.180600 0.205200 0.206100 0.205400 0.205100 0.200200 0.200100 0.195400 0.195300 0.215000 0.205600 0.216300 0.216000 0.216500 0.180600 0.170700 0.205200 0.206600 0.215100 0.200000 0.194500 0.210300 0.201200 0.210500 0.206000 0.230600 0.210400 0.205200 0.191500 0.190300 0.200100 0.190700 0.185600 0.210500 0.205600
DefassaWat 0.019700 0.188600 0.073100 0.184700 0.000000 0.019700 0.035900 0.039900 0.052200 0.086400 0.031900 0.044000 0.023700 0.044000 0.048200 0.036000 0.040000 0.035800 0.023800 0.056500 0.052200 0.023800 0.060700 0.056500 0.031800 0.039900 0.023700 0.056400 0.044200 0.064800 0.073500 0.035900 0.040000 0.031900 0.040100 0.068900 0.019800 0.007800 0.048100 0.060800 0.064900 0.031900 0.073200 0.065000 0.060600 0.044000 0.027800 0.031800 0.035900 0.056400 0.060500 0.056400
Sheep 0.000000 0.193800 0.069000 0.189800 0.019700 0.000000 0.039900 0.044100 0.048200 0.090900 0.019700 0.031900 0.019700 0.040000 0.044000 0.040000 0.036000 0.040000 0.011800 0.052500 0.048000 0.011800 0.065000 0.060800 0.011800 0.044100 0.019700 0.052400 0.048200 0.060800 0.077900 0.031800 0.035900 0.027900 0.036100 0.064900 0.007900 0.019700 0.052400 0.065200 0.069300 0.044200 0.077600 0.069300 0.056500 0.048300 0.031800 0.035800 0.031800 0.052400 0.056500 0.052400
MaxwellsDu 0.039900 0.224300 0.086200 0.190300 0.035900 0.039900 0.000000 0.044200 0.065000 0.108600 0.052300 0.048400 0.044000 0.015800 0.060700 0.040100 0.052500 0.048200 0.044200 0.069400 0.056400 0.044000 0.073500 0.069200 0.052300 0.044200 0.044000 0.069200 0.048300 0.069300 0.095300 0.007500 0.052400 0.052600 0.061100 0.082000 0.040100 0.035900 0.052500 0.073700 0.077800 0.044300 0.094900 0.077800 0.073400 0.048400 0.031800 0.044000 0.040000 0.069200 0.073400 0.069200
GazellaPrz 0.044100 0.218600 0.090400 0.205000 0.039900 0.044100 0.044200 0.000000 0.069100 0.104000 0.048300 0.052500 0.048200 0.052400 0.065100 0.036100 0.065000 0.060700 0.048300 0.073600 0.052300 0.048300 0.086300 0.082000 0.056600 0.040000 0.048200 0.073400 0.044300 0.082000 0.090800 0.044200 0.065000 0.056700 0.065300 0.077600 0.044200 0.039900 0.048300 0.086600 0.090700 0.040100 0.090400 0.090700 0.069100 0.052500 0.019800 0.048300 0.044200 0.073400 0.077600 0.073400
MountainNy 0.048200 0.204600 0.019800 0.200500 0.052200 0.048200 0.065000 0.069100 0.000000 0.108600 0.060800 0.031900 0.060700 0.048300 0.069300 0.056800 0.052600 0.056600 0.060900 0.003900 0.073400 0.060800 0.082100 0.077800 0.052500 0.060800 0.060700 0.003700 0.065200 0.011800 0.095400 0.056600 0.060800 0.061000 0.069600 0.056600 0.056600 0.052300 0.077700 0.073800 0.086500 0.060800 0.095000 0.069400 0.048300 0.065200 0.056600 0.060800 0.065100 0.052500 0.007900 0.003700
MuntiacusM 0.090900 0.251900 0.131000 0.236900 0.086400 0.090900 0.108600 0.104000 0.108600 0.000000 0.104200 0.099900 0.104000 0.108500 0.113300 0.095600 0.095700 0.091100 0.104300 0.113400 0.099800 0.099800 0.048500 0.044400 0.095500 0.095300 0.104000 0.113100 0.108900 0.122200 0.027900 0.099800 0.095500 0.095600 0.113600 0.126600 0.099800 0.095100 0.104000 0.065600 0.052700 0.090700 0.019900 0.061200 0.117600 0.109000 0.091000 0.095400 0.104300 0.104200 0.117500 0.113100
goat 0.019700 0.198900 0.081900 0.195000 0.031900 0.019700 0.052300 0.048300 0.060800 0.104200 0.000000 0.044200 0.031800 0.060700 0.044100 0.052500 0.048400 0.052400 0.015800 0.065200 0.061400 0.019700 0.077900 0.073600 0.007500 0.056600 0.031800 0.065000 0.060900 0.073500 0.091000 0.052300 0.048300 0.032100 0.048600 0.069200 0.011800 0.031900 0.065000 0.078100 0.082200 0.056700 0.090600 0.082200 0.060800 0.061000 0.035900 0.048200 0.044100 0.065000 0.069200 0.065000
AfricanBuf 0.031900 0.184700 0.052500 0.185800 0.044000 0.031900 0.048400 0.052500 0.031900 0.099900 0.044200 0.000000 0.052400 0.031900 0.052500 0.040200 0.036100 0.048300 0.044200 0.036100 0.048400 0.044200 0.065100 0.069300 0.036000 0.044200 0.052400 0.036000 0.048500 0.044300 0.078100 0.040100 0.036000 0.052600 0.069600 0.040000 0.040100 0.044100 0.052500 0.073800 0.078000 0.044300 0.086400 0.069400 0.031800 0.056800 0.040100 0.052500 0.040200 0.044200 0.040100 0.036000
Topi 0.019700 0.218900 0.081800 0.215000 0.023700 0.019700 0.044000 0.048200 0.060700 0.104000 0.031800 0.052400 0.000000 0.052300 0.056500 0.044100 0.048400 0.044100 0.023900 0.065100 0.052200 0.023800 0.077700 0.073400 0.031800 0.048300 0.000000 0.064900 0.052400 0.073400 0.090900 0.044000 0.056600 0.007900 0.032100 0.077600 0.019800 0.023800 0.056600 0.077900 0.082100 0.048300 0.090500 0.082100 0.069100 0.052500 0.035800 0.039900 0.044000 0.064900 0.069100 0.064900
CommonDuik 0.040000 0.214300 0.069100 0.190300 0.044000 0.040000 0.015800 0.052400 0.048300 0.108500 0.060700 0.031900 0.052300 0.000000 0.069300 0.040200 0.044200 0.048200 0.052400 0.052500 0.056600 0.052400 0.073400 0.069200 0.052400 0.044100 0.052300 0.052400 0.048400 0.052500 0.095300 0.007800 0.052400 0.060900 0.069500 0.064900 0.048300 0.044000 0.060800 0.073600 0.077800 0.044200 0.094900 0.069200 0.056600 0.056700 0.040000 0.052400 0.048300 0.060800 0.056500 0.052400
Suni 0.044000 0.209300 0.082000 0.205400 0.048200 0.044000 0.060700 0.065100 0.069300 0.113300 0.044100 0.052500 0.056500 0.069300 0.000000 0.060900 0.048400 0.052500 0.048400 0.073800 0.069000 0.048200 0.086600 0.082200 0.044100 0.065100 0.056500 0.073600 0.069400 0.082200 0.099900 0.060700 0.056700 0.056900 0.074000 0.086400 0.044300 0.048300 0.073600 0.086800 0.091000 0.065200 0.099500 0.091000 0.077900 0.069500 0.052400 0.048300 0.044100 0.073600 0.077800 0.073600
Springbuck 0.040000 0.209000 0.077900 0.200100 0.036000 0.040000 0.040100 0.036100 0.056800 0.095600 0.052500 0.040200 0.044100 0.040200 0.060900 0.000000 0.061100 0.056800 0.044400 0.061100 0.048300 0.044200 0.078000 0.073700 0.052500 0.027900 0.044100 0.061000 0.023900 0.069500 0.082500 0.040100 0.061000 0.052800 0.061300 0.073700 0.040200 0.036000 0.044300 0.078200 0.082400 0.028000 0.082200 0.073800 0.065200 0.048600 0.023800 0.044200 0.040200 0.069400 0.065200 0.061000
Okapi 0.036000 0.175300 0.065100 0.176000 0.040000 0.036000 0.052500 0.065000 0.052600 0.095700 0.048400 0.036100 0.048400 0.044200 0.048400 0.061100 0.000000 0.019800 0.048400 0.056900 0.052500 0.048400 0.061000 0.056800 0.040100 0.065100 0.048400 0.056700 0.069600 0.065200 0.082600 0.044200 0.032000 0.048600 0.074000 0.069400 0.044200 0.048200 0.073600 0.061200 0.065300 0.056800 0.082200 0.065300 0.061000 0.069500 0.052600 0.056700 0.044300 0.056700 0.060900 0.056700
Giraffe 0.040000 0.194400 0.069100 0.180600 0.035800 0.040000 0.048200 0.060700 0.056600 0.091100 0.052400 0.048300 0.044100 0.048200 0.052500 0.056800 0.019800 0.000000 0.052500 0.060900 0.048300 0.052400 0.056700 0.052500 0.044200 0.060800 0.044100 0.060800 0.065200 0.069300 0.078100 0.040000 0.036000 0.044300 0.069500 0.073400 0.048300 0.044000 0.069200 0.056800 0.060900 0.052500 0.077700 0.060900 0.065000 0.065100 0.048300 0.052400 0.048300 0.060800 0.064900 0.060800
TibetanAnt 0.011800 0.209100 0.082000 0.205200 0.023800 0.011800 0.044200 0.048300 0.060900 0.104300 0.015800 0.044200 0.023900 0.052400 0.048400 0.044400 0.048400 0.052500 0.000000 0.065200 0.060800 0.011800 0.077900 0.073600 0.015800 0.048400 0.023900 0.065100 0.052700 0.073600 0.091100 0.044200 0.048400 0.032100 0.040400 0.077800 0.003900 0.023800 0.056700 0.078100 0.082300 0.048400 0.090700 0.082300 0.069300 0.052600 0.036100 0.040100 0.036100 0.065100 0.069300 0.065100
Sitatunga 0.052500 0.210200 0.015900 0.206100 0.056500 0.052500 0.069400 0.073600 0.003900 0.113400 0.065200 0.036100 0.065100 0.052500 0.073800 0.061100 0.056900 0.060900 0.065200 0.000000 0.077900 0.065200 0.086600 0.082300 0.056800 0.065100 0.065100 0.000000 0.069600 0.007900 0.100000 0.060900 0.065200 0.065300 0.074000 0.060900 0.061000 0.056600 0.082200 0.078300 0.091100 0.065200 0.099600 0.073800 0.052600 0.069600 0.061000 0.065200 0.069500 0.056800 0.003900 0.000000
Oribi 0.048000 0.204300 0.086200 0.205400 0.052200 0.048000 0.056400 0.052300 0.073400 0.099800 0.061400 0.048400 0.052200 0.056600 0.069000 0.048300 0.052500 0.048300 0.060800 0.077900 0.000000 0.060600 0.082100 0.086300 0.060600 0.052400 0.052200 0.077700 0.056600 0.086400 0.086500 0.048100 0.060800 0.061000 0.078100 0.081900 0.056600 0.052200 0.052400 0.090900 0.095200 0.052500 0.086200 0.095100 0.073400 0.065200 0.039900 0.060600 0.048200 0.069200 0.081900 0.077700
BarbaryShe 0.011800 0.209000 0.081900 0.205100 0.023800 0.011800 0.044000 0.048300 0.060800 0.099800 0.019700 0.044200 0.023800 0.052400 0.048200 0.044200 0.048400 0.052400 0.011800 0.065200 0.060600 0.000000 0.077800 0.073500 0.019700 0.048300 0.023800 0.065000 0.052500 0.073500 0.086600 0.044000 0.048300 0.032100 0.040300 0.077700 0.007900 0.023800 0.056600 0.078000 0.082200 0.048400 0.086300 0.082200 0.069200 0.052600 0.035900 0.040000 0.035900 0.065000 0.069200 0.065000
Daviddeer 0.065000 0.219600 0.103800 0.200200 0.060700 0.065000 0.073500 0.086300 0.082100 0.048500 0.077900 0.065100 0.077700 0.073400 0.086600 0.078000 0.061000 0.056700 0.077900 0.086600 0.082100 0.077800 0.000000 0.011900 0.069400 0.086400 0.077700 0.086400 0.091100 0.095200 0.027900 0.065100 0.052500 0.078000 0.095500 0.090700 0.073600 0.069100 0.077700 0.032100 0.011800 0.077900 0.035900 0.028000 0.082100 0.082300 0.073600 0.077800 0.082200 0.077800 0.090700 0.086400
Reindeer 0.060800 0.224600 0.099300 0.200100 0.056500 0.060800 0.069200 0.082000 0.077800 0.044400 0.073600 0.069300 0.073400 0.069200 0.082200 0.073700 0.056800 0.052500 0.073600 0.082300 0.086300 0.073500 0.011900 0.000000 0.065100 0.082100 0.073400 0.082100 0.086700 0.090800 0.032100 0.060800 0.056700 0.073700 0.091100 0.095000 0.069300 0.064900 0.082000 0.028000 0.015900 0.073600 0.032000 0.015800 0.086400 0.078000 0.069300 0.073500 0.077900 0.082100 0.086300 0.082100
Ibex 0.011800 0.199300 0.073400 0.195400 0.031800 0.011800 0.052300 0.056600 0.052500 0.095500 0.007500 0.036000 0.031800 0.052400 0.044100 0.052500 0.040100 0.044200 0.015800 0.056800 0.060600 0.019700 0.069400 0.065100 0.000000 0.056600 0.031800 0.056600 0.060800 0.065100 0.082400 0.044100 0.040100 0.032100 0.048600 0.069300 0.011800 0.031900 0.065000 0.069500 0.073700 0.056700 0.082100 0.073700 0.060800 0.061000 0.044100 0.048200 0.044100 0.056600 0.060800 0.056600
GyrantGaze 0.044100 0.219200 0.081900 0.195300 0.039900 0.044100 0.044200 0.040000 0.060800 0.095300 0.056600 0.044200 0.048300 0.044100 0.065100 0.027900 0.065100 0.060800 0.048400 0.065100 0.052400 0.048300 0.086400 0.082100 0.056600 0.000000 0.048300 0.065000 0.036100 0.073500 0.090900 0.044200 0.065000 0.048400 0.056900 0.077700 0.044200 0.040000 0.048300 0.086600 0.090800 0.015000 0.090500 0.082100 0.069200 0.044300 0.027900 0.036000 0.044300 0.065000 0.069200 0.065000
Hartebeest 0.019700 0.218900 0.081800 0.215000 0.023700 0.019700 0.044000 0.048200 0.060700 0.104000 0.031800 0.052400 0.000000 0.052300 0.056500 0.044100 0.048400 0.044100 0.023900 0.065100 0.052200 0.023800 0.077700 0.073400 0.031800 0.048300 0.000000 0.064900 0.052400 0.073400 0.090900 0.044000 0.056600 0.007900 0.032100 0.077600 0.019800 0.023800 0.056600 0.077900 0.082100 0.048300 0.090500 0.082100 0.069100 0.052500 0.035800 0.039900 0.044000 0.064900 0.069100 0.064900
Bongo 0.052400 0.209600 0.015100 0.205600 0.056400 0.052400 0.069200 0.073400 0.003700 0.113100 0.065000 0.036000 0.064900 0.052400 0.073600 0.061000 0.056700 0.060800 0.065100 0.000000 0.077700 0.065000 0.086400 0.082100 0.056600 0.065000 0.064900 0.000000 0.069400 0.007900 0.099700 0.060800 0.065000 0.065200 0.073800 0.060800 0.060800 0.056400 0.082000 0.078100 0.090800 0.065000 0.099300 0.073600 0.052500 0.069400 0.060800 0.065000 0.069300 0.056700 0.003900 0.000000
Gerenuk 0.048200 0.215500 0.086500 0.216300 0.044200 0.048200 0.048300 0.044300 0.065200 0.108900 0.060900 0.048500 0.052400 0.048400 0.069400 0.023900 0.069600 0.065200 0.052700 0.069600 0.056600 0.052500 0.091100 0.086700 0.060800 0.036100 0.052400 0.069400 0.000000 0.078000 0.095600 0.048300 0.069500 0.061200 0.069800 0.082200 0.048500 0.044200 0.048500 0.091300 0.095500 0.036200 0.095200 0.086800 0.073700 0.052800 0.031900 0.052500 0.048400 0.073500 0.073700 0.069400
CommonElan 0.060800 0.220100 0.023800 0.216000 0.064800 0.060800 0.069300 0.082000 0.011800 0.122200 0.073500 0.044300 0.073400 0.052500 0.082200 0.069500 0.065200 0.069300 0.073600 0.007900 0.086400 0.073500 0.095200 0.090800 0.065100 0.073500 0.073400 0.007900 0.078000 0.000000 0.108700 0.060900 0.073600 0.073700 0.082500 0.069300 0.069300 0.064800 0.090700 0.086800 0.099700 0.073600 0.108200 0.082300 0.060900 0.069400 0.069300 0.073500 0.077900 0.065100 0.011800 0.007900
MuntiacusR 0.077900 0.225700 0.117400 0.216500 0.073500 0.077900 0.095300 0.090800 0.095400 0.027900 0.091000 0.078100 0.090900 0.095300 0.099900 0.082500 0.082600 0.078100 0.091100 0.100000 0.086500 0.086600 0.027900 0.032100 0.082400 0.090900 0.090900 0.099700 0.095600 0.108700 0.000000 0.086700 0.073800 0.091200 0.100300 0.104100 0.086700 0.082000 0.082200 0.052900 0.040200 0.077800 0.023900 0.048600 0.095400 0.087000 0.078000 0.091000 0.095500 0.091000 0.104100 0.099700
HarveysDui 0.031800 0.214300 0.077700 0.180600 0.035900 0.031800 0.007500 0.044200 0.056600 0.099800 0.052300 0.040100 0.044000 0.007800 0.060700 0.040100 0.044200 0.040000 0.044200 0.060900 0.048100 0.044000 0.065100 0.060800 0.044100 0.044200 0.044000 0.060800 0.048300 0.060900 0.086700 0.000000 0.044200 0.052600 0.061100 0.073400 0.040100 0.035900 0.052500 0.065200 0.069300 0.044200 0.086300 0.069300 0.065000 0.048400 0.031800 0.044000 0.040000 0.060800 0.065000 0.060800
Pronghorn 0.035900 0.179600 0.082000 0.170700 0.040000 0.035900 0.052400 0.065000 0.060800 0.095500 0.048300 0.036000 0.056600 0.052400 0.056700 0.061000 0.032000 0.036000 0.048400 0.065200 0.060800 0.048300 0.052500 0.056700 0.040100 0.065000 0.056600 0.065000 0.069500 0.073600 0.073800 0.044200 0.000000 0.056800 0.069400 0.069200 0.044200 0.048200 0.065000 0.061100 0.065200 0.056700 0.082100 0.065200 0.060800 0.069400 0.052500 0.056600 0.052500 0.056600 0.069200 0.065000
BlueWildeb 0.027900 0.220000 0.082100 0.205200 0.031900 0.027900 0.052600 0.056700 0.061000 0.095600 0.032100 0.052600 0.007900 0.060900 0.056900 0.052800 0.048600 0.044300 0.032100 0.065300 0.061000 0.032100 0.078000 0.073700 0.032100 0.048400 0.007900 0.065200 0.061200 0.073700 0.091200 0.052600 0.056800 0.000000 0.032200 0.077900 0.028000 0.031900 0.065200 0.078200 0.082400 0.056900 0.090900 0.082400 0.069400 0.061100 0.044300 0.040200 0.052700 0.056700 0.069400 0.065200
Gemsbok 0.036100 0.210600 0.082300 0.206600 0.040100 0.036100 0.061100 0.065300 0.069600 0.113600 0.048600 0.069600 0.032100 0.069500 0.074000 0.061300 0.074000 0.069500 0.040400 0.074000 0.078100 0.040300 0.095500 0.091100 0.048600 0.056900 0.032100 0.073800 0.069800 0.082500 0.100300 0.061100 0.069400 0.032200 0.000000 0.095400 0.036200 0.040200 0.073800 0.087100 0.100000 0.065400 0.108600 0.100000 0.086700 0.052900 0.052700 0.048500 0.061200 0.065300 0.078100 0.073800
Yak 0.064900 0.214200 0.077700 0.215100 0.068900 0.064900 0.082000 0.077600 0.056600 0.126600 0.069200 0.040000 0.077600 0.064900 0.086400 0.073700 0.069400 0.073400 0.077800 0.060900 0.081900 0.077700 0.090700 0.095000 0.069300 0.077700 0.077600 0.060800 0.082200 0.069300 0.104100 0.073400 0.069200 0.077900 0.095400 0.000000 0.073500 0.069000 0.077700 0.099700 0.103900 0.077800 0.112600 0.095100 0.007500 0.086400 0.064900 0.077700 0.082100 0.069200 0.065000 0.060800
BlueSheep 0.007900 0.203900 0.077700 0.200000 0.019800 0.007900 0.040100 0.044200 0.056600 0.099800 0.011800 0.040100 0.019800 0.048300 0.044300 0.040200 0.044200 0.048300 0.003900 0.061000 0.056600 0.007900 0.073600 0.069300 0.011800 0.044200 0.019800 0.060800 0.048500 0.069300 0.086700 0.040100 0.044200 0.028000 0.036200 0.073500 0.000000 0.019800 0.052500 0.073800 0.077900 0.044300 0.086300 0.077900 0.065000 0.048400 0.031900 0.036000 0.032000 0.060800 0.065000 0.060800
BohorReedb 0.019700 0.198500 0.073100 0.194500 0.007800 0.019700 0.035900 0.039900 0.052300 0.095100 0.031900 0.044100 0.023800 0.044000 0.048300 0.036000 0.048200 0.044000 0.023800 0.056600 0.052200 0.023800 0.069100 0.064900 0.031900 0.040000 0.023800 0.056400 0.044200 0.064800 0.082000 0.035900 0.048200 0.031900 0.040200 0.069000 0.019800 0.000000 0.039900 0.069300 0.073400 0.040000 0.081700 0.073400 0.060600 0.044000 0.027800 0.031800 0.035900 0.056400 0.060600 0.056400
KirksDik 0.052400 0.229400 0.099300 0.210300 0.048100 0.052400 0.052500 0.048300 0.077700 0.104000 0.065000 0.052500 0.056600 0.060800 0.073600 0.044300 0.073600 0.069200 0.056700 0.082200 0.052400 0.056600 0.077700 0.082000 0.065000 0.048300 0.056600 0.082000 0.048500 0.090700 0.082200 0.052500 0.065000 0.065200 0.073800 0.077700 0.052500 0.039900 0.000000 0.095400 0.090700 0.048400 0.090500 0.090800 0.069200 0.056800 0.036000 0.056600 0.052600 0.073400 0.086300 0.082000
RoeDeer 0.065200 0.215400 0.095400 0.201200 0.060800 0.065200 0.073700 0.086600 0.073800 0.065600 0.078100 0.073800 0.077900 0.073600 0.086800 0.078200 0.061200 0.056800 0.078100 0.078300 0.090900 0.078000 0.032100 0.028000 0.069500 0.086600 0.077900 0.078100 0.091300 0.086800 0.052900 0.065200 0.061100 0.078200 0.087100 0.099700 0.073800 0.069300 0.095400 0.000000 0.036200 0.078200 0.052700 0.044500 0.091000 0.074000 0.073800 0.078000 0.082400 0.078100 0.082400 0.078100
WhiteLippe 0.069300 0.235300 0.108300 0.210500 0.064900 0.069300 0.077800 0.090700 0.086500 0.052700 0.082200 0.078000 0.082100 0.077800 0.091000 0.082400 0.065300 0.060900 0.082300 0.091100 0.095200 0.082200 0.011800 0.015900 0.073700 0.090800 0.082100 0.090800 0.095500 0.099700 0.040200 0.069300 0.065200 0.082400 0.100000 0.103900 0.077900 0.073400 0.090700 0.036200 0.000000 0.082300 0.040000 0.032000 0.095200 0.086700 0.077900 0.082200 0.086600 0.090800 0.095100 0.090800
ThomsonGaz 0.044200 0.219800 0.082000 0.206000 0.031900 0.044200 0.044300 0.040100 0.060800 0.090700 0.056700 0.044300 0.048300 0.044200 0.065200 0.028000 0.056800 0.052500 0.048400 0.065200 0.052500 0.048400 0.077900 0.073600 0.056700 0.015000 0.048300 0.065000 0.036200 0.073600 0.077800 0.044200 0.056700 0.056900 0.065400 0.077800 0.044300 0.040000 0.048400 0.078200 0.082300 0.000000 0.082100 0.073700 0.069300 0.044400 0.027900 0.044200 0.044300 0.073500 0.069200 0.065000
MuntiacusC 0.077600 0.234800 0.116900 0.230600 0.073200 0.077600 0.094900 0.090400 0.095000 0.019900 0.090600 0.086400 0.090500 0.094900 0.099500 0.082200 0.082200 0.077700 0.090700 0.099600 0.086200 0.086300 0.035900 0.032000 0.082100 0.090500 0.090500 0.099300 0.095200 0.108200 0.023900 0.086300 0.082100 0.090900 0.108600 0.112600 0.086300 0.081700 0.090500 0.052700 0.040000 0.082100 0.000000 0.048400 0.103800 0.095200 0.077700 0.090600 0.095100 0.099300 0.103700 0.099300
WhiteTaile 0.069300 0.235200 0.090700 0.210400 0.065000 0.069300 0.077800 0.090700 0.069400 0.061200 0.082200 0.069400 0.082100 0.069200 0.091000 0.073800 0.065300 0.060900 0.082300 0.073800 0.095100 0.082200 0.028000 0.015800 0.073700 0.082100 0.082100 0.073600 0.086800 0.082300 0.048600 0.069300 0.065200 0.082400 0.100000 0.095100 0.077900 0.073400 0.090800 0.044500 0.032000 0.073700 0.048400 0.000000 0.086500 0.095300 0.077900 0.082200 0.086600 0.090800 0.077900 0.073600
Cattle 0.056500 0.204300 0.069200 0.205200 0.060600 0.056500 0.073400 0.069100 0.048300 0.117600 0.060800 0.031800 0.069100 0.056600 0.077900 0.065200 0.061000 0.065000 0.069300 0.052600 0.073400 0.069200 0.082100 0.086400 0.060800 0.069200 0.069100 0.052500 0.073700 0.060900 0.095400 0.065000 0.060800 0.069400 0.086700 0.007500 0.065000 0.060600 0.069200 0.091000 0.095200 0.069300 0.103800 0.086500 0.000000 0.077900 0.056600 0.069200 0.073600 0.060800 0.056600 0.052500
RoyalAntel 0.048300 0.215300 0.086500 0.191500 0.044000 0.048300 0.048400 0.052500 0.065200 0.109000 0.061000 0.056800 0.052500 0.056700 0.069500 0.048600 0.069500 0.065100 0.052600 0.069600 0.065200 0.052600 0.082300 0.078000 0.061000 0.044300 0.052500 0.069400 0.052800 0.069400 0.087000 0.048400 0.069400 0.061100 0.052900 0.086400 0.048400 0.044000 0.056800 0.074000 0.086700 0.044400 0.095200 0.095300 0.077900 0.000000 0.040200 0.048400 0.048500 0.060900 0.073600 0.069400
Steenbok 0.031800 0.203900 0.077700 0.190300 0.027800 0.031800 0.031800 0.019800 0.056600 0.091000 0.035900 0.040100 0.035800 0.040000 0.052400 0.023800 0.052600 0.048300 0.036100 0.061000 0.039900 0.035900 0.073600 0.069300 0.044100 0.027900 0.035800 0.060800 0.031900 0.069300 0.078000 0.031800 0.052500 0.044300 0.052700 0.064900 0.031900 0.027800 0.036000 0.073800 0.077900 0.027900 0.077700 0.077900 0.056600 0.040200 0.000000 0.035900 0.031900 0.060800 0.065000 0.060800
Impala 0.035800 0.209400 0.081900 0.200100 0.031800 0.035800 0.044000 0.048300 0.060800 0.095400 0.048200 0.052500 0.039900 0.052400 0.048300 0.044200 0.056700 0.052400 0.040100 0.065200 0.060600 0.040000 0.077800 0.073500 0.048200 0.036000 0.039900 0.065000 0.052500 0.073500 0.091000 0.044000 0.056600 0.040200 0.048500 0.077700 0.036000 0.031800 0.056600 0.078000 0.082200 0.044200 0.090600 0.082200 0.069200 0.048400 0.035900 0.000000 0.044100 0.056600 0.069200 0.065000
Klipspring 0.031800 0.204400 0.077700 0.190700 0.035900 0.031800 0.040000 0.044200 0.065100 0.104300 0.044100 0.040200 0.044000 0.048300 0.044100 0.040200 0.044300 0.048300 0.036100 0.069500 0.048200 0.035900 0.082200 0.077900 0.044100 0.044300 0.044000 0.069300 0.048400 0.077900 0.095500 0.040000 0.052500 0.052700 0.061200 0.082100 0.032000 0.035900 0.052600 0.082400 0.086600 0.044300 0.095100 0.086600 0.073600 0.048500 0.031900 0.044100 0.000000 0.069300 0.073500 0.069300
ForestMusk 0.052400 0.189600 0.073500 0.185600 0.056400 0.052400 0.069200 0.073400 0.052500 0.104200 0.065000 0.044200 0.064900 0.060800 0.073600 0.069400 0.056700 0.060800 0.065100 0.056800 0.069200 0.065000 0.077800 0.082100 0.056600 0.065000 0.064900 0.056700 0.073500 0.065100 0.091000 0.060800 0.056600 0.056700 0.065300 0.069200 0.060800 0.056400 0.073400 0.078100 0.090800 0.073500 0.099300 0.090800 0.060800 0.060900 0.060800 0.056600 0.069300 0.000000 0.060800 0.056700
Bushbuck 0.056500 0.214600 0.019700 0.210500 0.060500 0.056500 0.073400 0.077600 0.007900 0.117500 0.069200 0.040100 0.069100 0.056500 0.077800 0.065200 0.060900 0.064900 0.069300 0.003900 0.081900 0.069200 0.090700 0.086300 0.060800 0.069200 0.069100 0.003900 0.073700 0.011800 0.104100 0.065000 0.069200 0.069400 0.078100 0.065000 0.065000 0.060600 0.086300 0.082400 0.095100 0.069200 0.103700 0.077900 0.056600 0.073600 0.065000 0.069200 0.073500 0.060800 0.000000 0.003700
GreaterKud 0.052400 0.209600 0.015800 0.205600 0.056400 0.052400 0.069200 0.073400 0.003700 0.113100 0.065000 0.036000 0.064900 0.052400 0.073600 0.061000 0.056700 0.060800 0.065100 0.000000 0.077700 0.065000 0.086400 0.082100 0.056600 0.065000 0.064900 0.000000 0.069400 0.007900 0.099700 0.060800 0.065000 0.065200 0.073800 0.060800 0.060800 0.056400 0.082000 0.078100 0.090800 0.065000 0.099300 0.073600 0.052500 0.069400 0.060800 0.065000 0.069300 0.056700 0.003700 0.000000
