1
52 1
Argali 0.000000 0.308600 0.114400 0.294900 0.090600 0.005200 0.150300 0.127900 0.108900 0.122000 0.010600 0.143500 0.104600 0.127000 0.119000 0.114800 0.120900 0.125100 0.054600 0.115300 0.102400 0.015700 0.127200 0.137600 0.005300 0.121200 0.087700 0.132500 0.133600 0.114700 0.129600 0.107700 0.167300 0.081800 0.043500 0.120000 0.005200 0.096200 0.133000 0.172100 0.126400 0.133600 0.128400 0.150300 0.125800 0.103200 0.137500 0.130000 0.107600 0.120400 0.108700 0.115300
LesserMous 0.308600 0.000000 0.284100 0.345200 0.237600 0.302000 0.321500 0.263100 0.285800 0.255500 0.309000 0.338700 0.272700 0.276800 0.294700 0.299800 0.283200 0.318700 0.279100 0.294800 0.291800 0.301500 0.283100 0.303300 0.302200 0.292000 0.267200 0.291200 0.276900 0.276500 0.266900 0.266200 0.269400 0.273800 0.263900 0.292500 0.302000 0.244000 0.244400 0.308500 0.281800 0.292100 0.263800 0.302300 0.299400 0.270300 0.271300 0.268700 0.257400 0.283300 0.285300 0.294800
LesserKudu 0.114400 0.284100 0.000000 0.232500 0.092300 0.108800 0.115300 0.092700 0.016600 0.087000 0.114600 0.115700 0.118500 0.116800 0.084900 0.104500 0.098400 0.103000 0.102900 0.021600 0.117000 0.108600 0.092200 0.090900 0.108900 0.098400 0.101200 0.027600 0.110800 0.022200 0.094100 0.109700 0.143200 0.106900 0.079100 0.110300 0.108800 0.097900 0.110300 0.136100 0.091700 0.110700 0.093200 0.115300 0.103800 0.092800 0.114900 0.132500 0.097400 0.085900 0.016500 0.021700
KillerWhal 0.294900 0.345200 0.232500 0.000000 0.248200 0.288600 0.266800 0.204500 0.241300 0.280100 0.295300 0.297400 0.303900 0.247600 0.280500 0.217200 0.301800 0.304600 0.288400 0.249300 0.246200 0.295100 0.270000 0.273500 0.288700 0.238600 0.283500 0.246700 0.210600 0.247700 0.275800 0.252700 0.330300 0.290000 0.258900 0.284600 0.288600 0.254400 0.229500 0.302100 0.275500 0.238600 0.272800 0.256500 0.268800 0.249600 0.241400 0.263200 0.238300 0.269100 0.240900 0.249300
DefassaWat 0.090600 0.237600 0.092300 0.248200 0.000000 0.085000 0.103200 0.081000 0.086700 0.099700 0.078900 0.135000 0.106900 0.080600 0.073400 0.092700 0.111100 0.103300 0.091100 0.093000 0.092500 0.084800 0.092500 0.091200 0.085100 0.086700 0.089700 0.110400 0.086800 0.080400 0.094500 0.062200 0.131500 0.095300 0.067600 0.098500 0.085000 0.005400 0.062500 0.136600 0.098300 0.086700 0.093600 0.103400 0.104400 0.081000 0.103300 0.084500 0.062100 0.098400 0.086600 0.093000
Sheep 0.005200 0.302000 0.108800 0.288600 0.085000 0.000000 0.157500 0.122200 0.103300 0.116300 0.005300 0.150500 0.099200 0.133900 0.113400 0.121600 0.127800 0.131900 0.060500 0.109600 0.109000 0.010600 0.121500 0.132000 0.000000 0.115500 0.082300 0.126900 0.127900 0.109000 0.123900 0.114300 0.161500 0.076400 0.038100 0.114400 0.000000 0.090600 0.127300 0.166300 0.133300 0.127900 0.122600 0.144700 0.120200 0.109800 0.131900 0.136800 0.102100 0.127200 0.103100 0.109600
MaxwellsDu 0.150300 0.321500 0.115300 0.266800 0.103200 0.157500 0.000000 0.115800 0.121900 0.122600 0.163600 0.133100 0.154200 0.066700 0.120000 0.115100 0.134500 0.138700 0.138400 0.128700 0.127600 0.157100 0.134000 0.151700 0.157600 0.121700 0.136400 0.146200 0.115600 0.127800 0.117600 0.048500 0.183000 0.136100 0.126300 0.133900 0.157500 0.108900 0.108600 0.180800 0.114100 0.134400 0.116400 0.151800 0.152900 0.122500 0.125600 0.131200 0.120600 0.108500 0.121900 0.128700
GazellaPrz 0.127900 0.263100 0.092700 0.204500 0.081000 0.122200 0.115800 0.000000 0.099400 0.100100 0.128100 0.142000 0.144400 0.093000 0.109900 0.056800 0.137200 0.154200 0.128600 0.105900 0.068400 0.121900 0.111600 0.116200 0.122300 0.062700 0.126600 0.104800 0.051000 0.105300 0.107500 0.086300 0.158500 0.132300 0.104000 0.111300 0.122200 0.086700 0.062500 0.150300 0.104700 0.062700 0.106500 0.128700 0.098800 0.093600 0.079300 0.109000 0.098300 0.098900 0.099200 0.105900
MountainNy 0.108900 0.285800 0.016600 0.241300 0.086700 0.103300 0.121900 0.099400 0.000000 0.093500 0.109100 0.103800 0.113100 0.111100 0.103300 0.098900 0.104900 0.109600 0.097400 0.005500 0.111300 0.103100 0.098700 0.109500 0.103400 0.092800 0.095800 0.022200 0.105200 0.005500 0.100800 0.104100 0.138200 0.101500 0.073600 0.092300 0.103300 0.092400 0.104700 0.156300 0.098200 0.105100 0.099800 0.122000 0.098200 0.087200 0.109400 0.127000 0.104000 0.092400 0.000000 0.005500
MuntiacusM 0.122000 0.255500 0.087000 0.280100 0.099700 0.116300 0.122600 0.100100 0.093500 0.000000 0.122300 0.155200 0.138600 0.111800 0.116600 0.112100 0.105800 0.135500 0.122700 0.099900 0.124600 0.116000 0.039500 0.085700 0.116400 0.105900 0.120700 0.105000 0.118500 0.099300 0.016500 0.104700 0.145700 0.114300 0.086100 0.117800 0.116300 0.105400 0.117800 0.112000 0.050900 0.118500 0.016400 0.085800 0.136700 0.106600 0.110000 0.140400 0.092600 0.080900 0.093400 0.099900
goat 0.010600 0.309000 0.114600 0.295300 0.078900 0.005300 0.163600 0.128100 0.109100 0.122300 0.000000 0.156500 0.104800 0.139800 0.119200 0.127500 0.133700 0.137800 0.066100 0.115500 0.114900 0.016000 0.115000 0.125500 0.005200 0.121400 0.087900 0.132700 0.133900 0.114800 0.129900 0.120100 0.154400 0.081900 0.043600 0.120200 0.005300 0.084400 0.133200 0.172400 0.139200 0.133800 0.128600 0.138000 0.126000 0.115700 0.137800 0.142700 0.107800 0.133200 0.108900 0.115500
AfricanBuf 0.143500 0.338700 0.115700 0.297400 0.135000 0.150500 0.133100 0.142000 0.103800 0.155200 0.156500 0.000000 0.173600 0.121900 0.158100 0.147500 0.167100 0.184100 0.157900 0.110100 0.160700 0.150200 0.173600 0.164600 0.150600 0.154200 0.155500 0.121300 0.154300 0.109500 0.150400 0.114800 0.203100 0.161300 0.145600 0.067100 0.150500 0.140700 0.140600 0.194600 0.146600 0.167200 0.148800 0.184400 0.078700 0.129300 0.145000 0.150000 0.139900 0.140400 0.103600 0.110100
Topi 0.104600 0.272700 0.118500 0.303900 0.106900 0.099200 0.154200 0.144400 0.113100 0.138600 0.104800 0.173600 0.000000 0.143500 0.135200 0.143800 0.125100 0.141300 0.093600 0.119400 0.131300 0.099000 0.143500 0.141500 0.099200 0.125400 0.015600 0.124200 0.137800 0.118800 0.146400 0.124000 0.164500 0.031300 0.059500 0.162100 0.099200 0.100500 0.137000 0.175700 0.155300 0.137800 0.145000 0.166600 0.168000 0.132000 0.141500 0.146500 0.123900 0.161800 0.112900 0.119400
CommonDuik 0.127000 0.276800 0.116800 0.247600 0.080600 0.133900 0.066700 0.093000 0.111100 0.111800 0.139800 0.121900 0.143500 0.000000 0.121700 0.092500 0.129900 0.134300 0.115400 0.117700 0.104500 0.133500 0.111100 0.140600 0.134000 0.098700 0.125700 0.135300 0.098800 0.117000 0.106800 0.026900 0.170900 0.131500 0.115600 0.110600 0.133900 0.086300 0.086200 0.156300 0.104100 0.111100 0.105700 0.128100 0.129200 0.087100 0.103000 0.096200 0.097900 0.098100 0.111000 0.117700
Suni 0.119000 0.294700 0.084900 0.280500 0.073400 0.113400 0.120000 0.109900 0.103300 0.116600 0.119200 0.158100 0.135200 0.121700 0.000000 0.134200 0.140500 0.132100 0.119700 0.109700 0.116000 0.113200 0.121700 0.119900 0.113500 0.115600 0.117800 0.114600 0.128100 0.109100 0.124200 0.090400 0.181600 0.123400 0.095700 0.139400 0.113400 0.078900 0.102900 0.153600 0.121000 0.128000 0.122900 0.132300 0.132800 0.109900 0.131900 0.123800 0.102300 0.127500 0.103200 0.109700
Springbuck 0.114800 0.299800 0.104500 0.217200 0.092700 0.121600 0.115100 0.056800 0.098900 0.112100 0.127500 0.147500 0.143800 0.092500 0.134200 0.000000 0.123600 0.140500 0.115500 0.105300 0.068000 0.121300 0.111100 0.115700 0.121700 0.050800 0.138300 0.116600 0.027900 0.104700 0.107000 0.085800 0.157600 0.131700 0.103500 0.123300 0.121600 0.098400 0.073900 0.149700 0.092000 0.050800 0.106000 0.115800 0.123000 0.080900 0.090700 0.108300 0.097800 0.098300 0.098700 0.105300
Okapi 0.120900 0.283200 0.098400 0.301800 0.111100 0.127800 0.134500 0.137200 0.104900 0.105800 0.133700 0.167100 0.125100 0.129900 0.140500 0.123600 0.000000 0.050000 0.109400 0.111500 0.136300 0.127500 0.110900 0.121900 0.127900 0.142900 0.107600 0.116500 0.143000 0.110900 0.100700 0.116200 0.138000 0.113400 0.085400 0.155300 0.127800 0.116900 0.142300 0.156200 0.098100 0.155900 0.099700 0.134600 0.161400 0.124400 0.133900 0.133100 0.116300 0.104300 0.104900 0.111500
Giraffe 0.125100 0.318700 0.103000 0.304600 0.103300 0.131900 0.138700 0.154200 0.109600 0.135500 0.137800 0.184100 0.141300 0.134300 0.132100 0.140500 0.050000 0.000000 0.113700 0.116000 0.153200 0.131600 0.140500 0.138500 0.132000 0.159900 0.123900 0.133400 0.160100 0.115400 0.130600 0.120700 0.148700 0.129600 0.101800 0.159400 0.131900 0.108900 0.146500 0.186700 0.127100 0.173000 0.129300 0.164200 0.165500 0.128600 0.163600 0.155700 0.133000 0.109100 0.109400 0.116000
TibetanAnt 0.054600 0.279100 0.102900 0.288400 0.091100 0.060500 0.138400 0.128600 0.097400 0.122700 0.066100 0.157900 0.093600 0.115400 0.119700 0.115500 0.109400 0.113700 0.000000 0.103700 0.102900 0.060400 0.127900 0.138500 0.060600 0.121900 0.076800 0.121000 0.122000 0.103200 0.130400 0.108300 0.155300 0.070900 0.032600 0.146400 0.060500 0.096700 0.133700 0.173200 0.127100 0.134400 0.129100 0.151200 0.152400 0.103800 0.138400 0.130800 0.120500 0.121100 0.097300 0.103700
Sitatunga 0.115300 0.294800 0.021600 0.249300 0.093000 0.109600 0.128700 0.105900 0.005500 0.099900 0.115500 0.110100 0.119400 0.117700 0.109700 0.105300 0.111500 0.116000 0.103700 0.000000 0.117900 0.109400 0.105100 0.115900 0.109700 0.099200 0.102000 0.016600 0.111700 0.011100 0.107300 0.110500 0.144400 0.107700 0.079700 0.098700 0.109600 0.098700 0.111100 0.163200 0.104600 0.111600 0.106300 0.128500 0.104500 0.093500 0.115800 0.133500 0.110400 0.098700 0.005400 0.000000
Oribi 0.102400 0.291800 0.117000 0.246200 0.092500 0.109000 0.127600 0.068400 0.111300 0.124600 0.114900 0.160700 0.131300 0.104500 0.116000 0.068000 0.136300 0.153200 0.102900 0.117900 0.000000 0.108800 0.123400 0.153600 0.109100 0.074300 0.113700 0.129300 0.074300 0.117200 0.132500 0.085400 0.177700 0.119500 0.091300 0.130200 0.109000 0.098300 0.073700 0.176000 0.116200 0.074200 0.131200 0.153700 0.129900 0.105600 0.102700 0.108100 0.122600 0.117300 0.111200 0.117900
BarbaryShe 0.015700 0.301500 0.108600 0.295100 0.084800 0.010600 0.157100 0.121900 0.103100 0.116000 0.016000 0.150200 0.099000 0.133500 0.113200 0.121300 0.127500 0.131600 0.060400 0.109400 0.108800 0.000000 0.121200 0.131700 0.010600 0.115200 0.082100 0.126600 0.127700 0.108800 0.123500 0.114000 0.161100 0.076200 0.038000 0.114100 0.010500 0.090400 0.127000 0.165900 0.133000 0.127600 0.122300 0.144300 0.119900 0.109600 0.131600 0.136500 0.101800 0.126900 0.102900 0.109400
Daviddeer 0.127200 0.283100 0.092200 0.270000 0.092500 0.121500 0.134000 0.111600 0.098700 0.039500 0.115000 0.173600 0.143500 0.111100 0.121700 0.111100 0.110900 0.140500 0.127900 0.105100 0.123400 0.121200 0.000000 0.079000 0.121600 0.105000 0.125700 0.110100 0.117500 0.104500 0.045800 0.116400 0.137700 0.119300 0.091300 0.135700 0.121500 0.098200 0.129500 0.110900 0.038900 0.117400 0.045300 0.067400 0.141800 0.105500 0.121400 0.126900 0.085700 0.110600 0.098600 0.105100
Reindeer 0.137600 0.303300 0.090900 0.273500 0.091200 0.132000 0.151700 0.116200 0.109500 0.085700 0.125500 0.164600 0.141500 0.140600 0.119900 0.115700 0.121900 0.138500 0.138500 0.115900 0.153600 0.131700 0.079000 0.000000 0.132100 0.134400 0.123900 0.108600 0.122000 0.115300 0.080600 0.133300 0.155400 0.129700 0.101900 0.133800 0.132000 0.096800 0.146600 0.097100 0.090400 0.147100 0.079800 0.060400 0.127200 0.116200 0.138200 0.137500 0.084600 0.121400 0.109300 0.115900
Ibex 0.005300 0.302200 0.108900 0.288700 0.085100 0.000000 0.157600 0.122300 0.103400 0.116400 0.005200 0.150600 0.099200 0.134000 0.113500 0.121700 0.127900 0.132000 0.060600 0.109700 0.109100 0.010600 0.121600 0.132100 0.000000 0.115600 0.082400 0.127000 0.128000 0.109100 0.123900 0.114400 0.161600 0.076400 0.038100 0.114500 0.000000 0.090700 0.127400 0.166400 0.133400 0.128000 0.122700 0.144800 0.120300 0.109900 0.132000 0.136900 0.102100 0.127300 0.103200 0.109700
GyrantGaze 0.121200 0.292000 0.098400 0.238600 0.086700 0.115500 0.121700 0.062700 0.092800 0.105900 0.121400 0.154200 0.125400 0.098700 0.115600 0.050800 0.142900 0.159900 0.121900 0.099200 0.074300 0.115200 0.105000 0.134400 0.115600 0.000000 0.119900 0.110500 0.043900 0.098600 0.113400 0.091900 0.164300 0.125600 0.097500 0.117100 0.115500 0.092400 0.079900 0.169400 0.110400 0.011000 0.112300 0.134500 0.116900 0.111400 0.084800 0.114600 0.103900 0.110900 0.092700 0.099200
Hartebeest 0.087700 0.267200 0.101200 0.283500 0.089700 0.082300 0.136400 0.126600 0.095800 0.120700 0.087900 0.155500 0.015600 0.125700 0.117800 0.138300 0.107600 0.123900 0.076800 0.102000 0.113700 0.082100 0.125700 0.123900 0.082400 0.119900 0.000000 0.106900 0.132300 0.101400 0.128200 0.106700 0.158900 0.015600 0.042900 0.144000 0.082300 0.083400 0.131600 0.170200 0.137400 0.132200 0.127000 0.148700 0.149900 0.126500 0.124000 0.141100 0.106600 0.143900 0.095600 0.102000
Bongo 0.132500 0.291200 0.027600 0.246700 0.110400 0.126900 0.146200 0.104800 0.022200 0.105000 0.132700 0.121300 0.124200 0.135300 0.114600 0.116600 0.116500 0.133400 0.121000 0.016600 0.129300 0.126600 0.110100 0.108600 0.127000 0.110500 0.106900 0.000000 0.123000 0.027700 0.112400 0.128000 0.156600 0.112600 0.084800 0.116000 0.126900 0.116100 0.122500 0.154900 0.109600 0.123000 0.111300 0.133400 0.097300 0.111000 0.114700 0.150900 0.115300 0.116100 0.022100 0.016600
Gerenuk 0.133600 0.276900 0.110800 0.210600 0.086800 0.127900 0.115600 0.051000 0.105200 0.118500 0.133900 0.154300 0.137800 0.098800 0.128100 0.027900 0.143000 0.160100 0.122000 0.111700 0.074300 0.127700 0.117500 0.122000 0.128000 0.043900 0.132300 0.123000 0.000000 0.111000 0.113500 0.092000 0.151300 0.125600 0.109700 0.117200 0.127900 0.092500 0.068100 0.156300 0.110500 0.044400 0.112300 0.122100 0.117000 0.099000 0.084900 0.114700 0.091900 0.117000 0.105000 0.111700
CommonElan 0.114700 0.276500 0.022200 0.247700 0.080400 0.109000 0.127800 0.105300 0.005500 0.099300 0.114800 0.109500 0.118800 0.117000 0.109100 0.104700 0.110900 0.115400 0.103200 0.011100 0.117200 0.108800 0.104500 0.115300 0.109100 0.098600 0.101400 0.027700 0.111000 0.000000 0.106700 0.109900 0.144200 0.107200 0.079300 0.098100 0.109000 0.086000 0.098200 0.162300 0.104000 0.098600 0.105700 0.127800 0.103900 0.093000 0.115100 0.120400 0.097500 0.098200 0.005500 0.011100
MuntiacusR 0.129600 0.266900 0.094100 0.275800 0.094500 0.123900 0.117600 0.107500 0.100800 0.016500 0.129900 0.150400 0.146400 0.106800 0.124200 0.107000 0.100700 0.130600 0.130400 0.107300 0.132500 0.123500 0.045800 0.080600 0.123900 0.113400 0.128200 0.112400 0.113500 0.106700 0.000000 0.099700 0.140800 0.121700 0.093100 0.112800 0.123900 0.100300 0.112800 0.107000 0.045600 0.126200 0.011000 0.080700 0.131800 0.101500 0.105000 0.135500 0.087400 0.087900 0.100600 0.107300
HarveysDui 0.107700 0.266200 0.109700 0.252700 0.062200 0.114300 0.048500 0.086300 0.104100 0.104700 0.120100 0.114800 0.124000 0.026900 0.090400 0.085800 0.116200 0.120700 0.108300 0.110500 0.085400 0.114000 0.116400 0.133300 0.114400 0.091900 0.106700 0.128000 0.092000 0.109900 0.099700 0.000000 0.156400 0.112300 0.096500 0.103600 0.114300 0.067800 0.067700 0.148400 0.097200 0.104100 0.098700 0.133400 0.121900 0.092500 0.096300 0.089500 0.103100 0.091400 0.104000 0.110500
Pronghorn 0.167300 0.269400 0.143200 0.330300 0.131500 0.161500 0.183000 0.158500 0.138200 0.145700 0.154400 0.203100 0.164500 0.170900 0.181600 0.157600 0.138000 0.148700 0.155300 0.144400 0.177700 0.161100 0.137700 0.155400 0.161600 0.164300 0.158900 0.156600 0.151300 0.144200 0.140800 0.156400 0.000000 0.152100 0.136100 0.163700 0.161500 0.124400 0.163800 0.199200 0.150100 0.177800 0.139300 0.161900 0.169900 0.145500 0.161500 0.173400 0.156200 0.124800 0.137600 0.144400
BlueWildeb 0.081800 0.273800 0.106900 0.290000 0.095300 0.076400 0.136100 0.132300 0.101500 0.114300 0.081900 0.161300 0.031300 0.131500 0.123400 0.131700 0.113400 0.129600 0.070900 0.107700 0.119500 0.076200 0.119300 0.129700 0.076400 0.125600 0.015600 0.112600 0.125600 0.107200 0.121700 0.112300 0.152100 0.000000 0.037400 0.149800 0.076400 0.089000 0.137300 0.163300 0.130900 0.138000 0.120500 0.142100 0.155700 0.120000 0.129600 0.146800 0.112200 0.137300 0.101400 0.107700
Gemsbok 0.043500 0.263900 0.079100 0.258900 0.067600 0.038100 0.126300 0.104000 0.073600 0.086100 0.043600 0.145600 0.059500 0.115600 0.095700 0.103500 0.085400 0.101800 0.032600 0.079700 0.091300 0.038000 0.091300 0.101900 0.038100 0.097500 0.042900 0.084800 0.109700 0.079300 0.093100 0.096500 0.136100 0.037400 0.000000 0.121500 0.038100 0.073100 0.109100 0.134600 0.102800 0.109700 0.092200 0.114100 0.127400 0.091800 0.101800 0.119000 0.084500 0.109100 0.073500 0.079700
Yak 0.120000 0.292500 0.110300 0.284600 0.098500 0.114400 0.133900 0.111300 0.092300 0.117800 0.120200 0.067100 0.162100 0.110600 0.139400 0.123300 0.155300 0.159400 0.146400 0.098700 0.130200 0.114100 0.135700 0.133800 0.114500 0.117100 0.144000 0.116000 0.117200 0.098100 0.112800 0.103600 0.163700 0.149800 0.121500 0.000000 0.114400 0.104200 0.116500 0.162200 0.135100 0.129700 0.111700 0.146600 0.016000 0.117800 0.121100 0.126300 0.103500 0.116400 0.092200 0.098700
BlueSheep 0.005200 0.302000 0.108800 0.288600 0.085000 0.000000 0.157500 0.122200 0.103300 0.116300 0.005300 0.150500 0.099200 0.133900 0.113400 0.121600 0.127800 0.131900 0.060500 0.109600 0.109000 0.010500 0.121500 0.132000 0.000000 0.115500 0.082300 0.126900 0.127900 0.109000 0.123900 0.114300 0.161500 0.076400 0.038100 0.114400 0.000000 0.090600 0.127300 0.166300 0.133300 0.127900 0.122600 0.144700 0.120200 0.109800 0.131900 0.136800 0.102100 0.127200 0.103100 0.109600
BohorReedb 0.096200 0.244000 0.097900 0.254400 0.005400 0.090600 0.108900 0.086700 0.092400 0.105400 0.084400 0.140700 0.100500 0.086300 0.078900 0.098400 0.116900 0.108900 0.096700 0.098700 0.098300 0.090400 0.098200 0.096800 0.090700 0.092400 0.083400 0.116100 0.092500 0.086000 0.100300 0.067800 0.124400 0.089000 0.073100 0.104200 0.090600 0.000000 0.068100 0.142400 0.104000 0.092400 0.099300 0.109100 0.110100 0.086700 0.108900 0.090100 0.067700 0.104100 0.092200 0.098700
KirksDik 0.133000 0.244400 0.110300 0.229500 0.062500 0.127300 0.108600 0.062500 0.104700 0.117800 0.133200 0.140600 0.137000 0.086200 0.102900 0.073900 0.142300 0.146500 0.133700 0.111100 0.073700 0.127000 0.129500 0.146600 0.127400 0.079900 0.131600 0.122500 0.068100 0.098200 0.112800 0.067700 0.163800 0.137300 0.109100 0.116500 0.127300 0.068100 0.000000 0.149200 0.109900 0.068000 0.111700 0.139500 0.128900 0.080800 0.072700 0.090100 0.103600 0.116400 0.104500 0.111100
RoeDeer 0.172100 0.308500 0.136100 0.302100 0.136600 0.166300 0.180800 0.150300 0.156300 0.112000 0.172400 0.194600 0.175700 0.156300 0.153600 0.149700 0.156200 0.186700 0.173200 0.163200 0.176000 0.165900 0.110900 0.097100 0.166400 0.169400 0.170200 0.154900 0.156300 0.162300 0.107000 0.148400 0.199200 0.163300 0.134600 0.162200 0.166300 0.142400 0.149200 0.000000 0.122800 0.182800 0.105900 0.109500 0.161600 0.130900 0.166500 0.139500 0.116700 0.149300 0.156000 0.163200
WhiteLippe 0.126400 0.281800 0.091700 0.275500 0.098300 0.133300 0.114100 0.104700 0.098200 0.050900 0.139200 0.146600 0.155300 0.104100 0.121000 0.092000 0.098100 0.127100 0.127100 0.104600 0.116200 0.133000 0.038900 0.090400 0.133400 0.110400 0.137400 0.109600 0.110500 0.104000 0.045600 0.097200 0.150100 0.130900 0.102800 0.135100 0.133300 0.104000 0.109900 0.122800 0.000000 0.122800 0.045100 0.090600 0.141100 0.092600 0.102400 0.119800 0.097300 0.097800 0.098100 0.104600
ThomsonGaz 0.133600 0.292100 0.110700 0.238600 0.086700 0.127900 0.134400 0.062700 0.105100 0.118500 0.133800 0.167200 0.137800 0.111100 0.128000 0.050800 0.155900 0.173000 0.134400 0.111600 0.074200 0.127600 0.117400 0.147100 0.128000 0.011000 0.132200 0.123000 0.044400 0.098600 0.126200 0.104100 0.177800 0.138000 0.109700 0.129700 0.127900 0.092400 0.068000 0.182800 0.122800 0.000000 0.124900 0.147200 0.129400 0.111300 0.096700 0.114600 0.103900 0.123400 0.105000 0.111600
MuntiacusC 0.128400 0.263800 0.093200 0.272800 0.093600 0.122600 0.116400 0.106500 0.099800 0.016400 0.128600 0.148800 0.145000 0.105700 0.122900 0.106000 0.099700 0.129300 0.129100 0.106300 0.131200 0.122300 0.045300 0.079800 0.122700 0.112300 0.127000 0.111300 0.112300 0.105700 0.011000 0.098700 0.139300 0.120500 0.092200 0.111700 0.122600 0.099300 0.111700 0.105900 0.045100 0.124900 0.000000 0.079900 0.130500 0.100500 0.104000 0.134200 0.086600 0.087000 0.099600 0.106300
WhiteTaile 0.150300 0.302300 0.115300 0.256500 0.103400 0.144700 0.151800 0.128700 0.122000 0.085800 0.138000 0.184400 0.166600 0.128100 0.132300 0.115800 0.134600 0.164200 0.151200 0.128500 0.153700 0.144300 0.067400 0.060400 0.144800 0.134500 0.148700 0.133400 0.122100 0.127800 0.080700 0.133400 0.161900 0.142100 0.114100 0.146600 0.144700 0.109100 0.139500 0.109500 0.090600 0.147200 0.079900 0.000000 0.152600 0.116500 0.138400 0.125400 0.084700 0.121500 0.121800 0.128500
Cattle 0.125800 0.299400 0.103800 0.268800 0.104400 0.120200 0.152900 0.098800 0.098200 0.136700 0.126000 0.078700 0.168000 0.129200 0.132800 0.123000 0.161400 0.165500 0.152400 0.104500 0.129900 0.119900 0.141800 0.127200 0.120300 0.116900 0.149900 0.097300 0.117000 0.103900 0.131800 0.121900 0.169900 0.155700 0.127400 0.016000 0.120200 0.110100 0.128900 0.161600 0.141100 0.129400 0.130500 0.152600 0.000000 0.130000 0.133400 0.132200 0.109400 0.135000 0.098000 0.104500
RoyalAntel 0.103200 0.270300 0.092800 0.249600 0.081000 0.109800 0.122500 0.093600 0.087200 0.106600 0.115700 0.129300 0.132000 0.087100 0.109900 0.080900 0.124400 0.128600 0.103800 0.093500 0.105600 0.109600 0.105500 0.116200 0.109900 0.111400 0.126500 0.111000 0.099000 0.093000 0.101500 0.092500 0.145500 0.120000 0.091800 0.117800 0.109800 0.086700 0.080800 0.130900 0.092600 0.111300 0.100500 0.116500 0.130000 0.000000 0.110000 0.097000 0.086200 0.092900 0.087000 0.093500
Steenbok 0.137500 0.271300 0.114900 0.241400 0.103300 0.131900 0.125600 0.079300 0.109400 0.110000 0.137800 0.145000 0.141500 0.103000 0.131900 0.090700 0.133900 0.163600 0.138400 0.115800 0.102700 0.131600 0.121400 0.138200 0.132000 0.084800 0.124000 0.114700 0.084900 0.115100 0.105000 0.096300 0.161500 0.129600 0.101800 0.121100 0.131900 0.108900 0.072700 0.166500 0.102400 0.096700 0.104000 0.138400 0.133400 0.110000 0.000000 0.130900 0.108300 0.121000 0.109200 0.115800
Impala 0.130000 0.268700 0.132500 0.263200 0.084500 0.136800 0.131200 0.109000 0.127000 0.140400 0.142700 0.150000 0.146500 0.096200 0.123800 0.108300 0.133100 0.155700 0.130800 0.133500 0.108100 0.136500 0.126900 0.137500 0.136900 0.114600 0.141100 0.150900 0.114700 0.120400 0.135500 0.089500 0.173400 0.146800 0.119000 0.126300 0.136800 0.090100 0.090100 0.139500 0.119800 0.114600 0.134200 0.125400 0.132200 0.097000 0.130900 0.000000 0.101500 0.126200 0.126800 0.133500
Klipspring 0.107600 0.257400 0.097400 0.238300 0.062100 0.102100 0.120600 0.098300 0.104000 0.092600 0.107800 0.139900 0.123900 0.097900 0.102300 0.097800 0.116300 0.133000 0.120500 0.110400 0.122600 0.101800 0.085700 0.084600 0.102100 0.103900 0.106600 0.115300 0.091900 0.097500 0.087400 0.103100 0.156200 0.112200 0.084500 0.103500 0.102100 0.067700 0.103600 0.116700 0.097300 0.103900 0.086600 0.084700 0.109400 0.086200 0.108300 0.101500 0.000000 0.103600 0.103800 0.110400
ForestMusk 0.120400 0.283300 0.085900 0.269100 0.098400 0.127200 0.108500 0.098900 0.092400 0.080900 0.133200 0.140400 0.161800 0.098100 0.127500 0.098300 0.104300 0.109100 0.121100 0.098700 0.117300 0.126900 0.110600 0.121400 0.127300 0.110900 0.143900 0.116100 0.117000 0.098200 0.087900 0.091400 0.124800 0.137300 0.109100 0.116400 0.127200 0.104100 0.116400 0.149300 0.097800 0.123400 0.087000 0.121500 0.135000 0.092900 0.121000 0.126200 0.103600 0.000000 0.092300 0.098700
Bushbuck 0.108700 0.285300 0.016500 0.240900 0.086600 0.103100 0.121900 0.099200 0.000000 0.093400 0.108900 0.103600 0.112900 0.111000 0.103200 0.098700 0.104900 0.109400 0.097300 0.005400 0.111200 0.102900 0.098600 0.109300 0.103200 0.092700 0.095600 0.022100 0.105000 0.005500 0.100600 0.104000 0.137600 0.101400 0.073500 0.092200 0.103100 0.092200 0.104500 0.156000 0.098100 0.105000 0.099600 0.121800 0.098000 0.087000 0.109200 0.126800 0.103800 0.092300 0.000000 0.005400
GreaterKud 0.115300 0.294800 0.021700 0.249300 0.093000 0.109600 0.128700 0.105900 0.005500 0.099900 0.115500 0.110100 0.119400 0.117700 0.109700 0.105300 0.111500 0.116000 0.103700 0.000000 0.117900 0.109400 0.105100 0.115900 0.109700 0.099200 0.102000 0.016600 0.111700 0.011100 0.107300 0.110500 0.144400 0.107700 0.079700 0.098700 0.109600 0.098700 0.111100 0.163200 0.104600 0.111600 0.106300 0.128500 0.104500 0.093500 0.115800 0.133500 0.110400 0.098700 0.005400 0.000000
