1
52 1
Argali 0.000000 0.005800 0.001900 0.009600 0.001900 0.000000 0.003800 0.001900 0.001900 0.003800 0.001900 0.001900 0.001900 0.003800 0.001900 0.003800 0.001900 0.001900 0.001900 0.001900 0.001900 0.001900 0.003800 0.005700 0.001900 0.001900 0.001900 0.003800 0.001900 0.001900 0.003800 0.003800 0.005700 0.001900 0.003800 0.001900 0.001900 0.001900 0.003800 0.003800 0.003800 0.003800 0.003800 0.005700 0.001900 0.003800 0.001900 0.001900 0.001900 0.005700 0.001900 0.001900
LesserMous 0.005800 0.000000 0.003800 0.011600 0.003800 0.005800 0.005800 0.003800 0.003800 0.003800 0.003800 0.003800 0.003800 0.005700 0.003800 0.005800 0.003800 0.003800 0.003800 0.003800 0.003800 0.003800 0.003800 0.005800 0.003800 0.003800 0.003800 0.005800 0.003800 0.003800 0.003800 0.005700 0.007700 0.003800 0.005800 0.003800 0.003800 0.003800 0.005700 0.003800 0.003800 0.005700 0.003800 0.005700 0.003800 0.005700 0.003800 0.003800 0.003800 0.007700 0.003800 0.003800
LesserKudu 0.001900 0.003800 0.000000 0.007700 0.000000 0.001900 0.001900 0.000000 0.000000 0.001900 0.000000 0.000100 0.000000 0.001900 0.000000 0.001900 0.000100 0.000100 0.000000 0.000000 0.000000 0.000000 0.001900 0.003800 0.000000 0.000000 0.000000 0.001900 0.000000 0.000000 0.001900 0.001900 0.003800 0.000000 0.001900 0.000100 0.000000 0.000000 0.001900 0.001900 0.001900 0.001900 0.001900 0.003800 0.000100 0.001900 0.000000 0.000000 0.000100 0.003800 0.000000 0.000000
KillerWhal 0.009600 0.011600 0.007700 0.000000 0.007700 0.009600 0.009600 0.007700 0.007700 0.009600 0.007700 0.007700 0.007700 0.009600 0.007700 0.009600 0.007600 0.007600 0.007700 0.007700 0.007600 0.007700 0.009600 0.011500 0.007700 0.007700 0.007700 0.005700 0.007700 0.007700 0.009600 0.009600 0.011500 0.007700 0.009600 0.007700 0.007700 0.007700 0.009600 0.009600 0.009600 0.009600 0.009600 0.011500 0.007700 0.009600 0.007600 0.007700 0.007700 0.011500 0.007700 0.007700
DefassaWat 0.001900 0.003800 0.000000 0.007700 0.000000 0.001900 0.001900 0.000100 0.000100 0.001900 0.000100 0.000100 0.000100 0.001900 0.000100 0.001900 0.000100 0.000100 0.000100 0.000100 0.000100 0.000100 0.001900 0.003800 0.000100 0.000100 0.000100 0.001900 0.000100 0.000100 0.001900 0.001900 0.003800 0.000100 0.001900 0.000100 0.000100 0.000000 0.001900 0.001900 0.001900 0.001900 0.001900 0.003800 0.000100 0.001900 0.000100 0.000100 0.000100 0.003800 0.000100 0.000100
Sheep 0.000000 0.005800 0.001900 0.009600 0.001900 0.000000 0.003800 0.001900 0.001900 0.003800 0.001900 0.001900 0.001900 0.003800 0.001900 0.003800 0.001900 0.001900 0.001900 0.001900 0.001900 0.001900 0.003800 0.005700 0.001900 0.001900 0.001900 0.003800 0.001900 0.001900 0.003800 0.003800 0.005700 0.001900 0.003800 0.001900 0.001900 0.001900 0.003800 0.003800 0.003800 0.003800 0.003800 0.005700 0.001900 0.003800 0.001900 0.001900 0.001900 0.005700 0.001900 0.001900
MaxwellsDu 0.003800 0.005800 0.001900 0.009600 0.001900 0.003800 0.000000 0.001900 0.001900 0.003800 0.001900 0.001900 0.001900 0.000000 0.001900 0.003800 0.001900 0.001900 0.001900 0.001900 0.001900 0.001900 0.003800 0.005700 0.001900 0.001900 0.001900 0.003800 0.001900 0.001900 0.003800 0.000000 0.005700 0.001900 0.003800 0.001900 0.001900 0.001900 0.003800 0.003800 0.003800 0.003800 0.003800 0.005700 0.001900 0.003800 0.001900 0.001900 0.001900 0.005700 0.001900 0.001900
GazellaPrz 0.001900 0.003800 0.000000 0.007700 0.000100 0.001900 0.001900 0.000000 0.000100 0.001900 0.000100 0.000100 0.000000 0.001900 0.000000 0.001900 0.000100 0.000100 0.000100 0.000100 0.000000 0.000100 0.001900 0.003800 0.000100 0.000000 0.000000 0.001900 0.000000 0.000100 0.001900 0.001900 0.003800 0.000000 0.001900 0.000100 0.000100 0.000000 0.001900 0.001900 0.001900 0.001900 0.001900 0.003800 0.000100 0.001900 0.000000 0.000100 0.000100 0.003800 0.000100 0.000100
MountainNy 0.001900 0.003800 0.000000 0.007700 0.000100 0.001900 0.001900 0.000100 0.000000 0.001900 0.000000 0.000100 0.000000 0.001900 0.000000 0.001900 0.000100 0.000100 0.000000 0.000000 0.000100 0.000000 0.001900 0.003800 0.000000 0.000100 0.000000 0.001900 0.000100 0.000000 0.001900 0.001900 0.003800 0.000000 0.001900 0.000100 0.000000 0.000000 0.001900 0.001900 0.001900 0.001900 0.001900 0.003800 0.000100 0.001900 0.000000 0.000000 0.000100 0.003800 0.000000 0.000000
MuntiacusM 0.003800 0.003800 0.001900 0.009600 0.001900 0.003800 0.003800 0.001900 0.001900 0.000000 0.001900 0.001900 0.001900 0.003800 0.001900 0.003800 0.001900 0.001900 0.001900 0.001900 0.001900 0.001900 0.000000 0.001900 0.001900 0.001900 0.001900 0.003800 0.001900 0.001900 0.000000 0.003800 0.005700 0.001900 0.003800 0.001900 0.001900 0.001900 0.003800 0.000100 0.000000 0.003800 0.000000 0.001900 0.001900 0.003800 0.001900 0.001900 0.001900 0.005700 0.001900 0.001900
goat 0.001900 0.003800 0.000000 0.007700 0.000100 0.001900 0.001900 0.000100 0.000000 0.001900 0.000000 0.000100 0.000000 0.001900 0.000000 0.001900 0.000100 0.000100 0.000000 0.000000 0.000000 0.000000 0.001900 0.003800 0.000000 0.000100 0.000000 0.001900 0.000000 0.000000 0.001900 0.001900 0.003800 0.000000 0.001900 0.000100 0.000000 0.000000 0.001900 0.001900 0.001900 0.001900 0.001900 0.003800 0.000100 0.001900 0.000000 0.000000 0.000100 0.003800 0.000000 0.000000
AfricanBuf 0.001900 0.003800 0.000100 0.007700 0.000100 0.001900 0.001900 0.000100 0.000100 0.001900 0.000100 0.000000 0.000100 0.001900 0.000000 0.001900 0.000100 0.000100 0.000100 0.000100 0.000100 0.000100 0.001900 0.003800 0.000100 0.000100 0.000100 0.001900 0.000100 0.000000 0.001900 0.001900 0.003800 0.000100 0.001900 0.000000 0.000100 0.000100 0.001900 0.001900 0.001900 0.001900 0.001900 0.003800 0.000000 0.001900 0.000000 0.000100 0.000100 0.003800 0.000100 0.000100
Topi 0.001900 0.003800 0.000000 0.007700 0.000100 0.001900 0.001900 0.000000 0.000000 0.001900 0.000000 0.000100 0.000000 0.001900 0.000000 0.001900 0.000100 0.000100 0.000000 0.000000 0.000000 0.000000 0.001900 0.003800 0.000000 0.000000 0.000000 0.001900 0.000000 0.000000 0.001900 0.001900 0.003800 0.000000 0.001900 0.000100 0.000000 0.000000 0.001900 0.001900 0.001900 0.001900 0.001900 0.003800 0.000100 0.001900 0.000000 0.000000 0.000100 0.003800 0.000000 0.000000
CommonDuik 0.003800 0.005700 0.001900 0.009600 0.001900 0.003800 0.000000 0.001900 0.001900 0.003800 0.001900 0.001900 0.001900 0.000000 0.001900 0.003800 0.001900 0.001900 0.001900 0.001900 0.001900 0.001900 0.003800 0.005700 0.001900 0.001900 0.001900 0.003800 0.001900 0.001900 0.003800 0.000000 0.005700 0.001900 0.003800 0.001900 0.001900 0.001900 0.003800 0.003800 0.003800 0.003800 0.003800 0.005700 0.001900 0.003800 0.001900 0.001900 0.001900 0.005700 0.001900 0.001900
Suni 0.001900 0.003800 0.000000 0.007700 0.000100 0.001900 0.001900 0.000000 0.000000 0.001900 0.000000 0.000000 0.000000 0.001900 0.000000 0.001900 0.000100 0.000100 0.000000 0.000000 0.000000 0.000000 0.001900 0.003800 0.000000 0.000000 0.000000 0.001900 0.000000 0.000000 0.001900 0.001900 0.003800 0.000000 0.001900 0.000100 0.000000 0.000000 0.001900 0.001900 0.001900 0.001900 0.001900 0.003800 0.000000 0.001900 0.000000 0.000000 0.000100 0.003800 0.000000 0.000000
Springbuck 0.003800 0.005800 0.001900 0.009600 0.001900 0.003800 0.003800 0.001900 0.001900 0.003800 0.001900 0.001900 0.001900 0.003800 0.001900 0.000000 0.001900 0.001900 0.001900 0.001900 0.001900 0.001900 0.003800 0.005700 0.001900 0.001900 0.001900 0.003800 0.001900 0.001900 0.003800 0.003800 0.005700 0.001900 0.003800 0.001900 0.001900 0.001900 0.003800 0.003800 0.003800 0.003800 0.003800 0.005700 0.001900 0.003800 0.001900 0.001900 0.001900 0.005700 0.001900 0.001900
Okapi 0.001900 0.003800 0.000100 0.007600 0.000100 0.001900 0.001900 0.000100 0.000100 0.001900 0.000100 0.000100 0.000100 0.001900 0.000100 0.001900 0.000000 0.000000 0.000100 0.000100 0.000100 0.000100 0.001900 0.003800 0.000100 0.000100 0.000100 0.001900 0.000100 0.000100 0.001900 0.001900 0.003800 0.000100 0.001900 0.000100 0.000100 0.000100 0.001900 0.001900 0.001900 0.001900 0.001900 0.003800 0.000100 0.001900 0.000100 0.000100 0.000100 0.003800 0.000100 0.000100
Giraffe 0.001900 0.003800 0.000100 0.007600 0.000100 0.001900 0.001900 0.000100 0.000100 0.001900 0.000100 0.000100 0.000100 0.001900 0.000100 0.001900 0.000000 0.000000 0.000100 0.000100 0.000100 0.000100 0.001900 0.003800 0.000100 0.000100 0.000100 0.001900 0.000100 0.000100 0.001900 0.001900 0.003800 0.000100 0.001900 0.000100 0.000100 0.000100 0.001900 0.001900 0.001900 0.001900 0.001900 0.003800 0.000100 0.001900 0.000100 0.000100 0.000100 0.003800 0.000100 0.000100
TibetanAnt 0.001900 0.003800 0.000000 0.007700 0.000100 0.001900 0.001900 0.000100 0.000000 0.001900 0.000000 0.000100 0.000000 0.001900 0.000000 0.001900 0.000100 0.000100 0.000000 0.000000 0.000000 0.000000 0.001900 0.003800 0.000000 0.000100 0.000000 0.001900 0.000000 0.000000 0.001900 0.001900 0.003800 0.000000 0.001900 0.000100 0.000000 0.000000 0.001900 0.001900 0.001900 0.001900 0.001900 0.003800 0.000100 0.001900 0.000000 0.000000 0.000100 0.003800 0.000000 0.000000
Sitatunga 0.001900 0.003800 0.000000 0.007700 0.000100 0.001900 0.001900 0.000100 0.000000 0.001900 0.000000 0.000100 0.000000 0.001900 0.000000 0.001900 0.000100 0.000100 0.000000 0.000000 0.000000 0.000000 0.001900 0.003800 0.000000 0.000100 0.000000 0.001900 0.000000 0.000000 0.001900 0.001900 0.003800 0.000000 0.001900 0.000100 0.000000 0.000000 0.001900 0.001900 0.001900 0.001900 0.001900 0.003800 0.000000 0.001900 0.000000 0.000000 0.000100 0.003800 0.000000 0.000000
Oribi 0.001900 0.003800 0.000000 0.007600 0.000100 0.001900 0.001900 0.000000 0.000100 0.001900 0.000000 0.000100 0.000000 0.001900 0.000000 0.001900 0.000100 0.000100 0.000000 0.000000 0.000000 0.000000 0.001900 0.003800 0.000000 0.000000 0.000000 0.001900 0.000000 0.000100 0.001900 0.001900 0.003800 0.000000 0.001900 0.000100 0.000000 0.000000 0.001900 0.001900 0.001900 0.001900 0.001900 0.003800 0.000100 0.001900 0.000000 0.000100 0.000100 0.003800 0.000100 0.000100
BarbaryShe 0.001900 0.003800 0.000000 0.007700 0.000100 0.001900 0.001900 0.000100 0.000000 0.001900 0.000000 0.000100 0.000000 0.001900 0.000000 0.001900 0.000100 0.000100 0.000000 0.000000 0.000000 0.000000 0.001900 0.003800 0.000000 0.000100 0.000000 0.001900 0.000100 0.000000 0.001900 0.001900 0.003800 0.000000 0.001900 0.000100 0.000000 0.000000 0.001900 0.001900 0.001900 0.001900 0.001900 0.003800 0.000100 0.001900 0.000000 0.000000 0.000100 0.003800 0.000000 0.000000
Daviddeer 0.003800 0.003800 0.001900 0.009600 0.001900 0.003800 0.003800 0.001900 0.001900 0.000000 0.001900 0.001900 0.001900 0.003800 0.001900 0.003800 0.001900 0.001900 0.001900 0.001900 0.001900 0.001900 0.000000 0.001900 0.001900 0.001900 0.001900 0.003800 0.001900 0.001900 0.000000 0.003800 0.005700 0.001900 0.003800 0.001900 0.001900 0.001900 0.003800 0.000100 0.000000 0.003800 0.000000 0.001900 0.001900 0.003800 0.001900 0.001900 0.001900 0.005700 0.001900 0.001900
Reindeer 0.005700 0.005800 0.003800 0.011500 0.003800 0.005700 0.005700 0.003800 0.003800 0.001900 0.003800 0.003800 0.003800 0.005700 0.003800 0.005700 0.003800 0.003800 0.003800 0.003800 0.003800 0.003800 0.001900 0.000000 0.003800 0.003800 0.003800 0.005700 0.003800 0.003800 0.001900 0.005700 0.007700 0.003800 0.005700 0.003800 0.003800 0.003800 0.005700 0.001900 0.001900 0.005700 0.001900 0.000000 0.003800 0.005700 0.003800 0.003800 0.003800 0.007700 0.003800 0.003800
Ibex 0.001900 0.003800 0.000000 0.007700 0.000100 0.001900 0.001900 0.000100 0.000000 0.001900 0.000000 0.000100 0.000000 0.001900 0.000000 0.001900 0.000100 0.000100 0.000000 0.000000 0.000000 0.000000 0.001900 0.003800 0.000000 0.000100 0.000000 0.001900 0.000100 0.000000 0.001900 0.001900 0.003800 0.000000 0.001900 0.000100 0.000000 0.000000 0.001900 0.001900 0.001900 0.001900 0.001900 0.003800 0.000100 0.001900 0.000000 0.000000 0.000100 0.003800 0.000000 0.000000
GyrantGaze 0.001900 0.003800 0.000000 0.007700 0.000100 0.001900 0.001900 0.000000 0.000100 0.001900 0.000100 0.000100 0.000000 0.001900 0.000000 0.001900 0.000100 0.000100 0.000100 0.000100 0.000000 0.000100 0.001900 0.003800 0.000100 0.000000 0.000000 0.001900 0.000000 0.000100 0.001900 0.001900 0.003800 0.000000 0.001900 0.000100 0.000100 0.000000 0.001900 0.001900 0.001900 0.001900 0.001900 0.003800 0.000100 0.001900 0.000000 0.000100 0.000100 0.003800 0.000100 0.000100
Hartebeest 0.001900 0.003800 0.000000 0.007700 0.000100 0.001900 0.001900 0.000000 0.000000 0.001900 0.000000 0.000100 0.000000 0.001900 0.000000 0.001900 0.000100 0.000100 0.000000 0.000000 0.000000 0.000000 0.001900 0.003800 0.000000 0.000000 0.000000 0.001900 0.000000 0.000000 0.001900 0.001900 0.003800 0.000000 0.001900 0.000100 0.000000 0.000000 0.001900 0.001900 0.001900 0.001900 0.001900 0.003800 0.000100 0.001900 0.000000 0.000000 0.000100 0.003800 0.000000 0.000000
Bongo 0.003800 0.005800 0.001900 0.005700 0.001900 0.003800 0.003800 0.001900 0.001900 0.003800 0.001900 0.001900 0.001900 0.003800 0.001900 0.003800 0.001900 0.001900 0.001900 0.001900 0.001900 0.001900 0.003800 0.005700 0.001900 0.001900 0.001900 0.000000 0.001900 0.001900 0.003800 0.003800 0.005700 0.001900 0.003800 0.001900 0.001900 0.001900 0.003800 0.003800 0.003800 0.003800 0.003800 0.005700 0.001900 0.003800 0.001900 0.001900 0.001900 0.005700 0.001900 0.001900
Gerenuk 0.001900 0.003800 0.000000 0.007700 0.000100 0.001900 0.001900 0.000000 0.000100 0.001900 0.000000 0.000100 0.000000 0.001900 0.000000 0.001900 0.000100 0.000100 0.000000 0.000000 0.000000 0.000100 0.001900 0.003800 0.000100 0.000000 0.000000 0.001900 0.000000 0.000100 0.001900 0.001900 0.003800 0.000000 0.001900 0.000100 0.000100 0.000000 0.001900 0.001900 0.001900 0.001900 0.001900 0.003800 0.000100 0.001900 0.000000 0.000100 0.000100 0.003800 0.000100 0.000100
CommonElan 0.001900 0.003800 0.000000 0.007700 0.000100 0.001900 0.001900 0.000100 0.000000 0.001900 0.000000 0.000000 0.000000 0.001900 0.000000 0.001900 0.000100 0.000100 0.000000 0.000000 0.000100 0.000000 0.001900 0.003800 0.000000 0.000100 0.000000 0.001900 0.000100 0.000000 0.001900 0.001900 0.003800 0.000000 0.001900 0.000000 0.000000 0.000000 0.001900 0.001900 0.001900 0.001900 0.001900 0.003800 0.000000 0.001900 0.000000 0.000000 0.000100 0.003800 0.000000 0.000000
MuntiacusR 0.003800 0.003800 0.001900 0.009600 0.001900 0.003800 0.003800 0.001900 0.001900 0.000000 0.001900 0.001900 0.001900 0.003800 0.001900 0.003800 0.001900 0.001900 0.001900 0.001900 0.001900 0.001900 0.000000 0.001900 0.001900 0.001900 0.001900 0.003800 0.001900 0.001900 0.000000 0.003800 0.005700 0.001900 0.003800 0.001900 0.001900 0.001900 0.003800 0.000100 0.000000 0.003800 0.000000 0.001900 0.001900 0.003800 0.001900 0.001900 0.001900 0.005700 0.001900 0.001900
HarveysDui 0.003800 0.005700 0.001900 0.009600 0.001900 0.003800 0.000000 0.001900 0.001900 0.003800 0.001900 0.001900 0.001900 0.000000 0.001900 0.003800 0.001900 0.001900 0.001900 0.001900 0.001900 0.001900 0.003800 0.005700 0.001900 0.001900 0.001900 0.003800 0.001900 0.001900 0.003800 0.000000 0.005700 0.001900 0.003800 0.001900 0.001900 0.001900 0.003800 0.003800 0.003800 0.003800 0.003800 0.005700 0.001900 0.003800 0.001900 0.001900 0.001900 0.005700 0.001900 0.001900
Pronghorn 0.005700 0.007700 0.003800 0.011500 0.003800 0.005700 0.005700 0.003800 0.003800 0.005700 0.003800 0.003800 0.003800 0.005700 0.003800 0.005700 0.003800 0.003800 0.003800 0.003800 0.003800 0.003800 0.005700 0.007700 0.003800 0.003800 0.003800 0.005700 0.003800 0.003800 0.005700 0.005700 0.000000 0.003800 0.005700 0.003800 0.003800 0.003800 0.005700 0.005800 0.005700 0.005700 0.005700 0.007600 0.003800 0.005700 0.003800 0.003800 0.003800 0.007700 0.003800 0.003800
BlueWildeb 0.001900 0.003800 0.000000 0.007700 0.000100 0.001900 0.001900 0.000000 0.000000 0.001900 0.000000 0.000100 0.000000 0.001900 0.000000 0.001900 0.000100 0.000100 0.000000 0.000000 0.000000 0.000000 0.001900 0.003800 0.000000 0.000000 0.000000 0.001900 0.000000 0.000000 0.001900 0.001900 0.003800 0.000000 0.001900 0.000100 0.000000 0.000000 0.001900 0.001900 0.001900 0.001900 0.001900 0.003800 0.000100 0.001900 0.000000 0.000000 0.000100 0.003800 0.000000 0.000000
Gemsbok 0.003800 0.005800 0.001900 0.009600 0.001900 0.003800 0.003800 0.001900 0.001900 0.003800 0.001900 0.001900 0.001900 0.003800 0.001900 0.003800 0.001900 0.001900 0.001900 0.001900 0.001900 0.001900 0.003800 0.005700 0.001900 0.001900 0.001900 0.003800 0.001900 0.001900 0.003800 0.003800 0.005700 0.001900 0.000000 0.001900 0.001900 0.001900 0.003800 0.003800 0.003800 0.003800 0.003800 0.005700 0.001900 0.003800 0.001900 0.001900 0.001900 0.005700 0.001900 0.001900
Yak 0.001900 0.003800 0.000100 0.007700 0.000100 0.001900 0.001900 0.000100 0.000100 0.001900 0.000100 0.000000 0.000100 0.001900 0.000100 0.001900 0.000100 0.000100 0.000100 0.000100 0.000100 0.000100 0.001900 0.003800 0.000100 0.000100 0.000100 0.001900 0.000100 0.000000 0.001900 0.001900 0.003800 0.000100 0.001900 0.000000 0.000100 0.000100 0.001900 0.001900 0.001900 0.001900 0.001900 0.003800 0.000000 0.001900 0.000100 0.000100 0.000100 0.003800 0.000100 0.000100
BlueSheep 0.001900 0.003800 0.000000 0.007700 0.000100 0.001900 0.001900 0.000100 0.000000 0.001900 0.000000 0.000100 0.000000 0.001900 0.000000 0.001900 0.000100 0.000100 0.000000 0.000000 0.000000 0.000000 0.001900 0.003800 0.000000 0.000100 0.000000 0.001900 0.000100 0.000000 0.001900 0.001900 0.003800 0.000000 0.001900 0.000100 0.000000 0.000000 0.001900 0.001900 0.001900 0.001900 0.001900 0.003800 0.000100 0.001900 0.000000 0.000000 0.000100 0.003800 0.000000 0.000000
BohorReedb 0.001900 0.003800 0.000000 0.007700 0.000000 0.001900 0.001900 0.000000 0.000000 0.001900 0.000000 0.000100 0.000000 0.001900 0.000000 0.001900 0.000100 0.000100 0.000000 0.000000 0.000000 0.000000 0.001900 0.003800 0.000000 0.000000 0.000000 0.001900 0.000000 0.000000 0.001900 0.001900 0.003800 0.000000 0.001900 0.000100 0.000000 0.000000 0.001900 0.001900 0.001900 0.001900 0.001900 0.003800 0.000100 0.001900 0.000000 0.000000 0.000100 0.003800 0.000000 0.000000
KirksDik 0.003800 0.005700 0.001900 0.009600 0.001900 0.003800 0.003800 0.001900 0.001900 0.003800 0.001900 0.001900 0.001900 0.003800 0.001900 0.003800 0.001900 0.001900 0.001900 0.001900 0.001900 0.001900 0.003800 0.005700 0.001900 0.001900 0.001900 0.003800 0.001900 0.001900 0.003800 0.003800 0.005700 0.001900 0.003800 0.001900 0.001900 0.001900 0.000000 0.003800 0.003800 0.003800 0.003800 0.005700 0.001900 0.003800 0.001900 0.001900 0.001900 0.005700 0.001900 0.001900
RoeDeer 0.003800 0.003800 0.001900 0.009600 0.001900 0.003800 0.003800 0.001900 0.001900 0.000100 0.001900 0.001900 0.001900 0.003800 0.001900 0.003800 0.001900 0.001900 0.001900 0.001900 0.001900 0.001900 0.000100 0.001900 0.001900 0.001900 0.001900 0.003800 0.001900 0.001900 0.000100 0.003800 0.005800 0.001900 0.003800 0.001900 0.001900 0.001900 0.003800 0.000000 0.000100 0.003800 0.000100 0.001900 0.001900 0.003800 0.001900 0.001900 0.001900 0.005700 0.001900 0.001900
WhiteLippe 0.003800 0.003800 0.001900 0.009600 0.001900 0.003800 0.003800 0.001900 0.001900 0.000000 0.001900 0.001900 0.001900 0.003800 0.001900 0.003800 0.001900 0.001900 0.001900 0.001900 0.001900 0.001900 0.000000 0.001900 0.001900 0.001900 0.001900 0.003800 0.001900 0.001900 0.000000 0.003800 0.005700 0.001900 0.003800 0.001900 0.001900 0.001900 0.003800 0.000100 0.000000 0.003800 0.000000 0.001900 0.001900 0.003800 0.001900 0.001900 0.001900 0.005700 0.001900 0.001900
ThomsonGaz 0.003800 0.005700 0.001900 0.009600 0.001900 0.003800 0.003800 0.001900 0.001900 0.003800 0.001900 0.001900 0.001900 0.003800 0.001900 0.003800 0.001900 0.001900 0.001900 0.001900 0.001900 0.001900 0.003800 0.005700 0.001900 0.001900 0.001900 0.003800 0.001900 0.001900 0.003800 0.003800 0.005700 0.001900 0.003800 0.001900 0.001900 0.001900 0.003800 0.003800 0.003800 0.000000 0.003800 0.005700 0.001900 0.003800 0.001900 0.001900 0.001900 0.005700 0.001900 0.001900
MuntiacusC 0.003800 0.003800 0.001900 0.009600 0.001900 0.003800 0.003800 0.001900 0.001900 0.000000 0.001900 0.001900 0.001900 0.003800 0.001900 0.003800 0.001900 0.001900 0.001900 0.001900 0.001900 0.001900 0.000000 0.001900 0.001900 0.001900 0.001900 0.003800 0.001900 0.001900 0.000000 0.003800 0.005700 0.001900 0.003800 0.001900 0.001900 0.001900 0.003800 0.000100 0.000000 0.003800 0.000000 0.001900 0.001900 0.003800 0.001900 0.001900 0.001900 0.005700 0.001900 0.001900
WhiteTaile 0.005700 0.005700 0.003800 0.011500 0.003800 0.005700 0.005700 0.003800 0.003800 0.001900 0.003800 0.003800 0.003800 0.005700 0.003800 0.005700 0.003800 0.003800 0.003800 0.003800 0.003800 0.003800 0.001900 0.000000 0.003800 0.003800 0.003800 0.005700 0.003800 0.003800 0.001900 0.005700 0.007600 0.003800 0.005700 0.003800 0.003800 0.003800 0.005700 0.001900 0.001900 0.005700 0.001900 0.000000 0.003800 0.005700 0.003800 0.003800 0.003800 0.007600 0.003800 0.003800
Cattle 0.001900 0.003800 0.000100 0.007700 0.000100 0.001900 0.001900 0.000100 0.000100 0.001900 0.000100 0.000000 0.000100 0.001900 0.000000 0.001900 0.000100 0.000100 0.000100 0.000000 0.000100 0.000100 0.001900 0.003800 0.000100 0.000100 0.000100 0.001900 0.000100 0.000000 0.001900 0.001900 0.003800 0.000100 0.001900 0.000000 0.000100 0.000100 0.001900 0.001900 0.001900 0.001900 0.001900 0.003800 0.000000 0.001900 0.000100 0.000100 0.000100 0.003800 0.000100 0.000100
RoyalAntel 0.003800 0.005700 0.001900 0.009600 0.001900 0.003800 0.003800 0.001900 0.001900 0.003800 0.001900 0.001900 0.001900 0.003800 0.001900 0.003800 0.001900 0.001900 0.001900 0.001900 0.001900 0.001900 0.003800 0.005700 0.001900 0.001900 0.001900 0.003800 0.001900 0.001900 0.003800 0.003800 0.005700 0.001900 0.003800 0.001900 0.001900 0.001900 0.003800 0.003800 0.003800 0.003800 0.003800 0.005700 0.001900 0.000000 0.001900 0.001900 0.001900 0.005700 0.001900 0.001900
Steenbok 0.001900 0.003800 0.000000 0.007600 0.000100 0.001900 0.001900 0.000000 0.000000 0.001900 0.000000 0.000000 0.000000 0.001900 0.000000 0.001900 0.000100 0.000100 0.000000 0.000000 0.000000 0.000000 0.001900 0.003800 0.000000 0.000000 0.000000 0.001900 0.000000 0.000000 0.001900 0.001900 0.003800 0.000000 0.001900 0.000100 0.000000 0.000000 0.001900 0.001900 0.001900 0.001900 0.001900 0.003800 0.000100 0.001900 0.000000 0.000000 0.000100 0.003800 0.000000 0.000000
Impala 0.001900 0.003800 0.000000 0.007700 0.000100 0.001900 0.001900 0.000100 0.000000 0.001900 0.000000 0.000100 0.000000 0.001900 0.000000 0.001900 0.000100 0.000100 0.000000 0.000000 0.000100 0.000000 0.001900 0.003800 0.000000 0.000100 0.000000 0.001900 0.000100 0.000000 0.001900 0.001900 0.003800 0.000000 0.001900 0.000100 0.000000 0.000000 0.001900 0.001900 0.001900 0.001900 0.001900 0.003800 0.000100 0.001900 0.000000 0.000000 0.000100 0.003800 0.000000 0.000000
Klipspring 0.001900 0.003800 0.000100 0.007700 0.000100 0.001900 0.001900 0.000100 0.000100 0.001900 0.000100 0.000100 0.000100 0.001900 0.000100 0.001900 0.000100 0.000100 0.000100 0.000100 0.000100 0.000100 0.001900 0.003800 0.000100 0.000100 0.000100 0.001900 0.000100 0.000100 0.001900 0.001900 0.003800 0.000100 0.001900 0.000100 0.000100 0.000100 0.001900 0.001900 0.001900 0.001900 0.001900 0.003800 0.000100 0.001900 0.000100 0.000100 0.000000 0.003800 0.000100 0.000100
ForestMusk 0.005700 0.007700 0.003800 0.011500 0.003800 0.005700 0.005700 0.003800 0.003800 0.005700 0.003800 0.003800 0.003800 0.005700 0.003800 0.005700 0.003800 0.003800 0.003800 0.003800 0.003800 0.003800 0.005700 0.007700 0.003800 0.003800 0.003800 0.005700 0.003800 0.003800 0.005700 0.005700 0.007700 0.003800 0.005700 0.003800 0.003800 0.003800 0.005700 0.005700 0.005700 0.005700 0.005700 0.007600 0.003800 0.005700 0.003800 0.003800 0.003800 0.000000 0.003800 0.003800
Bushbuck 0.001900 0.003800 0.000000 0.007700 0.000100 0.001900 0.001900 0.000100 0.000000 0.001900 0.000000 0.000100 0.000000 0.001900 0.000000 0.001900 0.000100 0.000100 0.000000 0.000000 0.000100 0.000000 0.001900 0.003800 0.000000 0.000100 0.000000 0.001900 0.000100 0.000000 0.001900 0.001900 0.003800 0.000000 0.001900 0.000100 0.000000 0.000000 0.001900 0.001900 0.001900 0.001900 0.001900 0.003800 0.000100 0.001900 0.000000 0.000000 0.000100 0.003800 0.000000 0.000000
GreaterKud 0.001900 0.003800 0.000000 0.007700 0.000100 0.001900 0.001900 0.000100 0.000000 0.001900 0.000000 0.000100 0.000000 0.001900 0.000000 0.001900 0.000100 0.000100 0.000000 0.000000 0.000100 0.000000 0.001900 0.003800 0.000000 0.000100 0.000000 0.001900 0.000100 0.000000 0.001900 0.001900 0.003800 0.000000 0.001900 0.000100 0.000000 0.000000 0.001900 0.001900 0.001900 0.001900 0.001900 0.003800 0.000100 0.001900 0.000000 0.000000 0.000100 0.003800 0.000000 0.000000
