1
52 1
Argali 0.000000 0.060800 0.006900 0.068900 0.006900 0.000000 0.006900 0.007000 0.007000 0.024600 0.003500 0.018100 0.010500 0.006900 0.007500 0.007000 0.028400 0.028300 0.010400 0.010400 0.000100 0.003500 0.024500 0.036400 0.003500 0.007000 0.014000 0.006900 0.007100 0.006900 0.024600 0.003400 0.024700 0.010400 0.010500 0.010400 0.003500 0.003400 0.024800 0.024600 0.029000 0.003500 0.028200 0.032700 0.014000 0.010400 0.010500 0.010500 0.003500 0.035500 0.010400 0.003500
LesserMous 0.060800 0.000000 0.057100 0.104200 0.060600 0.060800 0.060400 0.068900 0.060900 0.072100 0.064800 0.063900 0.072500 0.068200 0.068600 0.069400 0.061100 0.060900 0.073500 0.064100 0.060800 0.064600 0.071500 0.077100 0.065100 0.068800 0.072000 0.060500 0.061900 0.060700 0.071900 0.064200 0.060900 0.068300 0.072600 0.064400 0.064500 0.063900 0.072300 0.071900 0.075800 0.065100 0.075700 0.071400 0.068400 0.072000 0.064400 0.057100 0.064800 0.076100 0.064400 0.056900
LesserKudu 0.006900 0.057100 0.000000 0.073300 0.013900 0.006900 0.013900 0.014100 0.007000 0.031800 0.010500 0.017300 0.017600 0.013900 0.014000 0.014200 0.028400 0.028400 0.017500 0.010400 0.007000 0.010400 0.031600 0.035100 0.010500 0.014000 0.021000 0.006900 0.007100 0.006900 0.031800 0.010400 0.024700 0.010400 0.017600 0.010400 0.010400 0.010300 0.024800 0.031800 0.035500 0.010500 0.035400 0.031500 0.014000 0.017400 0.010500 0.010500 0.010500 0.035500 0.010400 0.003500
KillerWhal 0.068900 0.104200 0.073300 0.000000 0.076500 0.068900 0.068500 0.069400 0.077300 0.076000 0.073100 0.079700 0.081000 0.068600 0.076900 0.070500 0.073400 0.077000 0.076300 0.080600 0.068900 0.072800 0.075500 0.082900 0.073400 0.077200 0.080500 0.076900 0.078100 0.076900 0.075900 0.072500 0.077400 0.076600 0.077000 0.080400 0.072800 0.072000 0.088600 0.075900 0.079900 0.073500 0.079700 0.083100 0.084600 0.064700 0.080400 0.080600 0.073100 0.088300 0.080800 0.073100
DefassaWat 0.006900 0.060600 0.013900 0.076500 0.000000 0.006900 0.006900 0.014000 0.006900 0.017400 0.003500 0.017300 0.010500 0.006900 0.006900 0.014100 0.021100 0.021100 0.010400 0.010300 0.006900 0.003500 0.017300 0.027900 0.003500 0.014000 0.013900 0.006900 0.014100 0.006900 0.017400 0.003400 0.017500 0.010400 0.010500 0.010400 0.003500 0.003400 0.031900 0.017400 0.021000 0.010500 0.020900 0.024300 0.013900 0.010400 0.017500 0.010400 0.007000 0.028200 0.010400 0.010400
Sheep 0.000000 0.060800 0.006900 0.068900 0.006900 0.000000 0.006900 0.007000 0.007000 0.024600 0.003500 0.018100 0.010500 0.006900 0.007500 0.007000 0.028400 0.028300 0.010400 0.010400 0.000100 0.003500 0.024500 0.036400 0.003500 0.007000 0.014000 0.006900 0.007100 0.006900 0.024600 0.003400 0.024700 0.010400 0.010500 0.010400 0.003500 0.003400 0.024800 0.024600 0.029000 0.003500 0.028200 0.032700 0.014000 0.010400 0.010500 0.010500 0.003500 0.035500 0.010400 0.003500
MaxwellsDu 0.006900 0.060400 0.013900 0.068500 0.006900 0.006900 0.000000 0.014300 0.006900 0.024500 0.003500 0.010300 0.010400 0.007300 0.006900 0.014300 0.021100 0.021000 0.010400 0.010300 0.006900 0.003400 0.024300 0.035000 0.003500 0.014000 0.010400 0.006900 0.014100 0.006900 0.024500 0.003400 0.017500 0.010400 0.010400 0.010400 0.003400 0.003400 0.032300 0.024500 0.028100 0.010500 0.028000 0.031400 0.013900 0.010600 0.017400 0.010400 0.006900 0.028100 0.010400 0.010400
GazellaPrz 0.007000 0.068900 0.014100 0.069400 0.014000 0.007000 0.014300 0.000000 0.014100 0.032100 0.010600 0.024600 0.017700 0.007000 0.014100 0.007100 0.036000 0.035900 0.017600 0.017500 0.007000 0.010500 0.031900 0.042800 0.010600 0.014200 0.021200 0.014000 0.015600 0.014100 0.032100 0.010500 0.032300 0.017600 0.017700 0.017600 0.010500 0.010400 0.024900 0.032100 0.035800 0.010600 0.035600 0.039100 0.021200 0.010500 0.017700 0.017700 0.010600 0.043200 0.017600 0.010500
MountainNy 0.007000 0.060900 0.007000 0.077300 0.006900 0.007000 0.006900 0.014100 0.000000 0.024700 0.003500 0.010400 0.010500 0.006900 0.007000 0.014200 0.021200 0.021200 0.010400 0.003400 0.007000 0.003500 0.024500 0.028000 0.003500 0.014100 0.014000 0.000100 0.007100 0.000100 0.024600 0.003500 0.024700 0.010500 0.010500 0.003500 0.003500 0.003400 0.024800 0.024600 0.028300 0.010500 0.028200 0.024500 0.007000 0.010400 0.010500 0.003500 0.007000 0.028300 0.003500 0.003500
MuntiacusM 0.024600 0.072100 0.031800 0.076000 0.017400 0.024600 0.024500 0.032100 0.024700 0.000000 0.021100 0.035200 0.028400 0.024600 0.024700 0.032300 0.032000 0.024700 0.028100 0.028100 0.024700 0.021000 0.000000 0.010300 0.021200 0.032000 0.031800 0.024500 0.032400 0.024600 0.000000 0.021000 0.028200 0.028200 0.021100 0.028200 0.021000 0.020900 0.050500 0.000100 0.003400 0.028500 0.003400 0.006900 0.031900 0.028100 0.035500 0.028300 0.024800 0.042800 0.021000 0.028100
goat 0.003500 0.064800 0.010500 0.073100 0.003500 0.003500 0.003500 0.010600 0.003500 0.021100 0.000000 0.013900 0.007000 0.003500 0.003500 0.010600 0.024900 0.024800 0.006900 0.006900 0.003500 0.000000 0.021000 0.031600 0.000000 0.010500 0.010500 0.003500 0.010600 0.003500 0.021100 0.000100 0.021200 0.007000 0.007000 0.007000 0.000000 0.000100 0.028400 0.021100 0.024700 0.007000 0.024600 0.028000 0.010500 0.006900 0.014000 0.007000 0.003500 0.032000 0.006900 0.007000
AfricanBuf 0.018100 0.063900 0.017300 0.079700 0.017300 0.018100 0.010300 0.024600 0.010400 0.035200 0.013900 0.000000 0.021000 0.017300 0.010400 0.024800 0.024600 0.024500 0.020800 0.013700 0.017400 0.013800 0.034900 0.031200 0.013900 0.024600 0.020900 0.010300 0.017600 0.010300 0.035100 0.013800 0.028100 0.020800 0.021000 0.013800 0.013800 0.013700 0.035300 0.035100 0.031500 0.021000 0.038700 0.027700 0.017300 0.020800 0.020900 0.013900 0.017400 0.031600 0.013800 0.013800
Topi 0.010500 0.072500 0.017600 0.081000 0.010500 0.010500 0.010400 0.017700 0.010500 0.028400 0.007000 0.021000 0.000000 0.010500 0.010500 0.017900 0.032200 0.032100 0.014000 0.014000 0.010500 0.007000 0.028200 0.038900 0.007000 0.017700 0.003500 0.010400 0.017900 0.010500 0.028300 0.007000 0.028500 0.007000 0.014100 0.014000 0.007000 0.006900 0.035800 0.028300 0.032000 0.014100 0.031900 0.035300 0.014400 0.014000 0.021200 0.014100 0.010500 0.039400 0.014000 0.014000
CommonDuik 0.006900 0.068200 0.013900 0.068600 0.006900 0.006900 0.007300 0.007000 0.006900 0.024600 0.003500 0.017300 0.010500 0.000000 0.006900 0.007000 0.028300 0.028300 0.010400 0.010400 0.006900 0.003500 0.024400 0.035100 0.003500 0.014000 0.013900 0.006900 0.014200 0.006900 0.024500 0.003400 0.024700 0.010400 0.010500 0.010400 0.003500 0.003400 0.024700 0.024500 0.028100 0.010500 0.028100 0.031500 0.013900 0.003400 0.017500 0.010400 0.007000 0.035500 0.010400 0.010400
Suni 0.007500 0.068600 0.014000 0.076900 0.006900 0.007500 0.006900 0.014100 0.007000 0.024700 0.003500 0.010400 0.010500 0.006900 0.000000 0.014200 0.028500 0.028400 0.010400 0.010400 0.007000 0.003500 0.024500 0.028000 0.003500 0.014100 0.014000 0.006900 0.014200 0.007000 0.024700 0.003500 0.024800 0.010500 0.010500 0.010500 0.003500 0.003400 0.032100 0.024600 0.021100 0.010600 0.028200 0.024400 0.014000 0.010400 0.017600 0.010500 0.007000 0.035600 0.010400 0.010400
Springbuck 0.007000 0.069400 0.014200 0.070500 0.014100 0.007000 0.014300 0.007100 0.014200 0.032300 0.010600 0.024800 0.017900 0.007000 0.014200 0.000000 0.036200 0.036200 0.017700 0.017700 0.007100 0.010600 0.032100 0.043100 0.010700 0.014300 0.021400 0.014100 0.014400 0.014100 0.032300 0.010600 0.032400 0.017800 0.017800 0.017700 0.010600 0.010500 0.025100 0.032300 0.036000 0.010700 0.035900 0.039400 0.021400 0.010600 0.017700 0.017800 0.010700 0.043500 0.017700 0.010600
Okapi 0.028400 0.061100 0.028400 0.073400 0.021100 0.028400 0.021100 0.036000 0.021200 0.032000 0.024900 0.024600 0.032200 0.028300 0.028500 0.036200 0.000000 0.007000 0.028300 0.024600 0.028500 0.024800 0.031800 0.031700 0.025000 0.035900 0.032000 0.021100 0.028900 0.021200 0.031900 0.024700 0.024800 0.032000 0.032200 0.024700 0.024800 0.024600 0.046900 0.031900 0.035700 0.032300 0.035500 0.031700 0.028400 0.024700 0.032000 0.024800 0.028500 0.035700 0.024700 0.024700
Giraffe 0.028300 0.060900 0.028400 0.077000 0.021100 0.028300 0.021000 0.035900 0.021200 0.024700 0.024800 0.024500 0.032100 0.028300 0.028400 0.036200 0.007000 0.000000 0.031900 0.024600 0.028400 0.024700 0.024500 0.028000 0.024900 0.035800 0.031900 0.021100 0.028800 0.021100 0.024600 0.024600 0.024800 0.031900 0.032100 0.024700 0.024700 0.024500 0.046900 0.024600 0.028300 0.032200 0.028200 0.024500 0.028400 0.024600 0.032000 0.024800 0.028500 0.035700 0.017500 0.024600
TibetanAnt 0.010400 0.073500 0.017500 0.076300 0.010400 0.010400 0.010400 0.017600 0.010400 0.028100 0.006900 0.020800 0.014000 0.010400 0.010400 0.017700 0.028300 0.031900 0.000000 0.013800 0.010400 0.006900 0.027900 0.031400 0.007000 0.017600 0.020400 0.010400 0.017700 0.010400 0.028100 0.006900 0.028200 0.016800 0.014000 0.013900 0.006900 0.006900 0.035600 0.028100 0.031700 0.014000 0.031700 0.035000 0.017500 0.013900 0.021000 0.013900 0.010500 0.039100 0.013900 0.013900
Sitatunga 0.010400 0.064100 0.010400 0.080600 0.010300 0.010400 0.010300 0.017500 0.003400 0.028100 0.006900 0.013700 0.014000 0.010400 0.010400 0.017700 0.024600 0.024600 0.013800 0.000000 0.010400 0.006900 0.027900 0.031300 0.007000 0.017500 0.017400 0.003400 0.010500 0.003400 0.028000 0.006900 0.028100 0.013900 0.013900 0.006900 0.006900 0.006800 0.028200 0.028000 0.031600 0.014000 0.031600 0.027800 0.010400 0.013800 0.013900 0.006900 0.010400 0.031700 0.006900 0.006900
Oribi 0.000100 0.060800 0.007000 0.068900 0.006900 0.000100 0.006900 0.007000 0.007000 0.024700 0.003500 0.017400 0.010500 0.006900 0.007000 0.007100 0.028500 0.028400 0.010400 0.010400 0.000000 0.003500 0.024500 0.035200 0.003500 0.007000 0.014000 0.006900 0.007100 0.006900 0.024700 0.003500 0.024800 0.010500 0.010500 0.010400 0.003500 0.003400 0.024800 0.024600 0.028300 0.003500 0.028200 0.031600 0.014000 0.010400 0.010500 0.010500 0.003500 0.035600 0.010400 0.003500
BarbaryShe 0.003500 0.064600 0.010400 0.072800 0.003500 0.003500 0.003400 0.010500 0.003500 0.021000 0.000000 0.013800 0.007000 0.003500 0.003500 0.010600 0.024800 0.024700 0.006900 0.006900 0.003500 0.000000 0.020900 0.031500 0.000100 0.010500 0.010400 0.003400 0.010600 0.003500 0.021000 0.000100 0.021100 0.006900 0.007000 0.006900 0.000000 0.000000 0.028400 0.021000 0.024600 0.007000 0.024600 0.027900 0.010500 0.006900 0.014000 0.007000 0.003500 0.031900 0.006900 0.006900
Daviddeer 0.024500 0.071500 0.031600 0.075500 0.017300 0.024500 0.024300 0.031900 0.024500 0.000000 0.021000 0.034900 0.028200 0.024400 0.024500 0.032100 0.031800 0.024500 0.027900 0.027900 0.024500 0.020900 0.000000 0.010200 0.021100 0.031800 0.031600 0.024300 0.032200 0.024400 0.000000 0.020800 0.028100 0.028000 0.021000 0.028000 0.020900 0.020700 0.050100 0.000100 0.003400 0.028300 0.003400 0.006800 0.031700 0.027900 0.035300 0.028100 0.024600 0.042600 0.020800 0.028000
Reindeer 0.036400 0.077100 0.035100 0.082900 0.027900 0.036400 0.035000 0.042800 0.028000 0.010300 0.031600 0.031200 0.038900 0.035100 0.028000 0.043100 0.031700 0.028000 0.031400 0.031300 0.035200 0.031500 0.010200 0.000000 0.031800 0.042700 0.044800 0.027800 0.035700 0.027900 0.010300 0.031400 0.038800 0.041200 0.031600 0.031500 0.031500 0.031200 0.053700 0.010300 0.006800 0.039100 0.013700 0.003400 0.035200 0.038700 0.038800 0.031600 0.035300 0.046100 0.024300 0.031400
Ibex 0.003500 0.065100 0.010500 0.073400 0.003500 0.003500 0.003500 0.010600 0.003500 0.021200 0.000000 0.013900 0.007000 0.003500 0.003500 0.010700 0.025000 0.024900 0.007000 0.007000 0.003500 0.000100 0.021100 0.031800 0.000000 0.010600 0.010500 0.003500 0.010700 0.003500 0.021200 0.000200 0.021300 0.007000 0.007000 0.007000 0.000000 0.000100 0.028500 0.021200 0.024800 0.007000 0.024800 0.028200 0.010500 0.007000 0.014100 0.007000 0.003500 0.032100 0.007000 0.007000
GyrantGaze 0.007000 0.068800 0.014000 0.077200 0.014000 0.007000 0.014000 0.014200 0.014100 0.032000 0.010500 0.024600 0.017700 0.014000 0.014100 0.014300 0.035900 0.035800 0.017600 0.017500 0.007000 0.010500 0.031800 0.042700 0.010600 0.000000 0.021200 0.014000 0.014300 0.014000 0.032000 0.010500 0.032100 0.017600 0.017700 0.017600 0.010500 0.010400 0.032100 0.032000 0.035700 0.003500 0.035600 0.039000 0.021200 0.017600 0.017600 0.017600 0.010600 0.043300 0.017600 0.010500
Hartebeest 0.014000 0.072000 0.021000 0.080500 0.013900 0.014000 0.010400 0.021200 0.014000 0.031800 0.010500 0.020900 0.003500 0.013900 0.014000 0.021400 0.032000 0.031900 0.020400 0.017400 0.014000 0.010400 0.031600 0.044800 0.010500 0.021200 0.000000 0.013900 0.021400 0.013900 0.031700 0.010400 0.028300 0.010400 0.017600 0.017500 0.010400 0.010300 0.039300 0.031700 0.035400 0.017600 0.035300 0.038700 0.018000 0.017400 0.024600 0.017500 0.014000 0.039200 0.017400 0.017400
Bongo 0.006900 0.060500 0.006900 0.076900 0.006900 0.006900 0.006900 0.014000 0.000100 0.024500 0.003500 0.010300 0.010400 0.006900 0.006900 0.014100 0.021100 0.021100 0.010400 0.003400 0.006900 0.003400 0.024300 0.027800 0.003500 0.014000 0.013900 0.000000 0.007000 0.000100 0.024500 0.003400 0.024600 0.010400 0.010400 0.003400 0.003400 0.003400 0.024600 0.024500 0.028100 0.010500 0.028000 0.024300 0.006900 0.010400 0.010400 0.003500 0.006900 0.028100 0.003400 0.003400
Gerenuk 0.007100 0.061900 0.007100 0.078100 0.014100 0.007100 0.014100 0.015600 0.007100 0.032400 0.010600 0.017600 0.017900 0.014200 0.014200 0.014400 0.028900 0.028800 0.017700 0.010500 0.007100 0.010600 0.032200 0.035700 0.010700 0.014300 0.021400 0.007000 0.000000 0.007000 0.032300 0.010600 0.032400 0.017800 0.017900 0.010600 0.010600 0.010500 0.025100 0.032300 0.036100 0.010700 0.035900 0.032100 0.014200 0.017700 0.010600 0.010600 0.010700 0.036100 0.010600 0.003500
CommonElan 0.006900 0.060700 0.006900 0.076900 0.006900 0.006900 0.006900 0.014100 0.000100 0.024600 0.003500 0.010300 0.010500 0.006900 0.007000 0.014100 0.021200 0.021100 0.010400 0.003400 0.006900 0.003500 0.024400 0.027900 0.003500 0.014000 0.013900 0.000100 0.007000 0.000000 0.024600 0.003400 0.024700 0.010400 0.010500 0.003500 0.003500 0.003400 0.024700 0.024500 0.028200 0.010500 0.028100 0.024400 0.006900 0.010400 0.010400 0.003500 0.007000 0.028200 0.003400 0.003400
MuntiacusR 0.024600 0.071900 0.031800 0.075900 0.017400 0.024600 0.024500 0.032100 0.024600 0.000000 0.021100 0.035100 0.028300 0.024500 0.024700 0.032300 0.031900 0.024600 0.028100 0.028000 0.024700 0.021000 0.000000 0.010300 0.021200 0.032000 0.031700 0.024500 0.032300 0.024600 0.000000 0.020900 0.028200 0.028100 0.021100 0.028100 0.021000 0.020800 0.050400 0.000100 0.003400 0.028400 0.003400 0.006800 0.031800 0.028100 0.035500 0.028200 0.024700 0.042800 0.020900 0.028100
HarveysDui 0.003400 0.064200 0.010400 0.072500 0.003400 0.003400 0.003400 0.010500 0.003500 0.021000 0.000100 0.013800 0.007000 0.003400 0.003500 0.010600 0.024700 0.024600 0.006900 0.006900 0.003500 0.000100 0.020800 0.031400 0.000200 0.010500 0.010400 0.003400 0.010600 0.003400 0.020900 0.000000 0.021000 0.006900 0.006900 0.006900 0.000100 0.000200 0.028200 0.020900 0.024500 0.007000 0.024500 0.027900 0.010400 0.006900 0.013900 0.006900 0.003500 0.031800 0.006900 0.006900
Pronghorn 0.024700 0.060900 0.024700 0.077400 0.017500 0.024700 0.017500 0.032300 0.024700 0.028200 0.021200 0.028100 0.028500 0.024700 0.024800 0.032400 0.024800 0.024800 0.028200 0.028100 0.024800 0.021100 0.028100 0.038800 0.021300 0.032100 0.028300 0.024600 0.032400 0.024700 0.028200 0.021000 0.000000 0.021100 0.028400 0.028200 0.021100 0.020900 0.050700 0.028200 0.031900 0.028500 0.031800 0.035200 0.032000 0.028200 0.035600 0.028300 0.024800 0.039300 0.028200 0.028200
BlueWildeb 0.010400 0.068300 0.010400 0.076600 0.010400 0.010400 0.010400 0.017600 0.010500 0.028200 0.007000 0.020800 0.007000 0.010400 0.010500 0.017800 0.032000 0.031900 0.016800 0.013900 0.010500 0.006900 0.028000 0.041200 0.007000 0.017600 0.010400 0.010400 0.017800 0.010400 0.028100 0.006900 0.021100 0.000000 0.014000 0.013900 0.006900 0.006900 0.035600 0.028100 0.031800 0.014100 0.031700 0.035100 0.017500 0.013900 0.021000 0.014000 0.010500 0.039200 0.013900 0.013900
Gemsbok 0.010500 0.072600 0.017600 0.077000 0.010500 0.010500 0.010400 0.017700 0.010500 0.021100 0.007000 0.021000 0.014100 0.010500 0.010500 0.017800 0.032200 0.032100 0.014000 0.013900 0.010500 0.007000 0.021000 0.031600 0.007000 0.017700 0.017600 0.010400 0.017900 0.010500 0.021100 0.006900 0.028400 0.014000 0.000000 0.014000 0.007000 0.006900 0.035800 0.021100 0.024700 0.014100 0.024700 0.028100 0.017600 0.014000 0.021200 0.014000 0.010500 0.039300 0.014000 0.014000
Yak 0.010400 0.064400 0.010400 0.080400 0.010400 0.010400 0.010400 0.017600 0.003500 0.028200 0.007000 0.013800 0.014000 0.010400 0.010500 0.017700 0.024700 0.024700 0.013900 0.006900 0.010400 0.006900 0.028000 0.031500 0.007000 0.017600 0.017500 0.003400 0.010600 0.003500 0.028100 0.006900 0.028200 0.013900 0.014000 0.000000 0.006900 0.006900 0.028300 0.028100 0.031800 0.014000 0.031700 0.027900 0.003400 0.013900 0.013900 0.006900 0.010500 0.031800 0.006900 0.006900
BlueSheep 0.003500 0.064500 0.010400 0.072800 0.003500 0.003500 0.003400 0.010500 0.003500 0.021000 0.000000 0.013800 0.007000 0.003500 0.003500 0.010600 0.024800 0.024700 0.006900 0.006900 0.003500 0.000000 0.020900 0.031500 0.000000 0.010500 0.010400 0.003400 0.010600 0.003500 0.021000 0.000100 0.021100 0.006900 0.007000 0.006900 0.000000 0.000100 0.028400 0.021000 0.024600 0.007000 0.024600 0.028000 0.010500 0.006900 0.014000 0.007000 0.003500 0.031900 0.006900 0.006900
BohorReedb 0.003400 0.063900 0.010300 0.072000 0.003400 0.003400 0.003400 0.010400 0.003400 0.020900 0.000100 0.013700 0.006900 0.003400 0.003400 0.010500 0.024600 0.024500 0.006900 0.006800 0.003400 0.000000 0.020700 0.031200 0.000100 0.010400 0.010300 0.003400 0.010500 0.003400 0.020800 0.000200 0.020900 0.006900 0.006900 0.006900 0.000100 0.000000 0.028100 0.020800 0.024400 0.006900 0.024400 0.027700 0.010400 0.006900 0.013800 0.006900 0.003400 0.031600 0.006900 0.006900
KirksDik 0.024800 0.072300 0.024800 0.088600 0.031900 0.024800 0.032300 0.024900 0.024800 0.050500 0.028400 0.035300 0.035800 0.024700 0.032100 0.025100 0.046900 0.046900 0.035600 0.028200 0.024800 0.028400 0.050100 0.053700 0.028500 0.032100 0.039300 0.024600 0.025100 0.024700 0.050400 0.028200 0.050700 0.035600 0.035800 0.028300 0.028400 0.028100 0.000000 0.050400 0.054100 0.028500 0.054100 0.050000 0.032000 0.028300 0.021100 0.021200 0.028500 0.050500 0.028300 0.021100
RoeDeer 0.024600 0.071900 0.031800 0.075900 0.017400 0.024600 0.024500 0.032100 0.024600 0.000100 0.021100 0.035100 0.028300 0.024500 0.024600 0.032300 0.031900 0.024600 0.028100 0.028000 0.024600 0.021000 0.000100 0.010300 0.021200 0.032000 0.031700 0.024500 0.032300 0.024500 0.000100 0.020900 0.028200 0.028100 0.021100 0.028100 0.021000 0.020800 0.050400 0.000000 0.003400 0.028400 0.003400 0.006800 0.031800 0.028100 0.035400 0.028200 0.024700 0.042700 0.020900 0.028100
WhiteLippe 0.029000 0.075800 0.035500 0.079900 0.021000 0.029000 0.028100 0.035800 0.028300 0.003400 0.024700 0.031500 0.032000 0.028100 0.021100 0.036000 0.035700 0.028300 0.031700 0.031600 0.028300 0.024600 0.003400 0.006800 0.024800 0.035700 0.035400 0.028100 0.036100 0.028200 0.003400 0.024500 0.031900 0.031800 0.024700 0.031800 0.024600 0.024400 0.054100 0.003400 0.000000 0.032100 0.006900 0.003400 0.035500 0.031700 0.039100 0.031900 0.028400 0.046600 0.024500 0.031800
ThomsonGaz 0.003500 0.065100 0.010500 0.073500 0.010500 0.003500 0.010500 0.010600 0.010500 0.028500 0.007000 0.021000 0.014100 0.010500 0.010600 0.010700 0.032300 0.032200 0.014000 0.014000 0.003500 0.007000 0.028300 0.039100 0.007000 0.003500 0.017600 0.010500 0.010700 0.010500 0.028400 0.007000 0.028500 0.014100 0.014100 0.014000 0.007000 0.006900 0.028500 0.028400 0.032100 0.000000 0.032000 0.035400 0.017600 0.014000 0.014000 0.014100 0.007000 0.039700 0.014000 0.007000
MuntiacusC 0.028200 0.075700 0.035400 0.079700 0.020900 0.028200 0.028000 0.035600 0.028200 0.003400 0.024600 0.038700 0.031900 0.028100 0.028200 0.035900 0.035500 0.028200 0.031700 0.031600 0.028200 0.024600 0.003400 0.013700 0.024800 0.035600 0.035300 0.028000 0.035900 0.028100 0.003400 0.024500 0.031800 0.031700 0.024700 0.031700 0.024600 0.024400 0.054100 0.003400 0.006900 0.032000 0.000000 0.010300 0.035400 0.031700 0.039100 0.031800 0.028300 0.046400 0.024500 0.031700
WhiteTaile 0.032700 0.071400 0.031500 0.083100 0.024300 0.032700 0.031400 0.039100 0.024500 0.006900 0.028000 0.027700 0.035300 0.031500 0.024400 0.039400 0.031700 0.024500 0.035000 0.027800 0.031600 0.027900 0.006800 0.003400 0.028200 0.039000 0.038700 0.024300 0.032100 0.024400 0.006800 0.027900 0.035200 0.035100 0.028100 0.027900 0.028000 0.027700 0.050000 0.006800 0.003400 0.035400 0.010300 0.000000 0.031600 0.035100 0.035200 0.028000 0.031700 0.042500 0.020800 0.027900
Cattle 0.014000 0.068400 0.014000 0.084600 0.013900 0.014000 0.013900 0.021200 0.007000 0.031900 0.010500 0.017300 0.014400 0.013900 0.014000 0.021400 0.028400 0.028400 0.017500 0.010400 0.014000 0.010500 0.031700 0.035200 0.010500 0.021200 0.018000 0.006900 0.014200 0.006900 0.031800 0.010400 0.032000 0.017500 0.017600 0.003400 0.010500 0.010400 0.032000 0.031800 0.035500 0.017600 0.035400 0.031600 0.000000 0.017400 0.017500 0.010500 0.014000 0.035500 0.010400 0.010400
RoyalAntel 0.010400 0.072000 0.017400 0.064700 0.010400 0.010400 0.010600 0.010500 0.010400 0.028100 0.006900 0.020800 0.014000 0.003400 0.010400 0.010600 0.024700 0.024600 0.013900 0.013800 0.010400 0.006900 0.027900 0.038700 0.007000 0.017600 0.017400 0.010400 0.017700 0.010400 0.028100 0.006900 0.028200 0.013900 0.014000 0.013900 0.006900 0.006900 0.028300 0.028100 0.031700 0.014000 0.031700 0.035100 0.017400 0.000000 0.021000 0.013900 0.010500 0.039100 0.013900 0.013900
Steenbok 0.010500 0.064400 0.010500 0.080400 0.017500 0.010500 0.017400 0.017700 0.010500 0.035500 0.014000 0.020900 0.021200 0.017500 0.017600 0.017700 0.032000 0.032000 0.021000 0.013900 0.010500 0.014000 0.035300 0.038800 0.014100 0.017600 0.024600 0.010400 0.010600 0.010400 0.035500 0.013900 0.035600 0.021000 0.021200 0.013900 0.014000 0.013800 0.021100 0.035400 0.039100 0.014000 0.039100 0.035200 0.017500 0.021000 0.000000 0.014000 0.014000 0.039200 0.013900 0.006900
Impala 0.010500 0.057100 0.010500 0.080600 0.010400 0.010500 0.010400 0.017700 0.003500 0.028300 0.007000 0.013900 0.014100 0.010400 0.010500 0.017800 0.024800 0.024800 0.013900 0.006900 0.010500 0.007000 0.028100 0.031600 0.007000 0.017600 0.017500 0.003500 0.010600 0.003500 0.028200 0.006900 0.028300 0.014000 0.014000 0.006900 0.007000 0.006900 0.021200 0.028200 0.031900 0.014100 0.031800 0.028000 0.010500 0.013900 0.014000 0.000000 0.010500 0.031900 0.006900 0.006900
Klipspring 0.003500 0.064800 0.010500 0.073100 0.007000 0.003500 0.006900 0.010600 0.007000 0.024800 0.003500 0.017400 0.010500 0.007000 0.007000 0.010700 0.028500 0.028500 0.010500 0.010400 0.003500 0.003500 0.024600 0.035300 0.003500 0.010600 0.014000 0.006900 0.010700 0.007000 0.024700 0.003500 0.024800 0.010500 0.010500 0.010500 0.003500 0.003400 0.028500 0.024700 0.028400 0.007000 0.028300 0.031700 0.014000 0.010500 0.014000 0.010500 0.000000 0.035700 0.010500 0.007000
ForestMusk 0.035500 0.076100 0.035500 0.088300 0.028200 0.035500 0.028100 0.043200 0.028300 0.042800 0.032000 0.031600 0.039400 0.035500 0.035600 0.043500 0.035700 0.035700 0.039100 0.031700 0.035600 0.031900 0.042600 0.046100 0.032100 0.043300 0.039200 0.028100 0.036100 0.028200 0.042800 0.031800 0.039300 0.039200 0.039300 0.031800 0.031900 0.031600 0.050500 0.042700 0.046600 0.039700 0.046400 0.042500 0.035500 0.039100 0.039200 0.031900 0.035700 0.000000 0.031800 0.031800
Bushbuck 0.010400 0.064400 0.010400 0.080800 0.010400 0.010400 0.010400 0.017600 0.003500 0.021000 0.006900 0.013800 0.014000 0.010400 0.010400 0.017700 0.024700 0.017500 0.013900 0.006900 0.010400 0.006900 0.020800 0.024300 0.007000 0.017600 0.017400 0.003400 0.010600 0.003400 0.020900 0.006900 0.028200 0.013900 0.014000 0.006900 0.006900 0.006900 0.028300 0.020900 0.024500 0.014000 0.024500 0.020800 0.010400 0.013900 0.013900 0.006900 0.010500 0.031800 0.000000 0.006900
GreaterKud 0.003500 0.056900 0.003500 0.073100 0.010400 0.003500 0.010400 0.010500 0.003500 0.028100 0.007000 0.013800 0.014000 0.010400 0.010400 0.010600 0.024700 0.024600 0.013900 0.006900 0.003500 0.006900 0.028000 0.031400 0.007000 0.010500 0.017400 0.003400 0.003500 0.003400 0.028100 0.006900 0.028200 0.013900 0.014000 0.006900 0.006900 0.006900 0.021100 0.028100 0.031800 0.007000 0.031700 0.027900 0.010400 0.013900 0.006900 0.006900 0.007000 0.031800 0.006900 0.000000
