1
52 1
Argali 0.000000 0.186100 0.067100 0.215100 0.045200 0.005900 0.041900 0.070500 0.067000 0.099900 0.026700 0.063800 0.051600 0.045100 0.051200 0.051300 0.086100 0.085900 0.014800 0.067000 0.060800 0.023700 0.083000 0.096600 0.017700 0.073500 0.045300 0.070100 0.064000 0.063900 0.096700 0.060500 0.089400 0.036100 0.057800 0.054500 0.011800 0.051300 0.067000 0.106600 0.083100 0.076900 0.106700 0.093200 0.054400 0.048400 0.070300 0.045200 0.051200 0.080200 0.070200 0.066900
LesserMous 0.186100 0.000000 0.178300 0.211600 0.178800 0.193900 0.184600 0.189500 0.177700 0.201400 0.182000 0.163300 0.205500 0.177800 0.192400 0.196500 0.196100 0.184700 0.189600 0.177700 0.193000 0.192900 0.189200 0.190300 0.170900 0.208300 0.197500 0.181200 0.197300 0.174400 0.197900 0.196000 0.155800 0.186300 0.205100 0.163500 0.178200 0.185500 0.192800 0.194100 0.196800 0.220400 0.209200 0.186400 0.159700 0.208200 0.189300 0.177400 0.181200 0.186300 0.174100 0.177600
LesserKudu 0.067100 0.178300 0.000000 0.195100 0.045100 0.073600 0.054100 0.070200 0.017700 0.086400 0.076600 0.032700 0.076900 0.057400 0.060400 0.048000 0.072900 0.066400 0.070200 0.017700 0.063700 0.070100 0.076300 0.076700 0.067000 0.076500 0.070300 0.020600 0.067000 0.020700 0.083300 0.073000 0.076200 0.060800 0.079900 0.035800 0.060700 0.057400 0.066800 0.086400 0.076300 0.086400 0.086500 0.073400 0.029700 0.083000 0.076500 0.057500 0.076000 0.067100 0.020600 0.017600
KillerWhal 0.215100 0.211600 0.195100 0.000000 0.183900 0.223300 0.205200 0.230300 0.194400 0.230700 0.214600 0.190800 0.222200 0.202100 0.209500 0.213600 0.209200 0.197400 0.210900 0.194400 0.217700 0.225900 0.218000 0.227000 0.214500 0.234000 0.213900 0.198000 0.230300 0.198800 0.219300 0.229100 0.190300 0.202400 0.225900 0.183500 0.206900 0.198400 0.229500 0.238800 0.210300 0.255000 0.231000 0.222800 0.179600 0.221900 0.225800 0.210600 0.213500 0.203600 0.183300 0.194300
DefassaWat 0.045200 0.178800 0.045100 0.183900 0.000000 0.051500 0.032700 0.057700 0.045000 0.080100 0.048300 0.042000 0.054700 0.035800 0.051200 0.038900 0.073200 0.066700 0.045200 0.045000 0.048200 0.048200 0.076500 0.076900 0.045200 0.057600 0.048400 0.048000 0.051400 0.048200 0.077100 0.051100 0.066900 0.039100 0.057700 0.032800 0.039000 0.011700 0.057400 0.086600 0.076500 0.067200 0.086800 0.073600 0.032800 0.060700 0.060700 0.042100 0.060600 0.061000 0.048100 0.045000
Sheep 0.005900 0.193900 0.073600 0.223300 0.051500 0.000000 0.048100 0.077000 0.073400 0.106700 0.032800 0.070300 0.058000 0.051400 0.057500 0.054400 0.092700 0.092500 0.020700 0.073400 0.067200 0.029700 0.089700 0.103500 0.023700 0.080000 0.051600 0.076500 0.070500 0.067000 0.103500 0.066900 0.096100 0.042300 0.064200 0.060800 0.017700 0.057600 0.073400 0.110100 0.089700 0.083500 0.113600 0.100000 0.060700 0.054700 0.076700 0.051500 0.057500 0.086900 0.076700 0.073400
MaxwellsDu 0.041900 0.184600 0.054100 0.205200 0.032700 0.048100 0.000000 0.057300 0.054000 0.086100 0.044700 0.050900 0.057500 0.026600 0.041500 0.038600 0.079000 0.072500 0.044900 0.054000 0.047700 0.047800 0.082500 0.082900 0.041700 0.060400 0.051200 0.057000 0.057300 0.051000 0.089500 0.041500 0.082300 0.041900 0.060300 0.047900 0.035600 0.038700 0.053800 0.099200 0.082500 0.063700 0.086100 0.079600 0.047800 0.057300 0.063200 0.044900 0.050900 0.073000 0.057100 0.054000
GazellaPrz 0.070500 0.189500 0.070200 0.230300 0.057700 0.077000 0.057300 0.000000 0.070000 0.103200 0.073600 0.063800 0.080300 0.060700 0.060500 0.029700 0.102300 0.092200 0.073600 0.070000 0.032700 0.070100 0.092800 0.093200 0.064000 0.051200 0.073700 0.073200 0.042000 0.073400 0.100000 0.073100 0.095900 0.064200 0.086600 0.067000 0.063900 0.067000 0.051200 0.106600 0.092800 0.060700 0.103200 0.089900 0.066900 0.079900 0.048200 0.067100 0.066900 0.096600 0.073300 0.070000
MountainNy 0.067000 0.177700 0.017700 0.194400 0.045000 0.073400 0.054000 0.070000 0.000000 0.092700 0.076400 0.032600 0.076600 0.051000 0.054000 0.054100 0.072700 0.066300 0.070000 0.000000 0.063500 0.069900 0.082600 0.076500 0.066800 0.076300 0.070100 0.002900 0.073200 0.008800 0.089600 0.066500 0.076000 0.060600 0.079700 0.029600 0.060500 0.051100 0.072900 0.099300 0.082500 0.086200 0.092800 0.079700 0.023600 0.076300 0.082600 0.057400 0.063400 0.066900 0.008800 0.011700
MuntiacusM 0.099900 0.201400 0.086400 0.230700 0.080100 0.106700 0.086100 0.103200 0.092700 0.000000 0.096400 0.082900 0.110100 0.089600 0.096000 0.089500 0.105800 0.098900 0.103100 0.092700 0.099500 0.102900 0.032800 0.038900 0.086500 0.119700 0.103200 0.095900 0.096500 0.096300 0.026800 0.112600 0.089400 0.093300 0.113300 0.079800 0.093100 0.086400 0.112700 0.048300 0.032800 0.130400 0.023800 0.029800 0.079700 0.116400 0.096300 0.083300 0.109300 0.079800 0.096000 0.092600
goat 0.026700 0.182000 0.076600 0.214600 0.048300 0.032800 0.044700 0.073600 0.076400 0.096400 0.000000 0.066900 0.054700 0.048100 0.060300 0.060500 0.095700 0.095500 0.029700 0.076400 0.069900 0.032600 0.079700 0.093300 0.008400 0.083000 0.048300 0.079500 0.060800 0.073400 0.093300 0.069700 0.079600 0.039100 0.067000 0.063800 0.020600 0.054300 0.076200 0.103100 0.086200 0.086500 0.103100 0.089900 0.063700 0.067100 0.073100 0.048200 0.060500 0.089600 0.079700 0.073200
AfricanBuf 0.063800 0.163300 0.032700 0.190800 0.042000 0.070300 0.050900 0.063800 0.032600 0.082900 0.066900 0.000000 0.073500 0.054200 0.057200 0.051000 0.069600 0.063200 0.066900 0.032600 0.054200 0.066800 0.072900 0.073300 0.057400 0.073100 0.067000 0.035600 0.063700 0.035700 0.079900 0.076000 0.066600 0.057600 0.076600 0.026600 0.057400 0.054200 0.069800 0.089400 0.072900 0.083000 0.083100 0.070000 0.020600 0.079600 0.073100 0.048100 0.073000 0.063800 0.035600 0.032600
Topi 0.051600 0.205500 0.076900 0.222200 0.054700 0.058000 0.057500 0.080300 0.076600 0.110100 0.054700 0.073500 0.000000 0.054500 0.070200 0.060800 0.099300 0.102400 0.054700 0.076600 0.070400 0.054600 0.099700 0.106900 0.045300 0.083400 0.011800 0.079800 0.073800 0.073600 0.106900 0.076500 0.086300 0.014800 0.051400 0.064000 0.045300 0.067100 0.083100 0.116900 0.099700 0.086900 0.117000 0.103400 0.063900 0.073700 0.086500 0.060900 0.070100 0.096800 0.079900 0.076600
CommonDuik 0.045100 0.177800 0.057400 0.202100 0.035800 0.051400 0.026600 0.060700 0.051000 0.089600 0.048100 0.054200 0.054500 0.000000 0.038700 0.041800 0.082500 0.076000 0.045000 0.051000 0.051100 0.051200 0.079500 0.079900 0.038900 0.060500 0.048200 0.054100 0.060600 0.048000 0.086500 0.038700 0.076200 0.038900 0.063900 0.044900 0.038900 0.041800 0.057300 0.096200 0.079500 0.063900 0.089700 0.076600 0.044900 0.060600 0.066800 0.048100 0.047900 0.073500 0.054200 0.051000
Suni 0.051200 0.192400 0.060400 0.209500 0.051200 0.057500 0.041500 0.060500 0.054000 0.096000 0.060300 0.057200 0.070200 0.038700 0.000000 0.044800 0.085600 0.079000 0.054200 0.054000 0.050800 0.057100 0.076100 0.086200 0.050900 0.066700 0.063800 0.057100 0.063600 0.057300 0.092800 0.053800 0.092200 0.054400 0.069700 0.047900 0.044800 0.057200 0.060000 0.102600 0.079300 0.076400 0.096000 0.082900 0.047900 0.063600 0.060100 0.051100 0.044700 0.079500 0.057200 0.054000
Springbuck 0.051300 0.196500 0.048000 0.213600 0.038900 0.054400 0.038600 0.029700 0.054100 0.089500 0.060500 0.051000 0.060800 0.041800 0.044800 0.000000 0.082400 0.075800 0.054300 0.054100 0.020600 0.051000 0.079400 0.079800 0.051200 0.032600 0.054400 0.057100 0.023600 0.054200 0.086400 0.057100 0.089000 0.045100 0.067000 0.048000 0.045000 0.047900 0.038700 0.089500 0.079400 0.041900 0.089600 0.076500 0.047900 0.060500 0.048000 0.054300 0.054100 0.076600 0.057200 0.054000
Okapi 0.086100 0.196100 0.072900 0.209200 0.073200 0.092700 0.079000 0.102300 0.072700 0.105800 0.095700 0.069600 0.099300 0.082500 0.085600 0.082400 0.000000 0.029300 0.089200 0.072700 0.092200 0.092300 0.095400 0.102500 0.085900 0.095600 0.092600 0.075800 0.102300 0.076100 0.102600 0.105100 0.088800 0.082800 0.109000 0.066600 0.079500 0.079400 0.098600 0.119300 0.095400 0.109100 0.105900 0.092500 0.066500 0.102200 0.108700 0.082700 0.101900 0.073300 0.075900 0.072700
Giraffe 0.085900 0.184700 0.066400 0.197400 0.066700 0.092500 0.072500 0.092200 0.066300 0.098900 0.095500 0.063200 0.102400 0.076000 0.079000 0.075800 0.029300 0.000000 0.089000 0.066300 0.085600 0.092100 0.088700 0.095700 0.085700 0.088900 0.095700 0.069400 0.095500 0.069600 0.095900 0.098300 0.082200 0.086000 0.105600 0.060200 0.079300 0.072800 0.091900 0.112300 0.088700 0.102200 0.099100 0.085800 0.060100 0.102000 0.101900 0.073000 0.095200 0.066800 0.069500 0.066300
TibetanAnt 0.014800 0.189600 0.070200 0.210900 0.045200 0.020700 0.044900 0.073600 0.070000 0.103100 0.029700 0.066900 0.054700 0.045000 0.054200 0.054300 0.089200 0.089000 0.000000 0.070000 0.063800 0.026700 0.086200 0.099900 0.020700 0.070100 0.048400 0.073100 0.067100 0.067000 0.099900 0.060400 0.089100 0.039100 0.060900 0.057500 0.014700 0.051200 0.070000 0.109800 0.086200 0.073400 0.109900 0.096500 0.057400 0.054500 0.073300 0.048200 0.054300 0.083400 0.073300 0.070000
Sitatunga 0.067000 0.177700 0.017700 0.194400 0.045000 0.073400 0.054000 0.070000 0.000000 0.092700 0.076400 0.032600 0.076600 0.051000 0.054000 0.054100 0.072700 0.066300 0.070000 0.000000 0.063500 0.069900 0.082500 0.076500 0.066800 0.076300 0.070100 0.002900 0.073200 0.008800 0.089600 0.066500 0.076000 0.060600 0.079700 0.029600 0.060500 0.051100 0.072900 0.099300 0.082500 0.086200 0.092800 0.079600 0.023600 0.076300 0.082600 0.057400 0.063400 0.067000 0.008800 0.011700
Oribi 0.060800 0.193000 0.063700 0.217700 0.048200 0.067200 0.047700 0.032700 0.063500 0.099500 0.069900 0.054200 0.070400 0.051100 0.050800 0.020600 0.092200 0.085600 0.063800 0.063500 0.000000 0.060300 0.089200 0.089700 0.060400 0.041800 0.064000 0.066600 0.038800 0.066800 0.096300 0.066400 0.092300 0.054500 0.076400 0.051100 0.054200 0.057300 0.047800 0.099500 0.089200 0.045000 0.099600 0.086300 0.051100 0.070100 0.051000 0.063800 0.057200 0.086200 0.066700 0.063500
BarbaryShe 0.023700 0.192900 0.070100 0.225900 0.048200 0.029700 0.047800 0.070100 0.069900 0.102900 0.032600 0.066800 0.054600 0.051200 0.057100 0.051000 0.092300 0.092100 0.026700 0.069900 0.060300 0.000000 0.086000 0.099600 0.023600 0.073200 0.048300 0.073000 0.063700 0.066900 0.099700 0.066400 0.085900 0.039000 0.054300 0.057400 0.017600 0.051200 0.072900 0.109600 0.092600 0.076600 0.109600 0.096200 0.057300 0.063800 0.076200 0.051200 0.057300 0.082900 0.073100 0.069900
Daviddeer 0.083000 0.189200 0.076300 0.218000 0.076500 0.089700 0.082500 0.092800 0.082600 0.032800 0.079700 0.072900 0.099700 0.079500 0.076100 0.079400 0.095400 0.088700 0.086200 0.082500 0.089200 0.086000 0.000000 0.029800 0.070100 0.109100 0.092900 0.085700 0.092800 0.086000 0.023700 0.108800 0.085800 0.083100 0.099500 0.076200 0.076500 0.082800 0.102300 0.045100 0.005800 0.119500 0.026700 0.020700 0.076200 0.106000 0.099100 0.073300 0.085800 0.076300 0.085800 0.082500
Reindeer 0.096600 0.190300 0.076700 0.227000 0.076900 0.103500 0.082900 0.093200 0.076500 0.038900 0.093300 0.073300 0.106900 0.079900 0.086200 0.079800 0.102500 0.095700 0.099900 0.076500 0.089700 0.099600 0.029800 0.000000 0.083400 0.109600 0.100000 0.079700 0.093300 0.080000 0.036000 0.109300 0.092800 0.090100 0.110100 0.076600 0.089900 0.083200 0.102800 0.033000 0.029800 0.120100 0.039000 0.014800 0.076600 0.113200 0.099600 0.080100 0.099400 0.083100 0.079800 0.082900
Ibex 0.017700 0.170900 0.067000 0.214500 0.045200 0.023700 0.041700 0.064000 0.066800 0.086500 0.008400 0.057400 0.045300 0.038900 0.050900 0.051200 0.085900 0.085700 0.020700 0.066800 0.060400 0.023600 0.070100 0.083400 0.000000 0.073400 0.039000 0.069900 0.057600 0.063800 0.083400 0.060200 0.076300 0.029900 0.057500 0.054300 0.011400 0.051200 0.066600 0.093100 0.076500 0.076800 0.093200 0.080000 0.054300 0.057600 0.063600 0.038900 0.051100 0.079800 0.070000 0.063600
GyrantGaze 0.073500 0.208300 0.076500 0.234000 0.057600 0.080000 0.060400 0.051200 0.076300 0.119700 0.083000 0.073100 0.083400 0.060500 0.066700 0.032600 0.095600 0.088900 0.070100 0.076300 0.041800 0.073200 0.109100 0.109600 0.073400 0.000000 0.076800 0.079400 0.051200 0.079700 0.116500 0.073000 0.108700 0.067200 0.083200 0.070000 0.067000 0.066800 0.060500 0.126600 0.109100 0.026500 0.119800 0.106200 0.070000 0.083000 0.070100 0.076600 0.076300 0.099700 0.079500 0.076300
Hartebeest 0.045300 0.197500 0.070300 0.213900 0.048400 0.051600 0.051200 0.073700 0.070100 0.103200 0.048300 0.067000 0.011800 0.048200 0.063800 0.054400 0.092600 0.095700 0.048400 0.070100 0.064000 0.048300 0.092900 0.100000 0.039000 0.076800 0.000000 0.073200 0.067300 0.067100 0.100100 0.070000 0.086200 0.008800 0.045100 0.057600 0.039000 0.060700 0.076600 0.110000 0.092900 0.080200 0.110100 0.096600 0.057500 0.067200 0.079900 0.054500 0.067000 0.090100 0.073400 0.070100
Bongo 0.070100 0.181200 0.020600 0.198000 0.048000 0.076500 0.057000 0.073200 0.002900 0.095900 0.079500 0.035600 0.079800 0.054100 0.057100 0.057100 0.075800 0.069400 0.073100 0.002900 0.066600 0.073000 0.085700 0.079700 0.069900 0.079400 0.073200 0.000000 0.076300 0.011300 0.092800 0.069600 0.079100 0.063700 0.082900 0.032600 0.063600 0.054100 0.076000 0.102500 0.085700 0.089300 0.096000 0.082800 0.026500 0.079500 0.085800 0.060500 0.066500 0.070100 0.011700 0.014600
Gerenuk 0.064000 0.197300 0.067000 0.230300 0.051400 0.070500 0.057300 0.042000 0.073200 0.096500 0.060800 0.063700 0.073800 0.060600 0.063600 0.023600 0.102300 0.095500 0.067100 0.073200 0.038800 0.063700 0.092800 0.093300 0.057600 0.051200 0.067300 0.076300 0.000000 0.076600 0.093300 0.069900 0.089400 0.057800 0.080000 0.060600 0.057600 0.060600 0.057400 0.103100 0.092800 0.060700 0.103200 0.089900 0.060600 0.073400 0.054400 0.060700 0.073200 0.089900 0.076400 0.073100
CommonElan 0.063900 0.174400 0.020700 0.198800 0.048200 0.067000 0.051000 0.073400 0.008800 0.096300 0.073400 0.035700 0.073600 0.048000 0.057300 0.054200 0.076100 0.069600 0.067000 0.008800 0.066800 0.066900 0.086000 0.080000 0.063800 0.079700 0.067100 0.011300 0.076600 0.000000 0.093100 0.063500 0.073000 0.057600 0.076700 0.032700 0.057500 0.060500 0.076300 0.099600 0.086000 0.083100 0.096300 0.083100 0.026600 0.079700 0.086100 0.054400 0.066700 0.070300 0.011700 0.014700
MuntiacusR 0.096700 0.197900 0.083300 0.219300 0.077100 0.103500 0.089500 0.100000 0.089600 0.026800 0.093300 0.079900 0.106900 0.086500 0.092800 0.086400 0.102600 0.095900 0.099900 0.089600 0.096300 0.099700 0.023700 0.036000 0.083400 0.116500 0.100100 0.092800 0.093300 0.093100 0.000000 0.109300 0.086400 0.090200 0.110100 0.076800 0.089900 0.083300 0.109500 0.045200 0.023700 0.127100 0.014700 0.026800 0.076700 0.109800 0.099700 0.080200 0.106100 0.076600 0.092900 0.089600
HarveysDui 0.060500 0.196000 0.073000 0.229100 0.051100 0.066900 0.041500 0.073100 0.066500 0.112600 0.069700 0.076000 0.076500 0.038700 0.053800 0.057100 0.105100 0.098300 0.060400 0.066500 0.066400 0.066400 0.108800 0.109300 0.060200 0.073000 0.070000 0.069600 0.069900 0.063500 0.109300 0.000000 0.098600 0.060500 0.079300 0.060300 0.054000 0.057100 0.072600 0.119300 0.108800 0.079600 0.119400 0.105800 0.060200 0.069800 0.075800 0.063500 0.063300 0.092400 0.069700 0.066500
Pronghorn 0.089400 0.155800 0.076200 0.190300 0.066900 0.096100 0.082300 0.095900 0.076000 0.089400 0.079600 0.066600 0.086300 0.076200 0.092200 0.089000 0.088800 0.082200 0.089100 0.076000 0.092300 0.085900 0.085800 0.092800 0.076300 0.108700 0.086200 0.079100 0.089400 0.073000 0.086400 0.098600 0.000000 0.076500 0.102600 0.069800 0.082800 0.079500 0.102100 0.102600 0.085800 0.112300 0.096100 0.082900 0.063400 0.105600 0.098900 0.073200 0.098700 0.083000 0.079300 0.076000
BlueWildeb 0.036100 0.186300 0.060800 0.202400 0.039100 0.042300 0.041900 0.064200 0.060600 0.093300 0.039100 0.057600 0.014800 0.038900 0.054400 0.045100 0.082800 0.086000 0.039100 0.060600 0.054500 0.039000 0.083100 0.090100 0.029900 0.067200 0.008800 0.063700 0.057800 0.057600 0.090200 0.060500 0.076500 0.000000 0.035900 0.048200 0.029900 0.051300 0.067000 0.099900 0.083100 0.070600 0.100100 0.086700 0.048200 0.057700 0.070300 0.045200 0.057500 0.080300 0.063800 0.060600
Gemsbok 0.057800 0.205100 0.079900 0.225900 0.057700 0.064200 0.060300 0.086600 0.079700 0.113300 0.067000 0.076600 0.051400 0.063900 0.069700 0.067000 0.109000 0.105600 0.060900 0.079700 0.076400 0.054300 0.099500 0.110100 0.057500 0.083200 0.045100 0.082900 0.080000 0.076700 0.110100 0.079300 0.102600 0.035900 0.000000 0.067000 0.045100 0.070200 0.085900 0.113400 0.102800 0.086700 0.120200 0.106600 0.067000 0.076800 0.089300 0.064000 0.073300 0.099600 0.083000 0.079700
Yak 0.054500 0.163500 0.035800 0.183500 0.032800 0.060800 0.047900 0.067000 0.029600 0.079800 0.063800 0.026600 0.064000 0.044900 0.047900 0.048000 0.066600 0.060200 0.057500 0.029600 0.051100 0.057400 0.076200 0.076600 0.054300 0.070000 0.057600 0.032600 0.060600 0.032700 0.076800 0.060300 0.069800 0.048200 0.067000 0.000000 0.048100 0.044900 0.066700 0.086300 0.076200 0.079900 0.086400 0.073300 0.005800 0.070100 0.070000 0.045000 0.063500 0.054500 0.032700 0.029600
BlueSheep 0.011800 0.178200 0.060700 0.206900 0.039000 0.017700 0.035600 0.063900 0.060500 0.093100 0.020600 0.057400 0.045300 0.038900 0.044800 0.045000 0.079500 0.079300 0.014700 0.060500 0.054200 0.017600 0.076500 0.089900 0.011400 0.067000 0.039000 0.063600 0.057600 0.057500 0.089900 0.054000 0.082800 0.029900 0.045100 0.048100 0.000000 0.045000 0.060300 0.099700 0.082900 0.070400 0.099800 0.086500 0.048100 0.051300 0.063600 0.038900 0.044900 0.073400 0.063700 0.060500
BohorReedb 0.051300 0.185500 0.057400 0.198400 0.011700 0.057600 0.038700 0.067000 0.051100 0.086400 0.054300 0.054200 0.067100 0.041800 0.057200 0.047900 0.079400 0.072800 0.051200 0.051100 0.057300 0.051200 0.082800 0.083200 0.051200 0.066800 0.060700 0.054100 0.060600 0.060500 0.083300 0.057100 0.079500 0.051300 0.070200 0.044900 0.045000 0.000000 0.063500 0.092900 0.082800 0.076600 0.093000 0.079900 0.044900 0.060600 0.066800 0.048100 0.060400 0.067100 0.060400 0.057300
KirksDik 0.067000 0.192800 0.066800 0.229500 0.057400 0.073400 0.053800 0.051200 0.072900 0.112700 0.076200 0.069800 0.083100 0.057300 0.060000 0.038700 0.098600 0.091900 0.070000 0.072900 0.047800 0.072900 0.102300 0.102800 0.066600 0.060500 0.076600 0.076000 0.057400 0.076300 0.109500 0.072600 0.102100 0.067000 0.085900 0.066700 0.060300 0.063500 0.000000 0.112800 0.102200 0.070200 0.112800 0.099400 0.066600 0.073100 0.044800 0.070000 0.069700 0.092500 0.076100 0.072900
RoeDeer 0.106600 0.194100 0.086400 0.238800 0.086600 0.110100 0.099200 0.106600 0.099300 0.048300 0.103100 0.089400 0.116900 0.096200 0.102600 0.089500 0.119300 0.112300 0.109800 0.099300 0.099500 0.109600 0.045100 0.033000 0.093100 0.126600 0.110000 0.102500 0.103100 0.099600 0.045200 0.119300 0.102600 0.099900 0.113400 0.086300 0.099700 0.092900 0.112800 0.000000 0.045100 0.130300 0.054600 0.036000 0.086200 0.123200 0.102900 0.089800 0.116100 0.092900 0.102700 0.099200
WhiteLippe 0.083100 0.196800 0.076300 0.210300 0.076500 0.089700 0.082500 0.092800 0.082500 0.032800 0.086200 0.072900 0.099700 0.079500 0.079300 0.079400 0.095400 0.088700 0.086200 0.082500 0.089200 0.092600 0.005800 0.029800 0.076500 0.109100 0.092900 0.085700 0.092800 0.086000 0.023700 0.108800 0.085800 0.083100 0.102800 0.076200 0.082900 0.082800 0.102200 0.045100 0.000000 0.119500 0.026700 0.020700 0.076200 0.099300 0.099100 0.073300 0.092300 0.076300 0.085800 0.082500
ThomsonGaz 0.076900 0.220400 0.086400 0.255000 0.067200 0.083500 0.063700 0.060700 0.086200 0.130400 0.086500 0.083000 0.086900 0.063900 0.076400 0.041900 0.109100 0.102200 0.073400 0.086200 0.045000 0.076600 0.119500 0.120100 0.076800 0.026500 0.080200 0.089300 0.060700 0.083100 0.127100 0.079600 0.112300 0.070600 0.086700 0.079900 0.070400 0.076600 0.070200 0.130300 0.119500 0.000000 0.130500 0.116600 0.079800 0.086400 0.079900 0.080000 0.079700 0.110000 0.089500 0.086200
MuntiacusC 0.106700 0.209200 0.086500 0.231000 0.086800 0.113600 0.086100 0.103200 0.092800 0.023800 0.103100 0.083100 0.117000 0.089700 0.096000 0.089600 0.105900 0.099100 0.109900 0.092800 0.099600 0.109600 0.026700 0.039000 0.093200 0.119800 0.110100 0.096000 0.103200 0.096300 0.014700 0.119400 0.096100 0.100100 0.120200 0.086400 0.099800 0.093000 0.112800 0.054600 0.026700 0.130500 0.000000 0.029800 0.086300 0.119800 0.109600 0.090000 0.109400 0.086300 0.096100 0.092800
WhiteTaile 0.093200 0.186400 0.073400 0.222800 0.073600 0.100000 0.079600 0.089900 0.079700 0.029800 0.089900 0.070000 0.103400 0.076600 0.082900 0.076500 0.092500 0.085800 0.096500 0.079600 0.086300 0.096200 0.020700 0.014800 0.080000 0.106200 0.096600 0.082800 0.089900 0.083100 0.026800 0.105800 0.082900 0.086700 0.106600 0.073300 0.086500 0.079900 0.099400 0.036000 0.020700 0.116600 0.029800 0.000000 0.073300 0.109700 0.096200 0.076800 0.089200 0.073400 0.082900 0.079600
Cattle 0.054400 0.159700 0.029700 0.179600 0.032800 0.060700 0.047800 0.066900 0.023600 0.079700 0.063700 0.020600 0.063900 0.044900 0.047900 0.047900 0.066500 0.060100 0.057400 0.023600 0.051100 0.057300 0.076200 0.076600 0.054300 0.070000 0.057500 0.026500 0.060600 0.026600 0.076700 0.060200 0.063400 0.048200 0.067000 0.005800 0.048100 0.044900 0.066600 0.086200 0.076200 0.079800 0.086300 0.073300 0.000000 0.070000 0.069900 0.045000 0.063500 0.054400 0.026600 0.023600
RoyalAntel 0.048400 0.208200 0.083000 0.221900 0.060700 0.054700 0.057300 0.079900 0.076300 0.116400 0.067100 0.079600 0.073700 0.060600 0.063600 0.060500 0.102200 0.102000 0.054500 0.076300 0.070100 0.063800 0.106000 0.113200 0.057600 0.083000 0.067200 0.079500 0.073400 0.079700 0.109800 0.069800 0.105600 0.057700 0.076800 0.070100 0.051300 0.060600 0.073100 0.123200 0.099300 0.086400 0.119800 0.109700 0.070000 0.000000 0.079700 0.060700 0.060500 0.096400 0.086000 0.082700
Steenbok 0.070300 0.189300 0.076500 0.225800 0.060700 0.076700 0.063200 0.048200 0.082600 0.096300 0.073100 0.073100 0.086500 0.066800 0.060100 0.048000 0.108700 0.101900 0.073300 0.082600 0.051000 0.076200 0.099100 0.099600 0.063600 0.070100 0.079900 0.085800 0.054400 0.086100 0.099700 0.075800 0.098900 0.070300 0.089300 0.070000 0.063600 0.066800 0.044800 0.102900 0.099100 0.079900 0.109600 0.096200 0.069900 0.079700 0.000000 0.066900 0.073000 0.095900 0.085900 0.082600
Impala 0.045200 0.177400 0.057500 0.210600 0.042100 0.051500 0.044900 0.067100 0.057400 0.083300 0.048200 0.048100 0.060900 0.048100 0.051100 0.054300 0.082700 0.073000 0.048200 0.057400 0.063800 0.051200 0.073300 0.080100 0.038900 0.076600 0.054500 0.060500 0.060700 0.054400 0.080200 0.063500 0.073200 0.045200 0.064000 0.045000 0.038900 0.048100 0.070000 0.089800 0.073300 0.080000 0.090000 0.076800 0.045000 0.060700 0.066900 0.000000 0.054300 0.070500 0.060600 0.057400
Klipspring 0.051200 0.181200 0.076000 0.213500 0.060600 0.057500 0.050900 0.066900 0.063400 0.109300 0.060500 0.073000 0.070100 0.047900 0.044700 0.054100 0.101900 0.095200 0.054300 0.063400 0.057200 0.057300 0.085800 0.099400 0.051100 0.076300 0.067000 0.066500 0.073200 0.066700 0.106100 0.063300 0.098700 0.057500 0.073300 0.063500 0.044900 0.060400 0.069700 0.116100 0.092300 0.079700 0.109400 0.089200 0.063500 0.060500 0.073000 0.054300 0.000000 0.096100 0.060100 0.069700
ForestMusk 0.080200 0.186300 0.067100 0.203600 0.061000 0.086900 0.073000 0.096600 0.066900 0.079800 0.089600 0.063800 0.096800 0.073500 0.079500 0.076600 0.073300 0.066800 0.083400 0.067000 0.086200 0.082900 0.076300 0.083100 0.079800 0.099700 0.090100 0.070100 0.089900 0.070300 0.076600 0.092400 0.083000 0.080300 0.099600 0.054500 0.073400 0.067100 0.092500 0.092900 0.076300 0.110000 0.086300 0.073400 0.054400 0.096400 0.095900 0.070500 0.096100 0.000000 0.070200 0.066900
Bushbuck 0.070200 0.174100 0.020600 0.183300 0.048100 0.076700 0.057100 0.073300 0.008800 0.096000 0.079700 0.035600 0.079900 0.054200 0.057200 0.057200 0.075900 0.069500 0.073300 0.008800 0.066700 0.073100 0.085800 0.079800 0.070000 0.079500 0.073400 0.011700 0.076400 0.011700 0.092900 0.069700 0.079300 0.063800 0.083000 0.032700 0.063700 0.060400 0.076100 0.102700 0.085800 0.089500 0.096100 0.082900 0.026600 0.086000 0.085900 0.060600 0.060100 0.070200 0.000000 0.014700
GreaterKud 0.066900 0.177600 0.017600 0.194300 0.045000 0.073400 0.054000 0.070000 0.011700 0.092600 0.073200 0.032600 0.076600 0.051000 0.054000 0.054000 0.072700 0.066300 0.070000 0.011700 0.063500 0.069900 0.082500 0.082900 0.063600 0.076300 0.070100 0.014600 0.073100 0.014700 0.089600 0.066500 0.076000 0.060600 0.079700 0.029600 0.060500 0.057300 0.072900 0.099200 0.082500 0.086200 0.092800 0.079600 0.023600 0.082700 0.082600 0.057400 0.069700 0.066900 0.014700 0.000000
