1
52 1
Argali 0.000000 0.431300 0.124300 0.286000 0.070400 0.014600 0.071200 0.097700 0.120100 0.160500 0.039800 0.105800 0.059500 0.060900 0.086900 0.125800 0.110200 0.122500 0.039000 0.121500 0.096200 0.024900 0.140800 0.129000 0.044800 0.084400 0.064900 0.116600 0.110200 0.109900 0.170400 0.066500 0.200500 0.079600 0.070200 0.128200 0.024800 0.075300 0.113000 0.140000 0.122900 0.106400 0.177100 0.134200 0.133400 0.123000 0.117000 0.097500 0.085200 0.208400 0.109300 0.115300
LesserMous 0.431300 0.000000 0.402200 0.428100 0.410000 0.412700 0.386300 0.413500 0.413700 0.446500 0.405200 0.417300 0.393200 0.387500 0.388000 0.442200 0.388500 0.409500 0.389600 0.386700 0.436300 0.415200 0.414600 0.364400 0.412100 0.447900 0.387300 0.382300 0.469100 0.401500 0.441300 0.381500 0.453300 0.397800 0.427700 0.438700 0.406600 0.404200 0.422100 0.370100 0.403400 0.447500 0.449800 0.385900 0.437700 0.444400 0.451800 0.359300 0.383400 0.465000 0.399200 0.392900
LesserKudu 0.124300 0.402200 0.000000 0.270000 0.097600 0.109100 0.092300 0.131400 0.044600 0.159400 0.126300 0.084200 0.101500 0.071200 0.075700 0.132000 0.115000 0.127300 0.102100 0.055400 0.117700 0.115700 0.139800 0.128200 0.125800 0.124000 0.096500 0.050400 0.151000 0.050000 0.157300 0.076900 0.195300 0.111400 0.118000 0.095200 0.115600 0.101900 0.124000 0.127600 0.133400 0.135400 0.170100 0.144700 0.100300 0.134800 0.128600 0.097300 0.095900 0.206800 0.044600 0.039700
KillerWhal 0.286000 0.428100 0.270000 0.000000 0.279700 0.275800 0.261000 0.268100 0.292000 0.330100 0.295400 0.240900 0.250900 0.261600 0.270900 0.322600 0.280700 0.296000 0.265100 0.282300 0.263400 0.289900 0.312300 0.298700 0.294100 0.317600 0.251500 0.264500 0.334900 0.281400 0.333100 0.269300 0.356000 0.261600 0.289200 0.255000 0.283100 0.264300 0.303600 0.297300 0.304100 0.345100 0.348000 0.304000 0.260600 0.343000 0.301100 0.278500 0.287400 0.312300 0.279900 0.261700
DefassaWat 0.070400 0.410000 0.097600 0.279700 0.000000 0.065600 0.055800 0.087700 0.093200 0.137300 0.061100 0.079900 0.054100 0.035300 0.060800 0.121500 0.088700 0.100600 0.055700 0.083400 0.075700 0.056500 0.124200 0.101400 0.071600 0.079700 0.049800 0.089400 0.105800 0.088500 0.153400 0.040600 0.191200 0.064600 0.060200 0.101700 0.051100 0.024500 0.092200 0.123400 0.106500 0.090700 0.153700 0.117700 0.106900 0.095500 0.096400 0.081500 0.059700 0.179100 0.082700 0.088400
Sheep 0.014600 0.412700 0.109100 0.275800 0.065600 0.000000 0.066800 0.093500 0.104800 0.156600 0.035100 0.101600 0.065400 0.056300 0.082500 0.121800 0.106000 0.118300 0.034800 0.106000 0.092000 0.020100 0.136800 0.124900 0.040200 0.079900 0.059600 0.101000 0.106700 0.094500 0.166700 0.062000 0.197000 0.075300 0.065800 0.124200 0.020000 0.081500 0.108900 0.136000 0.118800 0.102200 0.173400 0.130100 0.129500 0.118800 0.113000 0.093200 0.080900 0.204800 0.094000 0.099900
MaxwellsDu 0.071200 0.386300 0.092300 0.261000 0.055800 0.066800 0.000000 0.077400 0.087900 0.137700 0.072300 0.064500 0.049900 0.029900 0.055700 0.110500 0.078000 0.089700 0.050200 0.088900 0.065400 0.062000 0.107300 0.095800 0.082800 0.079800 0.044900 0.084000 0.106400 0.077700 0.147700 0.035300 0.192300 0.059700 0.065500 0.085900 0.061900 0.070900 0.092300 0.117900 0.101000 0.090700 0.154100 0.112100 0.091000 0.090200 0.097000 0.066300 0.065100 0.173200 0.077300 0.083000
GazellaPrz 0.097700 0.413500 0.131400 0.268100 0.087700 0.093500 0.077400 0.000000 0.127300 0.181000 0.098000 0.101500 0.075800 0.066900 0.093300 0.110700 0.117200 0.129800 0.085900 0.128800 0.060300 0.089200 0.160400 0.136600 0.110000 0.074200 0.070800 0.112400 0.089100 0.116900 0.191000 0.072700 0.216900 0.085800 0.097700 0.124100 0.088700 0.092000 0.066000 0.159500 0.141800 0.085100 0.197900 0.153500 0.129400 0.130600 0.060400 0.093900 0.102200 0.192000 0.116300 0.111100
MountainNy 0.120100 0.413700 0.044600 0.292000 0.093200 0.104800 0.087900 0.127300 0.000000 0.149500 0.122100 0.079800 0.097200 0.066700 0.071200 0.139100 0.110700 0.123100 0.097800 0.040100 0.113500 0.111400 0.141600 0.118300 0.121600 0.119600 0.092200 0.035200 0.146900 0.024800 0.159400 0.072400 0.210000 0.107200 0.113800 0.090900 0.111300 0.097600 0.125500 0.117800 0.129100 0.131100 0.166000 0.134900 0.096000 0.130600 0.135500 0.092900 0.102300 0.184900 0.029700 0.034800
MuntiacusM 0.160500 0.446500 0.159400 0.330100 0.137300 0.156600 0.137700 0.181000 0.149500 0.000000 0.157000 0.127000 0.135200 0.114600 0.130600 0.194400 0.114300 0.127200 0.147800 0.145200 0.152800 0.157200 0.070200 0.064600 0.156200 0.149400 0.130000 0.140200 0.190800 0.150400 0.026200 0.121100 0.210900 0.145800 0.153300 0.151100 0.157600 0.153300 0.147600 0.075400 0.064400 0.161500 0.021000 0.069800 0.156600 0.173300 0.188800 0.131200 0.152200 0.209100 0.143800 0.138400
goat 0.039800 0.405200 0.126300 0.295400 0.061100 0.035100 0.072300 0.098000 0.122100 0.157000 0.000000 0.107400 0.070400 0.061900 0.088200 0.127900 0.100800 0.101800 0.050300 0.123500 0.097700 0.020100 0.143300 0.119700 0.014800 0.097000 0.065900 0.118600 0.117900 0.100500 0.161200 0.067500 0.191700 0.080900 0.071300 0.130200 0.015000 0.076400 0.114800 0.142400 0.125000 0.108300 0.173800 0.136400 0.135500 0.125100 0.118900 0.099000 0.086500 0.199700 0.111100 0.117200
AfricanBuf 0.105800 0.417300 0.084200 0.240900 0.079900 0.101600 0.064500 0.101500 0.079800 0.127000 0.107400 0.000000 0.073700 0.054400 0.069100 0.123600 0.096400 0.108100 0.084400 0.080700 0.068600 0.097100 0.125600 0.108800 0.096200 0.104500 0.068800 0.075900 0.130700 0.075100 0.136600 0.059800 0.202700 0.083400 0.089300 0.028500 0.097000 0.084200 0.116100 0.119200 0.108500 0.104200 0.142800 0.124700 0.033300 0.115000 0.120500 0.074500 0.088800 0.156300 0.069600 0.064700
Topi 0.059500 0.393200 0.101500 0.250900 0.054100 0.065400 0.049900 0.075800 0.097200 0.135200 0.070400 0.073700 0.000000 0.039800 0.065100 0.119700 0.087300 0.099000 0.049200 0.098300 0.085000 0.061000 0.127800 0.105200 0.081800 0.089400 0.004800 0.093400 0.115200 0.087100 0.145100 0.045100 0.194400 0.019100 0.034200 0.095000 0.060600 0.049100 0.090800 0.127100 0.110400 0.100300 0.151400 0.121400 0.100100 0.099500 0.095000 0.065200 0.063300 0.158800 0.086700 0.081700
CommonDuik 0.060900 0.387500 0.071200 0.261600 0.035300 0.056300 0.029900 0.066900 0.066700 0.114600 0.061900 0.054400 0.039800 0.000000 0.035200 0.099800 0.062000 0.073400 0.040000 0.067500 0.055200 0.051500 0.096200 0.073900 0.072300 0.058100 0.034900 0.062500 0.084400 0.061800 0.124700 0.015000 0.180000 0.049600 0.055300 0.075600 0.051500 0.050200 0.071200 0.095600 0.079100 0.068600 0.130900 0.090000 0.080600 0.079200 0.075900 0.056000 0.044800 0.150200 0.056300 0.061800
Suni 0.086900 0.388000 0.075700 0.270900 0.060800 0.082500 0.055700 0.093300 0.071200 0.130600 0.088200 0.069100 0.065100 0.035200 0.000000 0.126900 0.077300 0.088900 0.065500 0.082800 0.080800 0.076600 0.111900 0.089500 0.098800 0.085000 0.060100 0.077900 0.111500 0.077100 0.140500 0.040500 0.177800 0.069900 0.080900 0.080000 0.077700 0.075800 0.097000 0.111200 0.094600 0.095900 0.146800 0.105600 0.085000 0.106800 0.096700 0.060500 0.070100 0.166100 0.071400 0.077000
Springbuck 0.125800 0.442200 0.132000 0.322600 0.121500 0.121800 0.110500 0.110700 0.139100 0.194400 0.127900 0.123600 0.119700 0.099800 0.126900 0.000000 0.140700 0.153900 0.109400 0.140500 0.103200 0.117200 0.185400 0.160900 0.127400 0.058100 0.114600 0.135900 0.073500 0.128700 0.204300 0.105900 0.243500 0.129900 0.131100 0.135800 0.117100 0.125700 0.142800 0.172000 0.166200 0.068700 0.211400 0.178100 0.141100 0.131800 0.114000 0.115900 0.124900 0.218000 0.128000 0.122900
Okapi 0.110200 0.388500 0.115000 0.280700 0.088700 0.106000 0.078000 0.117200 0.110700 0.114300 0.100800 0.096400 0.087300 0.062000 0.077300 0.140700 0.000000 0.030700 0.087900 0.112000 0.098300 0.101300 0.096000 0.073800 0.111600 0.103600 0.082300 0.107100 0.130800 0.100100 0.124300 0.067700 0.173100 0.092100 0.103900 0.108100 0.101200 0.104100 0.115400 0.084300 0.078900 0.103200 0.124600 0.089800 0.107900 0.126200 0.120100 0.093900 0.097800 0.155900 0.099800 0.105800
Giraffe 0.122500 0.409500 0.127300 0.296000 0.100600 0.118300 0.089700 0.129800 0.123100 0.127200 0.101800 0.108100 0.099000 0.073400 0.088900 0.153900 0.030700 0.000000 0.099700 0.124500 0.110200 0.113600 0.108300 0.085600 0.112700 0.116300 0.094000 0.119600 0.143900 0.101100 0.125500 0.079300 0.187200 0.103800 0.116000 0.120200 0.113500 0.116200 0.127700 0.096300 0.090800 0.115600 0.137500 0.101900 0.119900 0.139300 0.132500 0.105800 0.109700 0.145700 0.112000 0.118100
TibetanAnt 0.039000 0.389600 0.102100 0.265100 0.055700 0.034800 0.050200 0.085900 0.097800 0.147800 0.050300 0.084400 0.049200 0.040000 0.065500 0.109400 0.087900 0.099700 0.000000 0.098900 0.075100 0.035300 0.128600 0.105900 0.055300 0.089900 0.044300 0.094000 0.104800 0.087600 0.157700 0.045400 0.195500 0.058400 0.054600 0.106100 0.034900 0.069900 0.102100 0.127900 0.111100 0.101000 0.164200 0.122100 0.111300 0.089100 0.106200 0.075800 0.064200 0.171600 0.087200 0.092900
Sitatunga 0.121500 0.386700 0.055400 0.282300 0.083400 0.106000 0.088900 0.128800 0.040100 0.145200 0.123500 0.080700 0.098300 0.067500 0.082800 0.140500 0.112000 0.124500 0.098900 0.000000 0.114800 0.112700 0.149100 0.114000 0.123000 0.120800 0.093200 0.025400 0.148500 0.035300 0.155300 0.062400 0.193400 0.108400 0.115100 0.102800 0.112600 0.087900 0.132500 0.113400 0.130700 0.132400 0.161900 0.130700 0.108000 0.120400 0.137000 0.093700 0.092500 0.205300 0.030000 0.035200
Oribi 0.096200 0.436300 0.117700 0.263400 0.075700 0.092000 0.065400 0.060300 0.113500 0.152800 0.097700 0.068600 0.085000 0.055200 0.080800 0.103200 0.098300 0.110200 0.075100 0.114800 0.000000 0.087400 0.145200 0.122200 0.097300 0.073000 0.080100 0.110000 0.088100 0.108800 0.162600 0.060700 0.212200 0.094900 0.095700 0.079400 0.087300 0.090600 0.085400 0.144300 0.127400 0.072600 0.169100 0.138500 0.084400 0.094700 0.069300 0.102400 0.090000 0.165000 0.102900 0.097800
BarbaryShe 0.024900 0.415200 0.115700 0.289900 0.056500 0.020100 0.062000 0.089200 0.111400 0.157200 0.020100 0.097100 0.061000 0.051500 0.076600 0.117200 0.101300 0.113600 0.035300 0.112700 0.087400 0.000000 0.143900 0.120200 0.025100 0.086200 0.056000 0.107700 0.107500 0.101000 0.174200 0.057100 0.192600 0.071000 0.061100 0.119800 0.005000 0.071700 0.103900 0.143000 0.125600 0.097300 0.173900 0.137100 0.125000 0.114600 0.108900 0.088900 0.076600 0.200500 0.100500 0.106500
Daviddeer 0.140800 0.414600 0.139800 0.312300 0.124200 0.136800 0.107300 0.160400 0.141600 0.070200 0.143300 0.125600 0.127800 0.096200 0.111900 0.185400 0.096000 0.108300 0.128600 0.149100 0.145200 0.143900 0.000000 0.052900 0.154600 0.129200 0.122700 0.144200 0.169400 0.142500 0.058400 0.102400 0.188900 0.138200 0.145500 0.149500 0.143700 0.140000 0.128500 0.063300 0.025700 0.153300 0.086400 0.058100 0.154900 0.152500 0.168400 0.135200 0.133100 0.181000 0.136000 0.142400
Reindeer 0.129000 0.364400 0.128200 0.298700 0.101400 0.124900 0.095800 0.136600 0.118300 0.064600 0.119700 0.108800 0.105200 0.073900 0.089500 0.160900 0.073800 0.085600 0.105900 0.114000 0.122200 0.120200 0.052900 0.000000 0.130800 0.117100 0.100100 0.109000 0.145000 0.119100 0.058400 0.079900 0.164100 0.115500 0.122400 0.132100 0.120100 0.117000 0.105800 0.031200 0.047400 0.128700 0.075100 0.015500 0.137500 0.140200 0.144800 0.112200 0.110500 0.163700 0.112800 0.119000
Ibex 0.044800 0.412100 0.125800 0.294100 0.071600 0.040200 0.082800 0.110000 0.121600 0.156200 0.014800 0.096200 0.081800 0.072300 0.098800 0.127400 0.111600 0.112700 0.055300 0.123000 0.097300 0.025100 0.154600 0.130800 0.000000 0.107900 0.076200 0.118100 0.128800 0.100100 0.160400 0.078100 0.190700 0.091100 0.081600 0.118600 0.020000 0.076100 0.125400 0.141800 0.136100 0.107700 0.172900 0.147600 0.123800 0.136200 0.129500 0.109600 0.096800 0.211200 0.110700 0.116700
GyrantGaze 0.084400 0.447900 0.124000 0.317600 0.079700 0.079900 0.079800 0.074200 0.119600 0.149400 0.097000 0.104500 0.089400 0.058100 0.085000 0.058100 0.103600 0.116300 0.089900 0.120800 0.073000 0.086200 0.129200 0.117100 0.107900 0.000000 0.084300 0.116200 0.037000 0.114700 0.159700 0.063900 0.210600 0.099700 0.100700 0.116700 0.086100 0.095300 0.101000 0.128400 0.110800 0.020300 0.166500 0.122400 0.122100 0.111700 0.083800 0.096400 0.094600 0.185100 0.108500 0.114700
Hartebeest 0.064900 0.387300 0.096500 0.251500 0.049800 0.059600 0.044900 0.070800 0.092200 0.130000 0.065900 0.068800 0.004800 0.034900 0.060100 0.114600 0.082300 0.094000 0.044300 0.093200 0.080100 0.056000 0.122700 0.100100 0.076200 0.084300 0.000000 0.088400 0.110100 0.082100 0.139900 0.040200 0.189100 0.014400 0.029400 0.090100 0.055700 0.054500 0.085900 0.121900 0.105300 0.095200 0.146200 0.116300 0.095200 0.094400 0.090100 0.060000 0.059000 0.153700 0.081700 0.076700
Bongo 0.116600 0.382300 0.050400 0.264500 0.089400 0.101000 0.084000 0.112400 0.035200 0.140200 0.118600 0.075900 0.093400 0.062500 0.077900 0.135900 0.107100 0.119600 0.094000 0.025400 0.110000 0.107700 0.144200 0.109000 0.118100 0.116200 0.088400 0.000000 0.143700 0.030300 0.150400 0.068300 0.188600 0.103600 0.110200 0.098000 0.107600 0.093800 0.116200 0.108500 0.125800 0.127800 0.156900 0.125700 0.103200 0.127300 0.132200 0.078200 0.098600 0.200400 0.025000 0.030200
Gerenuk 0.110200 0.469100 0.151000 0.334900 0.105800 0.106700 0.106400 0.089100 0.146900 0.190800 0.117900 0.130700 0.115200 0.084400 0.111500 0.073500 0.130800 0.143900 0.104800 0.148500 0.088100 0.107500 0.169400 0.145000 0.128800 0.037000 0.110100 0.143700 0.000000 0.142100 0.200900 0.090500 0.239800 0.125500 0.127100 0.143300 0.107000 0.121300 0.116200 0.168400 0.150300 0.047600 0.208000 0.162200 0.148600 0.138900 0.098500 0.122600 0.120400 0.214500 0.135600 0.142000
CommonElan 0.109900 0.401500 0.050000 0.281400 0.088500 0.094500 0.077700 0.116900 0.024800 0.150400 0.100500 0.075100 0.087100 0.061800 0.077100 0.128700 0.100100 0.101100 0.087600 0.035300 0.108800 0.101000 0.142500 0.119100 0.100100 0.114700 0.082100 0.030300 0.142100 0.000000 0.148500 0.067500 0.204800 0.097200 0.103600 0.097000 0.100900 0.092900 0.126300 0.118500 0.124300 0.126200 0.167100 0.135800 0.102100 0.125700 0.130800 0.082800 0.097600 0.186200 0.024800 0.030000
MuntiacusR 0.170400 0.441300 0.157300 0.333100 0.153400 0.166700 0.147700 0.191000 0.159400 0.026200 0.161200 0.136600 0.145100 0.124700 0.140500 0.204300 0.124300 0.125500 0.157700 0.155300 0.162600 0.174200 0.058400 0.058400 0.160400 0.159700 0.139900 0.150400 0.200900 0.148500 0.000000 0.131200 0.195300 0.155600 0.163200 0.160800 0.174000 0.169300 0.157500 0.069000 0.063700 0.171800 0.036400 0.063500 0.166300 0.183500 0.198500 0.141100 0.162000 0.218900 0.153700 0.148500
HarveysDui 0.066500 0.381500 0.076900 0.269300 0.040600 0.062000 0.035300 0.072700 0.072400 0.121100 0.067500 0.059800 0.045100 0.015000 0.040500 0.105900 0.067700 0.079300 0.045400 0.062400 0.060700 0.057100 0.102400 0.079900 0.078100 0.063900 0.040200 0.068300 0.090500 0.067500 0.131200 0.000000 0.174700 0.055000 0.060800 0.081300 0.057100 0.055700 0.076900 0.101800 0.085100 0.074600 0.137500 0.096100 0.086400 0.074100 0.081600 0.061600 0.039900 0.156900 0.061900 0.067500
Pronghorn 0.200500 0.453300 0.195300 0.356000 0.191200 0.197000 0.192300 0.216900 0.210000 0.210900 0.191700 0.202700 0.194400 0.180000 0.177800 0.243500 0.173100 0.187200 0.195500 0.193400 0.212200 0.192600 0.188900 0.164100 0.190700 0.210600 0.189100 0.188600 0.239800 0.204800 0.195300 0.174700 0.000000 0.205200 0.207200 0.210900 0.192300 0.207500 0.220100 0.175700 0.181800 0.210200 0.228400 0.181700 0.216700 0.244100 0.244100 0.190900 0.193500 0.266800 0.204100 0.211300
BlueWildeb 0.079600 0.397800 0.111400 0.261600 0.064600 0.075300 0.059700 0.085800 0.107200 0.145800 0.080900 0.083400 0.019100 0.049600 0.069900 0.129900 0.092100 0.103800 0.058400 0.108400 0.094900 0.071000 0.138200 0.115500 0.091100 0.099700 0.014400 0.103600 0.125500 0.097200 0.155600 0.055000 0.205200 0.000000 0.043900 0.104900 0.070600 0.069000 0.100700 0.131800 0.120700 0.105200 0.156200 0.131700 0.099400 0.109700 0.104800 0.074900 0.073600 0.169200 0.096700 0.091800
Gemsbok 0.070200 0.427700 0.118000 0.289200 0.060200 0.065800 0.065500 0.097700 0.113800 0.153300 0.071300 0.089300 0.034200 0.055300 0.080900 0.131100 0.103900 0.116000 0.054600 0.115100 0.095700 0.061100 0.145500 0.122400 0.081600 0.100700 0.029400 0.110200 0.127100 0.103600 0.163200 0.060800 0.207200 0.043900 0.000000 0.111200 0.061000 0.075100 0.112400 0.144600 0.127600 0.111700 0.169700 0.138800 0.116300 0.117000 0.116900 0.081200 0.079700 0.188700 0.103100 0.098100
Yak 0.128200 0.438700 0.095200 0.255000 0.101700 0.124200 0.085900 0.124100 0.090900 0.151100 0.130200 0.028500 0.095000 0.075600 0.080000 0.135800 0.108100 0.120200 0.106100 0.102800 0.079400 0.119800 0.149500 0.132100 0.118600 0.116700 0.090100 0.098000 0.143300 0.097000 0.160800 0.081300 0.210900 0.104900 0.111200 0.000000 0.119600 0.106000 0.138900 0.142800 0.131700 0.116500 0.167300 0.148500 0.004700 0.127400 0.132400 0.101400 0.110500 0.157800 0.091200 0.086200
BlueSheep 0.024800 0.406600 0.115600 0.283100 0.051100 0.020000 0.061900 0.088700 0.111300 0.157600 0.015000 0.097000 0.060600 0.051500 0.077700 0.117100 0.101200 0.113500 0.034900 0.112600 0.087300 0.005000 0.143700 0.120100 0.020000 0.086100 0.055700 0.107600 0.107000 0.100900 0.174000 0.057100 0.192300 0.070600 0.061000 0.119600 0.000000 0.065200 0.104200 0.142900 0.125400 0.097300 0.174400 0.136900 0.124900 0.114000 0.108400 0.088500 0.076200 0.200200 0.100400 0.106300
BohorReedb 0.075300 0.404200 0.101900 0.264300 0.024500 0.081500 0.070900 0.092000 0.097600 0.153300 0.076400 0.084200 0.049100 0.050200 0.075800 0.125700 0.104100 0.116200 0.069900 0.087900 0.090600 0.071700 0.140000 0.117000 0.076100 0.095300 0.054500 0.093800 0.121300 0.092900 0.169300 0.055700 0.207500 0.069000 0.075100 0.106000 0.065200 0.000000 0.096400 0.127700 0.122200 0.106400 0.169700 0.133400 0.111100 0.111100 0.100600 0.097000 0.074400 0.183000 0.087100 0.092800
KirksDik 0.113000 0.422100 0.124000 0.303600 0.092200 0.108900 0.092300 0.066000 0.125500 0.147600 0.114800 0.116100 0.090800 0.071200 0.097000 0.142800 0.115400 0.127700 0.102100 0.132500 0.085400 0.103900 0.128500 0.105800 0.125400 0.101000 0.085900 0.116200 0.116200 0.126300 0.157500 0.076900 0.220100 0.100700 0.112400 0.138900 0.104200 0.096400 0.000000 0.127700 0.122400 0.112100 0.164000 0.122000 0.144100 0.134700 0.074900 0.119500 0.106500 0.200700 0.120100 0.126200
RoeDeer 0.140000 0.370100 0.127600 0.297300 0.123400 0.136000 0.117900 0.159500 0.117800 0.075400 0.142400 0.119200 0.127100 0.095600 0.111200 0.172000 0.084300 0.096300 0.127900 0.113400 0.144300 0.143000 0.063300 0.031200 0.141800 0.128400 0.121900 0.108500 0.168400 0.118500 0.069000 0.101800 0.175700 0.131800 0.144600 0.142800 0.142900 0.127700 0.127700 0.000000 0.057700 0.140100 0.080200 0.036400 0.142500 0.163700 0.167400 0.134400 0.132300 0.186700 0.112300 0.118400
WhiteLippe 0.122900 0.403400 0.133400 0.304100 0.106500 0.118800 0.101000 0.141800 0.129100 0.064400 0.125000 0.108500 0.110400 0.079100 0.094600 0.166200 0.078900 0.090800 0.111100 0.130700 0.127400 0.125600 0.025700 0.047400 0.136100 0.110800 0.105300 0.125800 0.150300 0.124300 0.063700 0.085100 0.181800 0.120700 0.127600 0.131700 0.125400 0.122200 0.122400 0.057700 0.000000 0.134300 0.080500 0.052500 0.137000 0.145600 0.150000 0.117400 0.115600 0.168600 0.118000 0.124200
ThomsonGaz 0.106400 0.447500 0.135400 0.345100 0.090700 0.102200 0.090700 0.085100 0.131100 0.161500 0.108300 0.104200 0.100300 0.068600 0.095900 0.068700 0.103200 0.115600 0.101000 0.132400 0.072600 0.097300 0.153300 0.128700 0.107700 0.020300 0.095200 0.127800 0.047600 0.126200 0.171800 0.074600 0.210200 0.105200 0.111700 0.116500 0.097300 0.106400 0.112100 0.140100 0.134300 0.000000 0.172100 0.146100 0.116200 0.123500 0.094600 0.107600 0.105600 0.198400 0.119800 0.126200
MuntiacusC 0.177100 0.449800 0.170100 0.348000 0.153700 0.173400 0.154100 0.197900 0.166000 0.021000 0.173800 0.142800 0.151400 0.130900 0.146800 0.211400 0.124600 0.137500 0.164200 0.161900 0.169100 0.173900 0.086400 0.075100 0.172900 0.166500 0.146200 0.156900 0.208000 0.167100 0.036400 0.137500 0.228400 0.156200 0.169700 0.167300 0.174400 0.169700 0.164000 0.080200 0.080500 0.172100 0.000000 0.080300 0.167000 0.190500 0.205400 0.147500 0.168500 0.226100 0.160300 0.155000
WhiteTaile 0.134200 0.385900 0.144700 0.304000 0.117700 0.130100 0.112100 0.153500 0.134900 0.069800 0.136400 0.124700 0.121400 0.090000 0.105600 0.178100 0.089800 0.101900 0.122100 0.130700 0.138500 0.137100 0.058100 0.015500 0.147600 0.122400 0.116300 0.125700 0.162200 0.135800 0.063500 0.096100 0.181700 0.131700 0.138800 0.148500 0.136900 0.133400 0.122000 0.036400 0.052500 0.146100 0.080300 0.000000 0.153900 0.157500 0.161500 0.128600 0.126600 0.180600 0.129400 0.135700
Cattle 0.133400 0.437700 0.100300 0.260600 0.106900 0.129500 0.091000 0.129400 0.096000 0.156600 0.135500 0.033300 0.100100 0.080600 0.085000 0.141100 0.107900 0.119900 0.111300 0.108000 0.084400 0.125000 0.154900 0.137500 0.123800 0.122100 0.095200 0.103200 0.148600 0.102100 0.166300 0.086400 0.216700 0.099400 0.116300 0.004700 0.124900 0.111100 0.144100 0.142500 0.137000 0.116200 0.167000 0.153900 0.000000 0.132800 0.137600 0.106500 0.115600 0.163100 0.096300 0.091300
RoyalAntel 0.123000 0.444400 0.134800 0.343000 0.095500 0.118800 0.090200 0.130600 0.130600 0.173300 0.125100 0.115000 0.099500 0.079200 0.106800 0.131800 0.126200 0.139300 0.089100 0.120400 0.094700 0.114600 0.152500 0.140200 0.136200 0.111700 0.094400 0.127300 0.138900 0.125700 0.183500 0.074100 0.244100 0.109700 0.117000 0.127400 0.114000 0.111100 0.134700 0.163700 0.145600 0.123500 0.190500 0.157500 0.132800 0.000000 0.127500 0.118300 0.093600 0.209900 0.119400 0.125700
Steenbok 0.117000 0.451800 0.128600 0.301100 0.096400 0.113000 0.097000 0.060400 0.135500 0.188800 0.118900 0.120500 0.095000 0.075900 0.096700 0.114000 0.120100 0.132500 0.106200 0.137000 0.069300 0.108900 0.168400 0.144800 0.129500 0.083800 0.090100 0.132200 0.098500 0.130800 0.198500 0.081600 0.244100 0.104800 0.116900 0.132400 0.108400 0.100600 0.074900 0.167400 0.150000 0.094600 0.205400 0.161500 0.137600 0.127500 0.000000 0.123500 0.100100 0.199900 0.124700 0.119700
Impala 0.097500 0.359300 0.097300 0.278500 0.081500 0.093200 0.066300 0.093900 0.092900 0.131200 0.099000 0.074500 0.065200 0.056000 0.060500 0.115900 0.093900 0.105800 0.075800 0.093700 0.102400 0.088900 0.135200 0.112200 0.109600 0.096400 0.060000 0.078200 0.122600 0.082800 0.141100 0.061600 0.190900 0.074900 0.081200 0.101400 0.088500 0.097000 0.119500 0.134400 0.117400 0.107600 0.147500 0.128600 0.106500 0.118300 0.123500 0.000000 0.090900 0.190300 0.082400 0.077300
Klipspring 0.085200 0.383400 0.095900 0.287400 0.059700 0.080900 0.065100 0.102200 0.102300 0.152200 0.086500 0.088800 0.063300 0.044800 0.070100 0.124900 0.097800 0.109700 0.064200 0.092500 0.090000 0.076600 0.133100 0.110500 0.096800 0.094600 0.059000 0.098600 0.120400 0.097600 0.162000 0.039900 0.193500 0.073600 0.079700 0.110500 0.076200 0.074400 0.106500 0.132300 0.115600 0.105600 0.168500 0.126600 0.115600 0.093600 0.100100 0.090900 0.000000 0.175800 0.091700 0.086800
ForestMusk 0.208400 0.465000 0.206800 0.312300 0.179100 0.204800 0.173200 0.192000 0.184900 0.209100 0.199700 0.156300 0.158800 0.150200 0.166100 0.218000 0.155900 0.145700 0.171600 0.205300 0.165000 0.200500 0.181000 0.163700 0.211200 0.185100 0.153700 0.200400 0.214500 0.186200 0.218900 0.156900 0.266800 0.169200 0.188700 0.157800 0.200200 0.183000 0.200700 0.186700 0.168600 0.198400 0.226100 0.180600 0.163100 0.209900 0.199900 0.190300 0.175800 0.000000 0.191400 0.186000
Bushbuck 0.109300 0.399200 0.044600 0.279900 0.082700 0.094000 0.077300 0.116300 0.029700 0.143800 0.111100 0.069600 0.086700 0.056300 0.071400 0.128000 0.099800 0.112000 0.087200 0.030000 0.102900 0.100500 0.136000 0.112800 0.110700 0.108500 0.081700 0.025000 0.135600 0.024800 0.153700 0.061900 0.204100 0.096700 0.103100 0.091200 0.100400 0.087100 0.120100 0.112300 0.118000 0.119800 0.160300 0.129400 0.096300 0.119400 0.124700 0.082400 0.091700 0.191400 0.000000 0.024700
GreaterKud 0.115300 0.392900 0.039700 0.261700 0.088400 0.099900 0.083000 0.111100 0.034800 0.138400 0.117200 0.064700 0.081700 0.061800 0.077000 0.122900 0.105800 0.118100 0.092900 0.035200 0.097800 0.106500 0.142400 0.119000 0.116700 0.114700 0.076700 0.030200 0.142000 0.030000 0.148500 0.067500 0.211300 0.091800 0.098100 0.086200 0.106300 0.092800 0.126200 0.118400 0.124200 0.126200 0.155000 0.135700 0.091300 0.125700 0.119700 0.077300 0.086800 0.186000 0.024700 0.000000
