1
52 1
Argali 0.000000 0.329600 0.083800 0.222900 0.046800 0.013700 0.046700 0.060600 0.088500 0.138400 0.041700 0.082000 0.046200 0.046700 0.051400 0.065700 0.161400 0.144700 0.027600 0.083400 0.065400 0.066000 0.116500 0.138700 0.032300 0.060600 0.046300 0.089000 0.075500 0.083800 0.127600 0.056500 0.138100 0.050800 0.036900 0.083000 0.032200 0.046800 0.099800 0.106000 0.121800 0.084300 0.132600 0.121700 0.077900 0.071000 0.075100 0.065500 0.060500 0.096600 0.078500 0.073300
LesserMous 0.329600 0.000000 0.291900 0.278500 0.320400 0.322100 0.311900 0.334700 0.293200 0.297500 0.321300 0.275300 0.315600 0.326100 0.309300 0.329300 0.381400 0.365100 0.307900 0.293200 0.327300 0.345800 0.271300 0.315100 0.308600 0.334700 0.316200 0.273300 0.307100 0.273500 0.312300 0.327400 0.380500 0.320100 0.314800 0.264800 0.322600 0.320000 0.350000 0.266300 0.285600 0.357000 0.304200 0.291800 0.258400 0.309900 0.341300 0.301200 0.320600 0.285000 0.280900 0.287100
LesserKudu 0.083800 0.291900 0.000000 0.233700 0.074200 0.078600 0.063900 0.088400 0.023100 0.139700 0.089300 0.065800 0.073400 0.074000 0.088600 0.091500 0.167700 0.142100 0.063400 0.013800 0.102000 0.116600 0.107300 0.129300 0.079000 0.096100 0.073600 0.018500 0.102400 0.009200 0.140000 0.068000 0.125600 0.078000 0.073500 0.047000 0.089000 0.074000 0.122300 0.100700 0.112400 0.112700 0.134000 0.116200 0.042200 0.083900 0.118100 0.093500 0.072900 0.085500 0.013900 0.009200
KillerWhal 0.222900 0.278500 0.233700 0.000000 0.224700 0.216400 0.202000 0.245900 0.234500 0.259800 0.221400 0.218500 0.240200 0.189000 0.201100 0.260700 0.325500 0.305100 0.203800 0.234800 0.245200 0.241100 0.213200 0.256000 0.209700 0.252400 0.234100 0.229000 0.247300 0.229300 0.253600 0.202600 0.270700 0.250900 0.216200 0.195400 0.222400 0.224300 0.279200 0.226600 0.233700 0.287600 0.259600 0.234400 0.189600 0.255900 0.271800 0.225400 0.251800 0.191500 0.210300 0.215900
DefassaWat 0.046800 0.320400 0.074200 0.224700 0.000000 0.042000 0.032500 0.051300 0.078900 0.124600 0.051600 0.072500 0.037000 0.042100 0.042100 0.056300 0.155500 0.135000 0.037200 0.073900 0.065900 0.076500 0.103300 0.125100 0.042100 0.061000 0.037000 0.079300 0.076000 0.074200 0.124800 0.042200 0.122700 0.041500 0.027700 0.073300 0.051500 0.009100 0.090100 0.093500 0.108500 0.076000 0.119100 0.108400 0.068200 0.061500 0.075600 0.056200 0.051200 0.086800 0.058500 0.074100
Sheep 0.013700 0.322100 0.078600 0.216400 0.042000 0.000000 0.041900 0.055700 0.083300 0.132800 0.036900 0.076900 0.041500 0.041800 0.046600 0.060800 0.155800 0.139300 0.022900 0.078200 0.060600 0.061100 0.111100 0.133200 0.027600 0.055800 0.041600 0.083700 0.070600 0.078600 0.122100 0.051600 0.132600 0.046000 0.032200 0.077900 0.027500 0.042000 0.094600 0.100700 0.116400 0.079300 0.127100 0.116300 0.072800 0.066000 0.070200 0.060600 0.055700 0.091400 0.073300 0.068100
MaxwellsDu 0.046700 0.311900 0.063900 0.202000 0.032500 0.041900 0.000000 0.051000 0.068600 0.124000 0.051400 0.072500 0.027400 0.018300 0.041900 0.056000 0.161600 0.134500 0.027700 0.063600 0.065600 0.066200 0.092200 0.124500 0.041900 0.060700 0.027500 0.069000 0.065800 0.063900 0.124300 0.018300 0.127700 0.031900 0.037000 0.063200 0.051300 0.032500 0.079700 0.092800 0.108100 0.065700 0.118600 0.107900 0.058100 0.061200 0.075200 0.055900 0.051000 0.076300 0.058600 0.063800
GazellaPrz 0.060600 0.334700 0.088400 0.245900 0.051300 0.055700 0.051000 0.000000 0.093100 0.138800 0.065300 0.086700 0.050600 0.060700 0.055900 0.041200 0.160600 0.138600 0.051000 0.087900 0.050500 0.090300 0.117400 0.139300 0.055800 0.045800 0.050700 0.093500 0.060300 0.088300 0.139000 0.060800 0.126000 0.055100 0.050800 0.087600 0.065300 0.051200 0.074100 0.107200 0.122600 0.060200 0.133200 0.122400 0.082600 0.075200 0.060000 0.069800 0.064800 0.100800 0.083000 0.088200
MountainNy 0.088500 0.293200 0.023100 0.234500 0.078900 0.083300 0.068600 0.093100 0.000000 0.149800 0.093900 0.080200 0.077900 0.078600 0.088800 0.096200 0.171800 0.146200 0.068100 0.018200 0.095900 0.110100 0.111600 0.133600 0.083600 0.100900 0.078100 0.013700 0.107100 0.023000 0.150100 0.072700 0.141400 0.082500 0.078100 0.061200 0.093700 0.078700 0.115900 0.105000 0.116800 0.117400 0.144100 0.120600 0.056400 0.088500 0.122800 0.087500 0.077500 0.100500 0.027700 0.023000
MuntiacusM 0.138400 0.297500 0.139700 0.259800 0.124600 0.132800 0.124000 0.138800 0.149800 0.000000 0.143900 0.126200 0.123000 0.134900 0.124000 0.142900 0.204300 0.180400 0.123900 0.144200 0.153600 0.172800 0.046600 0.086700 0.133200 0.147900 0.117800 0.139300 0.160000 0.128400 0.018100 0.135200 0.160200 0.127700 0.126900 0.138400 0.142300 0.124400 0.182000 0.066600 0.056300 0.159300 0.004500 0.071100 0.133100 0.123600 0.153100 0.133600 0.133100 0.124300 0.133900 0.139100
goat 0.041700 0.321300 0.089300 0.221400 0.051600 0.036900 0.051400 0.065300 0.093900 0.143900 0.000000 0.087400 0.050900 0.051400 0.056300 0.070400 0.145300 0.149900 0.032200 0.088800 0.070200 0.051300 0.121900 0.144300 0.009100 0.065400 0.051000 0.094400 0.080300 0.089200 0.133000 0.061300 0.132300 0.055500 0.041700 0.067700 0.046300 0.051500 0.104900 0.111400 0.127300 0.089200 0.138100 0.127100 0.072900 0.075800 0.079900 0.070300 0.065300 0.091100 0.084000 0.078700
AfricanBuf 0.082000 0.275300 0.065800 0.218500 0.072500 0.076900 0.072500 0.086700 0.080200 0.126200 0.087400 0.000000 0.071700 0.082500 0.073700 0.089400 0.164700 0.142400 0.072100 0.070300 0.099600 0.114100 0.105200 0.126500 0.077200 0.093900 0.071800 0.075600 0.110700 0.065700 0.137300 0.076600 0.123200 0.076200 0.071600 0.065300 0.087200 0.072500 0.125100 0.098000 0.110300 0.110300 0.131500 0.113800 0.060600 0.082100 0.116100 0.083300 0.081300 0.083700 0.060800 0.065600
Topi 0.046200 0.315600 0.073400 0.240200 0.037000 0.041500 0.027400 0.050600 0.077900 0.123000 0.050900 0.071700 0.000000 0.046300 0.041600 0.055600 0.144200 0.122800 0.036800 0.072900 0.065000 0.065600 0.101900 0.123400 0.041500 0.060200 0.009000 0.078300 0.075000 0.073200 0.123200 0.046400 0.126500 0.013400 0.018100 0.072700 0.050900 0.036900 0.078900 0.091900 0.107100 0.065100 0.117500 0.106900 0.067700 0.063500 0.074600 0.055500 0.050500 0.075600 0.068000 0.073100
CommonDuik 0.046700 0.326100 0.074000 0.189000 0.042100 0.041800 0.018300 0.060700 0.078600 0.134900 0.051400 0.082500 0.046300 0.000000 0.041900 0.060900 0.167100 0.145100 0.027700 0.073600 0.060700 0.076200 0.102600 0.135400 0.041900 0.055800 0.046400 0.079100 0.060900 0.073900 0.124300 0.018300 0.133000 0.050900 0.037000 0.073200 0.051300 0.042000 0.094900 0.103200 0.118800 0.080500 0.129400 0.118500 0.068100 0.071100 0.070300 0.055900 0.060600 0.086400 0.068600 0.063500
Suni 0.051400 0.309300 0.088600 0.201100 0.042100 0.046600 0.041900 0.055900 0.088800 0.124000 0.056300 0.073700 0.041600 0.041900 0.000000 0.056000 0.162200 0.140000 0.041900 0.083700 0.065600 0.081300 0.105400 0.130000 0.046700 0.060700 0.032200 0.089300 0.075700 0.083800 0.127200 0.042000 0.119200 0.046100 0.041800 0.083100 0.056100 0.042100 0.089600 0.098000 0.110700 0.075600 0.121300 0.113200 0.077900 0.066200 0.075300 0.050800 0.055800 0.071200 0.078600 0.084000
Springbuck 0.065700 0.329300 0.091500 0.260700 0.056300 0.060800 0.056000 0.041200 0.096200 0.142900 0.070400 0.089400 0.055600 0.060900 0.056000 0.000000 0.155700 0.133800 0.056000 0.091100 0.027200 0.095700 0.121100 0.143200 0.060800 0.022600 0.055700 0.096700 0.036600 0.091500 0.143100 0.061000 0.126400 0.060100 0.055900 0.090500 0.070400 0.056200 0.059400 0.110600 0.126400 0.036500 0.137200 0.126200 0.085300 0.080500 0.036400 0.070000 0.068400 0.101100 0.085900 0.091300
Okapi 0.161400 0.381400 0.167700 0.325500 0.155500 0.155800 0.161600 0.160600 0.171800 0.204300 0.145300 0.164700 0.144200 0.167100 0.162200 0.155700 0.000000 0.035200 0.150900 0.160500 0.149900 0.173000 0.180500 0.192400 0.145400 0.155100 0.155800 0.166700 0.171900 0.167200 0.198500 0.173100 0.164500 0.149600 0.148500 0.166100 0.166700 0.155300 0.194300 0.169300 0.175300 0.177700 0.198300 0.185700 0.160800 0.161300 0.171600 0.177200 0.171100 0.161100 0.161600 0.161400
Giraffe 0.144700 0.365100 0.142100 0.305100 0.135000 0.139300 0.134500 0.138600 0.146200 0.180400 0.149900 0.142400 0.122800 0.145100 0.140000 0.133800 0.035200 0.000000 0.134400 0.135400 0.133600 0.166900 0.157500 0.167700 0.139600 0.138700 0.133800 0.141200 0.155000 0.141700 0.180500 0.145400 0.156400 0.127900 0.132200 0.143600 0.149800 0.134800 0.171100 0.146900 0.152400 0.155100 0.174600 0.162600 0.138400 0.139300 0.154600 0.154800 0.148800 0.140000 0.136300 0.141600
TibetanAnt 0.027600 0.307900 0.063400 0.203800 0.037200 0.022900 0.027700 0.051000 0.068100 0.123900 0.032200 0.072100 0.036800 0.027700 0.041900 0.056000 0.150900 0.134400 0.000000 0.063100 0.055800 0.056300 0.102800 0.124500 0.023000 0.051000 0.036900 0.068500 0.056000 0.061900 0.113500 0.037200 0.121900 0.041300 0.027500 0.062700 0.032200 0.037200 0.089600 0.092700 0.108000 0.074000 0.118400 0.107800 0.057700 0.061200 0.065300 0.055800 0.050900 0.086400 0.058200 0.053000
Sitatunga 0.083400 0.293200 0.013800 0.234800 0.073900 0.078200 0.063600 0.087900 0.018200 0.144200 0.088800 0.070300 0.072900 0.073600 0.083700 0.091100 0.160500 0.135400 0.063100 0.000000 0.101600 0.115800 0.111900 0.133900 0.078500 0.095600 0.073100 0.013700 0.101900 0.013700 0.144500 0.067700 0.130300 0.077500 0.073000 0.051500 0.088600 0.073700 0.121800 0.105300 0.117100 0.112100 0.138600 0.120900 0.046700 0.083500 0.117600 0.093000 0.072500 0.090100 0.018400 0.013700
Oribi 0.065400 0.327300 0.102000 0.245200 0.065900 0.060600 0.065600 0.050500 0.095900 0.153600 0.070200 0.099600 0.065000 0.060700 0.065600 0.027200 0.149900 0.133600 0.055800 0.101600 0.000000 0.075300 0.120500 0.142600 0.060600 0.022500 0.065100 0.096400 0.036400 0.102300 0.142600 0.070600 0.136800 0.059900 0.055600 0.101000 0.070100 0.065800 0.059100 0.110000 0.125900 0.045800 0.147800 0.125700 0.095800 0.090200 0.036300 0.069700 0.077900 0.111100 0.096400 0.091200
BarbaryShe 0.066000 0.345800 0.116600 0.241100 0.076500 0.061100 0.066200 0.090300 0.110100 0.172800 0.051300 0.114100 0.065600 0.076200 0.081300 0.095700 0.173000 0.166900 0.056300 0.115800 0.075300 0.000000 0.138500 0.150100 0.041800 0.090400 0.065700 0.110700 0.106000 0.116200 0.161600 0.086500 0.149300 0.060500 0.064800 0.104600 0.070700 0.076400 0.110200 0.127900 0.144000 0.104800 0.166800 0.143900 0.099400 0.101400 0.105500 0.085300 0.090200 0.106900 0.110900 0.105400
Daviddeer 0.116500 0.271300 0.107300 0.213200 0.103300 0.111100 0.092200 0.117400 0.111600 0.046600 0.121900 0.105200 0.101900 0.102600 0.105400 0.121100 0.180500 0.157500 0.102800 0.111900 0.120500 0.138500 0.000000 0.046900 0.111500 0.126000 0.096900 0.096300 0.137700 0.096500 0.046600 0.102900 0.126300 0.106700 0.105400 0.106100 0.120100 0.103200 0.147300 0.027800 0.023000 0.142800 0.041800 0.032400 0.101100 0.102500 0.131100 0.104400 0.111900 0.092500 0.101700 0.106900
Reindeer 0.138700 0.315100 0.129300 0.256000 0.125100 0.133200 0.124500 0.139300 0.133600 0.086700 0.144300 0.126500 0.123400 0.135400 0.130000 0.143200 0.192400 0.167700 0.124500 0.133900 0.142600 0.150100 0.046900 0.000000 0.133600 0.148300 0.123700 0.117900 0.160400 0.118200 0.086800 0.135800 0.143200 0.128200 0.125900 0.125500 0.142500 0.125000 0.170100 0.037400 0.051800 0.165600 0.081600 0.018400 0.120200 0.124100 0.153700 0.123000 0.133500 0.103300 0.123500 0.128800
Ibex 0.032300 0.308600 0.079000 0.209700 0.042100 0.027600 0.041900 0.055800 0.083600 0.133200 0.009100 0.077200 0.041500 0.041900 0.046700 0.060800 0.145400 0.139600 0.023000 0.078500 0.060600 0.041800 0.111500 0.133600 0.000000 0.055800 0.041600 0.084000 0.070600 0.078900 0.122500 0.051700 0.121900 0.046100 0.032300 0.057500 0.036900 0.042000 0.094800 0.101100 0.116800 0.079200 0.127500 0.116700 0.062700 0.066100 0.070200 0.060700 0.055700 0.081300 0.073600 0.068400
GyrantGaze 0.060600 0.334700 0.096100 0.252400 0.061000 0.055800 0.060700 0.045800 0.100900 0.147900 0.065400 0.093900 0.060200 0.055800 0.060700 0.022600 0.155100 0.138700 0.051000 0.095600 0.022500 0.090400 0.126000 0.148300 0.055800 0.000000 0.060300 0.101300 0.031800 0.096100 0.137000 0.065700 0.131200 0.064800 0.050800 0.095100 0.065300 0.060900 0.063900 0.115400 0.131300 0.022600 0.142100 0.131100 0.089900 0.085200 0.031600 0.074700 0.072800 0.105900 0.090500 0.085300
Hartebeest 0.046300 0.316200 0.073600 0.234100 0.037000 0.041600 0.027500 0.050700 0.078100 0.117800 0.051000 0.071800 0.009000 0.046400 0.032200 0.055700 0.155800 0.133800 0.036900 0.073100 0.065100 0.065700 0.096900 0.123700 0.041600 0.060300 0.000000 0.078500 0.075200 0.073500 0.118000 0.046500 0.115900 0.013500 0.018200 0.072700 0.051000 0.037000 0.079000 0.092200 0.102000 0.065300 0.112400 0.107100 0.067700 0.063700 0.074700 0.055500 0.050600 0.075800 0.068200 0.073400
Bongo 0.089000 0.273300 0.018500 0.229000 0.079300 0.083700 0.069000 0.093500 0.013700 0.139300 0.094400 0.075600 0.078300 0.079100 0.089300 0.096700 0.166700 0.141200 0.068500 0.013700 0.096400 0.110700 0.096300 0.117900 0.084000 0.101300 0.078500 0.000000 0.107700 0.009200 0.139600 0.073100 0.136400 0.083000 0.078500 0.056600 0.094200 0.079100 0.116500 0.089600 0.101400 0.117900 0.133700 0.105100 0.051800 0.089000 0.123400 0.087900 0.077900 0.095700 0.023200 0.018400
Gerenuk 0.075500 0.307100 0.102400 0.247300 0.076000 0.070600 0.065800 0.060300 0.107100 0.160000 0.080300 0.110700 0.075000 0.060900 0.075700 0.036600 0.171900 0.155000 0.056000 0.101900 0.036400 0.106000 0.137700 0.160400 0.070600 0.031800 0.075200 0.107700 0.000000 0.102400 0.148900 0.070900 0.148100 0.079600 0.065600 0.101400 0.080200 0.075900 0.069400 0.127000 0.143000 0.055500 0.154100 0.143000 0.096100 0.100700 0.045700 0.089800 0.088500 0.122000 0.096800 0.091500
CommonElan 0.083800 0.273500 0.009200 0.229300 0.074200 0.078600 0.063900 0.088300 0.023000 0.128400 0.089200 0.065700 0.073200 0.073900 0.083800 0.091500 0.167200 0.141700 0.061900 0.013700 0.102300 0.116200 0.096500 0.118200 0.078900 0.096100 0.073500 0.009200 0.102400 0.000000 0.128700 0.068000 0.125300 0.077900 0.073200 0.046800 0.089000 0.074000 0.122300 0.089800 0.101600 0.112600 0.122900 0.105400 0.042100 0.083800 0.118000 0.093400 0.072800 0.085300 0.013800 0.009200
MuntiacusR 0.127600 0.312300 0.140000 0.253600 0.124800 0.122100 0.124300 0.139000 0.150100 0.018100 0.133000 0.137300 0.123200 0.124300 0.127200 0.143100 0.198500 0.180500 0.113500 0.144500 0.142600 0.161600 0.046600 0.086800 0.122500 0.137000 0.118000 0.139600 0.148900 0.128700 0.000000 0.135500 0.160500 0.127900 0.116200 0.138600 0.131400 0.124700 0.175600 0.066700 0.056400 0.165400 0.013500 0.071300 0.133400 0.123900 0.142200 0.136900 0.133300 0.124600 0.134100 0.128400
HarveysDui 0.056500 0.327400 0.068000 0.202600 0.042200 0.051600 0.018300 0.060800 0.072700 0.135200 0.061300 0.076600 0.046400 0.018300 0.042000 0.061000 0.173100 0.145400 0.037200 0.067700 0.070600 0.086500 0.102900 0.135800 0.051700 0.065700 0.046500 0.073100 0.070900 0.068000 0.135500 0.000000 0.133300 0.051000 0.046700 0.067200 0.061200 0.042200 0.095000 0.103500 0.119100 0.080700 0.129700 0.118800 0.062100 0.071300 0.080400 0.056000 0.060700 0.086600 0.062600 0.067900
Pronghorn 0.138100 0.380500 0.125600 0.270700 0.122700 0.132600 0.127700 0.126000 0.141400 0.160200 0.132300 0.123200 0.126500 0.133000 0.119200 0.126400 0.164500 0.156400 0.121900 0.130300 0.136800 0.149300 0.126300 0.143200 0.121900 0.131200 0.115900 0.136400 0.148100 0.125300 0.160500 0.133300 0.000000 0.131200 0.124000 0.118900 0.143200 0.122500 0.152200 0.105000 0.132000 0.147900 0.154500 0.126100 0.113600 0.136700 0.147300 0.145100 0.139800 0.096600 0.119800 0.125200
BlueWildeb 0.050800 0.320100 0.078000 0.250900 0.041500 0.046000 0.031900 0.055100 0.082500 0.127700 0.055500 0.076200 0.013400 0.050900 0.046100 0.060100 0.149600 0.127900 0.041300 0.077500 0.059900 0.060500 0.106700 0.128200 0.046100 0.064800 0.013500 0.083000 0.079600 0.077900 0.127900 0.051000 0.131200 0.000000 0.022600 0.077100 0.055400 0.041500 0.083400 0.096600 0.111800 0.069700 0.122300 0.111600 0.072100 0.067900 0.079200 0.060000 0.055100 0.080200 0.072700 0.077800
Gemsbok 0.036900 0.314800 0.073500 0.216200 0.027700 0.032200 0.037000 0.050800 0.078100 0.126900 0.041700 0.071600 0.018100 0.037000 0.041800 0.055900 0.148500 0.132200 0.027500 0.073000 0.055600 0.064800 0.105400 0.125900 0.032300 0.050800 0.018200 0.078500 0.065600 0.073200 0.116200 0.046700 0.124000 0.022600 0.000000 0.072500 0.041600 0.027700 0.089200 0.094100 0.110600 0.075300 0.121200 0.110600 0.067400 0.051200 0.065300 0.055700 0.050800 0.086200 0.057800 0.062900
Yak 0.083000 0.264800 0.047000 0.195400 0.073300 0.077900 0.063200 0.087600 0.061200 0.138400 0.067700 0.065300 0.072700 0.073200 0.083100 0.090500 0.166100 0.143600 0.062700 0.051500 0.101000 0.104600 0.106100 0.125500 0.057500 0.095100 0.072700 0.056600 0.101400 0.046800 0.138600 0.067200 0.118900 0.077100 0.072500 0.000000 0.088300 0.073300 0.115600 0.099200 0.111400 0.111500 0.132800 0.115100 0.004500 0.083100 0.117400 0.092500 0.082300 0.074500 0.042000 0.046800
BlueSheep 0.032200 0.322600 0.089000 0.222400 0.051500 0.027500 0.051300 0.065300 0.093700 0.142300 0.046300 0.087200 0.050900 0.051300 0.056100 0.070400 0.166700 0.149800 0.032200 0.088600 0.070100 0.070700 0.120100 0.142500 0.036900 0.065300 0.051000 0.094200 0.080200 0.089000 0.131400 0.061200 0.143200 0.055400 0.041600 0.088300 0.000000 0.051500 0.104800 0.109400 0.125600 0.089100 0.136400 0.125500 0.083200 0.075700 0.079800 0.070200 0.065200 0.091100 0.083700 0.078500
BohorReedb 0.046800 0.320000 0.074000 0.224300 0.009100 0.042000 0.032500 0.051200 0.078700 0.124400 0.051500 0.072500 0.036900 0.042000 0.042100 0.056200 0.155300 0.134800 0.037200 0.073700 0.065800 0.076400 0.103200 0.125000 0.042000 0.060900 0.037000 0.079100 0.075900 0.074000 0.124700 0.042200 0.122500 0.041500 0.027700 0.073300 0.051500 0.000000 0.090100 0.093400 0.108400 0.075900 0.119000 0.108200 0.068200 0.061400 0.075500 0.056100 0.051100 0.086700 0.058300 0.073900
KirksDik 0.099800 0.350000 0.122300 0.279200 0.090100 0.094600 0.079700 0.074100 0.115900 0.182000 0.104900 0.125100 0.078900 0.094900 0.089600 0.059400 0.194300 0.171100 0.089600 0.121800 0.059100 0.110200 0.147300 0.170100 0.094800 0.063900 0.079000 0.116500 0.069400 0.122300 0.175600 0.095000 0.152200 0.083400 0.089200 0.115600 0.104800 0.090100 0.000000 0.136000 0.152900 0.068900 0.175900 0.152500 0.110200 0.115700 0.078700 0.093800 0.092100 0.126000 0.116500 0.122100
RoeDeer 0.106000 0.266300 0.100700 0.226600 0.093500 0.100700 0.092800 0.107200 0.105000 0.066600 0.111400 0.098000 0.091900 0.103200 0.098000 0.110600 0.169300 0.146900 0.092700 0.105300 0.110000 0.127900 0.027800 0.037400 0.101100 0.115400 0.092200 0.089600 0.127000 0.089800 0.066700 0.103500 0.105000 0.096600 0.094100 0.099200 0.109400 0.093400 0.136000 0.000000 0.032500 0.132000 0.061600 0.023000 0.094100 0.087100 0.120500 0.093500 0.101700 0.077300 0.095100 0.100200
WhiteLippe 0.121800 0.285600 0.112400 0.233700 0.108500 0.116400 0.108100 0.122600 0.116800 0.056300 0.127300 0.110300 0.107100 0.118800 0.110700 0.126400 0.175300 0.152400 0.108000 0.117100 0.125900 0.144000 0.023000 0.051800 0.116800 0.131300 0.102000 0.101400 0.143000 0.101600 0.056400 0.119100 0.132000 0.111800 0.110600 0.111400 0.125600 0.108400 0.152900 0.032500 0.000000 0.148200 0.051500 0.037100 0.106300 0.107700 0.136400 0.109500 0.117000 0.097800 0.106900 0.112000
ThomsonGaz 0.084300 0.357000 0.112700 0.287600 0.076000 0.079300 0.065700 0.060200 0.117400 0.159300 0.089200 0.110300 0.065100 0.080500 0.075600 0.036500 0.177700 0.155100 0.074000 0.112100 0.045800 0.104800 0.142800 0.165600 0.079200 0.022600 0.065300 0.117900 0.055500 0.112600 0.165400 0.080700 0.147900 0.069700 0.075300 0.111500 0.089100 0.075900 0.068900 0.132000 0.148200 0.000000 0.153400 0.148000 0.106300 0.100600 0.050500 0.089800 0.088100 0.111200 0.107000 0.112400
MuntiacusC 0.132600 0.304200 0.134000 0.259600 0.119100 0.127100 0.118600 0.133200 0.144100 0.004500 0.138100 0.131500 0.117500 0.129400 0.121300 0.137200 0.198300 0.174600 0.118400 0.138600 0.147800 0.166800 0.041800 0.081600 0.127500 0.142100 0.112400 0.133700 0.154100 0.122900 0.013500 0.129700 0.154500 0.122300 0.121200 0.132800 0.136400 0.119000 0.175900 0.061600 0.051500 0.153400 0.000000 0.066200 0.127600 0.118200 0.147300 0.131000 0.127600 0.118900 0.128300 0.133500
WhiteTaile 0.121700 0.291800 0.116200 0.234400 0.108400 0.116300 0.107900 0.122400 0.120600 0.071100 0.127100 0.113800 0.106900 0.118500 0.113200 0.126200 0.185700 0.162600 0.107800 0.120900 0.125700 0.143900 0.032400 0.018400 0.116700 0.131100 0.107100 0.105100 0.143000 0.105400 0.071300 0.118800 0.126100 0.111600 0.110600 0.115100 0.125500 0.108200 0.152500 0.023000 0.037100 0.148000 0.066200 0.000000 0.109900 0.107500 0.136700 0.106600 0.116800 0.087200 0.110600 0.115900
Cattle 0.077900 0.258400 0.042200 0.189600 0.068200 0.072800 0.058100 0.082600 0.056400 0.133100 0.072900 0.060600 0.067700 0.068100 0.077900 0.085300 0.160800 0.138400 0.057700 0.046700 0.095800 0.099400 0.101100 0.120200 0.062700 0.089900 0.067700 0.051800 0.096100 0.042100 0.133400 0.062100 0.113600 0.072100 0.067400 0.004500 0.083200 0.068200 0.110200 0.094100 0.106300 0.106300 0.127600 0.109900 0.000000 0.078000 0.112000 0.087400 0.077200 0.069500 0.037300 0.042000
RoyalAntel 0.071000 0.309900 0.083900 0.255900 0.061500 0.066000 0.061200 0.075200 0.088500 0.123600 0.075800 0.082100 0.063500 0.071100 0.066200 0.080500 0.161300 0.139300 0.061200 0.083500 0.090200 0.101400 0.102500 0.124100 0.066100 0.085200 0.063700 0.089000 0.100700 0.083800 0.123900 0.071300 0.136700 0.067900 0.051200 0.083100 0.075700 0.061400 0.115700 0.087100 0.107700 0.100600 0.118200 0.107500 0.078000 0.000000 0.100100 0.080300 0.065400 0.091400 0.078600 0.083700
Steenbok 0.075100 0.341300 0.118100 0.271800 0.075600 0.070200 0.075200 0.060000 0.122800 0.153100 0.079900 0.116100 0.074600 0.070300 0.075300 0.036400 0.171600 0.154600 0.065300 0.117600 0.036300 0.105500 0.131100 0.153700 0.070200 0.031600 0.074700 0.123400 0.045700 0.118000 0.142200 0.080400 0.147300 0.079200 0.065300 0.117400 0.079800 0.075500 0.078700 0.120500 0.136400 0.050500 0.147300 0.136700 0.112000 0.100100 0.000000 0.079500 0.087800 0.121300 0.112400 0.107100
Impala 0.065500 0.301200 0.093500 0.225400 0.056200 0.060600 0.055900 0.069800 0.087500 0.133600 0.070300 0.083300 0.055500 0.055900 0.050800 0.070000 0.177200 0.154800 0.055800 0.093000 0.069700 0.085300 0.104400 0.123000 0.060700 0.074700 0.055500 0.087900 0.089800 0.093400 0.136900 0.056000 0.145100 0.060000 0.055700 0.092500 0.070200 0.056100 0.093800 0.093500 0.109500 0.089800 0.131000 0.106600 0.087400 0.080300 0.079500 0.000000 0.060100 0.095700 0.088100 0.093200
Klipspring 0.060500 0.320600 0.072900 0.251800 0.051200 0.055700 0.051000 0.064800 0.077500 0.133100 0.065300 0.081300 0.050500 0.060600 0.055800 0.068400 0.171100 0.148800 0.050900 0.072500 0.077900 0.090200 0.111900 0.133500 0.055700 0.072800 0.050600 0.077900 0.088500 0.072800 0.133300 0.060700 0.139800 0.055100 0.050800 0.082300 0.065200 0.051100 0.092100 0.101700 0.117000 0.088100 0.127600 0.116800 0.077200 0.065400 0.087800 0.060100 0.000000 0.080400 0.067700 0.072700
ForestMusk 0.096600 0.285000 0.085500 0.191500 0.086800 0.091400 0.076300 0.100800 0.100500 0.124300 0.091100 0.083700 0.075600 0.086400 0.071200 0.101100 0.161100 0.140000 0.086400 0.090100 0.111100 0.106900 0.092500 0.103300 0.081300 0.105900 0.075800 0.095700 0.122000 0.085300 0.124600 0.086600 0.096600 0.080200 0.086200 0.074500 0.091100 0.086700 0.126000 0.077300 0.097800 0.111200 0.118900 0.087200 0.069500 0.091400 0.121300 0.095700 0.080400 0.000000 0.080100 0.085200
Bushbuck 0.078500 0.280900 0.013900 0.210300 0.058500 0.073300 0.058600 0.083000 0.027700 0.133900 0.084000 0.060800 0.068000 0.068600 0.078600 0.085900 0.161600 0.136300 0.058200 0.018400 0.096400 0.110900 0.101700 0.123500 0.073600 0.090500 0.068200 0.023200 0.096800 0.013800 0.134100 0.062600 0.119800 0.072700 0.057800 0.042000 0.083700 0.058300 0.116500 0.095100 0.106900 0.107000 0.128300 0.110600 0.037300 0.078600 0.112400 0.088100 0.067700 0.080100 0.000000 0.013800
GreaterKud 0.073300 0.287100 0.009200 0.215900 0.074100 0.068100 0.063800 0.088200 0.023000 0.139100 0.078700 0.065600 0.073100 0.063500 0.084000 0.091300 0.161400 0.141600 0.053000 0.013700 0.091200 0.105400 0.106900 0.128800 0.068400 0.085300 0.073400 0.018400 0.091500 0.009200 0.128400 0.067900 0.125200 0.077800 0.062900 0.046800 0.078500 0.073900 0.122100 0.100200 0.112000 0.112400 0.133500 0.115900 0.042000 0.083700 0.107100 0.093200 0.072700 0.085200 0.013800 0.000000
