1
52 1
Argali 0.000000 0.159800 0.115800 0.175500 0.060900 0.008300 0.042900 0.051800 0.114800 0.095800 0.034300 0.061600 0.043000 0.034000 0.060400 0.052200 0.061100 0.078600 0.008400 0.097400 0.043100 0.008300 0.097900 0.088000 0.034400 0.088700 0.043100 0.124900 0.034500 0.107300 0.096800 0.042400 0.078800 0.052200 0.025400 0.069600 0.025400 0.051900 0.051200 0.106000 0.096600 0.061200 0.095800 0.088100 0.078500 0.051100 0.060800 0.043000 0.105900 0.123600 0.087700 0.096800
LesserMous 0.159800 0.000000 0.199900 0.105700 0.163400 0.149500 0.151300 0.156400 0.202200 0.128200 0.171600 0.118100 0.172400 0.140000 0.167200 0.141600 0.105800 0.110100 0.161100 0.183000 0.129600 0.148900 0.111400 0.106200 0.182700 0.163600 0.167400 0.192400 0.126100 0.194800 0.109200 0.149100 0.170900 0.183900 0.150200 0.125000 0.170500 0.157800 0.151400 0.125500 0.109500 0.152500 0.128200 0.106000 0.140100 0.176700 0.157200 0.147000 0.179000 0.179000 0.171700 0.171200
LesserKudu 0.115800 0.199900 0.000000 0.211200 0.137200 0.106300 0.117400 0.116600 0.016600 0.134100 0.115800 0.080800 0.126900 0.106800 0.135800 0.125000 0.098500 0.116700 0.116500 0.016800 0.117700 0.105900 0.116400 0.126200 0.136400 0.125800 0.127000 0.042200 0.105400 0.025400 0.135300 0.115400 0.116600 0.137100 0.106800 0.070300 0.125600 0.127400 0.126100 0.145000 0.114800 0.135000 0.134100 0.126400 0.079300 0.134800 0.117300 0.117400 0.166500 0.125500 0.025200 0.025400
KillerWhal 0.175500 0.105700 0.211200 0.000000 0.177100 0.164400 0.162400 0.169300 0.216600 0.145700 0.187100 0.111100 0.184700 0.154500 0.154300 0.150300 0.119400 0.144300 0.169600 0.197800 0.149800 0.163600 0.129100 0.124000 0.198700 0.182400 0.184900 0.228900 0.140300 0.206000 0.127400 0.160700 0.184800 0.196900 0.165500 0.138500 0.186100 0.166200 0.147600 0.143300 0.127300 0.171200 0.145700 0.124100 0.154900 0.184300 0.165500 0.155600 0.208700 0.194200 0.186200 0.186000
DefassaWat 0.060900 0.163400 0.137200 0.177100 0.000000 0.051900 0.052400 0.070500 0.135900 0.087500 0.070500 0.068500 0.070700 0.043100 0.070200 0.043700 0.071000 0.088900 0.061100 0.118000 0.052500 0.051600 0.089500 0.079600 0.080000 0.099500 0.070700 0.146500 0.043800 0.126000 0.088400 0.051700 0.107400 0.080400 0.052100 0.079800 0.070100 0.008500 0.060900 0.097800 0.088300 0.071200 0.087500 0.079700 0.088900 0.060600 0.066700 0.052500 0.106000 0.140300 0.107900 0.107600
Sheep 0.008300 0.149500 0.106300 0.164400 0.051900 0.000000 0.034100 0.051700 0.105400 0.086500 0.025500 0.052500 0.034200 0.025300 0.051500 0.043200 0.052000 0.069400 0.008400 0.088100 0.034200 0.000100 0.088400 0.078700 0.025600 0.079400 0.034200 0.115300 0.025700 0.097800 0.087400 0.033700 0.069600 0.043200 0.016800 0.060500 0.016900 0.043000 0.042400 0.096500 0.087200 0.052100 0.086500 0.078800 0.069300 0.042300 0.051800 0.034200 0.106000 0.113900 0.078500 0.087500
MaxwellsDu 0.042900 0.151300 0.117400 0.162400 0.052400 0.034100 0.000000 0.052100 0.116300 0.069100 0.052100 0.053100 0.034500 0.008400 0.049100 0.043700 0.043600 0.052100 0.043200 0.098600 0.034600 0.034000 0.089300 0.079400 0.061300 0.080300 0.052300 0.126500 0.026000 0.108600 0.088200 0.016800 0.088600 0.061600 0.034300 0.061200 0.051800 0.043400 0.039700 0.078900 0.088100 0.052700 0.069100 0.079500 0.070200 0.060500 0.052300 0.017100 0.098900 0.115700 0.088800 0.088600
GazellaPrz 0.051800 0.156400 0.116600 0.169300 0.070500 0.051700 0.052100 0.000000 0.115600 0.105700 0.052200 0.071300 0.052300 0.042900 0.069900 0.040200 0.070600 0.088300 0.042900 0.098000 0.034600 0.051500 0.108000 0.097900 0.061400 0.077900 0.052300 0.125800 0.021700 0.108100 0.106800 0.051500 0.088400 0.061700 0.051900 0.079200 0.051900 0.061300 0.060500 0.116200 0.106600 0.049600 0.105700 0.097900 0.088300 0.078500 0.034400 0.052200 0.079600 0.134300 0.088300 0.088100
MountainNy 0.114800 0.202200 0.016600 0.216600 0.135900 0.105400 0.116300 0.115600 0.000000 0.132800 0.114800 0.080100 0.125800 0.105900 0.134600 0.123400 0.088300 0.115800 0.115500 0.016600 0.116600 0.105000 0.115300 0.125100 0.135200 0.124200 0.125900 0.024900 0.104000 0.025200 0.134000 0.114500 0.115600 0.135900 0.105900 0.069700 0.124500 0.126300 0.125000 0.143700 0.113800 0.133300 0.132800 0.125300 0.078600 0.133600 0.116200 0.116400 0.165000 0.124200 0.025000 0.025100
MuntiacusM 0.095800 0.128200 0.134100 0.145700 0.087500 0.086500 0.069100 0.105700 0.132800 0.000000 0.105900 0.060900 0.087400 0.059800 0.105600 0.078800 0.042600 0.051000 0.096100 0.115400 0.087800 0.086100 0.034000 0.025200 0.115600 0.116600 0.106200 0.143000 0.078900 0.122700 0.033600 0.068200 0.105100 0.116200 0.086900 0.077900 0.105200 0.078300 0.095700 0.025000 0.033500 0.106800 0.000000 0.025200 0.086700 0.095400 0.102600 0.069300 0.115400 0.093300 0.105400 0.105200
goat 0.034300 0.171600 0.115800 0.187100 0.070500 0.025500 0.052100 0.052200 0.114800 0.105900 0.000000 0.071300 0.043200 0.043000 0.070000 0.061700 0.070700 0.088400 0.034500 0.097400 0.052400 0.025400 0.108200 0.098000 0.017100 0.098900 0.043300 0.124900 0.043700 0.107300 0.107000 0.051600 0.070200 0.052500 0.043000 0.079300 0.008400 0.061300 0.060600 0.116400 0.106800 0.070900 0.105900 0.098200 0.088300 0.069400 0.070400 0.052200 0.099100 0.135100 0.087600 0.107000
AfricanBuf 0.061600 0.118100 0.080800 0.111100 0.068500 0.052500 0.053100 0.071300 0.080100 0.060900 0.071300 0.000000 0.071500 0.043700 0.071000 0.053500 0.035100 0.052800 0.058300 0.062400 0.053300 0.052300 0.062300 0.052700 0.080900 0.081800 0.071600 0.089800 0.044400 0.069700 0.061500 0.052300 0.052800 0.081300 0.052700 0.031700 0.070900 0.053200 0.052700 0.076800 0.061400 0.072200 0.060900 0.052800 0.041300 0.076800 0.067800 0.058700 0.089900 0.078200 0.053000 0.052900
Topi 0.043000 0.172400 0.126900 0.184700 0.070700 0.034200 0.034500 0.052300 0.125800 0.087400 0.043200 0.071500 0.000000 0.025600 0.066900 0.061900 0.061600 0.070200 0.043200 0.108000 0.052500 0.034000 0.108500 0.098200 0.043400 0.099300 0.017200 0.136100 0.043800 0.118200 0.107200 0.034100 0.088700 0.026000 0.034300 0.079500 0.034200 0.061500 0.056800 0.097600 0.107000 0.071100 0.087400 0.098400 0.088600 0.060600 0.070500 0.034600 0.099200 0.135200 0.098000 0.107400
CommonDuik 0.034000 0.140000 0.106800 0.154500 0.043100 0.025300 0.008400 0.042900 0.105900 0.059800 0.043000 0.043700 0.025600 0.000000 0.042800 0.034500 0.034400 0.042900 0.034100 0.088400 0.025600 0.025200 0.079300 0.069700 0.052000 0.070500 0.043100 0.115900 0.017100 0.098200 0.078400 0.008300 0.078800 0.052200 0.025400 0.051800 0.042800 0.034300 0.033900 0.069300 0.078300 0.043400 0.059800 0.069800 0.060600 0.051300 0.043100 0.008400 0.088900 0.105100 0.078800 0.078700
Suni 0.060400 0.167200 0.135800 0.154300 0.070200 0.051500 0.049100 0.069900 0.134600 0.105600 0.070000 0.071000 0.066900 0.042800 0.000000 0.061400 0.070400 0.088100 0.060800 0.116900 0.052200 0.051300 0.107600 0.097500 0.079400 0.098500 0.067500 0.145100 0.043400 0.127100 0.106400 0.051300 0.112100 0.077000 0.051700 0.079000 0.069600 0.061000 0.042600 0.115800 0.106200 0.070600 0.105600 0.097700 0.088000 0.083500 0.070100 0.048300 0.117700 0.124400 0.106900 0.106600
Springbuck 0.052200 0.141600 0.125000 0.150300 0.043700 0.043200 0.043700 0.040200 0.123400 0.078800 0.061700 0.053500 0.061900 0.034500 0.061400 0.000000 0.062200 0.080000 0.052400 0.105500 0.025700 0.043000 0.080600 0.070700 0.071100 0.070700 0.061900 0.134200 0.017100 0.112300 0.079600 0.048200 0.098800 0.071500 0.043400 0.070900 0.061400 0.034800 0.052200 0.088900 0.079500 0.043500 0.078800 0.070700 0.080000 0.052000 0.034100 0.043700 0.090100 0.125600 0.095200 0.094900
Okapi 0.061100 0.105800 0.098500 0.119400 0.071000 0.052000 0.043600 0.070600 0.088300 0.042600 0.070700 0.035100 0.061600 0.034400 0.070400 0.062200 0.000000 0.025700 0.061400 0.080000 0.052800 0.051800 0.052600 0.043300 0.080200 0.081000 0.070900 0.098100 0.044000 0.089700 0.051900 0.042900 0.070200 0.080500 0.052200 0.043400 0.070300 0.061800 0.061100 0.051900 0.051900 0.071400 0.042600 0.043400 0.052200 0.079000 0.070800 0.043600 0.098900 0.076700 0.070400 0.070300
Giraffe 0.078600 0.110100 0.116700 0.144300 0.088900 0.069400 0.052100 0.088300 0.115800 0.051000 0.088400 0.052800 0.070200 0.042900 0.088100 0.080000 0.025700 0.000000 0.079000 0.098100 0.064600 0.069100 0.070200 0.060700 0.098000 0.089600 0.085700 0.125700 0.061600 0.108000 0.069400 0.051300 0.087900 0.098500 0.069700 0.060900 0.087900 0.079600 0.078600 0.060400 0.069300 0.080000 0.051000 0.060800 0.069700 0.096700 0.088700 0.052100 0.117000 0.095400 0.088300 0.088200
TibetanAnt 0.008400 0.161100 0.116500 0.169600 0.061100 0.008400 0.043200 0.042900 0.115500 0.096100 0.034500 0.058300 0.043200 0.034100 0.060800 0.052400 0.061400 0.079000 0.000000 0.098000 0.043200 0.008400 0.098300 0.088400 0.034600 0.089200 0.043300 0.125700 0.034600 0.107900 0.097100 0.042600 0.079100 0.052500 0.025500 0.069900 0.025600 0.052100 0.051400 0.106500 0.096900 0.061500 0.096100 0.088500 0.078900 0.051300 0.061100 0.043200 0.088800 0.124000 0.088200 0.097400
Sitatunga 0.097400 0.183000 0.016800 0.197800 0.118000 0.088100 0.098600 0.098000 0.016600 0.115400 0.097400 0.062400 0.108000 0.088400 0.116900 0.105500 0.080000 0.098100 0.098000 0.000000 0.098800 0.087700 0.097800 0.107400 0.117500 0.106200 0.108200 0.025100 0.086200 0.008400 0.116400 0.097100 0.098000 0.118100 0.088400 0.052300 0.107000 0.108400 0.107300 0.126000 0.096500 0.115100 0.115400 0.107600 0.061200 0.116000 0.098500 0.098700 0.146900 0.106300 0.008300 0.008400
Oribi 0.043100 0.129600 0.117700 0.149800 0.052500 0.034200 0.034600 0.034600 0.116600 0.087800 0.052400 0.053300 0.052500 0.025600 0.052200 0.025700 0.052800 0.064600 0.043200 0.098800 0.000000 0.034000 0.089700 0.079700 0.061600 0.061200 0.034800 0.126900 0.008400 0.109000 0.088600 0.039200 0.089000 0.062000 0.034300 0.061400 0.052100 0.043500 0.043100 0.098000 0.088500 0.034500 0.087800 0.079700 0.070400 0.060800 0.034600 0.027600 0.099400 0.115100 0.089000 0.088800
BarbaryShe 0.008300 0.148900 0.105900 0.163600 0.051600 0.000100 0.034000 0.051500 0.105000 0.086100 0.025400 0.052300 0.034000 0.025200 0.051300 0.043000 0.051800 0.069100 0.008400 0.087700 0.034000 0.000000 0.088000 0.078300 0.025500 0.079000 0.034100 0.114900 0.025500 0.097400 0.087000 0.033600 0.069200 0.043000 0.016700 0.060300 0.016800 0.042800 0.042200 0.096100 0.086800 0.051900 0.086100 0.078400 0.069100 0.042200 0.051500 0.034000 0.097700 0.113500 0.078100 0.087100
Daviddeer 0.097900 0.111400 0.116400 0.129100 0.089500 0.088400 0.089300 0.108000 0.115300 0.034000 0.108200 0.062300 0.108500 0.079300 0.107600 0.080600 0.052600 0.070200 0.098300 0.097800 0.089700 0.088000 0.000000 0.008500 0.118200 0.119200 0.108600 0.125400 0.080700 0.105300 0.017000 0.088000 0.107400 0.118800 0.088800 0.079600 0.107600 0.080100 0.097800 0.025600 0.000100 0.109200 0.034000 0.008500 0.088600 0.097400 0.105400 0.089500 0.118000 0.095900 0.088000 0.087900
Reindeer 0.088000 0.106200 0.126200 0.124000 0.079600 0.078700 0.079400 0.097900 0.125100 0.025200 0.098000 0.052700 0.098200 0.069700 0.097500 0.070700 0.043300 0.060700 0.088400 0.107400 0.079700 0.078300 0.008500 0.000000 0.107800 0.108700 0.098300 0.135300 0.070800 0.115400 0.008400 0.078400 0.097300 0.108300 0.079000 0.069900 0.097400 0.070300 0.087900 0.016900 0.008400 0.098900 0.025200 0.000100 0.078800 0.087500 0.095200 0.079600 0.107600 0.086100 0.097500 0.097300
Ibex 0.034400 0.182700 0.136400 0.198700 0.080000 0.025600 0.061300 0.061400 0.135200 0.115600 0.017100 0.080900 0.043400 0.052000 0.079400 0.071100 0.080200 0.098000 0.034600 0.117500 0.061600 0.025500 0.118200 0.107800 0.000000 0.099200 0.043400 0.145900 0.052800 0.127800 0.116800 0.060700 0.079600 0.052700 0.043200 0.088800 0.008400 0.070600 0.069800 0.126400 0.116600 0.080400 0.115600 0.108000 0.098000 0.060600 0.079900 0.061400 0.109000 0.145500 0.107400 0.116800
GyrantGaze 0.088700 0.163600 0.125800 0.182400 0.099500 0.079400 0.080300 0.077900 0.124200 0.116600 0.098900 0.081800 0.099300 0.070500 0.098500 0.070700 0.081000 0.089600 0.089200 0.106200 0.061200 0.079000 0.119200 0.108700 0.099200 0.000000 0.099300 0.135000 0.052400 0.096600 0.117800 0.086100 0.118000 0.109400 0.079700 0.089800 0.098400 0.089900 0.088900 0.127600 0.117600 0.025900 0.116600 0.108700 0.099100 0.088500 0.077400 0.080400 0.149000 0.126500 0.095800 0.095600
Hartebeest 0.043100 0.167400 0.127000 0.184900 0.070700 0.034200 0.052300 0.052300 0.125900 0.106200 0.043300 0.071600 0.017200 0.043100 0.067500 0.061900 0.070900 0.085700 0.043300 0.108200 0.034800 0.034100 0.108600 0.098300 0.043400 0.099300 0.000000 0.136300 0.043700 0.118300 0.107300 0.051700 0.088700 0.026000 0.034400 0.079600 0.034300 0.061500 0.057400 0.116700 0.107000 0.071100 0.106200 0.098500 0.088700 0.060600 0.070600 0.047000 0.099300 0.135500 0.098100 0.107500
Bongo 0.124900 0.192400 0.042200 0.228900 0.146500 0.115300 0.126500 0.125800 0.024900 0.143000 0.124900 0.089800 0.136100 0.115900 0.145100 0.134200 0.098100 0.125700 0.125700 0.025100 0.126900 0.114900 0.125400 0.135300 0.145900 0.135000 0.136300 0.000000 0.114500 0.033800 0.144300 0.124600 0.125700 0.146600 0.115800 0.079000 0.134900 0.136600 0.135200 0.154200 0.123700 0.144300 0.143000 0.135300 0.088000 0.144000 0.126400 0.126600 0.156000 0.134400 0.033600 0.033800
Gerenuk 0.034500 0.126100 0.105400 0.140300 0.043800 0.025700 0.026000 0.021700 0.104000 0.078900 0.043700 0.044400 0.043800 0.017100 0.043400 0.017100 0.044000 0.061600 0.034600 0.086200 0.008400 0.025500 0.080700 0.070800 0.052800 0.052400 0.043700 0.114500 0.000000 0.096300 0.079700 0.029700 0.080000 0.053100 0.025800 0.052600 0.043400 0.034800 0.034400 0.089000 0.079600 0.025900 0.078900 0.070800 0.061500 0.052100 0.020600 0.026000 0.090300 0.105900 0.076100 0.075900
CommonElan 0.107300 0.194800 0.025400 0.206000 0.126000 0.097800 0.108600 0.108100 0.025200 0.122700 0.107300 0.069700 0.118200 0.098200 0.127100 0.112300 0.089700 0.108000 0.107900 0.008400 0.109000 0.097400 0.105300 0.115400 0.127800 0.096600 0.118300 0.033800 0.096300 0.000000 0.123900 0.107000 0.107900 0.128500 0.098200 0.061600 0.117100 0.116200 0.117400 0.133800 0.103700 0.105900 0.122700 0.115600 0.070600 0.123700 0.108600 0.108700 0.155900 0.116400 0.016800 0.016900
MuntiacusR 0.096800 0.109200 0.135300 0.127400 0.088400 0.087400 0.088200 0.106800 0.134000 0.033600 0.107000 0.061500 0.107200 0.078400 0.106400 0.079600 0.051900 0.069400 0.097100 0.116400 0.088600 0.087000 0.017000 0.008400 0.116800 0.117800 0.107300 0.144300 0.079700 0.123900 0.000000 0.087000 0.106100 0.117400 0.087700 0.078700 0.106300 0.079100 0.096600 0.025300 0.016800 0.107900 0.033600 0.008400 0.087600 0.096200 0.103600 0.088400 0.116600 0.094200 0.106300 0.106200
HarveysDui 0.042400 0.149100 0.115400 0.160700 0.051700 0.033700 0.016800 0.051500 0.114500 0.068200 0.051600 0.052300 0.034100 0.008300 0.051300 0.048200 0.042900 0.051300 0.042600 0.097100 0.039200 0.033600 0.088000 0.078400 0.060700 0.086100 0.051700 0.124600 0.029700 0.107000 0.087000 0.000000 0.087400 0.061000 0.033800 0.060300 0.051300 0.042800 0.042400 0.077900 0.086900 0.057600 0.068200 0.078500 0.069200 0.059800 0.051600 0.016800 0.097800 0.113600 0.087400 0.087200
Pronghorn 0.078800 0.170900 0.116600 0.184800 0.107400 0.069600 0.088600 0.088400 0.115600 0.105100 0.070200 0.052800 0.088700 0.078800 0.112100 0.098800 0.070200 0.087900 0.079100 0.098000 0.089000 0.069200 0.107400 0.097300 0.079600 0.118000 0.088700 0.125700 0.080000 0.107900 0.106100 0.087400 0.000000 0.098600 0.069900 0.060800 0.069800 0.098100 0.097000 0.115600 0.105900 0.108100 0.105100 0.097500 0.051900 0.115500 0.107500 0.088700 0.117000 0.114100 0.088200 0.088100
BlueWildeb 0.052200 0.183900 0.137100 0.196900 0.080400 0.043200 0.061600 0.061700 0.135900 0.116200 0.052500 0.081300 0.026000 0.052200 0.077000 0.071500 0.080500 0.098500 0.052500 0.118100 0.062000 0.043000 0.118800 0.108300 0.052700 0.109400 0.026000 0.146600 0.053100 0.128500 0.117400 0.061000 0.098600 0.000000 0.043400 0.089200 0.043300 0.071000 0.066800 0.126900 0.117100 0.080900 0.116200 0.108300 0.098400 0.070000 0.080200 0.061800 0.109600 0.145900 0.107900 0.117400
Gemsbok 0.025400 0.150200 0.106800 0.165500 0.052100 0.016800 0.034300 0.051900 0.105900 0.086900 0.043000 0.052700 0.034300 0.025400 0.051700 0.043400 0.052200 0.069700 0.025500 0.088400 0.034300 0.016700 0.088800 0.079000 0.043200 0.079700 0.034400 0.115800 0.025800 0.098200 0.087700 0.033800 0.069900 0.043400 0.000000 0.060800 0.034100 0.043200 0.042600 0.097000 0.087600 0.052300 0.086900 0.079100 0.051800 0.042500 0.052000 0.034300 0.098500 0.114700 0.078800 0.087900
Yak 0.069600 0.125000 0.070300 0.138500 0.079800 0.060500 0.061200 0.079200 0.069700 0.077900 0.079300 0.031700 0.079500 0.051800 0.079000 0.070900 0.043400 0.060900 0.069900 0.052300 0.061400 0.060300 0.079600 0.069900 0.088800 0.089800 0.079600 0.079000 0.052600 0.061600 0.078700 0.060300 0.060800 0.089200 0.060800 0.000000 0.078800 0.070500 0.069800 0.087800 0.078500 0.080200 0.077900 0.069900 0.008400 0.094000 0.079500 0.061300 0.114800 0.092200 0.061100 0.043100
BlueSheep 0.025400 0.170500 0.125600 0.186100 0.070100 0.016900 0.051800 0.051900 0.124500 0.105200 0.008400 0.070900 0.034200 0.042800 0.069600 0.061400 0.070300 0.087900 0.025600 0.107000 0.052100 0.016800 0.107600 0.097400 0.008400 0.098400 0.034300 0.134900 0.043400 0.117100 0.106300 0.051300 0.069800 0.043300 0.034100 0.078800 0.000000 0.061000 0.060200 0.115700 0.106100 0.070500 0.105200 0.097600 0.087800 0.060100 0.070000 0.051900 0.098500 0.134100 0.097100 0.106300
BohorReedb 0.051900 0.157800 0.127400 0.166200 0.008500 0.043000 0.043400 0.061300 0.126300 0.078300 0.061300 0.053200 0.061500 0.034300 0.061000 0.034800 0.061800 0.079600 0.052100 0.108400 0.043500 0.042800 0.080100 0.070300 0.070600 0.089900 0.061500 0.136600 0.034800 0.116200 0.079100 0.042800 0.098100 0.071000 0.043200 0.070500 0.061000 0.000000 0.051800 0.088400 0.079000 0.061900 0.078300 0.070400 0.079600 0.051700 0.057400 0.043500 0.089600 0.123000 0.098400 0.098200
KirksDik 0.051200 0.151400 0.126100 0.147600 0.060900 0.042400 0.039700 0.060500 0.125000 0.095700 0.060600 0.052700 0.056800 0.033900 0.042600 0.052200 0.061100 0.078600 0.051400 0.107300 0.043100 0.042200 0.097800 0.087900 0.069800 0.088900 0.057400 0.135200 0.034400 0.117400 0.096600 0.042400 0.097000 0.066800 0.042600 0.069800 0.060200 0.051800 0.000000 0.106100 0.096500 0.061200 0.095700 0.088000 0.078700 0.068900 0.060800 0.039500 0.098300 0.114300 0.097400 0.097200
RoeDeer 0.106000 0.125500 0.145000 0.143300 0.097800 0.096500 0.078900 0.116200 0.143700 0.025000 0.116400 0.076800 0.097600 0.069300 0.115800 0.088900 0.051900 0.060400 0.106500 0.126000 0.098000 0.096100 0.025600 0.016900 0.126400 0.127600 0.116700 0.154200 0.089000 0.133800 0.025300 0.077900 0.115600 0.126900 0.097000 0.087800 0.115700 0.088400 0.106100 0.000000 0.025300 0.117500 0.025000 0.016900 0.096900 0.105600 0.113700 0.079100 0.133300 0.110900 0.115800 0.115600
WhiteLippe 0.096600 0.109500 0.114800 0.127300 0.088300 0.087200 0.088100 0.106600 0.113800 0.033500 0.106800 0.061400 0.107000 0.078300 0.106200 0.079500 0.051900 0.069300 0.096900 0.096500 0.088500 0.086800 0.000100 0.008400 0.116600 0.117600 0.107000 0.123700 0.079600 0.103700 0.016800 0.086900 0.105900 0.117100 0.087600 0.078500 0.106100 0.079000 0.096500 0.025300 0.000000 0.107700 0.033500 0.008400 0.087400 0.096100 0.103800 0.088300 0.124100 0.094400 0.086900 0.086700
ThomsonGaz 0.061200 0.152500 0.135000 0.171200 0.071200 0.052100 0.052700 0.049600 0.133300 0.106800 0.070900 0.072200 0.071100 0.043400 0.070600 0.043500 0.071400 0.080000 0.061500 0.115100 0.034500 0.051900 0.109200 0.098900 0.080400 0.025900 0.071100 0.144300 0.025900 0.105900 0.107900 0.057600 0.108100 0.080900 0.052300 0.080200 0.070500 0.061900 0.061200 0.117500 0.107700 0.000000 0.106800 0.098900 0.089400 0.079300 0.048800 0.052800 0.119200 0.135600 0.104900 0.104700
MuntiacusC 0.095800 0.128200 0.134100 0.145700 0.087500 0.086500 0.069100 0.105700 0.132800 0.000000 0.105900 0.060900 0.087400 0.059800 0.105600 0.078800 0.042600 0.051000 0.096100 0.115400 0.087800 0.086100 0.034000 0.025200 0.115600 0.116600 0.106200 0.143000 0.078900 0.122700 0.033600 0.068200 0.105100 0.116200 0.086900 0.077900 0.105200 0.078300 0.095700 0.025000 0.033500 0.106800 0.000000 0.025200 0.086700 0.095400 0.102600 0.069300 0.115400 0.093300 0.105400 0.105200
WhiteTaile 0.088100 0.106000 0.126400 0.124100 0.079700 0.078800 0.079500 0.097900 0.125300 0.025200 0.098200 0.052800 0.098400 0.069800 0.097700 0.070700 0.043400 0.060800 0.088500 0.107600 0.079700 0.078400 0.008500 0.000100 0.108000 0.108700 0.098500 0.135300 0.070800 0.115600 0.008400 0.078500 0.097500 0.108300 0.079100 0.069900 0.097600 0.070400 0.088000 0.016900 0.008400 0.098900 0.025200 0.000000 0.078800 0.087700 0.095000 0.079700 0.107700 0.085900 0.097700 0.097300
Cattle 0.078500 0.140100 0.079300 0.154900 0.088900 0.069300 0.070200 0.088300 0.078600 0.086700 0.088300 0.041300 0.088600 0.060600 0.088000 0.080000 0.052200 0.069700 0.078900 0.061200 0.070400 0.069100 0.088600 0.078800 0.098000 0.099100 0.088700 0.088000 0.061500 0.070600 0.087600 0.069200 0.051900 0.098400 0.051800 0.008400 0.087800 0.079600 0.078700 0.096900 0.087400 0.089400 0.086700 0.078800 0.000000 0.103300 0.088600 0.070200 0.124400 0.102000 0.070000 0.051900
RoyalAntel 0.051100 0.176700 0.134800 0.184300 0.060600 0.042300 0.060500 0.078500 0.133600 0.095400 0.069400 0.076800 0.060600 0.051300 0.083500 0.052000 0.079000 0.096700 0.051300 0.116000 0.060800 0.042200 0.097400 0.087500 0.060600 0.088500 0.060600 0.144000 0.052100 0.123700 0.096200 0.059800 0.115500 0.070000 0.042500 0.094000 0.060100 0.051700 0.068900 0.105600 0.096100 0.079300 0.095400 0.087700 0.103300 0.000000 0.075600 0.060600 0.107200 0.142900 0.106100 0.115300
Steenbok 0.060800 0.157200 0.117300 0.165500 0.066700 0.051800 0.052300 0.034400 0.116200 0.102600 0.070400 0.067800 0.070500 0.043100 0.070100 0.034100 0.070800 0.088700 0.061100 0.098500 0.034600 0.051500 0.105400 0.095200 0.079900 0.077400 0.070600 0.126400 0.020600 0.108600 0.103600 0.051600 0.107500 0.080200 0.052000 0.079500 0.070000 0.057400 0.060800 0.113700 0.103800 0.048800 0.102600 0.095000 0.088600 0.075600 0.000000 0.052400 0.115300 0.134800 0.088700 0.088500
Impala 0.043000 0.147000 0.117400 0.155600 0.052500 0.034200 0.017100 0.052200 0.116400 0.069300 0.052200 0.058700 0.034600 0.008400 0.048300 0.043700 0.043600 0.052100 0.043200 0.098700 0.027600 0.034000 0.089500 0.079600 0.061400 0.080400 0.047000 0.126600 0.026000 0.108700 0.088400 0.016800 0.088700 0.061800 0.034300 0.061300 0.051900 0.043500 0.039500 0.079100 0.088300 0.052800 0.069300 0.079700 0.070200 0.060600 0.052400 0.000000 0.105900 0.121900 0.088800 0.088700
Klipspring 0.105900 0.179000 0.166500 0.208700 0.106000 0.106000 0.098900 0.079600 0.165000 0.115400 0.099100 0.089900 0.099200 0.088900 0.117700 0.090100 0.098900 0.117000 0.088800 0.146900 0.099400 0.097700 0.118000 0.107600 0.109000 0.149000 0.099300 0.156000 0.090300 0.155900 0.116600 0.097800 0.117000 0.109600 0.098500 0.114800 0.098500 0.089600 0.098300 0.133300 0.124100 0.119200 0.115400 0.107700 0.124400 0.107200 0.115300 0.105900 0.000000 0.144800 0.136400 0.136100
ForestMusk 0.123600 0.179000 0.125500 0.194200 0.140300 0.113900 0.115700 0.134300 0.124200 0.093300 0.135100 0.078200 0.135200 0.105100 0.124400 0.125600 0.076700 0.095400 0.124000 0.106300 0.115100 0.113500 0.095900 0.086100 0.145500 0.126500 0.135500 0.134400 0.105900 0.116400 0.094200 0.113600 0.114100 0.145900 0.114700 0.092200 0.134100 0.123000 0.114300 0.110900 0.094400 0.135600 0.093300 0.085900 0.102000 0.142900 0.134800 0.121900 0.144800 0.000000 0.095900 0.095800
Bushbuck 0.087700 0.171700 0.025200 0.186200 0.107900 0.078500 0.088800 0.088300 0.025000 0.105400 0.087600 0.053000 0.098000 0.078800 0.106900 0.095200 0.070400 0.088300 0.088200 0.008300 0.089000 0.078100 0.088000 0.097500 0.107400 0.095800 0.098100 0.033600 0.076100 0.016800 0.106300 0.087400 0.088200 0.107900 0.078800 0.061100 0.097100 0.098400 0.097400 0.115800 0.086900 0.104900 0.105400 0.097700 0.070000 0.106100 0.088700 0.088800 0.136400 0.095900 0.000000 0.016800
GreaterKud 0.096800 0.171200 0.025400 0.186000 0.107600 0.087500 0.088600 0.088100 0.025100 0.105200 0.107000 0.052900 0.107400 0.078700 0.106600 0.094900 0.070300 0.088200 0.097400 0.008400 0.088800 0.087100 0.087900 0.097300 0.116800 0.095600 0.107500 0.033800 0.075900 0.016900 0.106200 0.087200 0.088100 0.117400 0.087900 0.043100 0.106300 0.098200 0.097200 0.115600 0.086700 0.104700 0.105200 0.097300 0.051900 0.115300 0.088500 0.088700 0.136100 0.095800 0.016800 0.000000
