1
52 1
Argali 0.000000 0.244200 0.050400 0.216900 0.088700 0.007100 0.035900 0.043200 0.043000 0.043100 0.021300 0.050500 0.050400 0.021300 0.097000 0.058100 0.073600 0.066000 0.021300 0.035600 0.028600 0.007000 0.049600 0.058100 0.014100 0.058200 0.036100 0.050500 0.057700 0.035600 0.043200 0.021400 0.065500 0.043600 0.007000 0.050600 0.035500 0.081700 0.081700 0.050600 0.058200 0.065400 0.043300 0.058100 0.050400 0.028600 0.043200 0.035900 0.066400 0.080600 0.042900 0.057600
LesserMous 0.244200 0.000000 0.272100 0.238300 0.264400 0.235900 0.253900 0.282600 0.262000 0.243900 0.234800 0.234900 0.271900 0.253300 0.274800 0.302500 0.272500 0.262700 0.253100 0.252200 0.263300 0.234100 0.252500 0.263400 0.244300 0.263500 0.255300 0.272800 0.299400 0.252500 0.244700 0.254100 0.251800 0.256600 0.233700 0.235300 0.250900 0.257500 0.316000 0.253800 0.226600 0.290900 0.245300 0.263400 0.234500 0.244300 0.263200 0.272800 0.276200 0.262100 0.261600 0.280400
LesserKudu 0.050400 0.272100 0.000000 0.226100 0.088800 0.036000 0.043200 0.050600 0.021200 0.050500 0.043000 0.058000 0.072900 0.028500 0.120900 0.080900 0.081300 0.073700 0.057800 0.028300 0.050600 0.042900 0.057900 0.065600 0.050500 0.065700 0.058400 0.028400 0.072800 0.014000 0.050700 0.028600 0.073200 0.066300 0.043000 0.058100 0.057500 0.081700 0.105300 0.058200 0.065800 0.073000 0.050800 0.065600 0.057900 0.050600 0.065700 0.043300 0.089600 0.088400 0.014000 0.021100
KillerWhal 0.216900 0.238300 0.226100 0.000000 0.209200 0.208600 0.208400 0.235800 0.216600 0.216800 0.190400 0.190200 0.207600 0.207700 0.227800 0.254800 0.235400 0.225600 0.225700 0.207200 0.217400 0.207000 0.207300 0.199600 0.199500 0.236600 0.209500 0.226900 0.251900 0.207400 0.217500 0.208400 0.206800 0.219700 0.206700 0.190600 0.205700 0.229700 0.247900 0.217200 0.200000 0.244100 0.218100 0.199600 0.190000 0.199500 0.217500 0.226400 0.248700 0.243600 0.216100 0.233700
DefassaWat 0.088700 0.264400 0.088800 0.209200 0.000000 0.081400 0.080800 0.104200 0.088600 0.088300 0.065800 0.096200 0.096300 0.080700 0.145400 0.120100 0.121200 0.113000 0.080800 0.080800 0.088500 0.080700 0.080500 0.088600 0.073400 0.104300 0.081500 0.096800 0.103600 0.080800 0.088900 0.081200 0.096600 0.089800 0.080300 0.096300 0.095900 0.036200 0.129500 0.096300 0.073600 0.111800 0.089100 0.088600 0.080600 0.073400 0.104200 0.096700 0.130200 0.128400 0.073000 0.103900
Sheep 0.007100 0.235900 0.036000 0.208600 0.081400 0.000000 0.028700 0.036000 0.028600 0.035900 0.014200 0.043300 0.043200 0.014200 0.089500 0.050900 0.066200 0.058600 0.014200 0.021300 0.021400 0.000000 0.042000 0.050800 0.021400 0.051000 0.028800 0.036000 0.050500 0.021300 0.036000 0.014300 0.058300 0.036400 0.000100 0.043400 0.028400 0.074300 0.074200 0.043400 0.050900 0.058200 0.036100 0.050800 0.043300 0.021400 0.036000 0.028700 0.059000 0.073300 0.028500 0.043100
MaxwellsDu 0.035900 0.253900 0.043200 0.208400 0.080800 0.028700 0.000000 0.050500 0.050500 0.050400 0.014200 0.057900 0.058000 0.014100 0.089000 0.065500 0.081300 0.073600 0.043200 0.043100 0.035800 0.028500 0.042900 0.050500 0.021400 0.065600 0.043500 0.058200 0.065200 0.043100 0.050700 0.014200 0.073200 0.051200 0.028000 0.057900 0.043000 0.089600 0.073800 0.056800 0.050800 0.072800 0.050800 0.050500 0.043000 0.035900 0.050500 0.043300 0.074200 0.088700 0.050500 0.050300
GazellaPrz 0.043200 0.282600 0.050600 0.235800 0.104200 0.036000 0.050500 0.000000 0.043100 0.057800 0.035900 0.065400 0.065500 0.035700 0.112700 0.043000 0.089100 0.081300 0.050600 0.050500 0.014100 0.035800 0.065100 0.073000 0.043300 0.028000 0.051000 0.050700 0.050100 0.035800 0.058200 0.036000 0.080900 0.058800 0.035600 0.065400 0.050300 0.097600 0.065800 0.065500 0.073400 0.035500 0.058300 0.073000 0.065200 0.043300 0.028400 0.035900 0.082000 0.096400 0.043000 0.057800
MountainNy 0.043000 0.262000 0.021200 0.216600 0.088600 0.028600 0.050500 0.043100 0.000000 0.043000 0.035700 0.050400 0.065200 0.035700 0.112500 0.073100 0.073500 0.065900 0.050300 0.020600 0.043100 0.035500 0.050300 0.058000 0.043000 0.058100 0.050800 0.007000 0.072600 0.006900 0.043100 0.035800 0.065400 0.058500 0.035600 0.050500 0.050000 0.081500 0.097200 0.035800 0.058100 0.065300 0.043200 0.058000 0.050400 0.043100 0.058000 0.035800 0.081700 0.080400 0.014000 0.028100
MuntiacusM 0.043100 0.243900 0.050500 0.216800 0.088300 0.035900 0.050400 0.057800 0.043000 0.000000 0.035800 0.050300 0.065300 0.035300 0.112300 0.072900 0.073400 0.065900 0.050400 0.035700 0.043000 0.035700 0.050100 0.043000 0.043100 0.073000 0.050800 0.050600 0.072600 0.035700 0.000000 0.035900 0.065500 0.058600 0.035500 0.050400 0.050200 0.081600 0.096100 0.035700 0.043200 0.080200 0.000000 0.043000 0.050200 0.043100 0.057900 0.050600 0.081700 0.065400 0.043000 0.057700
goat 0.021300 0.234800 0.043000 0.190400 0.065800 0.014200 0.014200 0.035900 0.035700 0.035800 0.000000 0.043200 0.043100 0.014200 0.073700 0.050600 0.065900 0.058400 0.028400 0.028400 0.021400 0.013800 0.028500 0.035900 0.007000 0.050800 0.028700 0.043100 0.050300 0.028400 0.035900 0.014200 0.058000 0.036200 0.014100 0.043200 0.028300 0.074000 0.058700 0.043200 0.035900 0.057900 0.035900 0.035900 0.028500 0.021300 0.035900 0.028600 0.058800 0.072700 0.035600 0.050200
AfricanBuf 0.050500 0.234900 0.058000 0.190200 0.096200 0.043300 0.057900 0.065400 0.050400 0.050300 0.043200 0.000000 0.072900 0.043000 0.104500 0.080600 0.081200 0.073500 0.057900 0.043000 0.050400 0.043000 0.057600 0.065400 0.050600 0.080700 0.058400 0.058100 0.080300 0.043000 0.050600 0.043300 0.073100 0.066300 0.042800 0.028400 0.057600 0.089500 0.104800 0.057900 0.065700 0.087900 0.050700 0.065400 0.028400 0.050600 0.065400 0.058100 0.089600 0.088500 0.050400 0.065200
Topi 0.050400 0.271900 0.072900 0.207600 0.096300 0.043200 0.058000 0.065500 0.065200 0.065300 0.043100 0.072900 0.000000 0.043100 0.120700 0.080700 0.096500 0.088700 0.057800 0.057700 0.050500 0.042900 0.072600 0.072900 0.050500 0.080800 0.014200 0.073100 0.080100 0.057700 0.065500 0.043200 0.088200 0.021400 0.042900 0.073000 0.057500 0.089300 0.104900 0.073000 0.065600 0.088000 0.065600 0.072900 0.072800 0.050500 0.065500 0.058000 0.089400 0.088300 0.065100 0.080200
CommonDuik 0.021300 0.253300 0.028500 0.207700 0.080700 0.014200 0.014100 0.035700 0.035700 0.035300 0.014200 0.043000 0.043100 0.000000 0.088600 0.050400 0.065800 0.058300 0.028500 0.028400 0.021000 0.014100 0.042800 0.050400 0.021300 0.050500 0.028700 0.043200 0.050300 0.028500 0.035900 0.000000 0.058000 0.036200 0.013900 0.043000 0.028400 0.074000 0.073600 0.042100 0.050700 0.057700 0.035900 0.050400 0.042000 0.021300 0.035300 0.028600 0.058700 0.073200 0.035700 0.035600
Suni 0.097000 0.274800 0.120900 0.227800 0.145400 0.089500 0.089000 0.112700 0.112500 0.112300 0.073700 0.104500 0.120700 0.088600 0.000000 0.128800 0.146100 0.137800 0.104700 0.104400 0.096800 0.088900 0.103900 0.112500 0.081400 0.129000 0.097900 0.121000 0.128200 0.104500 0.113000 0.089400 0.137100 0.106400 0.088400 0.104600 0.088400 0.155800 0.138300 0.120600 0.113200 0.136300 0.113300 0.112500 0.104300 0.097100 0.112700 0.105100 0.139000 0.137000 0.112300 0.128300
Springbuck 0.058100 0.302500 0.080900 0.254800 0.120100 0.050900 0.065500 0.043000 0.073100 0.072900 0.050600 0.080600 0.080700 0.050400 0.128800 0.000000 0.097000 0.097000 0.065600 0.065400 0.028400 0.050500 0.080300 0.088400 0.058200 0.042600 0.066100 0.081100 0.035400 0.065500 0.073300 0.050700 0.096400 0.074100 0.049000 0.080600 0.065200 0.113500 0.081100 0.080700 0.088900 0.050000 0.065900 0.086200 0.080400 0.058200 0.042000 0.065800 0.097800 0.096500 0.073000 0.088200
Okapi 0.073600 0.272500 0.081300 0.235400 0.121200 0.066200 0.081300 0.089100 0.073500 0.073400 0.065900 0.081200 0.096500 0.065800 0.146100 0.097000 0.000000 0.021200 0.081200 0.065800 0.073600 0.065700 0.081000 0.089100 0.073600 0.105100 0.081700 0.081600 0.104100 0.065800 0.073700 0.066000 0.065600 0.089900 0.065600 0.081300 0.080700 0.097800 0.130300 0.081400 0.089300 0.112500 0.073800 0.089100 0.081100 0.073600 0.089100 0.081400 0.114300 0.112600 0.073400 0.088600
Giraffe 0.066000 0.262700 0.073700 0.225600 0.113000 0.058600 0.073600 0.081300 0.065900 0.065900 0.058400 0.073500 0.088700 0.058300 0.137800 0.097000 0.021200 0.000000 0.073500 0.058200 0.066000 0.058200 0.073400 0.081300 0.066000 0.097200 0.074000 0.073800 0.096300 0.058300 0.066000 0.058500 0.058100 0.082100 0.058100 0.073600 0.073100 0.089900 0.122000 0.073700 0.081500 0.104500 0.066200 0.081300 0.073400 0.065900 0.081400 0.073700 0.106100 0.104800 0.065800 0.080900
TibetanAnt 0.021300 0.253100 0.057800 0.225700 0.080800 0.014200 0.043200 0.050600 0.050300 0.050400 0.028400 0.057900 0.057800 0.028500 0.104700 0.065600 0.081200 0.073500 0.000000 0.042900 0.035800 0.014100 0.057700 0.065500 0.035700 0.065700 0.043400 0.057900 0.065100 0.042900 0.050600 0.028600 0.073000 0.051100 0.014100 0.058000 0.042700 0.073800 0.089400 0.058000 0.065600 0.072900 0.050700 0.065500 0.057800 0.035800 0.050600 0.043200 0.074000 0.088100 0.050200 0.064900
Sitatunga 0.035600 0.252200 0.028300 0.207200 0.080800 0.021300 0.043100 0.050500 0.020600 0.035700 0.028400 0.043000 0.057700 0.028400 0.104400 0.065400 0.065800 0.058200 0.042900 0.000000 0.035800 0.028300 0.042900 0.050500 0.035600 0.065600 0.043300 0.027900 0.065000 0.013700 0.035800 0.028500 0.057900 0.050900 0.028300 0.043100 0.042600 0.073700 0.089200 0.043100 0.050600 0.072800 0.035800 0.050500 0.042900 0.035700 0.050500 0.043100 0.073800 0.072700 0.021000 0.034400
Oribi 0.028600 0.263300 0.050600 0.217400 0.088500 0.021400 0.035800 0.014100 0.043100 0.043000 0.021400 0.050400 0.050500 0.021000 0.096800 0.028400 0.073600 0.066000 0.035800 0.035800 0.000000 0.021300 0.050300 0.057900 0.028600 0.028500 0.036100 0.050700 0.035500 0.035800 0.043300 0.021400 0.065600 0.043700 0.020900 0.050500 0.035600 0.081800 0.050800 0.050500 0.058200 0.034900 0.043400 0.057900 0.050300 0.028600 0.014100 0.035900 0.066500 0.080900 0.043100 0.057800
BarbaryShe 0.007000 0.234100 0.042900 0.207000 0.080700 0.000000 0.028500 0.035800 0.035500 0.035700 0.013800 0.043000 0.042900 0.014100 0.088900 0.050500 0.065700 0.058200 0.014100 0.028300 0.021300 0.000000 0.042900 0.050400 0.021200 0.050600 0.028600 0.043000 0.050200 0.028300 0.035800 0.014200 0.057800 0.036100 0.000000 0.043100 0.028200 0.073700 0.073700 0.043100 0.050500 0.057700 0.035800 0.050400 0.042900 0.021300 0.035800 0.028500 0.058600 0.072500 0.035500 0.050100
Daviddeer 0.049600 0.252500 0.057900 0.207300 0.080500 0.042000 0.042900 0.065100 0.050300 0.050100 0.028500 0.057600 0.072600 0.042800 0.103900 0.080300 0.081000 0.073400 0.057700 0.042900 0.050300 0.042900 0.000000 0.034800 0.035700 0.080500 0.058100 0.058000 0.080100 0.042900 0.050000 0.042600 0.072900 0.066000 0.042700 0.057600 0.057500 0.088700 0.088800 0.042700 0.020400 0.087700 0.050500 0.035400 0.042800 0.050400 0.065100 0.057900 0.089300 0.088200 0.050300 0.065000
Reindeer 0.058100 0.263400 0.065600 0.199600 0.088600 0.050800 0.050500 0.073000 0.058000 0.043000 0.035900 0.065400 0.072900 0.050400 0.112500 0.088400 0.089100 0.081300 0.065500 0.050500 0.057900 0.050400 0.034800 0.000000 0.043200 0.088500 0.058400 0.065800 0.088100 0.050500 0.043200 0.050700 0.080800 0.066300 0.050200 0.064800 0.065200 0.097500 0.097000 0.050300 0.043100 0.095800 0.043300 0.000000 0.050300 0.058100 0.073000 0.065700 0.097600 0.080800 0.057900 0.072900
Ibex 0.014100 0.244300 0.050500 0.199500 0.073400 0.021400 0.021400 0.043300 0.043000 0.043100 0.007000 0.050600 0.050500 0.021300 0.081400 0.058200 0.073600 0.066000 0.035700 0.035600 0.028600 0.021200 0.035700 0.043200 0.000000 0.058300 0.036100 0.050600 0.057700 0.035700 0.043200 0.021400 0.065600 0.043700 0.021200 0.050600 0.035500 0.081800 0.066400 0.050700 0.043300 0.065500 0.043300 0.043200 0.035800 0.028600 0.043300 0.035900 0.066500 0.080300 0.042900 0.057600
GyrantGaze 0.058200 0.263500 0.065700 0.236600 0.104300 0.051000 0.065600 0.028000 0.058100 0.073000 0.050800 0.080700 0.080800 0.050500 0.129000 0.042600 0.105100 0.097200 0.065700 0.065600 0.028500 0.050600 0.080500 0.088500 0.058300 0.000000 0.066200 0.065900 0.050000 0.050600 0.073500 0.050800 0.081100 0.066500 0.050300 0.080800 0.065300 0.097800 0.081300 0.080900 0.089000 0.021000 0.066000 0.088500 0.080600 0.043400 0.043000 0.050800 0.090100 0.104400 0.058000 0.073000
Hartebeest 0.036100 0.255300 0.058400 0.209500 0.081500 0.028800 0.043500 0.051000 0.050800 0.050800 0.028700 0.058400 0.014200 0.028700 0.097900 0.066100 0.081700 0.074000 0.043400 0.043300 0.036100 0.028600 0.058100 0.058400 0.036100 0.066200 0.000000 0.058500 0.065600 0.043300 0.051000 0.028800 0.073600 0.007100 0.028600 0.058400 0.043200 0.074500 0.090000 0.058500 0.051000 0.073400 0.051100 0.058400 0.058200 0.036100 0.051000 0.043500 0.074600 0.073700 0.050700 0.065600
Bongo 0.050500 0.272800 0.028400 0.226900 0.096800 0.036000 0.058200 0.050700 0.007000 0.050600 0.043100 0.058100 0.073100 0.043200 0.121000 0.081100 0.081600 0.073800 0.057900 0.027900 0.050700 0.043000 0.058000 0.065800 0.050600 0.065900 0.058500 0.000000 0.080500 0.013800 0.050700 0.043300 0.073300 0.066400 0.043100 0.058200 0.057600 0.089700 0.105600 0.043300 0.065900 0.073100 0.050800 0.065800 0.058000 0.050700 0.065800 0.043300 0.089900 0.088400 0.020600 0.034500
Gerenuk 0.057700 0.299400 0.072800 0.251900 0.103600 0.050500 0.065200 0.050100 0.072600 0.072600 0.050300 0.080300 0.080100 0.050300 0.128200 0.035400 0.104100 0.096300 0.065100 0.065000 0.035500 0.050200 0.080100 0.088100 0.057700 0.050000 0.065600 0.080500 0.000000 0.065000 0.072800 0.050400 0.095700 0.073500 0.050100 0.080300 0.064800 0.096600 0.088500 0.080500 0.088200 0.057100 0.065400 0.088100 0.080100 0.057700 0.050200 0.065300 0.096900 0.095900 0.057500 0.087700
CommonElan 0.035600 0.252500 0.014000 0.207400 0.080800 0.021300 0.043100 0.035800 0.006900 0.035700 0.028400 0.043000 0.057700 0.028500 0.104500 0.065500 0.065800 0.058300 0.042900 0.013700 0.035800 0.028300 0.042900 0.050500 0.035700 0.050600 0.043300 0.013800 0.065000 0.000000 0.035800 0.028500 0.057900 0.051000 0.028400 0.043100 0.042700 0.073800 0.089200 0.043100 0.050600 0.057700 0.035900 0.050500 0.043000 0.035700 0.050500 0.028500 0.073900 0.072800 0.006900 0.021000
MuntiacusR 0.043200 0.244700 0.050700 0.217500 0.088900 0.036000 0.050700 0.058200 0.043100 0.000000 0.035900 0.050600 0.065500 0.035900 0.113000 0.073300 0.073700 0.066000 0.050600 0.035800 0.043300 0.035800 0.050000 0.043200 0.043200 0.073500 0.051000 0.050700 0.072800 0.035800 0.000000 0.035500 0.065600 0.058700 0.035700 0.050700 0.050300 0.081900 0.097400 0.035900 0.043200 0.080700 0.000000 0.043200 0.050500 0.043200 0.058200 0.050700 0.081900 0.065600 0.043100 0.057800
HarveysDui 0.021400 0.254100 0.028600 0.208400 0.081200 0.014300 0.014200 0.036000 0.035800 0.035900 0.014200 0.043300 0.043200 0.000000 0.089400 0.050700 0.066000 0.058500 0.028600 0.028500 0.021400 0.014200 0.042600 0.050700 0.021400 0.050800 0.028800 0.043300 0.050400 0.028500 0.035500 0.000000 0.058100 0.036300 0.014100 0.043300 0.028400 0.074200 0.074000 0.043300 0.050600 0.058000 0.036000 0.050700 0.043200 0.021400 0.036000 0.028700 0.058900 0.073400 0.035800 0.035700
Pronghorn 0.065500 0.251800 0.073200 0.206800 0.096600 0.058300 0.073200 0.080900 0.065400 0.065500 0.058000 0.073100 0.088200 0.058000 0.137100 0.096400 0.065600 0.058100 0.073000 0.057900 0.065600 0.057800 0.072900 0.080800 0.065600 0.081100 0.073600 0.073300 0.095700 0.057900 0.065600 0.058100 0.000000 0.081700 0.057800 0.073200 0.072600 0.089600 0.121400 0.073200 0.081000 0.088400 0.065800 0.080800 0.073000 0.050600 0.080900 0.073300 0.089700 0.104100 0.065300 0.080400
BlueWildeb 0.043600 0.256600 0.066300 0.219700 0.089800 0.036400 0.051200 0.058800 0.058500 0.058600 0.036200 0.066300 0.021400 0.036200 0.106400 0.074100 0.089900 0.082100 0.051100 0.050900 0.043700 0.036100 0.066000 0.066300 0.043700 0.066500 0.007100 0.066400 0.073500 0.051000 0.058700 0.036300 0.081700 0.000000 0.036100 0.066300 0.050800 0.082700 0.098400 0.066400 0.058800 0.081500 0.058900 0.066300 0.066100 0.043700 0.058800 0.051200 0.066800 0.065900 0.058400 0.073600
Gemsbok 0.007000 0.233700 0.043000 0.206700 0.080300 0.000100 0.028000 0.035600 0.035600 0.035500 0.014100 0.042800 0.042900 0.013900 0.088400 0.049000 0.065600 0.058100 0.014100 0.028300 0.020900 0.000000 0.042700 0.050200 0.021200 0.050300 0.028600 0.043100 0.050100 0.028400 0.035700 0.014100 0.057800 0.036100 0.000000 0.043000 0.028300 0.073600 0.073300 0.042900 0.050500 0.056600 0.035800 0.050200 0.042700 0.021200 0.035600 0.028500 0.058500 0.072900 0.035600 0.050100
Yak 0.050600 0.235300 0.058100 0.190600 0.096300 0.043400 0.057900 0.065400 0.050500 0.050400 0.043200 0.028400 0.073000 0.043000 0.104600 0.080600 0.081300 0.073600 0.058000 0.043100 0.050500 0.043100 0.057600 0.064800 0.050600 0.080800 0.058400 0.058200 0.080300 0.043100 0.050700 0.043300 0.073200 0.066300 0.043000 0.000000 0.057700 0.089600 0.104900 0.057900 0.065800 0.088000 0.050800 0.065400 0.013900 0.050600 0.064500 0.058200 0.089700 0.088600 0.050400 0.065300
BlueSheep 0.035500 0.250900 0.057500 0.205700 0.095900 0.028400 0.043000 0.050300 0.050000 0.050200 0.028300 0.057600 0.057500 0.028400 0.088400 0.065200 0.080700 0.073100 0.042700 0.042600 0.035600 0.028200 0.057500 0.065200 0.035500 0.065300 0.043200 0.057600 0.064800 0.042700 0.050300 0.028400 0.072600 0.050800 0.028300 0.057700 0.000000 0.088900 0.088800 0.057800 0.065300 0.072500 0.050400 0.065200 0.057500 0.035600 0.050400 0.043000 0.073500 0.072400 0.049900 0.064700
BohorReedb 0.081700 0.257500 0.081700 0.229700 0.036200 0.074300 0.089600 0.097600 0.081500 0.081600 0.074000 0.089500 0.089300 0.074000 0.155800 0.113500 0.097800 0.089900 0.073800 0.073700 0.081800 0.073700 0.088700 0.097500 0.081800 0.097800 0.074500 0.089700 0.096600 0.073800 0.081900 0.074200 0.089600 0.082700 0.073600 0.089600 0.088900 0.000000 0.139400 0.089600 0.082000 0.105100 0.082100 0.097500 0.089300 0.066400 0.097600 0.089700 0.123100 0.121400 0.066000 0.096900
KirksDik 0.081700 0.316000 0.105300 0.247900 0.129500 0.074200 0.073800 0.065800 0.097200 0.096100 0.058700 0.104800 0.104900 0.073600 0.138300 0.081100 0.130300 0.122000 0.089400 0.089200 0.050800 0.073700 0.088800 0.097000 0.066400 0.081300 0.090000 0.105600 0.088500 0.089200 0.097400 0.074000 0.121400 0.098400 0.073300 0.104900 0.088800 0.139400 0.000000 0.105000 0.097600 0.088000 0.097600 0.097000 0.087700 0.081700 0.065800 0.089600 0.123100 0.137500 0.097000 0.112600
RoeDeer 0.050600 0.253800 0.058200 0.217200 0.096300 0.043400 0.056800 0.065500 0.035800 0.035700 0.043200 0.057900 0.073000 0.042100 0.120600 0.080700 0.081400 0.073700 0.058000 0.043100 0.050500 0.043100 0.042700 0.050300 0.050700 0.080900 0.058500 0.043300 0.080500 0.043100 0.035900 0.043300 0.073200 0.066400 0.042900 0.057900 0.057800 0.089600 0.105000 0.000000 0.035800 0.088100 0.036000 0.050300 0.057800 0.050600 0.065500 0.058200 0.089700 0.088800 0.050500 0.065400
WhiteLippe 0.058200 0.226600 0.065800 0.200000 0.073600 0.050900 0.050800 0.073400 0.058100 0.043200 0.035900 0.065700 0.065600 0.050700 0.113200 0.088900 0.089300 0.081500 0.065600 0.050600 0.058200 0.050500 0.020400 0.043100 0.043300 0.089000 0.051000 0.065900 0.088200 0.050600 0.043200 0.050600 0.081000 0.058800 0.050500 0.065800 0.065300 0.082000 0.097600 0.035800 0.000000 0.096300 0.043400 0.043100 0.050600 0.058200 0.073400 0.065900 0.097800 0.096600 0.058000 0.073000
ThomsonGaz 0.065400 0.290900 0.073000 0.244100 0.111800 0.058200 0.072800 0.035500 0.065300 0.080200 0.057900 0.087900 0.088000 0.057700 0.136300 0.050000 0.112500 0.104500 0.072900 0.072800 0.034900 0.057700 0.087700 0.095800 0.065500 0.021000 0.073400 0.073100 0.057100 0.057700 0.080700 0.058000 0.088400 0.081500 0.056600 0.088000 0.072500 0.105100 0.088000 0.088100 0.096300 0.000000 0.073300 0.095800 0.087800 0.050500 0.050100 0.058000 0.105300 0.119700 0.065200 0.080200
MuntiacusC 0.043300 0.245300 0.050800 0.218100 0.089100 0.036100 0.050800 0.058300 0.043200 0.000000 0.035900 0.050700 0.065600 0.035900 0.113300 0.065900 0.073800 0.066200 0.050700 0.035800 0.043400 0.035800 0.050500 0.043300 0.043300 0.066000 0.051100 0.050800 0.065400 0.035900 0.000000 0.036000 0.065800 0.058900 0.035800 0.050800 0.050400 0.082100 0.097600 0.036000 0.043400 0.073300 0.000000 0.043300 0.050600 0.043300 0.058300 0.050800 0.082100 0.065700 0.043200 0.058000
WhiteTaile 0.058100 0.263400 0.065600 0.199600 0.088600 0.050800 0.050500 0.073000 0.058000 0.043000 0.035900 0.065400 0.072900 0.050400 0.112500 0.086200 0.089100 0.081300 0.065500 0.050500 0.057900 0.050400 0.035400 0.000000 0.043200 0.088500 0.058400 0.065800 0.088100 0.050500 0.043200 0.050700 0.080800 0.066300 0.050200 0.065400 0.065200 0.097500 0.097000 0.050300 0.043100 0.095800 0.043300 0.000000 0.050300 0.058100 0.073000 0.065700 0.097600 0.080800 0.057900 0.072900
Cattle 0.050400 0.234500 0.057900 0.190000 0.080600 0.043300 0.043000 0.065200 0.050400 0.050200 0.028500 0.028400 0.072800 0.042000 0.104300 0.080400 0.081100 0.073400 0.057800 0.042900 0.050300 0.042900 0.042800 0.050300 0.035800 0.080600 0.058200 0.058000 0.080100 0.043000 0.050500 0.043200 0.073000 0.066100 0.042700 0.013900 0.057500 0.089300 0.087700 0.057800 0.050600 0.087800 0.050600 0.050300 0.000000 0.050500 0.065300 0.058000 0.089400 0.088300 0.050300 0.065100
RoyalAntel 0.028600 0.244300 0.050600 0.199500 0.073400 0.021400 0.035900 0.043300 0.043100 0.043100 0.021300 0.050600 0.050500 0.021300 0.097100 0.058200 0.073600 0.065900 0.035800 0.035700 0.028600 0.021300 0.050400 0.058100 0.028600 0.043400 0.036100 0.050700 0.057700 0.035700 0.043200 0.021400 0.050600 0.043700 0.021200 0.050600 0.035600 0.066400 0.081700 0.050600 0.058200 0.050500 0.043300 0.058100 0.050500 0.000000 0.043300 0.035900 0.066500 0.080800 0.043000 0.057700
Steenbok 0.043200 0.263200 0.065700 0.217500 0.104200 0.036000 0.050500 0.028400 0.058000 0.057900 0.035900 0.065400 0.065500 0.035300 0.112700 0.042000 0.089100 0.081400 0.050600 0.050500 0.014100 0.035800 0.065100 0.073000 0.043300 0.043000 0.051000 0.065800 0.050200 0.050500 0.058200 0.036000 0.080900 0.058800 0.035600 0.064500 0.050400 0.097600 0.065800 0.065500 0.073400 0.050100 0.058300 0.073000 0.065300 0.043300 0.000000 0.050800 0.081900 0.096600 0.057900 0.072900
Impala 0.035900 0.272800 0.043300 0.226400 0.096700 0.028700 0.043300 0.035900 0.035800 0.050600 0.028600 0.058100 0.058000 0.028600 0.105100 0.065800 0.081400 0.073700 0.043200 0.043100 0.035900 0.028500 0.057900 0.065700 0.035900 0.050800 0.043500 0.043300 0.065300 0.028500 0.050700 0.028700 0.073300 0.051200 0.028500 0.058200 0.043000 0.089700 0.089600 0.058200 0.065900 0.058000 0.050800 0.065700 0.058000 0.035900 0.050800 0.000000 0.074200 0.088700 0.035800 0.050400
Klipspring 0.066400 0.276200 0.089600 0.248700 0.130200 0.059000 0.074200 0.082000 0.081700 0.081700 0.058800 0.089600 0.089400 0.058700 0.139000 0.097800 0.114300 0.106100 0.074000 0.073800 0.066500 0.058600 0.089300 0.097600 0.066500 0.090100 0.074600 0.089900 0.096900 0.073900 0.081900 0.058900 0.089700 0.066800 0.058500 0.089700 0.073500 0.123100 0.123100 0.089700 0.097800 0.105300 0.082100 0.097600 0.089400 0.066500 0.081900 0.074200 0.000000 0.104600 0.081500 0.096900
ForestMusk 0.080600 0.262100 0.088400 0.243600 0.128400 0.073300 0.088700 0.096400 0.080400 0.065400 0.072700 0.088500 0.088300 0.073200 0.137000 0.096500 0.112600 0.104800 0.088100 0.072700 0.080900 0.072500 0.088200 0.080800 0.080300 0.104400 0.073700 0.088400 0.095900 0.072800 0.065600 0.073400 0.104100 0.065900 0.072900 0.088600 0.072400 0.121400 0.137500 0.088800 0.096600 0.119700 0.065700 0.080800 0.088300 0.080800 0.096600 0.088700 0.104600 0.000000 0.080400 0.095800
Bushbuck 0.042900 0.261600 0.014000 0.216100 0.073000 0.028500 0.050500 0.043000 0.014000 0.043000 0.035600 0.050400 0.065100 0.035700 0.112300 0.073000 0.073400 0.065800 0.050200 0.021000 0.043100 0.035500 0.050300 0.057900 0.042900 0.058000 0.050700 0.020600 0.057500 0.006900 0.043100 0.035800 0.065300 0.058400 0.035600 0.050400 0.049900 0.066000 0.097000 0.050500 0.058000 0.065200 0.043200 0.057900 0.050300 0.043000 0.057900 0.035800 0.081500 0.080400 0.000000 0.028100
GreaterKud 0.057600 0.280400 0.021100 0.233700 0.103900 0.043100 0.050300 0.057800 0.028100 0.057700 0.050200 0.065200 0.080200 0.035600 0.128300 0.088200 0.088600 0.080900 0.064900 0.034400 0.057800 0.050100 0.065000 0.072900 0.057600 0.073000 0.065600 0.034500 0.087700 0.021000 0.057800 0.035700 0.080400 0.073600 0.050100 0.065300 0.064700 0.096900 0.112600 0.065400 0.073000 0.080200 0.058000 0.072900 0.065100 0.057700 0.072900 0.050400 0.096900 0.095800 0.028100 0.000000
