1
52 1
Argali 0.000000 0.575000 0.197500 0.492600 0.129400 0.000000 0.081500 0.163100 0.149900 0.430600 0.064000 0.174000 0.172200 0.122000 0.125300 0.144300 0.569900 0.368100 0.105300 0.201500 0.169700 0.062200 0.429600 0.383500 0.122800 0.143700 0.151300 0.201500 0.148800 0.174100 0.367600 0.124600 0.341800 0.152200 0.150400 0.338600 0.107500 0.210300 0.184700 0.453500 0.432000 0.168800 0.409100 0.338100 0.258300 0.143600 0.191200 0.185900 0.192100 0.264500 0.222700 0.223600
LesserMous 0.575000 0.000000 0.621000 0.504400 0.600200 0.575000 0.593800 0.609700 0.615300 0.585400 0.621200 0.492000 0.658500 0.623500 0.648900 0.668400 0.577200 0.513000 0.599500 0.635100 0.643900 0.600700 0.551300 0.572100 0.599100 0.663600 0.630500 0.635100 0.610900 0.630300 0.553500 0.642700 0.527100 0.637200 0.554800 0.571200 0.614400 0.554500 0.619500 0.435600 0.554600 0.638900 0.530900 0.660100 0.527100 0.664200 0.673600 0.584100 0.602600 0.541000 0.583000 0.664800
LesserKudu 0.197500 0.621000 0.000000 0.393900 0.149800 0.197500 0.148800 0.139900 0.080800 0.450500 0.225100 0.148000 0.239900 0.186400 0.190200 0.210200 0.481200 0.299000 0.217900 0.041200 0.189700 0.218200 0.387200 0.465700 0.280900 0.208900 0.218300 0.041000 0.169400 0.061500 0.388300 0.144500 0.415600 0.219800 0.170700 0.257400 0.273100 0.230500 0.298800 0.472500 0.451000 0.188600 0.429200 0.418100 0.230100 0.208700 0.211400 0.300200 0.259300 0.334500 0.061400 0.060700
KillerWhal 0.492600 0.504400 0.393900 0.000000 0.373000 0.492600 0.425600 0.396300 0.391400 0.614900 0.530600 0.367000 0.478400 0.458700 0.413500 0.492000 0.498800 0.509500 0.395900 0.402000 0.470200 0.453100 0.542300 0.546600 0.458700 0.489200 0.454800 0.402000 0.505000 0.424700 0.614800 0.357300 0.553000 0.458400 0.341100 0.436800 0.498100 0.326200 0.599300 0.566000 0.616000 0.467100 0.593500 0.638600 0.401900 0.489300 0.438600 0.319400 0.381300 0.530200 0.366500 0.426000
DefassaWat 0.129400 0.600200 0.149800 0.373000 0.000000 0.129400 0.083500 0.119600 0.104500 0.427000 0.154600 0.172900 0.125900 0.165300 0.124500 0.144200 0.493700 0.305200 0.105000 0.152700 0.124100 0.150000 0.363700 0.380000 0.211900 0.143400 0.105200 0.152500 0.147900 0.173800 0.364700 0.081100 0.393300 0.105900 0.061800 0.285600 0.200700 0.079000 0.229900 0.449600 0.428000 0.123500 0.405500 0.394300 0.256700 0.142700 0.101800 0.185400 0.145600 0.263500 0.173700 0.174200
Sheep 0.000000 0.575000 0.197500 0.492600 0.129400 0.000000 0.084100 0.163100 0.149900 0.430600 0.064000 0.174000 0.172200 0.122000 0.125300 0.144300 0.569900 0.368100 0.105300 0.201500 0.169700 0.062200 0.429600 0.383500 0.122800 0.143700 0.151300 0.201500 0.148500 0.174300 0.367600 0.124600 0.341800 0.152200 0.150400 0.338600 0.107500 0.210300 0.184700 0.453500 0.432000 0.168800 0.409100 0.338100 0.258300 0.143600 0.191200 0.185900 0.192100 0.264500 0.222700 0.223600
MaxwellsDu 0.081500 0.593800 0.148800 0.425600 0.083500 0.084100 0.000000 0.077900 0.103900 0.423000 0.063400 0.126400 0.081900 0.078800 0.039800 0.100600 0.559000 0.361500 0.061500 0.151700 0.080800 0.061600 0.360500 0.376600 0.121700 0.100000 0.061600 0.151700 0.059200 0.172600 0.361500 0.039600 0.337000 0.062000 0.104100 0.283600 0.106500 0.119600 0.140200 0.445300 0.423900 0.080400 0.401700 0.391000 0.208400 0.100000 0.101200 0.140600 0.101500 0.261600 0.172500 0.173000
GazellaPrz 0.163100 0.609700 0.139900 0.396300 0.119600 0.163100 0.077900 0.000000 0.097700 0.449000 0.143500 0.205200 0.159500 0.074900 0.116300 0.094500 0.580200 0.333700 0.139200 0.186100 0.075700 0.139300 0.389500 0.403200 0.197400 0.093900 0.139300 0.186100 0.055700 0.206000 0.390300 0.075900 0.417500 0.140300 0.139200 0.313600 0.142200 0.113400 0.172500 0.469500 0.449000 0.075300 0.428500 0.362400 0.239800 0.134200 0.095000 0.215600 0.177800 0.338800 0.206200 0.206400
MountainNy 0.149900 0.615300 0.080800 0.391400 0.104500 0.149900 0.103900 0.097700 0.000000 0.446800 0.175500 0.147300 0.191400 0.141600 0.144500 0.164200 0.545500 0.297100 0.170000 0.083600 0.144100 0.170200 0.384300 0.462100 0.231600 0.163200 0.170400 0.083600 0.124100 0.104000 0.385400 0.100900 0.358700 0.171500 0.125000 0.304800 0.221500 0.184000 0.249600 0.468500 0.447300 0.143300 0.425700 0.415000 0.228800 0.163000 0.165100 0.250500 0.211000 0.282200 0.102900 0.103500
MuntiacusM 0.430600 0.585400 0.450500 0.614900 0.427000 0.430600 0.423000 0.449000 0.446800 0.000000 0.472600 0.357500 0.416700 0.458800 0.410400 0.496300 0.542200 0.473300 0.454200 0.460600 0.471600 0.455100 0.075700 0.126000 0.530700 0.492300 0.454900 0.460600 0.471400 0.485500 0.076000 0.470400 0.524000 0.459200 0.452200 0.372500 0.426400 0.456300 0.482100 0.100000 0.075900 0.468100 0.049700 0.146900 0.394600 0.429000 0.499600 0.552100 0.502900 0.608800 0.485000 0.487600
goat 0.064000 0.621200 0.225100 0.530600 0.154600 0.064000 0.063400 0.143500 0.175500 0.472600 0.000000 0.200600 0.151400 0.146200 0.104900 0.169600 0.543900 0.343700 0.084600 0.229700 0.149200 0.041600 0.471300 0.421000 0.102700 0.168800 0.130200 0.229700 0.128200 0.200600 0.406400 0.104300 0.374300 0.131000 0.176000 0.370800 0.086400 0.190200 0.164900 0.495500 0.473600 0.148300 0.450700 0.434700 0.286700 0.168700 0.170800 0.212100 0.171400 0.293100 0.251300 0.252200
AfricanBuf 0.174000 0.492000 0.148000 0.367000 0.172900 0.174000 0.126400 0.205200 0.147300 0.357500 0.200600 0.000000 0.216100 0.208900 0.167500 0.233400 0.448800 0.327800 0.194300 0.150700 0.212800 0.194500 0.299000 0.348600 0.256800 0.231900 0.194700 0.150700 0.192300 0.171500 0.299900 0.166600 0.261600 0.196000 0.148000 0.143000 0.247800 0.207500 0.206700 0.321300 0.358000 0.211600 0.336100 0.388800 0.078200 0.231800 0.234400 0.229000 0.235500 0.286500 0.171500 0.171900
Topi 0.172200 0.658500 0.239900 0.478400 0.125900 0.172200 0.081900 0.159500 0.191400 0.416700 0.151400 0.216100 0.000000 0.162300 0.079900 0.141600 0.628100 0.417500 0.102900 0.244500 0.121800 0.146900 0.355300 0.371200 0.207700 0.140800 0.059100 0.244500 0.145200 0.265800 0.356100 0.121400 0.441000 0.061200 0.102800 0.280100 0.196500 0.161300 0.225900 0.438600 0.417400 0.121100 0.395500 0.385400 0.300100 0.098700 0.142400 0.181900 0.142800 0.307600 0.265600 0.266500
CommonDuik 0.122000 0.623500 0.186400 0.458700 0.165300 0.122000 0.078800 0.074900 0.141600 0.458800 0.146200 0.208900 0.162300 0.000000 0.118300 0.096100 0.666200 0.398700 0.141900 0.236200 0.118000 0.142000 0.397800 0.411900 0.201100 0.095600 0.141200 0.236200 0.098800 0.256700 0.398700 0.117700 0.425500 0.143000 0.185400 0.319100 0.144900 0.156300 0.219000 0.479800 0.459100 0.117400 0.438200 0.315200 0.243800 0.095500 0.180700 0.175500 0.181000 0.345800 0.256700 0.257300
Suni 0.125300 0.648900 0.190200 0.413500 0.124500 0.125300 0.039800 0.116300 0.144500 0.410400 0.104900 0.167500 0.079900 0.118300 0.000000 0.140000 0.538800 0.411100 0.059900 0.193800 0.120400 0.059900 0.350000 0.366000 0.161400 0.139300 0.102000 0.193800 0.100700 0.214600 0.350900 0.038600 0.327600 0.102600 0.144800 0.276800 0.148200 0.159500 0.179500 0.432200 0.411200 0.119800 0.389500 0.380200 0.249200 0.097600 0.140800 0.137100 0.141200 0.254400 0.214400 0.215100
Springbuck 0.144300 0.668400 0.210200 0.492000 0.144200 0.144300 0.100600 0.094500 0.164200 0.496300 0.169600 0.233400 0.141600 0.096100 0.140000 0.000000 0.637000 0.372600 0.121200 0.261700 0.057600 0.164700 0.432400 0.445900 0.224400 0.037300 0.121400 0.261700 0.078400 0.282400 0.433400 0.139300 0.455900 0.122100 0.164300 0.346900 0.214200 0.178500 0.197500 0.517600 0.496600 0.057300 0.475300 0.344300 0.316200 0.076100 0.117400 0.155500 0.160300 0.322900 0.282500 0.283100
Okapi 0.569900 0.577200 0.481200 0.498800 0.493700 0.569900 0.559000 0.580200 0.545500 0.542200 0.543900 0.448800 0.628100 0.666200 0.538800 0.637000 0.000000 0.272800 0.518900 0.492100 0.610100 0.519700 0.508200 0.569600 0.594000 0.630900 0.595900 0.492100 0.578500 0.517300 0.510200 0.467600 0.455900 0.602200 0.452100 0.601900 0.640900 0.522200 0.687700 0.460500 0.510100 0.605100 0.486300 0.580500 0.552300 0.631800 0.569100 0.548900 0.567300 0.605700 0.447200 0.519600
Giraffe 0.368100 0.513000 0.299000 0.509500 0.305200 0.368100 0.361500 0.333700 0.297100 0.473300 0.343700 0.327800 0.417500 0.398700 0.411100 0.372600 0.272800 0.000000 0.391300 0.365000 0.349400 0.392000 0.440800 0.500000 0.464100 0.370000 0.392000 0.365000 0.323100 0.389200 0.442500 0.348300 0.531300 0.395400 0.272400 0.463800 0.467500 0.338800 0.543800 0.396900 0.443000 0.347000 0.418800 0.443600 0.424100 0.370100 0.375200 0.423800 0.438500 0.503200 0.388600 0.390600
TibetanAnt 0.105300 0.599500 0.217900 0.395900 0.105000 0.105300 0.061500 0.139200 0.170000 0.454200 0.084600 0.194300 0.102900 0.141900 0.059900 0.121200 0.518900 0.391300 0.000000 0.222300 0.101600 0.040300 0.389600 0.406200 0.142300 0.120700 0.082700 0.222300 0.124200 0.194500 0.390800 0.059500 0.360600 0.083200 0.125600 0.307600 0.128000 0.141000 0.160200 0.476800 0.455700 0.101000 0.433000 0.420000 0.278200 0.120600 0.122000 0.118900 0.122600 0.188900 0.243300 0.244300
Sitatunga 0.201500 0.635100 0.041200 0.402000 0.152700 0.201500 0.151700 0.186100 0.083600 0.460600 0.229700 0.150700 0.244500 0.236200 0.193800 0.261700 0.492100 0.365000 0.222300 0.000000 0.240700 0.222600 0.395600 0.476100 0.286400 0.260100 0.222700 0.000000 0.219700 0.020500 0.396900 0.147100 0.423700 0.224200 0.173900 0.262000 0.278700 0.234600 0.304000 0.483000 0.461300 0.239300 0.439000 0.488800 0.234100 0.260000 0.215200 0.305800 0.264300 0.341600 0.020500 0.020500
Oribi 0.169700 0.643900 0.189700 0.470200 0.124100 0.169700 0.080800 0.075700 0.144100 0.471600 0.149200 0.212800 0.121800 0.118000 0.120400 0.057600 0.610100 0.349400 0.101600 0.240700 0.000000 0.144900 0.408100 0.423100 0.205000 0.055900 0.101700 0.240700 0.059000 0.261700 0.409100 0.119800 0.433500 0.102300 0.144400 0.325300 0.193700 0.159100 0.178100 0.493400 0.472500 0.038400 0.450700 0.379000 0.295600 0.097500 0.098200 0.179600 0.140900 0.303100 0.261500 0.262300
BarbaryShe 0.062200 0.600700 0.218200 0.453100 0.150000 0.062200 0.061600 0.139300 0.170200 0.455100 0.041600 0.194500 0.146900 0.142000 0.059900 0.164700 0.519700 0.392000 0.040300 0.222600 0.144900 0.000000 0.453800 0.406900 0.100000 0.164000 0.126500 0.222600 0.124400 0.194700 0.391500 0.059600 0.309300 0.127200 0.170800 0.359600 0.083900 0.184800 0.160400 0.477700 0.456500 0.144200 0.433800 0.420700 0.278500 0.163900 0.165900 0.161600 0.167400 0.235800 0.243600 0.244700
Daviddeer 0.429600 0.551300 0.387200 0.542300 0.363700 0.429600 0.360500 0.389500 0.384300 0.075700 0.471300 0.299000 0.355300 0.397800 0.350000 0.432400 0.508200 0.440800 0.389600 0.395600 0.408100 0.453800 0.000000 0.125900 0.529000 0.428900 0.390400 0.395600 0.381200 0.419900 0.050500 0.407000 0.493800 0.393900 0.388400 0.315000 0.425200 0.395400 0.420100 0.074700 0.050400 0.405100 0.025100 0.146800 0.337000 0.369100 0.435200 0.485200 0.437400 0.536100 0.419700 0.421500
Reindeer 0.383500 0.572100 0.465700 0.546600 0.380000 0.383500 0.376600 0.403200 0.462100 0.126000 0.421000 0.348600 0.371200 0.411900 0.366000 0.445900 0.569600 0.500000 0.406200 0.476100 0.423100 0.406900 0.125900 0.000000 0.478700 0.443000 0.406700 0.476100 0.459500 0.500900 0.126300 0.421900 0.513000 0.410200 0.404000 0.363100 0.379900 0.383200 0.376400 0.149800 0.126400 0.420100 0.102400 0.116900 0.385300 0.384300 0.449100 0.499100 0.452400 0.553000 0.499800 0.502900
Ibex 0.122800 0.599100 0.280900 0.458700 0.211900 0.122800 0.121700 0.197400 0.231600 0.530700 0.102700 0.256800 0.207700 0.201100 0.161400 0.224400 0.594000 0.464100 0.142300 0.286400 0.205000 0.100000 0.529000 0.478700 0.000000 0.223400 0.187500 0.286400 0.184700 0.257000 0.465200 0.160500 0.372500 0.188600 0.232300 0.424600 0.123700 0.244200 0.197600 0.552600 0.532000 0.203800 0.509900 0.490700 0.340400 0.223300 0.225900 0.219800 0.137900 0.348100 0.256700 0.308400
GyrantGaze 0.143700 0.663600 0.208900 0.489200 0.143400 0.143700 0.100000 0.093900 0.163200 0.492300 0.168800 0.231900 0.140800 0.095600 0.139300 0.037300 0.630900 0.370000 0.120700 0.260100 0.055900 0.164000 0.428900 0.443000 0.223400 0.000000 0.120900 0.260100 0.077900 0.280800 0.429900 0.138500 0.452500 0.121600 0.163400 0.344300 0.213100 0.177500 0.196300 0.513600 0.493000 0.018700 0.471700 0.342100 0.314100 0.075700 0.116800 0.154800 0.159600 0.321600 0.280700 0.281500
Hartebeest 0.151300 0.630500 0.218300 0.454800 0.105200 0.151300 0.061600 0.139300 0.170400 0.454900 0.130200 0.194700 0.059100 0.141200 0.102000 0.121400 0.595900 0.392000 0.082700 0.222700 0.101700 0.126500 0.390400 0.406700 0.187500 0.120900 0.000000 0.222700 0.124500 0.244200 0.391500 0.101400 0.417100 0.040900 0.082400 0.308100 0.175200 0.141200 0.205300 0.477400 0.456300 0.101200 0.433800 0.420300 0.278500 0.120800 0.122200 0.162000 0.122700 0.286600 0.243700 0.244700
Bongo 0.201500 0.635100 0.041000 0.402000 0.152500 0.201500 0.151700 0.186100 0.083600 0.460600 0.229700 0.150700 0.244500 0.236200 0.193800 0.261700 0.492100 0.365000 0.222300 0.000000 0.240700 0.222600 0.395600 0.476100 0.286400 0.260100 0.222700 0.000000 0.219700 0.020600 0.396900 0.147100 0.423700 0.224200 0.173900 0.262000 0.278700 0.234600 0.304000 0.483000 0.461300 0.239300 0.439000 0.488800 0.234100 0.260000 0.215200 0.305800 0.264300 0.341600 0.020600 0.020600
Gerenuk 0.148800 0.610900 0.169400 0.505000 0.147900 0.148500 0.059200 0.055700 0.124100 0.471400 0.128200 0.192300 0.145200 0.098800 0.100700 0.078400 0.578500 0.323100 0.124200 0.219700 0.059000 0.124400 0.381200 0.459500 0.184700 0.077900 0.124500 0.219700 0.000000 0.240500 0.382200 0.100200 0.356100 0.125300 0.168600 0.355900 0.172600 0.182900 0.159000 0.464800 0.443500 0.058700 0.422100 0.412800 0.275400 0.119400 0.120300 0.203600 0.163100 0.331100 0.240700 0.241200
CommonElan 0.174100 0.630300 0.061500 0.424700 0.173800 0.174300 0.172600 0.206000 0.104000 0.485500 0.200600 0.171500 0.265800 0.256700 0.214600 0.282400 0.517300 0.389200 0.194500 0.020500 0.261700 0.194700 0.419900 0.500900 0.257000 0.280800 0.244200 0.020600 0.240500 0.000000 0.421300 0.167500 0.445800 0.245800 0.194900 0.282700 0.247800 0.255000 0.274200 0.507800 0.486400 0.260100 0.464300 0.512900 0.254500 0.280700 0.235900 0.326900 0.285500 0.309700 0.040900 0.040500
MuntiacusR 0.367600 0.553500 0.388300 0.614800 0.364700 0.367600 0.361500 0.390300 0.385400 0.076000 0.406400 0.299900 0.356100 0.398700 0.350900 0.433400 0.510200 0.442500 0.390800 0.396900 0.409100 0.391500 0.050500 0.126300 0.465200 0.429900 0.391500 0.396900 0.382200 0.421300 0.000000 0.408000 0.432500 0.395000 0.389400 0.315800 0.364200 0.396300 0.420900 0.073300 0.049400 0.406200 0.025600 0.147200 0.337700 0.370000 0.436200 0.486300 0.438600 0.537600 0.421000 0.423000
HarveysDui 0.124600 0.642700 0.144500 0.357300 0.081100 0.124600 0.039600 0.075900 0.100900 0.470400 0.104300 0.166600 0.121400 0.117700 0.038600 0.139300 0.467600 0.348300 0.059500 0.147100 0.119800 0.059600 0.407000 0.421900 0.160500 0.138500 0.101400 0.147100 0.100200 0.167500 0.408000 0.000000 0.325500 0.102000 0.101000 0.324500 0.147400 0.116900 0.178500 0.492100 0.471200 0.119200 0.449500 0.435100 0.247800 0.138400 0.098400 0.136400 0.140500 0.252900 0.167400 0.167800
Pronghorn 0.341800 0.527100 0.415600 0.553000 0.393300 0.341800 0.337000 0.417500 0.358700 0.524000 0.374300 0.261600 0.441000 0.425500 0.327600 0.455900 0.455900 0.531300 0.360600 0.423700 0.433500 0.309300 0.493800 0.513000 0.372500 0.452500 0.417100 0.423700 0.356100 0.445800 0.432500 0.325500 0.000000 0.420300 0.361000 0.434300 0.394500 0.423600 0.391200 0.453500 0.495500 0.430700 0.474200 0.591000 0.347200 0.452500 0.458600 0.392300 0.402600 0.374200 0.387700 0.447300
BlueWildeb 0.152200 0.637200 0.219800 0.458400 0.105900 0.152200 0.062000 0.140300 0.171500 0.459200 0.131000 0.196000 0.061200 0.143000 0.102600 0.122100 0.602200 0.395400 0.083200 0.224200 0.102300 0.127200 0.393900 0.410200 0.188600 0.121600 0.040900 0.224200 0.125300 0.245800 0.395000 0.102000 0.420300 0.000000 0.082900 0.285700 0.176300 0.142000 0.206700 0.481800 0.460600 0.101800 0.437900 0.423900 0.256800 0.121500 0.123000 0.163000 0.123400 0.288600 0.245300 0.246400
Gemsbok 0.150400 0.554800 0.170700 0.341100 0.061800 0.150400 0.104100 0.139200 0.125000 0.452200 0.176000 0.148000 0.102800 0.185400 0.144800 0.164300 0.452100 0.272400 0.125600 0.173900 0.144400 0.170800 0.388400 0.404000 0.232300 0.163400 0.082400 0.173900 0.168600 0.194900 0.389400 0.101000 0.361000 0.082900 0.000000 0.257700 0.222200 0.098800 0.250300 0.411100 0.453200 0.143600 0.431000 0.417600 0.230200 0.163400 0.121800 0.161300 0.165900 0.284600 0.194700 0.195300
Yak 0.338600 0.571200 0.257400 0.436800 0.285600 0.338600 0.283600 0.313600 0.304800 0.372500 0.370800 0.143000 0.280100 0.319100 0.276800 0.346900 0.601900 0.463800 0.307600 0.262000 0.325300 0.359600 0.315000 0.363100 0.424600 0.344300 0.308100 0.262000 0.355900 0.282700 0.315800 0.324500 0.434300 0.285700 0.257700 0.000000 0.367600 0.269600 0.366300 0.336700 0.372400 0.323300 0.351300 0.402400 0.094400 0.294600 0.348800 0.340700 0.349700 0.405600 0.282900 0.283500
BlueSheep 0.107500 0.614400 0.273100 0.498100 0.200700 0.107500 0.106500 0.142200 0.221500 0.426400 0.086400 0.247800 0.196500 0.144900 0.148200 0.214200 0.640900 0.467500 0.128000 0.278700 0.193700 0.083900 0.425200 0.379900 0.123700 0.213100 0.175200 0.278700 0.172600 0.247800 0.364200 0.147400 0.394500 0.176300 0.222200 0.367600 0.000000 0.188500 0.208400 0.448900 0.427500 0.192600 0.404800 0.394200 0.284300 0.213000 0.215700 0.234800 0.193800 0.343000 0.300500 0.301800
BohorReedb 0.210300 0.554500 0.230500 0.326200 0.079000 0.210300 0.119600 0.113400 0.184000 0.456300 0.190200 0.207500 0.161300 0.156300 0.159500 0.178500 0.522200 0.338800 0.141000 0.234600 0.159100 0.184800 0.395400 0.383200 0.244200 0.177500 0.141200 0.234600 0.182900 0.255000 0.396300 0.116900 0.423600 0.142000 0.098800 0.269600 0.188500 0.000000 0.262000 0.417000 0.456700 0.158200 0.435700 0.422800 0.242400 0.177300 0.137200 0.175300 0.179900 0.344000 0.255000 0.255600
KirksDik 0.184700 0.619500 0.298800 0.599300 0.229900 0.184700 0.140200 0.172500 0.249600 0.482100 0.164900 0.206700 0.225900 0.219000 0.179500 0.197500 0.687700 0.543800 0.160200 0.304000 0.178100 0.160400 0.420100 0.376400 0.197600 0.196300 0.205300 0.304000 0.159000 0.274200 0.420900 0.178500 0.391200 0.206700 0.250300 0.366300 0.208400 0.262000 0.000000 0.502900 0.482300 0.176700 0.461300 0.446700 0.287700 0.240900 0.198600 0.283300 0.244400 0.313600 0.324700 0.325500
RoeDeer 0.453500 0.435600 0.472500 0.566000 0.449600 0.453500 0.445300 0.469500 0.468500 0.100000 0.495500 0.321300 0.438600 0.479800 0.432200 0.517600 0.460500 0.396900 0.476800 0.483000 0.493400 0.477700 0.074700 0.149800 0.552600 0.513600 0.477400 0.483000 0.464800 0.507800 0.073300 0.492100 0.453500 0.481800 0.411100 0.336700 0.448900 0.417000 0.502900 0.000000 0.074900 0.489700 0.049500 0.169800 0.358400 0.450200 0.521100 0.507700 0.524900 0.631600 0.507100 0.510000
WhiteLippe 0.432000 0.554600 0.451000 0.616000 0.428000 0.432000 0.423900 0.449000 0.447300 0.075900 0.473600 0.358000 0.417400 0.459100 0.411200 0.496600 0.510100 0.443000 0.455700 0.461300 0.472500 0.456500 0.050400 0.126400 0.532000 0.493000 0.456300 0.461300 0.443500 0.486400 0.049400 0.471200 0.495500 0.460600 0.453200 0.372400 0.427500 0.456700 0.482300 0.074900 0.000000 0.469000 0.025600 0.096200 0.394900 0.429600 0.500200 0.553200 0.504000 0.611300 0.485500 0.488500
ThomsonGaz 0.168800 0.638900 0.188600 0.467100 0.123500 0.168800 0.080400 0.075300 0.143300 0.468100 0.148300 0.211600 0.121100 0.117400 0.119800 0.057300 0.605100 0.347000 0.101000 0.239300 0.038400 0.144200 0.405100 0.420100 0.203800 0.018700 0.101200 0.239300 0.058700 0.260100 0.406200 0.119200 0.430700 0.101800 0.143600 0.323300 0.192600 0.158200 0.176700 0.489700 0.469000 0.000000 0.447400 0.376500 0.293800 0.096000 0.097600 0.178600 0.140200 0.301300 0.259900 0.260800
MuntiacusC 0.409100 0.530900 0.429200 0.593500 0.405500 0.409100 0.401700 0.428500 0.425700 0.049700 0.450700 0.336100 0.395500 0.438200 0.389500 0.475300 0.486300 0.418800 0.433000 0.439000 0.450700 0.433800 0.025100 0.102400 0.509900 0.471700 0.433800 0.439000 0.422100 0.464300 0.025600 0.449500 0.474200 0.437900 0.431000 0.351300 0.404800 0.435700 0.461300 0.049500 0.025600 0.447400 0.000000 0.124200 0.374000 0.408400 0.478600 0.531400 0.482000 0.588400 0.463700 0.466300
WhiteTaile 0.338100 0.660100 0.418100 0.638600 0.394300 0.338100 0.391000 0.362400 0.415000 0.146900 0.434700 0.388800 0.385400 0.315200 0.380200 0.344300 0.580500 0.443600 0.420000 0.488800 0.379000 0.420700 0.146800 0.116900 0.490700 0.342100 0.420300 0.488800 0.412800 0.512900 0.147200 0.435100 0.591000 0.423900 0.417600 0.402400 0.394200 0.422800 0.446700 0.169800 0.096200 0.376500 0.124200 0.000000 0.423700 0.290100 0.461700 0.447900 0.465000 0.634200 0.511900 0.515000
Cattle 0.258300 0.527100 0.230100 0.401900 0.256700 0.258300 0.208400 0.239800 0.228800 0.394600 0.286700 0.078200 0.300100 0.243800 0.249200 0.316200 0.552300 0.424100 0.278200 0.234100 0.295600 0.278500 0.337000 0.385300 0.340400 0.314100 0.278500 0.234100 0.275400 0.254500 0.337700 0.247800 0.347200 0.256800 0.230200 0.094400 0.284300 0.242400 0.287700 0.358400 0.394900 0.293800 0.374000 0.423700 0.000000 0.314000 0.318000 0.310800 0.319000 0.372700 0.254500 0.255200
RoyalAntel 0.143600 0.664200 0.208700 0.489300 0.142700 0.143600 0.100000 0.134200 0.163000 0.429000 0.168700 0.231800 0.098700 0.095500 0.097600 0.076100 0.631800 0.370100 0.120600 0.260000 0.097500 0.163900 0.369100 0.384300 0.223300 0.075700 0.120800 0.260000 0.119400 0.280700 0.370000 0.138400 0.452500 0.121500 0.163400 0.294600 0.213000 0.177300 0.240900 0.450200 0.429600 0.096000 0.408400 0.290100 0.314000 0.000000 0.159100 0.154700 0.159500 0.321600 0.280500 0.281400
Steenbok 0.191200 0.673600 0.211400 0.438600 0.101800 0.191200 0.101200 0.095000 0.165100 0.499600 0.170800 0.234400 0.142400 0.180700 0.140800 0.117400 0.569100 0.375200 0.122000 0.215200 0.098200 0.165900 0.435200 0.449100 0.225900 0.116800 0.122200 0.215200 0.120300 0.235900 0.436200 0.098400 0.458600 0.123000 0.121800 0.348800 0.215700 0.137200 0.198600 0.521100 0.500200 0.097600 0.478600 0.461700 0.318000 0.159100 0.000000 0.200100 0.140500 0.325400 0.235800 0.236400
Impala 0.185900 0.584100 0.300200 0.319400 0.185400 0.185900 0.140600 0.215600 0.250500 0.552100 0.212100 0.229000 0.181900 0.175500 0.137100 0.155500 0.548900 0.423800 0.118900 0.305800 0.179600 0.161600 0.485200 0.499100 0.219800 0.154800 0.162000 0.305800 0.203600 0.326900 0.486300 0.136400 0.392300 0.163000 0.161300 0.340700 0.234800 0.175300 0.283300 0.507700 0.553200 0.178600 0.531400 0.447900 0.310800 0.154700 0.200100 0.000000 0.156900 0.317400 0.326500 0.327700
Klipspring 0.192100 0.602600 0.259300 0.381300 0.145600 0.192100 0.101500 0.177800 0.211000 0.502900 0.171400 0.235500 0.142800 0.181000 0.141200 0.160300 0.567300 0.438500 0.122600 0.264300 0.140900 0.167400 0.437400 0.452400 0.137900 0.159600 0.122700 0.264300 0.163100 0.285500 0.438600 0.140500 0.402600 0.123400 0.165900 0.349700 0.193800 0.179900 0.244400 0.524900 0.504000 0.140200 0.482000 0.465000 0.319000 0.159500 0.140500 0.156900 0.000000 0.327700 0.235300 0.286200
ForestMusk 0.264500 0.541000 0.334500 0.530200 0.263500 0.264500 0.261600 0.338800 0.282200 0.608800 0.293100 0.286500 0.307600 0.345800 0.254400 0.322900 0.605700 0.503200 0.188900 0.341600 0.303100 0.235800 0.536100 0.553000 0.348100 0.321600 0.286600 0.341600 0.331100 0.309700 0.537600 0.252900 0.374200 0.288600 0.284600 0.405600 0.343000 0.344000 0.313600 0.631600 0.611300 0.301300 0.588400 0.634200 0.372700 0.321600 0.325400 0.317400 0.327700 0.000000 0.362600 0.364600
Bushbuck 0.222700 0.583000 0.061400 0.366500 0.173700 0.222700 0.172500 0.206200 0.102900 0.485000 0.251300 0.171500 0.265600 0.256700 0.214400 0.282500 0.447200 0.388600 0.243300 0.020500 0.261500 0.243600 0.419700 0.499800 0.256700 0.280700 0.243700 0.020600 0.240700 0.040900 0.421000 0.167400 0.387700 0.245300 0.194700 0.282900 0.300500 0.255000 0.324700 0.507100 0.485500 0.259900 0.463700 0.511900 0.254500 0.280500 0.235800 0.326500 0.235300 0.362600 0.000000 0.041000
GreaterKud 0.223600 0.664800 0.060700 0.426000 0.174200 0.223600 0.173000 0.206400 0.103500 0.487600 0.252200 0.171900 0.266500 0.257300 0.215100 0.283100 0.519600 0.390600 0.244300 0.020500 0.262300 0.244700 0.421500 0.502900 0.308400 0.281500 0.244700 0.020600 0.241200 0.040500 0.423000 0.167800 0.447300 0.246400 0.195300 0.283500 0.301800 0.255600 0.325500 0.510000 0.488500 0.260800 0.466300 0.515000 0.255200 0.281400 0.236400 0.327700 0.286200 0.364600 0.041000 0.000000
