1
52 1
Argali 0.000000 0.005500 0.005600 0.011100 0.005600 0.002800 0.008400 0.008400 0.005500 0.008300 0.002800 0.005600 0.005600 0.005600 0.005600 0.005600 0.005600 0.008400 0.005600 0.005600 0.005600 0.002800 0.011200 0.016900 0.002800 0.005600 0.005600 0.005600 0.005600 0.005600 0.011100 0.005600 0.005600 0.005600 0.005600 0.005600 0.002800 0.005500 0.005600 0.008300 0.011200 0.005600 0.008300 0.016900 0.005600 0.005600 0.005600 0.008400 0.008400 0.005600 0.005600 0.005600
LesserMous 0.005500 0.000000 0.005500 0.011100 0.005500 0.008300 0.008300 0.008300 0.005500 0.008300 0.008300 0.005500 0.005600 0.005500 0.005500 0.005500 0.005500 0.008300 0.005500 0.005500 0.005500 0.008300 0.005500 0.011200 0.008300 0.005500 0.005500 0.005500 0.005500 0.005500 0.011100 0.005500 0.005500 0.005500 0.005500 0.005500 0.008300 0.005500 0.005600 0.008300 0.005600 0.005500 0.008300 0.011200 0.005500 0.005600 0.005500 0.002800 0.002800 0.005500 0.005500 0.005500
LesserKudu 0.005600 0.005500 0.000000 0.005500 0.000000 0.002800 0.002800 0.002800 0.000000 0.002800 0.002800 0.000000 0.000000 0.000100 0.000000 0.000000 0.000000 0.002800 0.000000 0.000000 0.000000 0.002800 0.005600 0.011200 0.002800 0.000000 0.000000 0.000000 0.000000 0.000000 0.005500 0.000100 0.000000 0.000000 0.000000 0.000000 0.002800 0.000000 0.000100 0.002800 0.005600 0.000100 0.002800 0.011200 0.000000 0.000100 0.000000 0.002800 0.002800 0.000100 0.000000 0.000000
KillerWhal 0.011100 0.011100 0.005500 0.000000 0.005500 0.008300 0.008300 0.008300 0.005500 0.008300 0.008300 0.005500 0.005500 0.005500 0.005500 0.005500 0.005500 0.008300 0.005500 0.005500 0.005500 0.008300 0.011100 0.016800 0.008300 0.005500 0.005500 0.005500 0.005500 0.005500 0.011100 0.005500 0.005500 0.005500 0.005500 0.005500 0.008300 0.005500 0.005500 0.008300 0.011100 0.005500 0.008300 0.016800 0.005500 0.005500 0.005500 0.008300 0.008300 0.005500 0.005500 0.005500
DefassaWat 0.005600 0.005500 0.000000 0.005500 0.000000 0.002800 0.002800 0.002800 0.000000 0.002800 0.002800 0.000000 0.000000 0.000000 0.000000 0.000000 0.000000 0.002800 0.000000 0.000000 0.000000 0.002800 0.005600 0.011200 0.002800 0.000000 0.000000 0.000000 0.000000 0.000000 0.005500 0.000000 0.000000 0.000000 0.000000 0.000000 0.002800 0.000000 0.000000 0.002800 0.005600 0.000000 0.002800 0.011200 0.000000 0.000000 0.000000 0.002800 0.002800 0.000000 0.000000 0.000000
Sheep 0.002800 0.008300 0.002800 0.008300 0.002800 0.000000 0.005600 0.005600 0.002800 0.005500 0.000000 0.002800 0.002800 0.002800 0.002800 0.002800 0.002800 0.005600 0.002800 0.002800 0.002800 0.000000 0.008400 0.014100 0.000000 0.002800 0.002800 0.002800 0.002800 0.002800 0.008300 0.002800 0.002800 0.002800 0.002800 0.002800 0.000000 0.002800 0.002800 0.005500 0.008400 0.002800 0.005500 0.014100 0.002800 0.002800 0.002800 0.005600 0.005600 0.002800 0.002800 0.002800
MaxwellsDu 0.008400 0.008300 0.002800 0.008300 0.002800 0.005600 0.000000 0.005600 0.002800 0.005600 0.005600 0.002800 0.002800 0.002800 0.002800 0.002800 0.002800 0.005600 0.002800 0.002800 0.002800 0.005600 0.008400 0.014100 0.005600 0.002800 0.002800 0.002800 0.002800 0.002800 0.002800 0.002800 0.002800 0.002800 0.002800 0.002800 0.005600 0.002800 0.002800 0.005600 0.008400 0.002800 0.005600 0.014100 0.002800 0.002800 0.002800 0.005600 0.005600 0.002800 0.002800 0.002800
GazellaPrz 0.008400 0.008300 0.002800 0.008300 0.002800 0.005600 0.005600 0.000000 0.002800 0.005500 0.005500 0.002800 0.002800 0.002800 0.002800 0.002800 0.002800 0.005600 0.002800 0.002800 0.002800 0.005500 0.008400 0.014000 0.005500 0.002800 0.002800 0.002800 0.002800 0.002800 0.008300 0.002800 0.002800 0.002800 0.002800 0.002800 0.005600 0.002800 0.002800 0.005500 0.008400 0.002800 0.005500 0.014000 0.002800 0.002800 0.002800 0.005600 0.005600 0.002800 0.002800 0.002800
MountainNy 0.005500 0.005500 0.000000 0.005500 0.000000 0.002800 0.002800 0.002800 0.000000 0.002800 0.002800 0.000000 0.000000 0.000000 0.000000 0.000000 0.000000 0.002800 0.000000 0.000000 0.000000 0.002800 0.005600 0.011200 0.002800 0.000000 0.000000 0.000000 0.000000 0.000000 0.005500 0.000100 0.000000 0.000000 0.000000 0.000000 0.002800 0.000000 0.000000 0.002800 0.005600 0.000000 0.002800 0.011200 0.000000 0.000100 0.000000 0.002800 0.002800 0.000100 0.000000 0.000000
MuntiacusM 0.008300 0.008300 0.002800 0.008300 0.002800 0.005500 0.005600 0.005500 0.002800 0.000000 0.005500 0.002800 0.002800 0.002800 0.002800 0.002800 0.002800 0.005600 0.002800 0.002800 0.002800 0.005500 0.002800 0.008400 0.005500 0.002800 0.002800 0.002800 0.002800 0.002800 0.002700 0.002800 0.002800 0.002800 0.002800 0.002800 0.005600 0.002800 0.002800 0.000000 0.002800 0.002800 0.000000 0.008400 0.002800 0.002800 0.002800 0.005600 0.005600 0.002800 0.002800 0.002800
goat 0.002800 0.008300 0.002800 0.008300 0.002800 0.000000 0.005600 0.005500 0.002800 0.005500 0.000000 0.002800 0.002800 0.002800 0.002800 0.002800 0.002800 0.005600 0.002800 0.002800 0.002800 0.000000 0.008400 0.014000 0.000000 0.002800 0.002800 0.002800 0.002800 0.002800 0.008300 0.002800 0.002800 0.002800 0.002800 0.002800 0.000000 0.002800 0.002800 0.005500 0.008400 0.002800 0.005500 0.014000 0.002800 0.002800 0.002800 0.005600 0.005600 0.002800 0.002800 0.002800
AfricanBuf 0.005600 0.005500 0.000000 0.005500 0.000000 0.002800 0.002800 0.002800 0.000000 0.002800 0.002800 0.000000 0.000000 0.000000 0.000000 0.000000 0.000000 0.002800 0.000000 0.000000 0.000000 0.002800 0.005600 0.011200 0.002800 0.000000 0.000000 0.000000 0.000000 0.000000 0.005500 0.000100 0.000000 0.000000 0.000000 0.000000 0.002800 0.000000 0.000000 0.002800 0.005600 0.000000 0.002800 0.011200 0.000000 0.000000 0.000000 0.002800 0.002800 0.000000 0.000000 0.000000
Topi 0.005600 0.005600 0.000000 0.005500 0.000000 0.002800 0.002800 0.002800 0.000000 0.002800 0.002800 0.000000 0.000000 0.000000 0.000000 0.000000 0.000000 0.002800 0.000000 0.000100 0.000000 0.002800 0.005600 0.011200 0.002800 0.000000 0.000000 0.000000 0.000000 0.000100 0.005600 0.000000 0.000000 0.000000 0.000000 0.000000 0.002800 0.000000 0.000000 0.002800 0.005600 0.000000 0.002800 0.011200 0.000000 0.000000 0.000000 0.002800 0.002800 0.000000 0.000000 0.000000
CommonDuik 0.005600 0.005500 0.000100 0.005500 0.000000 0.002800 0.002800 0.002800 0.000000 0.002800 0.002800 0.000000 0.000000 0.000000 0.000000 0.000000 0.000000 0.002800 0.000000 0.000100 0.000000 0.002800 0.005600 0.011200 0.002800 0.000000 0.000000 0.000100 0.000000 0.000100 0.005500 0.000000 0.000000 0.000000 0.000000 0.000100 0.002800 0.000000 0.000000 0.002800 0.005600 0.000000 0.002800 0.011200 0.000000 0.000100 0.000000 0.002800 0.002800 0.000100 0.000100 0.000100
Suni 0.005600 0.005500 0.000000 0.005500 0.000000 0.002800 0.002800 0.002800 0.000000 0.002800 0.002800 0.000000 0.000000 0.000000 0.000000 0.000000 0.000000 0.002800 0.000000 0.000000 0.000000 0.002800 0.005600 0.011200 0.002800 0.000000 0.000000 0.000000 0.000000 0.000000 0.005500 0.000000 0.000000 0.000000 0.000000 0.000000 0.002800 0.000000 0.000000 0.002800 0.005600 0.000000 0.002800 0.011200 0.000000 0.000000 0.000000 0.002800 0.002800 0.000000 0.000000 0.000000
Springbuck 0.005600 0.005500 0.000000 0.005500 0.000000 0.002800 0.002800 0.002800 0.000000 0.002800 0.002800 0.000000 0.000000 0.000000 0.000000 0.000000 0.000000 0.002800 0.000000 0.000000 0.000000 0.002800 0.005600 0.011200 0.002800 0.000000 0.000000 0.000000 0.000000 0.000000 0.005500 0.000000 0.000000 0.000000 0.000000 0.000000 0.002800 0.000000 0.000000 0.002800 0.005600 0.000000 0.002800 0.011200 0.000000 0.000000 0.000000 0.002800 0.002800 0.000000 0.000000 0.000000
Okapi 0.005600 0.005500 0.000000 0.005500 0.000000 0.002800 0.002800 0.002800 0.000000 0.002800 0.002800 0.000000 0.000000 0.000000 0.000000 0.000000 0.000000 0.002800 0.000000 0.000000 0.000000 0.002800 0.005600 0.011200 0.002800 0.000000 0.000000 0.000000 0.000000 0.000000 0.005500 0.000000 0.000000 0.000000 0.000000 0.000000 0.002800 0.000000 0.000000 0.002800 0.005600 0.000000 0.002800 0.011200 0.000000 0.000000 0.000000 0.002800 0.002800 0.000000 0.000000 0.000000
Giraffe 0.008400 0.008300 0.002800 0.008300 0.002800 0.005600 0.005600 0.005600 0.002800 0.005600 0.005600 0.002800 0.002800 0.002800 0.002800 0.002800 0.002800 0.000000 0.002800 0.002800 0.002800 0.005600 0.008400 0.014100 0.005600 0.002800 0.002800 0.002800 0.002800 0.002800 0.008300 0.002800 0.002800 0.002800 0.002800 0.002800 0.005600 0.002800 0.002800 0.005600 0.008400 0.002800 0.005600 0.014100 0.002800 0.002800 0.002800 0.005600 0.005600 0.002800 0.002800 0.002800
TibetanAnt 0.005600 0.005500 0.000000 0.005500 0.000000 0.002800 0.002800 0.002800 0.000000 0.002800 0.002800 0.000000 0.000000 0.000000 0.000000 0.000000 0.000000 0.002800 0.000000 0.000000 0.000000 0.002800 0.005600 0.011200 0.002800 0.000000 0.000000 0.000000 0.000000 0.000000 0.005500 0.000000 0.000000 0.000000 0.000000 0.000000 0.002800 0.000000 0.000000 0.002800 0.005600 0.000000 0.002800 0.011200 0.000000 0.000000 0.000000 0.002800 0.002800 0.000000 0.000000 0.000000
Sitatunga 0.005600 0.005500 0.000000 0.005500 0.000000 0.002800 0.002800 0.002800 0.000000 0.002800 0.002800 0.000000 0.000100 0.000100 0.000000 0.000000 0.000000 0.002800 0.000000 0.000000 0.000000 0.002800 0.005600 0.011200 0.002800 0.000000 0.000000 0.000000 0.000000 0.000000 0.005500 0.000100 0.000100 0.000000 0.000000 0.000000 0.002800 0.000000 0.000100 0.002800 0.005600 0.000100 0.002800 0.011200 0.000000 0.000100 0.000000 0.002800 0.002800 0.000100 0.000000 0.000000
Oribi 0.005600 0.005500 0.000000 0.005500 0.000000 0.002800 0.002800 0.002800 0.000000 0.002800 0.002800 0.000000 0.000000 0.000000 0.000000 0.000000 0.000000 0.002800 0.000000 0.000000 0.000000 0.002800 0.005600 0.011200 0.002800 0.000000 0.000000 0.000000 0.000000 0.000000 0.005500 0.000100 0.000000 0.000000 0.000000 0.000000 0.002800 0.000000 0.000000 0.002800 0.005600 0.000000 0.002800 0.011200 0.000000 0.000000 0.000000 0.002800 0.002800 0.000000 0.000000 0.000000
BarbaryShe 0.002800 0.008300 0.002800 0.008300 0.002800 0.000000 0.005600 0.005500 0.002800 0.005500 0.000000 0.002800 0.002800 0.002800 0.002800 0.002800 0.002800 0.005600 0.002800 0.002800 0.002800 0.000000 0.008400 0.014000 0.000000 0.002800 0.002800 0.002800 0.002800 0.002800 0.008300 0.002800 0.002800 0.002800 0.002800 0.002800 0.000000 0.002800 0.002800 0.005500 0.008400 0.002800 0.005500 0.014000 0.002800 0.002800 0.002800 0.005600 0.005600 0.002800 0.002800 0.002800
Daviddeer 0.011200 0.005500 0.005600 0.011100 0.005600 0.008400 0.008400 0.008400 0.005600 0.002800 0.008400 0.005600 0.005600 0.005600 0.005600 0.005600 0.005600 0.008400 0.005600 0.005600 0.005600 0.008400 0.000000 0.005600 0.008400 0.005600 0.005600 0.005600 0.005600 0.005600 0.005500 0.005600 0.005600 0.005600 0.005600 0.005600 0.008400 0.005500 0.005600 0.002800 0.000000 0.005600 0.002800 0.005600 0.005600 0.005600 0.005600 0.002800 0.002800 0.005600 0.005600 0.005600
Reindeer 0.016900 0.011200 0.011200 0.016800 0.011200 0.014100 0.014100 0.014000 0.011200 0.008400 0.014000 0.011200 0.011200 0.011200 0.011200 0.011200 0.011200 0.014100 0.011200 0.011200 0.011200 0.014000 0.005600 0.000000 0.014000 0.011200 0.011200 0.011200 0.011200 0.011200 0.011200 0.011200 0.011200 0.011200 0.011200 0.011200 0.014100 0.011200 0.011300 0.008400 0.005600 0.011200 0.008400 0.000000 0.011200 0.011300 0.011200 0.008400 0.008400 0.011200 0.011200 0.011200
Ibex 0.002800 0.008300 0.002800 0.008300 0.002800 0.000000 0.005600 0.005500 0.002800 0.005500 0.000000 0.002800 0.002800 0.002800 0.002800 0.002800 0.002800 0.005600 0.002800 0.002800 0.002800 0.000000 0.008400 0.014000 0.000000 0.002800 0.002800 0.002800 0.002800 0.002800 0.008300 0.002800 0.002800 0.002800 0.002800 0.002800 0.000000 0.002800 0.002800 0.005500 0.008400 0.002800 0.005500 0.014000 0.002800 0.002800 0.002800 0.005600 0.005600 0.002800 0.002800 0.002800
GyrantGaze 0.005600 0.005500 0.000000 0.005500 0.000000 0.002800 0.002800 0.002800 0.000000 0.002800 0.002800 0.000000 0.000000 0.000000 0.000000 0.000000 0.000000 0.002800 0.000000 0.000000 0.000000 0.002800 0.005600 0.011200 0.002800 0.000000 0.000000 0.000000 0.000000 0.000000 0.005500 0.000000 0.000000 0.000000 0.000000 0.000000 0.002800 0.000000 0.000000 0.002800 0.005600 0.000000 0.002800 0.011200 0.000000 0.000000 0.000000 0.002800 0.002800 0.000000 0.000000 0.000000
Hartebeest 0.005600 0.005500 0.000000 0.005500 0.000000 0.002800 0.002800 0.002800 0.000000 0.002800 0.002800 0.000000 0.000000 0.000000 0.000000 0.000000 0.000000 0.002800 0.000000 0.000000 0.000000 0.002800 0.005600 0.011200 0.002800 0.000000 0.000000 0.000000 0.000000 0.000000 0.005500 0.000000 0.000000 0.000000 0.000000 0.000000 0.002800 0.000000 0.000000 0.002800 0.005600 0.000000 0.002800 0.011200 0.000000 0.000000 0.000000 0.002800 0.002800 0.000000 0.000000 0.000000
Bongo 0.005600 0.005500 0.000000 0.005500 0.000000 0.002800 0.002800 0.002800 0.000000 0.002800 0.002800 0.000000 0.000000 0.000100 0.000000 0.000000 0.000000 0.002800 0.000000 0.000000 0.000000 0.002800 0.005600 0.011200 0.002800 0.000000 0.000000 0.000000 0.000000 0.000000 0.005500 0.000100 0.000000 0.000000 0.000000 0.000000 0.002800 0.000000 0.000100 0.002800 0.005600 0.000100 0.002800 0.011200 0.000000 0.000100 0.000000 0.002800 0.002800 0.000100 0.000000 0.000000
Gerenuk 0.005600 0.005500 0.000000 0.005500 0.000000 0.002800 0.002800 0.002800 0.000000 0.002800 0.002800 0.000000 0.000000 0.000000 0.000000 0.000000 0.000000 0.002800 0.000000 0.000000 0.000000 0.002800 0.005600 0.011200 0.002800 0.000000 0.000000 0.000000 0.000000 0.000000 0.005500 0.000000 0.000000 0.000000 0.000000 0.000000 0.002800 0.000000 0.000000 0.002800 0.005600 0.000000 0.002800 0.011200 0.000000 0.000000 0.000000 0.002800 0.002800 0.000000 0.000000 0.000000
CommonElan 0.005600 0.005500 0.000000 0.005500 0.000000 0.002800 0.002800 0.002800 0.000000 0.002800 0.002800 0.000000 0.000100 0.000100 0.000000 0.000000 0.000000 0.002800 0.000000 0.000000 0.000000 0.002800 0.005600 0.011200 0.002800 0.000000 0.000000 0.000000 0.000000 0.000000 0.005500 0.000100 0.000100 0.000000 0.000000 0.000000 0.002800 0.000000 0.000100 0.002800 0.005600 0.000100 0.002800 0.011200 0.000000 0.000100 0.000000 0.002800 0.002800 0.000100 0.000000 0.000000
MuntiacusR 0.011100 0.011100 0.005500 0.011100 0.005500 0.008300 0.002800 0.008300 0.005500 0.002700 0.008300 0.005500 0.005600 0.005500 0.005500 0.005500 0.005500 0.008300 0.005500 0.005500 0.005500 0.008300 0.005500 0.011200 0.008300 0.005500 0.005500 0.005500 0.005500 0.005500 0.000000 0.005500 0.005500 0.005500 0.005500 0.005500 0.008300 0.005500 0.005600 0.002800 0.005600 0.005500 0.002700 0.011200 0.005500 0.005600 0.005500 0.008300 0.008300 0.005500 0.005500 0.005500
HarveysDui 0.005600 0.005500 0.000100 0.005500 0.000000 0.002800 0.002800 0.002800 0.000100 0.002800 0.002800 0.000100 0.000000 0.000000 0.000000 0.000000 0.000000 0.002800 0.000000 0.000100 0.000100 0.002800 0.005600 0.011200 0.002800 0.000000 0.000000 0.000100 0.000000 0.000100 0.005500 0.000000 0.000100 0.000000 0.000000 0.000100 0.002800 0.000100 0.000100 0.002800 0.005600 0.000100 0.002800 0.011200 0.000100 0.000100 0.000000 0.002800 0.002800 0.000100 0.000100 0.000100
Pronghorn 0.005600 0.005500 0.000000 0.005500 0.000000 0.002800 0.002800 0.002800 0.000000 0.002800 0.002800 0.000000 0.000000 0.000000 0.000000 0.000000 0.000000 0.002800 0.000000 0.000100 0.000000 0.002800 0.005600 0.011200 0.002800 0.000000 0.000000 0.000000 0.000000 0.000100 0.005500 0.000100 0.000000 0.000000 0.000000 0.000000 0.002800 0.000000 0.000000 0.002800 0.005600 0.000000 0.002800 0.011200 0.000000 0.000000 0.000000 0.002800 0.002800 0.000000 0.000000 0.000000
BlueWildeb 0.005600 0.005500 0.000000 0.005500 0.000000 0.002800 0.002800 0.002800 0.000000 0.002800 0.002800 0.000000 0.000000 0.000000 0.000000 0.000000 0.000000 0.002800 0.000000 0.000000 0.000000 0.002800 0.005600 0.011200 0.002800 0.000000 0.000000 0.000000 0.000000 0.000000 0.005500 0.000000 0.000000 0.000000 0.000000 0.000000 0.002800 0.000000 0.000000 0.002800 0.005600 0.000000 0.002800 0.011200 0.000000 0.000000 0.000000 0.002800 0.002800 0.000000 0.000000 0.000000
Gemsbok 0.005600 0.005500 0.000000 0.005500 0.000000 0.002800 0.002800 0.002800 0.000000 0.002800 0.002800 0.000000 0.000000 0.000000 0.000000 0.000000 0.000000 0.002800 0.000000 0.000000 0.000000 0.002800 0.005600 0.011200 0.002800 0.000000 0.000000 0.000000 0.000000 0.000000 0.005500 0.000000 0.000000 0.000000 0.000000 0.000000 0.002800 0.000000 0.000000 0.002800 0.005600 0.000000 0.002800 0.011200 0.000000 0.000000 0.000000 0.002800 0.002800 0.000000 0.000000 0.000000
Yak 0.005600 0.005500 0.000000 0.005500 0.000000 0.002800 0.002800 0.002800 0.000000 0.002800 0.002800 0.000000 0.000000 0.000100 0.000000 0.000000 0.000000 0.002800 0.000000 0.000000 0.000000 0.002800 0.005600 0.011200 0.002800 0.000000 0.000000 0.000000 0.000000 0.000000 0.005500 0.000100 0.000000 0.000000 0.000000 0.000000 0.002800 0.000000 0.000100 0.002800 0.005600 0.000100 0.002800 0.011200 0.000000 0.000100 0.000000 0.002800 0.002800 0.000100 0.000000 0.000000
BlueSheep 0.002800 0.008300 0.002800 0.008300 0.002800 0.000000 0.005600 0.005600 0.002800 0.005600 0.000000 0.002800 0.002800 0.002800 0.002800 0.002800 0.002800 0.005600 0.002800 0.002800 0.002800 0.000000 0.008400 0.014100 0.000000 0.002800 0.002800 0.002800 0.002800 0.002800 0.008300 0.002800 0.002800 0.002800 0.002800 0.002800 0.000000 0.002800 0.002800 0.005600 0.008400 0.002800 0.005600 0.014100 0.002800 0.002800 0.002800 0.005600 0.005600 0.002800 0.002800 0.002800
BohorReedb 0.005500 0.005500 0.000000 0.005500 0.000000 0.002800 0.002800 0.002800 0.000000 0.002800 0.002800 0.000000 0.000000 0.000000 0.000000 0.000000 0.000000 0.002800 0.000000 0.000000 0.000000 0.002800 0.005500 0.011200 0.002800 0.000000 0.000000 0.000000 0.000000 0.000000 0.005500 0.000100 0.000000 0.000000 0.000000 0.000000 0.002800 0.000000 0.000000 0.002800 0.005600 0.000000 0.002800 0.011200 0.000000 0.000000 0.000000 0.002800 0.002800 0.000000 0.000000 0.000000
KirksDik 0.005600 0.005600 0.000100 0.005500 0.000000 0.002800 0.002800 0.002800 0.000000 0.002800 0.002800 0.000000 0.000000 0.000000 0.000000 0.000000 0.000000 0.002800 0.000000 0.000100 0.000000 0.002800 0.005600 0.011300 0.002800 0.000000 0.000000 0.000100 0.000000 0.000100 0.005600 0.000100 0.000000 0.000000 0.000000 0.000100 0.002800 0.000000 0.000000 0.002800 0.005600 0.000000 0.002800 0.011300 0.000000 0.000000 0.000000 0.002800 0.002800 0.000100 0.000100 0.000100
RoeDeer 0.008300 0.008300 0.002800 0.008300 0.002800 0.005500 0.005600 0.005500 0.002800 0.000000 0.005500 0.002800 0.002800 0.002800 0.002800 0.002800 0.002800 0.005600 0.002800 0.002800 0.002800 0.005500 0.002800 0.008400 0.005500 0.002800 0.002800 0.002800 0.002800 0.002800 0.002800 0.002800 0.002800 0.002800 0.002800 0.002800 0.005600 0.002800 0.002800 0.000000 0.002800 0.002800 0.000000 0.008400 0.002800 0.002800 0.002800 0.005600 0.005600 0.002800 0.002800 0.002800
WhiteLippe 0.011200 0.005600 0.005600 0.011100 0.005600 0.008400 0.008400 0.008400 0.005600 0.002800 0.008400 0.005600 0.005600 0.005600 0.005600 0.005600 0.005600 0.008400 0.005600 0.005600 0.005600 0.008400 0.000000 0.005600 0.008400 0.005600 0.005600 0.005600 0.005600 0.005600 0.005600 0.005600 0.005600 0.005600 0.005600 0.005600 0.008400 0.005600 0.005600 0.002800 0.000000 0.005600 0.002800 0.005600 0.005600 0.005600 0.005600 0.002800 0.002800 0.005600 0.005600 0.005600
ThomsonGaz 0.005600 0.005500 0.000100 0.005500 0.000000 0.002800 0.002800 0.002800 0.000000 0.002800 0.002800 0.000000 0.000000 0.000000 0.000000 0.000000 0.000000 0.002800 0.000000 0.000100 0.000000 0.002800 0.005600 0.011200 0.002800 0.000000 0.000000 0.000100 0.000000 0.000100 0.005500 0.000100 0.000000 0.000000 0.000000 0.000100 0.002800 0.000000 0.000000 0.002800 0.005600 0.000000 0.002800 0.011200 0.000000 0.000100 0.000000 0.002800 0.002800 0.000100 0.000100 0.000100
MuntiacusC 0.008300 0.008300 0.002800 0.008300 0.002800 0.005500 0.005600 0.005500 0.002800 0.000000 0.005500 0.002800 0.002800 0.002800 0.002800 0.002800 0.002800 0.005600 0.002800 0.002800 0.002800 0.005500 0.002800 0.008400 0.005500 0.002800 0.002800 0.002800 0.002800 0.002800 0.002700 0.002800 0.002800 0.002800 0.002800 0.002800 0.005600 0.002800 0.002800 0.000000 0.002800 0.002800 0.000000 0.008400 0.002800 0.002800 0.002800 0.005600 0.005600 0.002800 0.002800 0.002800
WhiteTaile 0.016900 0.011200 0.011200 0.016800 0.011200 0.014100 0.014100 0.014000 0.011200 0.008400 0.014000 0.011200 0.011200 0.011200 0.011200 0.011200 0.011200 0.014100 0.011200 0.011200 0.011200 0.014000 0.005600 0.000000 0.014000 0.011200 0.011200 0.011200 0.011200 0.011200 0.011200 0.011200 0.011200 0.011200 0.011200 0.011200 0.014100 0.011200 0.011300 0.008400 0.005600 0.011200 0.008400 0.000000 0.011200 0.011300 0.011200 0.008400 0.008400 0.011200 0.011200 0.011200
Cattle 0.005600 0.005500 0.000000 0.005500 0.000000 0.002800 0.002800 0.002800 0.000000 0.002800 0.002800 0.000000 0.000000 0.000000 0.000000 0.000000 0.000000 0.002800 0.000000 0.000000 0.000000 0.002800 0.005600 0.011200 0.002800 0.000000 0.000000 0.000000 0.000000 0.000000 0.005500 0.000100 0.000000 0.000000 0.000000 0.000000 0.002800 0.000000 0.000000 0.002800 0.005600 0.000000 0.002800 0.011200 0.000000 0.000100 0.000000 0.002800 0.002800 0.000100 0.000000 0.000000
RoyalAntel 0.005600 0.005600 0.000100 0.005500 0.000000 0.002800 0.002800 0.002800 0.000100 0.002800 0.002800 0.000000 0.000000 0.000100 0.000000 0.000000 0.000000 0.002800 0.000000 0.000100 0.000000 0.002800 0.005600 0.011300 0.002800 0.000000 0.000000 0.000100 0.000000 0.000100 0.005600 0.000100 0.000000 0.000000 0.000000 0.000100 0.002800 0.000000 0.000000 0.002800 0.005600 0.000100 0.002800 0.011300 0.000100 0.000000 0.000000 0.002800 0.002800 0.000100 0.000100 0.000100
Steenbok 0.005600 0.005500 0.000000 0.005500 0.000000 0.002800 0.002800 0.002800 0.000000 0.002800 0.002800 0.000000 0.000000 0.000000 0.000000 0.000000 0.000000 0.002800 0.000000 0.000000 0.000000 0.002800 0.005600 0.011200 0.002800 0.000000 0.000000 0.000000 0.000000 0.000000 0.005500 0.000000 0.000000 0.000000 0.000000 0.000000 0.002800 0.000000 0.000000 0.002800 0.005600 0.000000 0.002800 0.011200 0.000000 0.000000 0.000000 0.002800 0.002800 0.000000 0.000000 0.000000
Impala 0.008400 0.002800 0.002800 0.008300 0.002800 0.005600 0.005600 0.005600 0.002800 0.005600 0.005600 0.002800 0.002800 0.002800 0.002800 0.002800 0.002800 0.005600 0.002800 0.002800 0.002800 0.005600 0.002800 0.008400 0.005600 0.002800 0.002800 0.002800 0.002800 0.002800 0.008300 0.002800 0.002800 0.002800 0.002800 0.002800 0.005600 0.002800 0.002800 0.005600 0.002800 0.002800 0.005600 0.008400 0.002800 0.002800 0.002800 0.000000 0.000000 0.002800 0.002800 0.002800
Klipspring 0.008400 0.002800 0.002800 0.008300 0.002800 0.005600 0.005600 0.005600 0.002800 0.005600 0.005600 0.002800 0.002800 0.002800 0.002800 0.002800 0.002800 0.005600 0.002800 0.002800 0.002800 0.005600 0.002800 0.008400 0.005600 0.002800 0.002800 0.002800 0.002800 0.002800 0.008300 0.002800 0.002800 0.002800 0.002800 0.002800 0.005600 0.002800 0.002800 0.005600 0.002800 0.002800 0.005600 0.008400 0.002800 0.002800 0.002800 0.000000 0.000000 0.002800 0.002800 0.002800
ForestMusk 0.005600 0.005500 0.000100 0.005500 0.000000 0.002800 0.002800 0.002800 0.000100 0.002800 0.002800 0.000000 0.000000 0.000100 0.000000 0.000000 0.000000 0.002800 0.000000 0.000100 0.000000 0.002800 0.005600 0.011200 0.002800 0.000000 0.000000 0.000100 0.000000 0.000100 0.005500 0.000100 0.000000 0.000000 0.000000 0.000100 0.002800 0.000000 0.000100 0.002800 0.005600 0.000100 0.002800 0.011200 0.000100 0.000100 0.000000 0.002800 0.002800 0.000000 0.000100 0.000100
Bushbuck 0.005600 0.005500 0.000000 0.005500 0.000000 0.002800 0.002800 0.002800 0.000000 0.002800 0.002800 0.000000 0.000000 0.000100 0.000000 0.000000 0.000000 0.002800 0.000000 0.000000 0.000000 0.002800 0.005600 0.011200 0.002800 0.000000 0.000000 0.000000 0.000000 0.000000 0.005500 0.000100 0.000000 0.000000 0.000000 0.000000 0.002800 0.000000 0.000100 0.002800 0.005600 0.000100 0.002800 0.011200 0.000000 0.000100 0.000000 0.002800 0.002800 0.000100 0.000000 0.000000
GreaterKud 0.005600 0.005500 0.000000 0.005500 0.000000 0.002800 0.002800 0.002800 0.000000 0.002800 0.002800 0.000000 0.000000 0.000100 0.000000 0.000000 0.000000 0.002800 0.000000 0.000000 0.000000 0.002800 0.005600 0.011200 0.002800 0.000000 0.000000 0.000000 0.000000 0.000000 0.005500 0.000100 0.000000 0.000000 0.000000 0.000000 0.002800 0.000000 0.000100 0.002800 0.005600 0.000100 0.002800 0.011200 0.000000 0.000100 0.000000 0.002800 0.002800 0.000100 0.000000 0.000000
