1
52 1
Argali 0.000000 0.348800 0.109700 0.267700 0.106100 0.025300 0.107500 0.194400 0.080600 0.168800 0.051000 0.081400 0.079700 0.106100 0.107700 0.169200 0.202500 0.203600 0.135900 0.080600 0.138600 0.051000 0.168800 0.168800 0.051000 0.170100 0.111400 0.080600 0.169200 0.109500 0.168800 0.079100 0.108800 0.079700 0.109100 0.053100 0.051000 0.106100 0.172900 0.197100 0.168800 0.202700 0.168800 0.168700 0.053100 0.079100 0.107500 0.106300 0.107000 0.208000 0.080600 0.080600
LesserMous 0.348800 0.000000 0.308600 0.205100 0.274000 0.384700 0.308000 0.344000 0.308200 0.237900 0.340700 0.241300 0.241600 0.274000 0.341900 0.311300 0.313000 0.314900 0.312400 0.308200 0.266000 0.340700 0.237900 0.237900 0.340700 0.308400 0.286600 0.308200 0.311300 0.347300 0.237900 0.241700 0.237000 0.241600 0.244300 0.273100 0.340700 0.274000 0.325100 0.267400 0.237900 0.354100 0.237900 0.237800 0.273100 0.241700 0.242000 0.350400 0.207800 0.284900 0.308200 0.308200
LesserKudu 0.109700 0.308600 0.000000 0.233000 0.109400 0.138500 0.138600 0.138100 0.025900 0.108200 0.107800 0.081000 0.081800 0.109400 0.110800 0.112400 0.202200 0.202700 0.140700 0.025700 0.082600 0.107800 0.108200 0.108200 0.107800 0.112500 0.114600 0.025700 0.112400 0.052600 0.108200 0.081400 0.108000 0.081800 0.112200 0.108600 0.107800 0.109400 0.145700 0.135700 0.108200 0.143400 0.108200 0.108500 0.108600 0.081400 0.053700 0.109100 0.109600 0.142800 0.025900 0.025900
KillerWhal 0.267700 0.205100 0.233000 0.000000 0.200800 0.300000 0.233500 0.264000 0.232200 0.168800 0.261700 0.171200 0.171200 0.200800 0.264700 0.241400 0.169900 0.171100 0.169800 0.232200 0.205900 0.261700 0.168800 0.168800 0.261700 0.241100 0.200900 0.232200 0.241400 0.266300 0.168800 0.171200 0.168200 0.171200 0.206100 0.200500 0.261700 0.200800 0.209200 0.196500 0.168800 0.278900 0.168800 0.168700 0.200500 0.171200 0.171800 0.267000 0.140000 0.145500 0.232200 0.232200
DefassaWat 0.106100 0.274000 0.109400 0.200800 0.000000 0.078100 0.052100 0.078200 0.080400 0.108800 0.050900 0.026300 0.025800 0.000000 0.107400 0.108900 0.139500 0.140400 0.025700 0.080400 0.080400 0.050900 0.108800 0.108800 0.050900 0.109500 0.054000 0.080400 0.108900 0.109200 0.108800 0.025600 0.108300 0.025800 0.052800 0.052900 0.050900 0.000000 0.111400 0.136100 0.108800 0.139400 0.108800 0.108800 0.052900 0.025600 0.052100 0.105900 0.051900 0.143300 0.080400 0.080400
Sheep 0.025300 0.384700 0.138500 0.300000 0.078100 0.000000 0.135400 0.163800 0.108500 0.198800 0.025100 0.109200 0.107200 0.078100 0.136400 0.198700 0.233300 0.234500 0.106600 0.108500 0.167600 0.025100 0.198800 0.198800 0.025100 0.199600 0.140200 0.108500 0.198700 0.138500 0.198800 0.106100 0.137100 0.107200 0.137500 0.080300 0.025100 0.078100 0.202900 0.227900 0.198800 0.232800 0.198800 0.198700 0.080300 0.106100 0.135300 0.134000 0.134700 0.238400 0.108500 0.108500
MaxwellsDu 0.107500 0.308000 0.138600 0.233500 0.052100 0.135400 0.000000 0.135100 0.108000 0.137900 0.105200 0.051600 0.026100 0.052100 0.108100 0.110800 0.169400 0.172000 0.080100 0.108000 0.081300 0.105200 0.137900 0.137900 0.105200 0.111000 0.054700 0.108000 0.110800 0.138100 0.137900 0.025900 0.136600 0.026100 0.053400 0.079500 0.105200 0.052100 0.113200 0.164000 0.137900 0.141600 0.137900 0.137000 0.079500 0.025900 0.052800 0.107300 0.052400 0.175600 0.108000 0.108000
GazellaPrz 0.194400 0.344000 0.138100 0.264000 0.078200 0.163800 0.135100 0.000000 0.167900 0.080000 0.132600 0.108900 0.107000 0.078200 0.166200 0.136800 0.232700 0.234100 0.107000 0.167900 0.107700 0.132600 0.080000 0.080000 0.132600 0.137100 0.139900 0.167900 0.136800 0.200800 0.080000 0.106200 0.136200 0.107000 0.137500 0.137500 0.132600 0.078200 0.170400 0.107000 0.080000 0.167100 0.080000 0.080000 0.137500 0.106200 0.078700 0.194000 0.134400 0.171200 0.167900 0.167900
MountainNy 0.080600 0.308200 0.025900 0.232200 0.080400 0.108500 0.108000 0.167900 0.000000 0.136900 0.079300 0.052900 0.053500 0.080400 0.081400 0.142300 0.169200 0.169700 0.110000 0.000000 0.111500 0.079300 0.136900 0.136900 0.079300 0.142500 0.084100 0.000000 0.142300 0.025800 0.136900 0.053200 0.136700 0.053500 0.082400 0.079800 0.079300 0.080400 0.145300 0.164900 0.136900 0.174500 0.136900 0.137300 0.079800 0.053200 0.081400 0.080300 0.080600 0.173700 0.000000 0.000000
MuntiacusM 0.168800 0.237900 0.108200 0.168800 0.108800 0.198800 0.137900 0.080000 0.136900 0.000000 0.165500 0.080800 0.081400 0.108800 0.167100 0.112000 0.139300 0.139800 0.139600 0.136900 0.082200 0.165500 0.000000 0.000000 0.165500 0.112100 0.113900 0.136900 0.112000 0.167400 0.000000 0.081100 0.052400 0.081400 0.111600 0.108200 0.165500 0.108800 0.145400 0.025600 0.000000 0.142900 0.000000 0.000100 0.108200 0.081100 0.053500 0.168400 0.053100 0.083200 0.136900 0.136900
goat 0.051000 0.340700 0.107800 0.261700 0.050900 0.025100 0.105200 0.132600 0.079300 0.165500 0.000000 0.079600 0.078300 0.050900 0.106500 0.165400 0.197600 0.198800 0.078100 0.079300 0.135500 0.000000 0.165500 0.165500 0.000000 0.165700 0.109000 0.079300 0.165400 0.107900 0.165500 0.077600 0.106600 0.078300 0.107100 0.052100 0.000000 0.050900 0.169000 0.193700 0.165500 0.196500 0.165500 0.165500 0.052100 0.077600 0.105500 0.104700 0.104800 0.201200 0.079300 0.079300
AfricanBuf 0.081400 0.241300 0.081000 0.171200 0.026300 0.109200 0.051600 0.108900 0.052900 0.080800 0.079600 0.000000 0.000300 0.026300 0.081700 0.084200 0.111100 0.111500 0.054000 0.052900 0.054800 0.079600 0.080800 0.080800 0.079600 0.084300 0.027600 0.052900 0.084200 0.080600 0.080800 0.000100 0.080700 0.000300 0.027000 0.026200 0.079600 0.026300 0.086000 0.107700 0.080800 0.114900 0.080800 0.081000 0.026200 0.000100 0.026800 0.081200 0.026400 0.114900 0.052300 0.052500
Topi 0.079700 0.241600 0.081800 0.171200 0.025800 0.107200 0.026100 0.107000 0.053500 0.081400 0.078300 0.000300 0.000000 0.025800 0.080400 0.081800 0.111400 0.112100 0.052700 0.053500 0.053400 0.078300 0.081400 0.081400 0.078300 0.081900 0.025900 0.053500 0.081800 0.081700 0.081400 0.000200 0.081100 0.000000 0.025300 0.026400 0.078300 0.025800 0.083700 0.080500 0.081400 0.111300 0.081400 0.081300 0.026400 0.000200 0.026100 0.079600 0.025800 0.114500 0.053500 0.053500
CommonDuik 0.106100 0.274000 0.109400 0.200800 0.000000 0.078100 0.052100 0.078200 0.080400 0.108800 0.050900 0.026300 0.025800 0.000000 0.107400 0.108900 0.139500 0.140400 0.025700 0.080400 0.080400 0.050900 0.108800 0.108800 0.050900 0.109500 0.054000 0.080400 0.108900 0.109200 0.108800 0.025600 0.108300 0.025800 0.052800 0.052900 0.050900 0.000000 0.111400 0.136100 0.108800 0.139400 0.108800 0.108800 0.052900 0.025600 0.052000 0.105900 0.051900 0.143300 0.080400 0.080400
Suni 0.107700 0.341900 0.110800 0.264700 0.107400 0.136400 0.108100 0.166200 0.081400 0.167100 0.106500 0.081700 0.080400 0.107400 0.000000 0.170100 0.198200 0.201900 0.137600 0.081400 0.139200 0.106500 0.167100 0.167100 0.106500 0.170400 0.112100 0.081400 0.170100 0.110900 0.167100 0.079700 0.165000 0.080400 0.110100 0.110000 0.106500 0.107400 0.173800 0.194600 0.167100 0.202400 0.167100 0.165700 0.110000 0.079700 0.108400 0.107500 0.102500 0.203400 0.081400 0.081400
Springbuck 0.169200 0.311300 0.112400 0.241400 0.108900 0.198700 0.110800 0.136800 0.142300 0.112000 0.165400 0.084200 0.081800 0.108900 0.170100 0.000000 0.144000 0.145000 0.139900 0.142300 0.026800 0.165400 0.112000 0.112000 0.165400 0.055000 0.055400 0.142300 0.000000 0.174000 0.112000 0.081500 0.111500 0.081800 0.112000 0.112500 0.165400 0.108900 0.146500 0.139500 0.112000 0.027100 0.112000 0.111800 0.112500 0.081500 0.053700 0.168800 0.110100 0.086400 0.142300 0.142300
Okapi 0.202500 0.313000 0.202200 0.169900 0.139500 0.233300 0.169400 0.232700 0.169200 0.139300 0.197600 0.111100 0.111400 0.139500 0.198200 0.144000 0.000000 0.000200 0.110100 0.169200 0.175300 0.197600 0.139300 0.139300 0.197600 0.210000 0.071300 0.169200 0.144000 0.201400 0.139300 0.111000 0.138700 0.111400 0.143300 0.139400 0.197600 0.139500 0.214500 0.166400 0.139300 0.177000 0.139300 0.139200 0.139400 0.111000 0.141900 0.201900 0.081700 0.114500 0.169200 0.169200
Giraffe 0.203600 0.314900 0.202700 0.171100 0.140400 0.234500 0.172000 0.234100 0.169700 0.139800 0.198800 0.111500 0.112100 0.140400 0.201900 0.145000 0.000200 0.000000 0.111000 0.169700 0.176500 0.198800 0.139800 0.139800 0.198800 0.211300 0.074300 0.169700 0.145000 0.201700 0.139800 0.111900 0.139700 0.112100 0.144300 0.139800 0.198800 0.140400 0.215700 0.167900 0.139800 0.178300 0.139800 0.140200 0.139800 0.111900 0.143000 0.202900 0.082400 0.115300 0.169700 0.169700
TibetanAnt 0.135900 0.312400 0.140700 0.169800 0.025700 0.106600 0.080100 0.107000 0.110000 0.139600 0.078100 0.054000 0.052700 0.025700 0.137600 0.139900 0.110100 0.111000 0.000000 0.110000 0.110000 0.078100 0.139600 0.139600 0.078100 0.140500 0.073700 0.110000 0.139900 0.140000 0.139600 0.052300 0.139000 0.052700 0.081200 0.081400 0.078100 0.025700 0.142800 0.167600 0.139600 0.172000 0.139600 0.139500 0.081400 0.052300 0.080100 0.135200 0.079500 0.176700 0.110000 0.110000
Sitatunga 0.080600 0.308200 0.025700 0.232200 0.080400 0.108500 0.108000 0.167900 0.000000 0.136900 0.079300 0.052900 0.053500 0.080400 0.081400 0.142300 0.169200 0.169700 0.110000 0.000000 0.111500 0.079300 0.136900 0.136900 0.079300 0.142500 0.084100 0.000000 0.142300 0.025500 0.136900 0.053200 0.136700 0.053500 0.082400 0.079800 0.079300 0.080400 0.145300 0.164900 0.136900 0.174500 0.136900 0.137300 0.079800 0.053200 0.081400 0.080300 0.080600 0.173700 0.000000 0.000000
Oribi 0.138600 0.266000 0.082600 0.205900 0.080400 0.167600 0.081300 0.107700 0.111500 0.082200 0.135500 0.054800 0.053400 0.080400 0.139200 0.026800 0.175300 0.176500 0.110000 0.111500 0.000000 0.135500 0.082200 0.082200 0.135500 0.026900 0.084200 0.111500 0.026800 0.142100 0.082200 0.053300 0.081800 0.053400 0.082300 0.082600 0.135500 0.080400 0.114700 0.109400 0.082200 0.054800 0.082200 0.082000 0.082600 0.053300 0.026400 0.138100 0.080800 0.116200 0.111500 0.111500
BarbaryShe 0.051000 0.340700 0.107800 0.261700 0.050900 0.025100 0.105200 0.132600 0.079300 0.165500 0.000000 0.079600 0.078300 0.050900 0.106500 0.165400 0.197600 0.198800 0.078100 0.079300 0.135500 0.000000 0.165500 0.165500 0.000000 0.165700 0.109000 0.079300 0.165400 0.107900 0.165500 0.077600 0.106600 0.078300 0.107100 0.052100 0.000000 0.050900 0.169000 0.193700 0.165500 0.196500 0.165500 0.165500 0.052100 0.077600 0.105500 0.104700 0.104800 0.201200 0.079300 0.079300
Daviddeer 0.168800 0.237900 0.108200 0.168800 0.108800 0.198800 0.137900 0.080000 0.136900 0.000000 0.165500 0.080800 0.081400 0.108800 0.167100 0.112000 0.139300 0.139800 0.139600 0.136900 0.082200 0.165500 0.000000 0.000000 0.165500 0.112100 0.113900 0.136900 0.112000 0.167400 0.000000 0.081100 0.052400 0.081400 0.111600 0.108200 0.165500 0.108800 0.145400 0.025600 0.000000 0.142900 0.000000 0.000100 0.108200 0.081100 0.053500 0.168400 0.053100 0.083200 0.136900 0.136900
Reindeer 0.168800 0.237900 0.108200 0.168800 0.108800 0.198800 0.137900 0.080000 0.136900 0.000000 0.165500 0.080800 0.081400 0.108800 0.167100 0.112000 0.139300 0.139800 0.139600 0.136900 0.082200 0.165500 0.000000 0.000000 0.165500 0.112100 0.113900 0.136900 0.112000 0.167400 0.000000 0.081100 0.052400 0.081400 0.111600 0.108200 0.165500 0.108800 0.145400 0.025600 0.000000 0.142900 0.000000 0.000100 0.108200 0.081100 0.053500 0.168400 0.053100 0.083200 0.136900 0.136900
Ibex 0.051000 0.340700 0.107800 0.261700 0.050900 0.025100 0.105200 0.132600 0.079300 0.165500 0.000000 0.079600 0.078300 0.050900 0.106500 0.165400 0.197600 0.198800 0.078100 0.079300 0.135500 0.000000 0.165500 0.165500 0.000000 0.165700 0.109000 0.079300 0.165400 0.107900 0.165500 0.077600 0.106600 0.078300 0.107100 0.052100 0.000000 0.050900 0.169000 0.193700 0.165500 0.196500 0.165500 0.165500 0.052100 0.077600 0.105500 0.104700 0.104800 0.201200 0.079300 0.079300
GyrantGaze 0.170100 0.308400 0.112500 0.241100 0.109500 0.199600 0.111000 0.137100 0.142500 0.112100 0.165700 0.084300 0.081900 0.109500 0.170400 0.055000 0.210000 0.211300 0.140500 0.142500 0.026900 0.165700 0.112100 0.112100 0.165700 0.000000 0.114900 0.142500 0.055000 0.174200 0.112100 0.081900 0.111600 0.081900 0.112200 0.112600 0.165700 0.109500 0.146700 0.139600 0.112100 0.027200 0.112100 0.111800 0.112600 0.081900 0.053900 0.169600 0.110200 0.149600 0.142500 0.142500
Hartebeest 0.111400 0.286600 0.114600 0.200900 0.054000 0.140200 0.054700 0.139900 0.084100 0.113900 0.109000 0.027600 0.025900 0.054000 0.112100 0.055400 0.071300 0.074300 0.073700 0.084100 0.084200 0.109000 0.113900 0.113900 0.109000 0.114900 0.000000 0.084100 0.055400 0.114100 0.113900 0.026900 0.113500 0.025900 0.053100 0.055400 0.109000 0.054000 0.117600 0.112800 0.113900 0.085000 0.113900 0.113600 0.055400 0.026900 0.054800 0.111100 0.054100 0.087400 0.084100 0.084100
Bongo 0.080600 0.308200 0.025700 0.232200 0.080400 0.108500 0.108000 0.167900 0.000000 0.136900 0.079300 0.052900 0.053500 0.080400 0.081400 0.142300 0.169200 0.169700 0.110000 0.000000 0.111500 0.079300 0.136900 0.136900 0.079300 0.142500 0.084100 0.000000 0.142300 0.025500 0.136900 0.053200 0.136700 0.053500 0.082400 0.079800 0.079300 0.080400 0.145300 0.164900 0.136900 0.174500 0.136900 0.137300 0.079800 0.053200 0.081400 0.080300 0.080600 0.173700 0.000000 0.000000
Gerenuk 0.169200 0.311300 0.112400 0.241400 0.108900 0.198700 0.110800 0.136800 0.142300 0.112000 0.165400 0.084200 0.081800 0.108900 0.170100 0.000000 0.144000 0.145000 0.139900 0.142300 0.026800 0.165400 0.112000 0.112000 0.165400 0.055000 0.055400 0.142300 0.000000 0.174000 0.112000 0.081500 0.111500 0.081800 0.112000 0.112500 0.165400 0.108900 0.146500 0.139500 0.112000 0.027100 0.112000 0.111800 0.112500 0.081500 0.053400 0.168800 0.110100 0.086400 0.142300 0.142300
CommonElan 0.109500 0.347300 0.052600 0.266300 0.109200 0.138500 0.138100 0.200800 0.025800 0.167400 0.107900 0.080600 0.081700 0.109200 0.110900 0.174000 0.201400 0.201700 0.140000 0.025500 0.142100 0.107900 0.167400 0.167400 0.107900 0.174200 0.114100 0.025500 0.174000 0.000000 0.167400 0.081100 0.167300 0.081700 0.112000 0.108300 0.107900 0.109200 0.177600 0.196600 0.167400 0.207500 0.167400 0.168000 0.108300 0.081100 0.110400 0.109200 0.109400 0.206000 0.025800 0.025800
MuntiacusR 0.168800 0.237900 0.108200 0.168800 0.108800 0.198800 0.137900 0.080000 0.136900 0.000000 0.165500 0.080800 0.081400 0.108800 0.167100 0.112000 0.139300 0.139800 0.139600 0.136900 0.082200 0.165500 0.000000 0.000000 0.165500 0.112100 0.113900 0.136900 0.112000 0.167400 0.000000 0.081100 0.052400 0.081400 0.111600 0.108200 0.165500 0.108800 0.145400 0.025600 0.000000 0.142900 0.000000 0.000100 0.108200 0.081100 0.053500 0.168400 0.053100 0.083200 0.136900 0.136900
HarveysDui 0.079100 0.241700 0.081400 0.171200 0.025600 0.106100 0.025900 0.106200 0.053200 0.081100 0.077600 0.000100 0.000200 0.025600 0.079700 0.081500 0.111000 0.111900 0.052300 0.053200 0.053300 0.077600 0.081100 0.081100 0.077600 0.081900 0.026900 0.053200 0.081500 0.081100 0.081100 0.000000 0.080800 0.000200 0.026300 0.026300 0.077600 0.025600 0.083300 0.108000 0.081100 0.111400 0.081100 0.081100 0.026300 0.000000 0.025900 0.078900 0.025800 0.114700 0.053200 0.053200
Pronghorn 0.108800 0.237000 0.108000 0.168200 0.108300 0.137100 0.136600 0.136200 0.136700 0.052400 0.106600 0.080700 0.081100 0.108300 0.165000 0.111500 0.138700 0.139700 0.139000 0.136700 0.081800 0.106600 0.052400 0.052400 0.106600 0.111600 0.113500 0.136700 0.111500 0.167300 0.052400 0.080800 0.000000 0.081100 0.111200 0.052600 0.106600 0.108300 0.144900 0.078300 0.052400 0.142300 0.052400 0.052300 0.052600 0.080800 0.053200 0.167700 0.053000 0.082900 0.136700 0.136700
BlueWildeb 0.079700 0.241600 0.081800 0.171200 0.025800 0.107200 0.026100 0.107000 0.053500 0.081400 0.078300 0.000300 0.000000 0.025800 0.080400 0.081800 0.111400 0.112100 0.052700 0.053500 0.053400 0.078300 0.081400 0.081400 0.078300 0.081900 0.025900 0.053500 0.081800 0.081700 0.081400 0.000200 0.081100 0.000000 0.025300 0.026400 0.078300 0.025800 0.083700 0.080500 0.081400 0.111300 0.081400 0.081300 0.026400 0.000200 0.026100 0.079600 0.025800 0.114500 0.053500 0.053500
Gemsbok 0.109100 0.244300 0.112200 0.206100 0.052800 0.137500 0.053400 0.137500 0.082400 0.111600 0.107100 0.027000 0.025300 0.052800 0.110100 0.112000 0.143300 0.144300 0.081200 0.082400 0.082300 0.107100 0.111600 0.111600 0.107100 0.112200 0.053100 0.082400 0.112000 0.112000 0.111600 0.026300 0.111200 0.025300 0.000000 0.054300 0.107100 0.052800 0.114700 0.110400 0.111600 0.143000 0.111600 0.111500 0.054300 0.026300 0.053500 0.108800 0.053100 0.147500 0.082400 0.082400
Yak 0.053100 0.273100 0.108600 0.200500 0.052900 0.080300 0.079500 0.137500 0.079800 0.108200 0.052100 0.026200 0.026400 0.052900 0.110000 0.112500 0.139400 0.139800 0.081400 0.079800 0.082600 0.052100 0.108200 0.108200 0.052100 0.112600 0.055400 0.079800 0.112500 0.108300 0.108200 0.026300 0.052600 0.026400 0.054300 0.000000 0.052100 0.052900 0.115000 0.135600 0.108200 0.143700 0.108200 0.108500 0.000000 0.026300 0.053700 0.108900 0.053100 0.143500 0.079800 0.079800
BlueSheep 0.051000 0.340700 0.107800 0.261700 0.050900 0.025100 0.105200 0.132600 0.079300 0.165500 0.000000 0.079600 0.078300 0.050900 0.106500 0.165400 0.197600 0.198800 0.078100 0.079300 0.135500 0.000000 0.165500 0.165500 0.000000 0.165700 0.109000 0.079300 0.165400 0.107900 0.165500 0.077600 0.106600 0.078300 0.107100 0.052100 0.000000 0.050900 0.169000 0.193700 0.165500 0.196500 0.165500 0.165500 0.052100 0.077600 0.105500 0.104700 0.104800 0.201200 0.079300 0.079300
BohorReedb 0.106100 0.274000 0.109400 0.200800 0.000000 0.078100 0.052100 0.078200 0.080400 0.108800 0.050900 0.026300 0.025800 0.000000 0.107400 0.108900 0.139500 0.140400 0.025700 0.080400 0.080400 0.050900 0.108800 0.108800 0.050900 0.109500 0.054000 0.080400 0.108900 0.109200 0.108800 0.025600 0.108300 0.025800 0.052800 0.052900 0.050900 0.000000 0.111400 0.136100 0.108800 0.139400 0.108800 0.108800 0.052900 0.025600 0.052100 0.105900 0.051900 0.143300 0.080400 0.080400
KirksDik 0.172900 0.325100 0.145700 0.209200 0.111400 0.202900 0.113200 0.170400 0.145300 0.145400 0.169000 0.086000 0.083700 0.111400 0.173800 0.146500 0.214500 0.215700 0.142800 0.145300 0.114700 0.169000 0.145400 0.145400 0.169000 0.146700 0.117600 0.145300 0.146500 0.177600 0.145400 0.083300 0.144900 0.083700 0.114700 0.115000 0.169000 0.111400 0.000000 0.173900 0.145400 0.181000 0.145400 0.145200 0.115000 0.083300 0.083500 0.173200 0.112800 0.186700 0.145300 0.145300
RoeDeer 0.197100 0.267400 0.135700 0.196500 0.136100 0.227900 0.164000 0.107000 0.164900 0.025600 0.193700 0.107700 0.080500 0.136100 0.194600 0.139500 0.166400 0.167900 0.167600 0.164900 0.109400 0.193700 0.025600 0.025600 0.193700 0.139600 0.112800 0.164900 0.139500 0.196600 0.025600 0.108000 0.078300 0.080500 0.110400 0.135600 0.193700 0.136100 0.173900 0.000000 0.025600 0.170700 0.025600 0.025500 0.135600 0.108000 0.080000 0.196700 0.079500 0.110100 0.164900 0.164900
WhiteLippe 0.168800 0.237900 0.108200 0.168800 0.108800 0.198800 0.137900 0.080000 0.136900 0.000000 0.165500 0.080800 0.081400 0.108800 0.167100 0.112000 0.139300 0.139800 0.139600 0.136900 0.082200 0.165500 0.000000 0.000000 0.165500 0.112100 0.113900 0.136900 0.112000 0.167400 0.000000 0.081100 0.052400 0.081400 0.111600 0.108200 0.165500 0.108800 0.145400 0.025600 0.000000 0.142900 0.000000 0.000100 0.108200 0.081100 0.053500 0.168400 0.053100 0.083200 0.136900 0.136900
ThomsonGaz 0.202700 0.354100 0.143400 0.278900 0.139400 0.232800 0.141600 0.167100 0.174500 0.142900 0.196500 0.114900 0.111300 0.139400 0.202400 0.027100 0.177000 0.178300 0.172000 0.174500 0.054800 0.196500 0.142900 0.142900 0.196500 0.027200 0.085000 0.174500 0.027100 0.207500 0.142900 0.111400 0.142300 0.111300 0.143000 0.143700 0.196500 0.139400 0.181000 0.170700 0.142900 0.000000 0.142900 0.142700 0.143700 0.111400 0.082400 0.202300 0.140800 0.118300 0.174500 0.174500
MuntiacusC 0.168800 0.237900 0.108200 0.168800 0.108800 0.198800 0.137900 0.080000 0.136900 0.000000 0.165500 0.080800 0.081400 0.108800 0.167100 0.112000 0.139300 0.139800 0.139600 0.136900 0.082200 0.165500 0.000000 0.000000 0.165500 0.112100 0.113900 0.136900 0.112000 0.167400 0.000000 0.081100 0.052400 0.081400 0.111600 0.108200 0.165500 0.108800 0.145400 0.025600 0.000000 0.142900 0.000000 0.000100 0.108200 0.081100 0.053500 0.168400 0.053100 0.083200 0.136900 0.136900
WhiteTaile 0.168700 0.237800 0.108500 0.168700 0.108800 0.198700 0.137000 0.080000 0.137300 0.000100 0.165500 0.081000 0.081300 0.108800 0.165700 0.111800 0.139200 0.140200 0.139500 0.137300 0.082000 0.165500 0.000100 0.000100 0.165500 0.111800 0.113600 0.137300 0.111800 0.168000 0.000100 0.081100 0.052300 0.081300 0.111500 0.108500 0.165500 0.108800 0.145200 0.025500 0.000100 0.142700 0.000100 0.000000 0.108500 0.081100 0.053400 0.168200 0.053100 0.083100 0.137300 0.137300
Cattle 0.053100 0.273100 0.108600 0.200500 0.052900 0.080300 0.079500 0.137500 0.079800 0.108200 0.052100 0.026200 0.026400 0.052900 0.110000 0.112500 0.139400 0.139800 0.081400 0.079800 0.082600 0.052100 0.108200 0.108200 0.052100 0.112600 0.055400 0.079800 0.112500 0.108300 0.108200 0.026300 0.052600 0.026400 0.054300 0.000000 0.052100 0.052900 0.115000 0.135600 0.108200 0.143700 0.108200 0.108500 0.000000 0.026300 0.053700 0.108900 0.053100 0.143500 0.079800 0.079800
RoyalAntel 0.079100 0.241700 0.081400 0.171200 0.025600 0.106100 0.025900 0.106200 0.053200 0.081100 0.077600 0.000100 0.000200 0.025600 0.079700 0.081500 0.111000 0.111900 0.052300 0.053200 0.053300 0.077600 0.081100 0.081100 0.077600 0.081900 0.026900 0.053200 0.081500 0.081100 0.081100 0.000000 0.080800 0.000200 0.026300 0.026300 0.077600 0.025600 0.083300 0.108000 0.081100 0.111400 0.081100 0.081100 0.026300 0.000000 0.025900 0.078900 0.025800 0.114700 0.053200 0.053200
Steenbok 0.107500 0.242000 0.053700 0.171800 0.052100 0.135300 0.052800 0.078700 0.081400 0.053500 0.105500 0.026800 0.026100 0.052000 0.108400 0.053700 0.141900 0.143000 0.080100 0.081400 0.026400 0.105500 0.053500 0.053500 0.105500 0.053900 0.054800 0.081400 0.053400 0.110400 0.053500 0.025900 0.053200 0.026100 0.053500 0.053700 0.105500 0.052100 0.083500 0.080000 0.053500 0.082400 0.053500 0.053400 0.053700 0.025900 0.000000 0.107100 0.052500 0.084900 0.081400 0.081400
Impala 0.106300 0.350400 0.109100 0.267000 0.105900 0.134000 0.107300 0.194000 0.080300 0.168400 0.104700 0.081200 0.079600 0.105900 0.107500 0.168800 0.201900 0.202900 0.135200 0.080300 0.138100 0.104700 0.168400 0.168400 0.104700 0.169600 0.111100 0.080300 0.168800 0.109200 0.168400 0.078900 0.167700 0.079600 0.108800 0.108900 0.104700 0.105900 0.173200 0.196700 0.168400 0.202300 0.168400 0.168200 0.108900 0.078900 0.107100 0.000000 0.107100 0.207600 0.080300 0.080300
Klipspring 0.107000 0.207800 0.109600 0.140000 0.051900 0.134700 0.052400 0.134400 0.080600 0.053100 0.104800 0.026400 0.025800 0.051900 0.102500 0.110100 0.081700 0.082400 0.079500 0.080600 0.080800 0.104800 0.053100 0.053100 0.104800 0.110200 0.054100 0.080600 0.110100 0.109400 0.053100 0.025800 0.053000 0.025800 0.053100 0.053100 0.104800 0.051900 0.112800 0.079500 0.053100 0.140800 0.053100 0.053100 0.053100 0.025800 0.052500 0.107100 0.000000 0.084300 0.080600 0.080600
ForestMusk 0.208000 0.284900 0.142800 0.145500 0.143300 0.238400 0.175600 0.171200 0.173700 0.083200 0.201200 0.114900 0.114500 0.143300 0.203400 0.086400 0.114500 0.115300 0.176700 0.173700 0.116200 0.201200 0.083200 0.083200 0.201200 0.149600 0.087400 0.173700 0.086400 0.206000 0.083200 0.114700 0.082900 0.114500 0.147500 0.143500 0.201200 0.143300 0.186700 0.110100 0.083200 0.118300 0.083200 0.083100 0.143500 0.114700 0.084900 0.207600 0.084300 0.000000 0.173700 0.173700
Bushbuck 0.080600 0.308200 0.025900 0.232200 0.080400 0.108500 0.108000 0.167900 0.000000 0.136900 0.079300 0.052300 0.053500 0.080400 0.081400 0.142300 0.169200 0.169700 0.110000 0.000000 0.111500 0.079300 0.136900 0.136900 0.079300 0.142500 0.084100 0.000000 0.142300 0.025800 0.136900 0.053200 0.136700 0.053500 0.082400 0.079800 0.079300 0.080400 0.145300 0.164900 0.136900 0.174500 0.136900 0.137300 0.079800 0.053200 0.081400 0.080300 0.080600 0.173700 0.000000 0.000000
GreaterKud 0.080600 0.308200 0.025900 0.232200 0.080400 0.108500 0.108000 0.167900 0.000000 0.136900 0.079300 0.052500 0.053500 0.080400 0.081400 0.142300 0.169200 0.169700 0.110000 0.000000 0.111500 0.079300 0.136900 0.136900 0.079300 0.142500 0.084100 0.000000 0.142300 0.025800 0.136900 0.053200 0.136700 0.053500 0.082400 0.079800 0.079300 0.080400 0.145300 0.164900 0.136900 0.174500 0.136900 0.137300 0.079800 0.053200 0.081400 0.080300 0.080600 0.173700 0.000000 0.000000
