1
52 1
Argali 0.000000 0.031900 0.000000 0.104400 0.031800 0.000000 0.000000 0.000000 0.000000 0.000100 0.000000 0.000100 0.000000 0.000000 0.000000 0.000100 0.000000 0.000000 0.000000 0.000000 0.000000 0.000000 0.000100 0.000000 0.000000 0.000100 0.000000 0.000000 0.000100 0.000000 0.000100 0.000000 0.000000 0.000000 0.000000 0.000100 0.000000 0.030800 0.000100 0.000000 0.000100 0.000100 0.000100 0.000000 0.000100 0.000000 0.000300 0.000000 0.000000 0.000000 0.000000 0.000000
LesserMous 0.031900 0.000000 0.031900 0.142100 0.065700 0.031900 0.031900 0.031900 0.031900 0.033500 0.031900 0.033500 0.031900 0.031900 0.031900 0.033500 0.031900 0.031900 0.031900 0.031900 0.031900 0.031900 0.033500 0.031900 0.031900 0.033500 0.031900 0.031900 0.033500 0.031900 0.033500 0.031900 0.031900 0.031900 0.031900 0.033500 0.031900 0.064200 0.033500 0.031900 0.033500 0.033500 0.033500 0.031900 0.033500 0.031900 0.034600 0.031900 0.031900 0.031900 0.031900 0.031900
LesserKudu 0.000000 0.031900 0.000000 0.104400 0.031800 0.000000 0.000000 0.000000 0.000000 0.000100 0.000000 0.000100 0.000000 0.000000 0.000000 0.000100 0.000000 0.000000 0.000000 0.000000 0.000000 0.000000 0.000100 0.000000 0.000000 0.000100 0.000000 0.000000 0.000100 0.000000 0.000100 0.000000 0.000000 0.000000 0.000000 0.000100 0.000000 0.030800 0.000100 0.000000 0.000100 0.000100 0.000100 0.000000 0.000100 0.000000 0.000300 0.000000 0.000000 0.000000 0.000000 0.000000
KillerWhal 0.104400 0.142100 0.104400 0.000000 0.142300 0.104400 0.104400 0.104400 0.104400 0.107600 0.104400 0.109700 0.104400 0.104400 0.104400 0.107600 0.104400 0.104400 0.104400 0.104400 0.104400 0.104400 0.107600 0.104400 0.104400 0.107600 0.104400 0.104400 0.107600 0.104400 0.107600 0.104400 0.104400 0.104400 0.104400 0.109700 0.104400 0.139800 0.107600 0.104400 0.107600 0.107600 0.107600 0.104400 0.109700 0.104400 0.113400 0.104400 0.104400 0.104400 0.104400 0.104400
DefassaWat 0.031800 0.065700 0.031800 0.142300 0.000000 0.031800 0.031800 0.031800 0.031800 0.033400 0.031800 0.033500 0.031800 0.031800 0.031800 0.033400 0.031800 0.031800 0.031800 0.031800 0.031800 0.031800 0.033400 0.031800 0.031800 0.033400 0.031800 0.031800 0.033400 0.031800 0.033400 0.031800 0.031800 0.031800 0.031800 0.033500 0.031800 0.000200 0.033400 0.031800 0.033400 0.033400 0.033400 0.031800 0.033500 0.031800 0.034600 0.031800 0.031800 0.031800 0.031800 0.031800
Sheep 0.000000 0.031900 0.000000 0.104400 0.031800 0.000000 0.000000 0.000000 0.000000 0.000100 0.000000 0.000100 0.000000 0.000000 0.000000 0.000100 0.000000 0.000000 0.000000 0.000000 0.000000 0.000000 0.000100 0.000000 0.000000 0.000100 0.000000 0.000000 0.000100 0.000000 0.000100 0.000000 0.000000 0.000000 0.000000 0.000100 0.000000 0.030800 0.000100 0.000000 0.000100 0.000100 0.000100 0.000000 0.000100 0.000000 0.000300 0.000000 0.000000 0.000000 0.000000 0.000000
MaxwellsDu 0.000000 0.031900 0.000000 0.104400 0.031800 0.000000 0.000000 0.000000 0.000000 0.000100 0.000000 0.000100 0.000000 0.000000 0.000000 0.000100 0.000000 0.000000 0.000000 0.000000 0.000000 0.000000 0.000100 0.000000 0.000000 0.000100 0.000000 0.000000 0.000100 0.000000 0.000100 0.000000 0.000000 0.000000 0.000000 0.000100 0.000000 0.030800 0.000100 0.000000 0.000100 0.000100 0.000100 0.000000 0.000100 0.000000 0.000300 0.000000 0.000000 0.000000 0.000000 0.000000
GazellaPrz 0.000000 0.031900 0.000000 0.104400 0.031800 0.000000 0.000000 0.000000 0.000000 0.000100 0.000000 0.000100 0.000000 0.000000 0.000000 0.000100 0.000000 0.000000 0.000000 0.000000 0.000000 0.000000 0.000100 0.000000 0.000000 0.000100 0.000000 0.000000 0.000100 0.000000 0.000100 0.000000 0.000000 0.000000 0.000000 0.000100 0.000000 0.030800 0.000100 0.000000 0.000100 0.000100 0.000100 0.000000 0.000100 0.000000 0.000300 0.000000 0.000000 0.000000 0.000000 0.000000
MountainNy 0.000000 0.031900 0.000000 0.104400 0.031800 0.000000 0.000000 0.000000 0.000000 0.000100 0.000000 0.000100 0.000000 0.000000 0.000000 0.000100 0.000000 0.000000 0.000000 0.000000 0.000000 0.000000 0.000100 0.000000 0.000000 0.000100 0.000000 0.000000 0.000100 0.000000 0.000100 0.000000 0.000000 0.000000 0.000000 0.000100 0.000000 0.030800 0.000100 0.000000 0.000100 0.000100 0.000100 0.000000 0.000100 0.000000 0.000300 0.000000 0.000000 0.000000 0.000000 0.000000
MuntiacusM 0.000100 0.033500 0.000100 0.107600 0.033400 0.000100 0.000100 0.000100 0.000100 0.000000 0.000100 0.000300 0.000100 0.000100 0.000100 0.000000 0.000100 0.000100 0.000100 0.000100 0.000100 0.000100 0.000000 0.000100 0.000100 0.000000 0.000100 0.000100 0.000000 0.000100 0.000000 0.000100 0.000100 0.000100 0.000100 0.000300 0.000100 0.032500 0.000000 0.000100 0.000000 0.000000 0.000000 0.000100 0.000300 0.000100 0.000400 0.000100 0.000100 0.000100 0.000100 0.000100
goat 0.000000 0.031900 0.000000 0.104400 0.031800 0.000000 0.000000 0.000000 0.000000 0.000100 0.000000 0.000100 0.000000 0.000000 0.000000 0.000100 0.000000 0.000000 0.000000 0.000000 0.000000 0.000000 0.000100 0.000000 0.000000 0.000100 0.000000 0.000000 0.000100 0.000000 0.000100 0.000000 0.000000 0.000000 0.000000 0.000100 0.000000 0.030800 0.000100 0.000000 0.000100 0.000100 0.000100 0.000000 0.000100 0.000000 0.000300 0.000000 0.000000 0.000000 0.000000 0.000000
AfricanBuf 0.000100 0.033500 0.000100 0.109700 0.033500 0.000100 0.000100 0.000100 0.000100 0.000300 0.000100 0.000000 0.000100 0.000100 0.000100 0.000300 0.000100 0.000100 0.000100 0.000100 0.000100 0.000100 0.000300 0.000100 0.000100 0.000300 0.000100 0.000100 0.000300 0.000100 0.000300 0.000100 0.000100 0.000100 0.000100 0.000000 0.000100 0.032500 0.000300 0.000100 0.000300 0.000300 0.000300 0.000100 0.000000 0.000100 0.000400 0.000100 0.000100 0.000100 0.000100 0.000100
Topi 0.000000 0.031900 0.000000 0.104400 0.031800 0.000000 0.000000 0.000000 0.000000 0.000100 0.000000 0.000100 0.000000 0.000000 0.000000 0.000100 0.000000 0.000000 0.000000 0.000000 0.000000 0.000000 0.000100 0.000000 0.000000 0.000100 0.000000 0.000000 0.000100 0.000000 0.000100 0.000000 0.000000 0.000000 0.000000 0.000100 0.000000 0.030800 0.000100 0.000000 0.000100 0.000100 0.000100 0.000000 0.000100 0.000000 0.000300 0.000000 0.000000 0.000000 0.000000 0.000000
CommonDuik 0.000000 0.031900 0.000000 0.104400 0.031800 0.000000 0.000000 0.000000 0.000000 0.000100 0.000000 0.000100 0.000000 0.000000 0.000000 0.000100 0.000000 0.000000 0.000000 0.000000 0.000000 0.000000 0.000100 0.000000 0.000000 0.000100 0.000000 0.000000 0.000100 0.000000 0.000100 0.000000 0.000000 0.000000 0.000000 0.000100 0.000000 0.030800 0.000100 0.000000 0.000100 0.000100 0.000100 0.000000 0.000100 0.000000 0.000300 0.000000 0.000000 0.000000 0.000000 0.000000
Suni 0.000000 0.031900 0.000000 0.104400 0.031800 0.000000 0.000000 0.000000 0.000000 0.000100 0.000000 0.000100 0.000000 0.000000 0.000000 0.000100 0.000000 0.000000 0.000000 0.000000 0.000000 0.000000 0.000100 0.000000 0.000000 0.000100 0.000000 0.000000 0.000100 0.000000 0.000100 0.000000 0.000000 0.000000 0.000000 0.000100 0.000000 0.030800 0.000100 0.000000 0.000100 0.000100 0.000100 0.000000 0.000100 0.000000 0.000300 0.000000 0.000000 0.000000 0.000000 0.000000
Springbuck 0.000100 0.033500 0.000100 0.107600 0.033400 0.000100 0.000100 0.000100 0.000100 0.000000 0.000100 0.000300 0.000100 0.000100 0.000100 0.000000 0.000100 0.000100 0.000100 0.000100 0.000100 0.000100 0.000000 0.000100 0.000100 0.000000 0.000100 0.000100 0.000000 0.000100 0.000000 0.000100 0.000100 0.000100 0.000100 0.000300 0.000100 0.032500 0.000000 0.000100 0.000000 0.000000 0.000000 0.000100 0.000300 0.000100 0.000400 0.000100 0.000100 0.000100 0.000100 0.000100
Okapi 0.000000 0.031900 0.000000 0.104400 0.031800 0.000000 0.000000 0.000000 0.000000 0.000100 0.000000 0.000100 0.000000 0.000000 0.000000 0.000100 0.000000 0.000000 0.000000 0.000000 0.000000 0.000000 0.000100 0.000000 0.000000 0.000100 0.000000 0.000000 0.000100 0.000000 0.000100 0.000000 0.000000 0.000000 0.000000 0.000100 0.000000 0.030800 0.000100 0.000000 0.000100 0.000100 0.000100 0.000000 0.000100 0.000000 0.000300 0.000000 0.000000 0.000000 0.000000 0.000000
Giraffe 0.000000 0.031900 0.000000 0.104400 0.031800 0.000000 0.000000 0.000000 0.000000 0.000100 0.000000 0.000100 0.000000 0.000000 0.000000 0.000100 0.000000 0.000000 0.000000 0.000000 0.000000 0.000000 0.000100 0.000000 0.000000 0.000100 0.000000 0.000000 0.000100 0.000000 0.000100 0.000000 0.000000 0.000000 0.000000 0.000100 0.000000 0.030800 0.000100 0.000000 0.000100 0.000100 0.000100 0.000000 0.000100 0.000000 0.000300 0.000000 0.000000 0.000000 0.000000 0.000000
TibetanAnt 0.000000 0.031900 0.000000 0.104400 0.031800 0.000000 0.000000 0.000000 0.000000 0.000100 0.000000 0.000100 0.000000 0.000000 0.000000 0.000100 0.000000 0.000000 0.000000 0.000000 0.000000 0.000000 0.000100 0.000000 0.000000 0.000100 0.000000 0.000000 0.000100 0.000000 0.000100 0.000000 0.000000 0.000000 0.000000 0.000100 0.000000 0.030800 0.000100 0.000000 0.000100 0.000100 0.000100 0.000000 0.000100 0.000000 0.000300 0.000000 0.000000 0.000000 0.000000 0.000000
Sitatunga 0.000000 0.031900 0.000000 0.104400 0.031800 0.000000 0.000000 0.000000 0.000000 0.000100 0.000000 0.000100 0.000000 0.000000 0.000000 0.000100 0.000000 0.000000 0.000000 0.000000 0.000000 0.000000 0.000100 0.000000 0.000000 0.000100 0.000000 0.000000 0.000100 0.000000 0.000100 0.000000 0.000000 0.000000 0.000000 0.000100 0.000000 0.030800 0.000100 0.000000 0.000100 0.000100 0.000100 0.000000 0.000100 0.000000 0.000300 0.000000 0.000000 0.000000 0.000000 0.000000
Oribi 0.000000 0.031900 0.000000 0.104400 0.031800 0.000000 0.000000 0.000000 0.000000 0.000100 0.000000 0.000100 0.000000 0.000000 0.000000 0.000100 0.000000 0.000000 0.000000 0.000000 0.000000 0.000000 0.000100 0.000000 0.000000 0.000100 0.000000 0.000000 0.000100 0.000000 0.000100 0.000000 0.000000 0.000000 0.000000 0.000100 0.000000 0.030800 0.000100 0.000000 0.000100 0.000100 0.000100 0.000000 0.000100 0.000000 0.000300 0.000000 0.000000 0.000000 0.000000 0.000000
BarbaryShe 0.000000 0.031900 0.000000 0.104400 0.031800 0.000000 0.000000 0.000000 0.000000 0.000100 0.000000 0.000100 0.000000 0.000000 0.000000 0.000100 0.000000 0.000000 0.000000 0.000000 0.000000 0.000000 0.000100 0.000000 0.000000 0.000100 0.000000 0.000000 0.000100 0.000000 0.000100 0.000000 0.000000 0.000000 0.000000 0.000100 0.000000 0.030800 0.000100 0.000000 0.000100 0.000100 0.000100 0.000000 0.000100 0.000000 0.000300 0.000000 0.000000 0.000000 0.000000 0.000000
Daviddeer 0.000100 0.033500 0.000100 0.107600 0.033400 0.000100 0.000100 0.000100 0.000100 0.000000 0.000100 0.000300 0.000100 0.000100 0.000100 0.000000 0.000100 0.000100 0.000100 0.000100 0.000100 0.000100 0.000000 0.000100 0.000100 0.000000 0.000100 0.000100 0.000000 0.000100 0.000000 0.000100 0.000100 0.000100 0.000100 0.000300 0.000100 0.032500 0.000000 0.000100 0.000000 0.000000 0.000000 0.000100 0.000300 0.000100 0.000400 0.000100 0.000100 0.000100 0.000100 0.000100
Reindeer 0.000000 0.031900 0.000000 0.104400 0.031800 0.000000 0.000000 0.000000 0.000000 0.000100 0.000000 0.000100 0.000000 0.000000 0.000000 0.000100 0.000000 0.000000 0.000000 0.000000 0.000000 0.000000 0.000100 0.000000 0.000000 0.000100 0.000000 0.000000 0.000100 0.000000 0.000100 0.000000 0.000000 0.000000 0.000000 0.000100 0.000000 0.030800 0.000100 0.000000 0.000100 0.000100 0.000100 0.000000 0.000100 0.000000 0.000300 0.000000 0.000000 0.000000 0.000000 0.000000
Ibex 0.000000 0.031900 0.000000 0.104400 0.031800 0.000000 0.000000 0.000000 0.000000 0.000100 0.000000 0.000100 0.000000 0.000000 0.000000 0.000100 0.000000 0.000000 0.000000 0.000000 0.000000 0.000000 0.000100 0.000000 0.000000 0.000100 0.000000 0.000000 0.000100 0.000000 0.000100 0.000000 0.000000 0.000000 0.000000 0.000100 0.000000 0.030800 0.000100 0.000000 0.000100 0.000100 0.000100 0.000000 0.000100 0.000000 0.000300 0.000000 0.000000 0.000000 0.000000 0.000000
GyrantGaze 0.000100 0.033500 0.000100 0.107600 0.033400 0.000100 0.000100 0.000100 0.000100 0.000000 0.000100 0.000300 0.000100 0.000100 0.000100 0.000000 0.000100 0.000100 0.000100 0.000100 0.000100 0.000100 0.000000 0.000100 0.000100 0.000000 0.000100 0.000100 0.000000 0.000100 0.000000 0.000100 0.000100 0.000100 0.000100 0.000300 0.000100 0.032500 0.000000 0.000100 0.000000 0.000000 0.000000 0.000100 0.000300 0.000100 0.000400 0.000100 0.000100 0.000100 0.000100 0.000100
Hartebeest 0.000000 0.031900 0.000000 0.104400 0.031800 0.000000 0.000000 0.000000 0.000000 0.000100 0.000000 0.000100 0.000000 0.000000 0.000000 0.000100 0.000000 0.000000 0.000000 0.000000 0.000000 0.000000 0.000100 0.000000 0.000000 0.000100 0.000000 0.000000 0.000100 0.000000 0.000100 0.000000 0.000000 0.000000 0.000000 0.000100 0.000000 0.030800 0.000100 0.000000 0.000100 0.000100 0.000100 0.000000 0.000100 0.000000 0.000300 0.000000 0.000000 0.000000 0.000000 0.000000
Bongo 0.000000 0.031900 0.000000 0.104400 0.031800 0.000000 0.000000 0.000000 0.000000 0.000100 0.000000 0.000100 0.000000 0.000000 0.000000 0.000100 0.000000 0.000000 0.000000 0.000000 0.000000 0.000000 0.000100 0.000000 0.000000 0.000100 0.000000 0.000000 0.000100 0.000000 0.000100 0.000000 0.000000 0.000000 0.000000 0.000100 0.000000 0.030800 0.000100 0.000000 0.000100 0.000100 0.000100 0.000000 0.000100 0.000000 0.000300 0.000000 0.000000 0.000000 0.000000 0.000000
Gerenuk 0.000100 0.033500 0.000100 0.107600 0.033400 0.000100 0.000100 0.000100 0.000100 0.000000 0.000100 0.000300 0.000100 0.000100 0.000100 0.000000 0.000100 0.000100 0.000100 0.000100 0.000100 0.000100 0.000000 0.000100 0.000100 0.000000 0.000100 0.000100 0.000000 0.000100 0.000000 0.000100 0.000100 0.000100 0.000100 0.000300 0.000100 0.032500 0.000000 0.000100 0.000000 0.000000 0.000000 0.000100 0.000300 0.000100 0.000400 0.000100 0.000100 0.000100 0.000100 0.000100
CommonElan 0.000000 0.031900 0.000000 0.104400 0.031800 0.000000 0.000000 0.000000 0.000000 0.000100 0.000000 0.000100 0.000000 0.000000 0.000000 0.000100 0.000000 0.000000 0.000000 0.000000 0.000000 0.000000 0.000100 0.000000 0.000000 0.000100 0.000000 0.000000 0.000100 0.000000 0.000100 0.000000 0.000000 0.000000 0.000000 0.000100 0.000000 0.030800 0.000100 0.000000 0.000100 0.000100 0.000100 0.000000 0.000100 0.000000 0.000300 0.000000 0.000000 0.000000 0.000000 0.000000
MuntiacusR 0.000100 0.033500 0.000100 0.107600 0.033400 0.000100 0.000100 0.000100 0.000100 0.000000 0.000100 0.000300 0.000100 0.000100 0.000100 0.000000 0.000100 0.000100 0.000100 0.000100 0.000100 0.000100 0.000000 0.000100 0.000100 0.000000 0.000100 0.000100 0.000000 0.000100 0.000000 0.000100 0.000100 0.000100 0.000100 0.000300 0.000100 0.032500 0.000000 0.000100 0.000000 0.000000 0.000000 0.000100 0.000300 0.000100 0.000400 0.000100 0.000100 0.000100 0.000100 0.000100
HarveysDui 0.000000 0.031900 0.000000 0.104400 0.031800 0.000000 0.000000 0.000000 0.000000 0.000100 0.000000 0.000100 0.000000 0.000000 0.000000 0.000100 0.000000 0.000000 0.000000 0.000000 0.000000 0.000000 0.000100 0.000000 0.000000 0.000100 0.000000 0.000000 0.000100 0.000000 0.000100 0.000000 0.000000 0.000000 0.000000 0.000100 0.000000 0.030800 0.000100 0.000000 0.000100 0.000100 0.000100 0.000000 0.000100 0.000000 0.000300 0.000000 0.000000 0.000000 0.000000 0.000000
Pronghorn 0.000000 0.031900 0.000000 0.104400 0.031800 0.000000 0.000000 0.000000 0.000000 0.000100 0.000000 0.000100 0.000000 0.000000 0.000000 0.000100 0.000000 0.000000 0.000000 0.000000 0.000000 0.000000 0.000100 0.000000 0.000000 0.000100 0.000000 0.000000 0.000100 0.000000 0.000100 0.000000 0.000000 0.000000 0.000000 0.000100 0.000000 0.030800 0.000100 0.000000 0.000100 0.000100 0.000100 0.000000 0.000100 0.000000 0.000300 0.000000 0.000000 0.000000 0.000000 0.000000
BlueWildeb 0.000000 0.031900 0.000000 0.104400 0.031800 0.000000 0.000000 0.000000 0.000000 0.000100 0.000000 0.000100 0.000000 0.000000 0.000000 0.000100 0.000000 0.000000 0.000000 0.000000 0.000000 0.000000 0.000100 0.000000 0.000000 0.000100 0.000000 0.000000 0.000100 0.000000 0.000100 0.000000 0.000000 0.000000 0.000000 0.000100 0.000000 0.030800 0.000100 0.000000 0.000100 0.000100 0.000100 0.000000 0.000100 0.000000 0.000300 0.000000 0.000000 0.000000 0.000000 0.000000
Gemsbok 0.000000 0.031900 0.000000 0.104400 0.031800 0.000000 0.000000 0.000000 0.000000 0.000100 0.000000 0.000100 0.000000 0.000000 0.000000 0.000100 0.000000 0.000000 0.000000 0.000000 0.000000 0.000000 0.000100 0.000000 0.000000 0.000100 0.000000 0.000000 0.000100 0.000000 0.000100 0.000000 0.000000 0.000000 0.000000 0.000100 0.000000 0.030800 0.000100 0.000000 0.000100 0.000100 0.000100 0.000000 0.000100 0.000000 0.000300 0.000000 0.000000 0.000000 0.000000 0.000000
Yak 0.000100 0.033500 0.000100 0.109700 0.033500 0.000100 0.000100 0.000100 0.000100 0.000300 0.000100 0.000000 0.000100 0.000100 0.000100 0.000300 0.000100 0.000100 0.000100 0.000100 0.000100 0.000100 0.000300 0.000100 0.000100 0.000300 0.000100 0.000100 0.000300 0.000100 0.000300 0.000100 0.000100 0.000100 0.000100 0.000000 0.000100 0.032500 0.000300 0.000100 0.000300 0.000300 0.000300 0.000100 0.000000 0.000100 0.000400 0.000100 0.000100 0.000100 0.000100 0.000100
BlueSheep 0.000000 0.031900 0.000000 0.104400 0.031800 0.000000 0.000000 0.000000 0.000000 0.000100 0.000000 0.000100 0.000000 0.000000 0.000000 0.000100 0.000000 0.000000 0.000000 0.000000 0.000000 0.000000 0.000100 0.000000 0.000000 0.000100 0.000000 0.000000 0.000100 0.000000 0.000100 0.000000 0.000000 0.000000 0.000000 0.000100 0.000000 0.030800 0.000100 0.000000 0.000100 0.000100 0.000100 0.000000 0.000100 0.000000 0.000300 0.000000 0.000000 0.000000 0.000000 0.000000
BohorReedb 0.030800 0.064200 0.030800 0.139800 0.000200 0.030800 0.030800 0.030800 0.030800 0.032500 0.030800 0.032500 0.030800 0.030800 0.030800 0.032500 0.030800 0.030800 0.030800 0.030800 0.030800 0.030800 0.032500 0.030800 0.030800 0.032500 0.030800 0.030800 0.032500 0.030800 0.032500 0.030800 0.030800 0.030800 0.030800 0.032500 0.030800 0.000000 0.032500 0.030800 0.032500 0.032500 0.032500 0.030800 0.032500 0.030800 0.033700 0.030800 0.030800 0.030800 0.030800 0.030800
KirksDik 0.000100 0.033500 0.000100 0.107600 0.033400 0.000100 0.000100 0.000100 0.000100 0.000000 0.000100 0.000300 0.000100 0.000100 0.000100 0.000000 0.000100 0.000100 0.000100 0.000100 0.000100 0.000100 0.000000 0.000100 0.000100 0.000000 0.000100 0.000100 0.000000 0.000100 0.000000 0.000100 0.000100 0.000100 0.000100 0.000300 0.000100 0.032500 0.000000 0.000100 0.000000 0.000000 0.000000 0.000100 0.000300 0.000100 0.000400 0.000100 0.000100 0.000100 0.000100 0.000100
RoeDeer 0.000000 0.031900 0.000000 0.104400 0.031800 0.000000 0.000000 0.000000 0.000000 0.000100 0.000000 0.000100 0.000000 0.000000 0.000000 0.000100 0.000000 0.000000 0.000000 0.000000 0.000000 0.000000 0.000100 0.000000 0.000000 0.000100 0.000000 0.000000 0.000100 0.000000 0.000100 0.000000 0.000000 0.000000 0.000000 0.000100 0.000000 0.030800 0.000100 0.000000 0.000100 0.000100 0.000100 0.000000 0.000100 0.000000 0.000300 0.000000 0.000000 0.000000 0.000000 0.000000
WhiteLippe 0.000100 0.033500 0.000100 0.107600 0.033400 0.000100 0.000100 0.000100 0.000100 0.000000 0.000100 0.000300 0.000100 0.000100 0.000100 0.000000 0.000100 0.000100 0.000100 0.000100 0.000100 0.000100 0.000000 0.000100 0.000100 0.000000 0.000100 0.000100 0.000000 0.000100 0.000000 0.000100 0.000100 0.000100 0.000100 0.000300 0.000100 0.032500 0.000000 0.000100 0.000000 0.000000 0.000000 0.000100 0.000300 0.000100 0.000400 0.000100 0.000100 0.000100 0.000100 0.000100
ThomsonGaz 0.000100 0.033500 0.000100 0.107600 0.033400 0.000100 0.000100 0.000100 0.000100 0.000000 0.000100 0.000300 0.000100 0.000100 0.000100 0.000000 0.000100 0.000100 0.000100 0.000100 0.000100 0.000100 0.000000 0.000100 0.000100 0.000000 0.000100 0.000100 0.000000 0.000100 0.000000 0.000100 0.000100 0.000100 0.000100 0.000300 0.000100 0.032500 0.000000 0.000100 0.000000 0.000000 0.000000 0.000100 0.000300 0.000100 0.000400 0.000100 0.000100 0.000100 0.000100 0.000100
MuntiacusC 0.000100 0.033500 0.000100 0.107600 0.033400 0.000100 0.000100 0.000100 0.000100 0.000000 0.000100 0.000300 0.000100 0.000100 0.000100 0.000000 0.000100 0.000100 0.000100 0.000100 0.000100 0.000100 0.000000 0.000100 0.000100 0.000000 0.000100 0.000100 0.000000 0.000100 0.000000 0.000100 0.000100 0.000100 0.000100 0.000300 0.000100 0.032500 0.000000 0.000100 0.000000 0.000000 0.000000 0.000100 0.000300 0.000100 0.000400 0.000100 0.000100 0.000100 0.000100 0.000100
WhiteTaile 0.000000 0.031900 0.000000 0.104400 0.031800 0.000000 0.000000 0.000000 0.000000 0.000100 0.000000 0.000100 0.000000 0.000000 0.000000 0.000100 0.000000 0.000000 0.000000 0.000000 0.000000 0.000000 0.000100 0.000000 0.000000 0.000100 0.000000 0.000000 0.000100 0.000000 0.000100 0.000000 0.000000 0.000000 0.000000 0.000100 0.000000 0.030800 0.000100 0.000000 0.000100 0.000100 0.000100 0.000000 0.000100 0.000000 0.000300 0.000000 0.000000 0.000000 0.000000 0.000000
Cattle 0.000100 0.033500 0.000100 0.109700 0.033500 0.000100 0.000100 0.000100 0.000100 0.000300 0.000100 0.000000 0.000100 0.000100 0.000100 0.000300 0.000100 0.000100 0.000100 0.000100 0.000100 0.000100 0.000300 0.000100 0.000100 0.000300 0.000100 0.000100 0.000300 0.000100 0.000300 0.000100 0.000100 0.000100 0.000100 0.000000 0.000100 0.032500 0.000300 0.000100 0.000300 0.000300 0.000300 0.000100 0.000000 0.000100 0.000400 0.000100 0.000100 0.000100 0.000100 0.000100
RoyalAntel 0.000000 0.031900 0.000000 0.104400 0.031800 0.000000 0.000000 0.000000 0.000000 0.000100 0.000000 0.000100 0.000000 0.000000 0.000000 0.000100 0.000000 0.000000 0.000000 0.000000 0.000000 0.000000 0.000100 0.000000 0.000000 0.000100 0.000000 0.000000 0.000100 0.000000 0.000100 0.000000 0.000000 0.000000 0.000000 0.000100 0.000000 0.030800 0.000100 0.000000 0.000100 0.000100 0.000100 0.000000 0.000100 0.000000 0.000300 0.000000 0.000000 0.000000 0.000000 0.000000
Steenbok 0.000300 0.034600 0.000300 0.113400 0.034600 0.000300 0.000300 0.000300 0.000300 0.000400 0.000300 0.000400 0.000300 0.000300 0.000300 0.000400 0.000300 0.000300 0.000300 0.000300 0.000300 0.000300 0.000400 0.000300 0.000300 0.000400 0.000300 0.000300 0.000400 0.000300 0.000400 0.000300 0.000300 0.000300 0.000300 0.000400 0.000300 0.033700 0.000400 0.000300 0.000400 0.000400 0.000400 0.000300 0.000400 0.000300 0.000000 0.000300 0.000300 0.000300 0.000300 0.000300
Impala 0.000000 0.031900 0.000000 0.104400 0.031800 0.000000 0.000000 0.000000 0.000000 0.000100 0.000000 0.000100 0.000000 0.000000 0.000000 0.000100 0.000000 0.000000 0.000000 0.000000 0.000000 0.000000 0.000100 0.000000 0.000000 0.000100 0.000000 0.000000 0.000100 0.000000 0.000100 0.000000 0.000000 0.000000 0.000000 0.000100 0.000000 0.030800 0.000100 0.000000 0.000100 0.000100 0.000100 0.000000 0.000100 0.000000 0.000300 0.000000 0.000000 0.000000 0.000000 0.000000
Klipspring 0.000000 0.031900 0.000000 0.104400 0.031800 0.000000 0.000000 0.000000 0.000000 0.000100 0.000000 0.000100 0.000000 0.000000 0.000000 0.000100 0.000000 0.000000 0.000000 0.000000 0.000000 0.000000 0.000100 0.000000 0.000000 0.000100 0.000000 0.000000 0.000100 0.000000 0.000100 0.000000 0.000000 0.000000 0.000000 0.000100 0.000000 0.030800 0.000100 0.000000 0.000100 0.000100 0.000100 0.000000 0.000100 0.000000 0.000300 0.000000 0.000000 0.000000 0.000000 0.000000
ForestMusk 0.000000 0.031900 0.000000 0.104400 0.031800 0.000000 0.000000 0.000000 0.000000 0.000100 0.000000 0.000100 0.000000 0.000000 0.000000 0.000100 0.000000 0.000000 0.000000 0.000000 0.000000 0.000000 0.000100 0.000000 0.000000 0.000100 0.000000 0.000000 0.000100 0.000000 0.000100 0.000000 0.000000 0.000000 0.000000 0.000100 0.000000 0.030800 0.000100 0.000000 0.000100 0.000100 0.000100 0.000000 0.000100 0.000000 0.000300 0.000000 0.000000 0.000000 0.000000 0.000000
Bushbuck 0.000000 0.031900 0.000000 0.104400 0.031800 0.000000 0.000000 0.000000 0.000000 0.000100 0.000000 0.000100 0.000000 0.000000 0.000000 0.000100 0.000000 0.000000 0.000000 0.000000 0.000000 0.000000 0.000100 0.000000 0.000000 0.000100 0.000000 0.000000 0.000100 0.000000 0.000100 0.000000 0.000000 0.000000 0.000000 0.000100 0.000000 0.030800 0.000100 0.000000 0.000100 0.000100 0.000100 0.000000 0.000100 0.000000 0.000300 0.000000 0.000000 0.000000 0.000000 0.000000
GreaterKud 0.000000 0.031900 0.000000 0.104400 0.031800 0.000000 0.000000 0.000000 0.000000 0.000100 0.000000 0.000100 0.000000 0.000000 0.000000 0.000100 0.000000 0.000000 0.000000 0.000000 0.000000 0.000000 0.000100 0.000000 0.000000 0.000100 0.000000 0.000000 0.000100 0.000000 0.000100 0.000000 0.000000 0.000000 0.000000 0.000100 0.000000 0.030800 0.000100 0.000000 0.000100 0.000100 0.000100 0.000000 0.000100 0.000000 0.000300 0.000000 0.000000 0.000000 0.000000 0.000000
