1
52 1
Argali 0.000000 0.125200 0.046300 0.107400 0.022500 0.003700 0.022400 0.022400 0.053900 0.039100 0.011100 0.049800 0.030000 0.018700 0.041800 0.026100 0.042000 0.055500 0.022400 0.049900 0.022500 0.011100 0.034800 0.047000 0.014800 0.026300 0.030000 0.050000 0.034000 0.050100 0.039000 0.026300 0.053900 0.030000 0.018700 0.042200 0.011100 0.022500 0.041500 0.047100 0.038900 0.018600 0.039100 0.046900 0.042000 0.026300 0.022300 0.030400 0.026300 0.045500 0.054000 0.059200
LesserMous 0.125200 0.000000 0.125900 0.167100 0.116500 0.120700 0.107500 0.111700 0.129800 0.106700 0.112200 0.129600 0.125000 0.103200 0.112300 0.120300 0.108300 0.112800 0.112000 0.125400 0.116500 0.112400 0.098000 0.110900 0.112300 0.121000 0.125000 0.125500 0.129000 0.125600 0.106800 0.107700 0.124400 0.125100 0.112200 0.125500 0.112200 0.116200 0.119400 0.111100 0.102500 0.111700 0.106700 0.110800 0.125300 0.122400 0.115800 0.121900 0.112100 0.120200 0.130000 0.135700
LesserKudu 0.046300 0.125900 0.000000 0.113200 0.038500 0.042300 0.038400 0.038500 0.007500 0.051200 0.034500 0.030600 0.042300 0.034500 0.050600 0.042300 0.050800 0.055800 0.038400 0.003800 0.038600 0.034600 0.043000 0.055300 0.038500 0.034700 0.042300 0.003800 0.047000 0.003800 0.051300 0.042400 0.066900 0.042300 0.034700 0.022900 0.034500 0.038500 0.058400 0.055500 0.047100 0.034500 0.051200 0.055300 0.022800 0.042400 0.038400 0.038900 0.042500 0.054200 0.007500 0.012100
KillerWhal 0.107400 0.167100 0.113200 0.000000 0.098900 0.103100 0.098800 0.094400 0.121200 0.085200 0.094800 0.107300 0.099000 0.094900 0.116600 0.090000 0.086200 0.089600 0.098800 0.116900 0.094600 0.094800 0.076800 0.081200 0.099000 0.099000 0.099000 0.116800 0.098500 0.117100 0.085200 0.103300 0.102400 0.099300 0.095200 0.113000 0.094800 0.098800 0.101400 0.081400 0.080900 0.090100 0.085200 0.076700 0.112500 0.103600 0.094100 0.117400 0.106500 0.115900 0.121400 0.127300
DefassaWat 0.022500 0.116500 0.038500 0.098900 0.000000 0.018700 0.014900 0.014900 0.046100 0.031000 0.011200 0.042000 0.022500 0.011200 0.034100 0.018600 0.034300 0.047300 0.014900 0.042200 0.015000 0.011200 0.026900 0.038900 0.014900 0.018800 0.022500 0.042200 0.026800 0.042300 0.031000 0.018700 0.046100 0.022500 0.011200 0.038300 0.011200 0.007400 0.033900 0.039000 0.030900 0.011200 0.031000 0.038900 0.038200 0.018800 0.014900 0.030500 0.018800 0.037900 0.046200 0.051100
Sheep 0.003700 0.120700 0.042300 0.103100 0.018700 0.000000 0.018600 0.018600 0.049900 0.035100 0.007400 0.045800 0.026200 0.014900 0.037900 0.022300 0.038100 0.051500 0.018600 0.046000 0.018700 0.007400 0.030900 0.043000 0.011100 0.022500 0.026200 0.046000 0.030100 0.046100 0.035100 0.022500 0.049900 0.026200 0.014900 0.042100 0.007400 0.018700 0.037600 0.043100 0.035000 0.014900 0.035100 0.042900 0.042000 0.022500 0.018600 0.026500 0.022500 0.041600 0.050000 0.055100
MaxwellsDu 0.022400 0.107500 0.038400 0.098800 0.014900 0.018600 0.000000 0.014900 0.046000 0.031000 0.011100 0.041900 0.022400 0.003700 0.034000 0.018600 0.034200 0.047600 0.014900 0.042100 0.011200 0.011200 0.026900 0.038900 0.014900 0.018700 0.022400 0.042100 0.026800 0.042200 0.031200 0.011100 0.046000 0.022400 0.011200 0.038200 0.011100 0.014900 0.033800 0.039000 0.031100 0.011100 0.031000 0.038800 0.038000 0.019400 0.014800 0.030400 0.018700 0.037700 0.046100 0.051000
GazellaPrz 0.022400 0.111700 0.038500 0.094400 0.014900 0.018600 0.014900 0.000000 0.046100 0.030800 0.011100 0.042000 0.022400 0.011200 0.034100 0.011100 0.034300 0.047100 0.015400 0.042100 0.007400 0.011200 0.026800 0.038700 0.011100 0.011200 0.022400 0.042200 0.018600 0.042300 0.030800 0.018700 0.046000 0.022400 0.011200 0.038300 0.011100 0.014900 0.026200 0.038900 0.030800 0.003700 0.030800 0.038700 0.038100 0.018700 0.007400 0.030400 0.018700 0.033800 0.046100 0.051400
MountainNy 0.053900 0.129800 0.007500 0.121200 0.046100 0.049900 0.046000 0.046100 0.000000 0.059100 0.042100 0.038100 0.049900 0.042200 0.058300 0.049900 0.058500 0.063800 0.046000 0.003700 0.046200 0.042200 0.050700 0.063100 0.046100 0.042400 0.049900 0.003700 0.054800 0.003700 0.059100 0.050100 0.074600 0.049900 0.042300 0.030500 0.042100 0.046100 0.066000 0.063400 0.054900 0.042100 0.059100 0.063200 0.030400 0.050200 0.046000 0.046600 0.042200 0.061900 0.007500 0.011300
MuntiacusM 0.039100 0.106700 0.051200 0.085200 0.031000 0.035100 0.031000 0.030800 0.059100 0.000000 0.027200 0.054800 0.039100 0.027300 0.051100 0.034800 0.022800 0.035400 0.031200 0.054900 0.031000 0.027200 0.007500 0.018900 0.031200 0.035000 0.039100 0.055000 0.043500 0.055100 0.000000 0.035100 0.022800 0.039300 0.027200 0.051100 0.027200 0.031000 0.041900 0.018900 0.011300 0.027000 0.000000 0.018900 0.051100 0.035100 0.030900 0.047400 0.035100 0.051400 0.059100 0.064300
goat 0.011100 0.112200 0.034500 0.094800 0.011200 0.007400 0.011100 0.011100 0.042100 0.027200 0.000000 0.038100 0.018600 0.007400 0.030200 0.014900 0.030400 0.043500 0.011100 0.038200 0.011200 0.000000 0.023100 0.035000 0.003700 0.015000 0.018600 0.038200 0.022500 0.038300 0.027200 0.014900 0.042100 0.018700 0.007500 0.034400 0.000000 0.011200 0.030000 0.035200 0.027100 0.007400 0.027200 0.035000 0.034200 0.015000 0.011100 0.026600 0.015000 0.033900 0.042200 0.047100
AfricanBuf 0.049800 0.129600 0.030600 0.107300 0.042000 0.045800 0.041900 0.042000 0.038100 0.054800 0.038100 0.000000 0.045700 0.038100 0.054100 0.045800 0.054200 0.059400 0.041900 0.034300 0.042100 0.038100 0.046600 0.050800 0.042000 0.046100 0.045700 0.034300 0.050400 0.034300 0.054900 0.045900 0.070300 0.045800 0.038200 0.022700 0.038100 0.042000 0.061700 0.050900 0.050700 0.038000 0.054800 0.050700 0.022600 0.042000 0.041800 0.048400 0.046000 0.057600 0.038200 0.042800
Topi 0.030000 0.125000 0.042300 0.099000 0.022500 0.026200 0.022400 0.022400 0.049900 0.039100 0.018600 0.045700 0.000000 0.018700 0.041800 0.026100 0.042000 0.055500 0.022400 0.045900 0.022500 0.018700 0.034800 0.043000 0.022400 0.026300 0.000000 0.045900 0.034800 0.046000 0.039000 0.026300 0.053800 0.000000 0.018700 0.042100 0.018600 0.022500 0.041500 0.047100 0.038900 0.018600 0.039100 0.046900 0.041900 0.026300 0.022400 0.038200 0.026300 0.045600 0.042000 0.055000
CommonDuik 0.018700 0.103200 0.034500 0.094900 0.011200 0.014900 0.003700 0.011200 0.042200 0.027300 0.007400 0.038100 0.018700 0.000000 0.030200 0.014900 0.030400 0.043500 0.011100 0.038200 0.011200 0.007400 0.023100 0.035100 0.011200 0.015000 0.018700 0.038300 0.023100 0.038300 0.027200 0.007400 0.042100 0.018700 0.007400 0.034400 0.007400 0.011200 0.030000 0.035200 0.027100 0.007400 0.027300 0.035000 0.034200 0.015000 0.011100 0.026600 0.015000 0.034000 0.042200 0.047100
Suni 0.041800 0.112300 0.050600 0.116600 0.034100 0.037900 0.034000 0.034100 0.058300 0.051100 0.030200 0.054100 0.041800 0.030200 0.000000 0.034000 0.054100 0.059600 0.030200 0.054300 0.034100 0.030300 0.046800 0.059200 0.034100 0.038100 0.041800 0.054300 0.042600 0.054500 0.051100 0.038000 0.066300 0.041800 0.030300 0.046100 0.030200 0.034100 0.053500 0.059300 0.051000 0.030200 0.051100 0.059100 0.046000 0.038100 0.034000 0.042300 0.038100 0.049700 0.058400 0.063600
Springbuck 0.026100 0.120300 0.042300 0.090000 0.018600 0.022300 0.018600 0.011100 0.049900 0.034800 0.014900 0.045800 0.026100 0.014900 0.034000 0.000000 0.038100 0.051100 0.018600 0.046000 0.011100 0.014900 0.030700 0.042700 0.018600 0.014900 0.026100 0.046000 0.014800 0.046100 0.034800 0.022400 0.049900 0.026200 0.014900 0.042100 0.014900 0.018600 0.029900 0.042800 0.034700 0.007400 0.034800 0.042700 0.041900 0.022500 0.011100 0.034200 0.022500 0.041500 0.050000 0.055300
Okapi 0.042000 0.108300 0.050800 0.086200 0.034300 0.038100 0.034200 0.034300 0.058500 0.022800 0.030400 0.054200 0.042000 0.030400 0.054100 0.038100 0.000000 0.011300 0.034200 0.054500 0.034400 0.030500 0.015100 0.026600 0.034300 0.038300 0.042000 0.054500 0.046600 0.054600 0.022800 0.038200 0.038500 0.042100 0.030500 0.050500 0.030400 0.034300 0.045900 0.026700 0.019000 0.030400 0.022800 0.026600 0.050200 0.038300 0.034200 0.050600 0.038300 0.042000 0.058600 0.063600
Giraffe 0.055500 0.112800 0.055800 0.089600 0.047300 0.051500 0.047600 0.047100 0.063800 0.035400 0.043500 0.059400 0.055500 0.043500 0.059600 0.051100 0.011300 0.000000 0.047800 0.059600 0.047400 0.043500 0.027300 0.039400 0.047600 0.051500 0.055500 0.059600 0.060000 0.059700 0.035500 0.051400 0.051700 0.055700 0.043400 0.055600 0.043500 0.047300 0.059000 0.039500 0.031400 0.043100 0.035400 0.039200 0.055600 0.053100 0.047100 0.056000 0.051500 0.055800 0.063800 0.069000
TibetanAnt 0.022400 0.112000 0.038400 0.098800 0.014900 0.018600 0.014900 0.015400 0.046000 0.031200 0.011100 0.041900 0.022400 0.011100 0.030200 0.018600 0.034200 0.047800 0.000000 0.042100 0.015600 0.011200 0.027000 0.039000 0.014900 0.020000 0.022400 0.042100 0.026100 0.042200 0.031100 0.018700 0.046000 0.022400 0.011200 0.038200 0.011100 0.014900 0.034900 0.039200 0.031000 0.011800 0.031200 0.038900 0.038100 0.018700 0.015600 0.030400 0.018700 0.033900 0.046100 0.051100
Sitatunga 0.049900 0.125400 0.003800 0.116900 0.042200 0.046000 0.042100 0.042100 0.003700 0.054900 0.038200 0.034300 0.045900 0.038200 0.054300 0.046000 0.054500 0.059600 0.042100 0.000000 0.042200 0.038300 0.046700 0.059000 0.042100 0.038400 0.045900 0.000000 0.050600 0.000000 0.055000 0.046100 0.070500 0.046000 0.038400 0.026600 0.038200 0.042100 0.062000 0.059200 0.050800 0.038200 0.054900 0.059000 0.026500 0.046200 0.042000 0.042600 0.046100 0.057800 0.003700 0.007500
Oribi 0.022500 0.116500 0.038600 0.094600 0.015000 0.018700 0.011200 0.007400 0.046200 0.031000 0.011200 0.042100 0.022500 0.011200 0.034100 0.011100 0.034400 0.047400 0.015600 0.042200 0.000000 0.011200 0.026900 0.038800 0.014900 0.011200 0.022500 0.042300 0.018700 0.042400 0.031100 0.018700 0.046100 0.022500 0.011200 0.038400 0.011200 0.015000 0.026300 0.039000 0.031000 0.003700 0.031000 0.038800 0.038200 0.019300 0.007400 0.030500 0.018800 0.037800 0.046200 0.051400
BarbaryShe 0.011100 0.112400 0.034600 0.094800 0.011200 0.007400 0.011200 0.011200 0.042200 0.027200 0.000000 0.038100 0.018700 0.007400 0.030300 0.014900 0.030500 0.043500 0.011200 0.038300 0.011200 0.000000 0.023100 0.035000 0.003700 0.015000 0.018700 0.038300 0.022500 0.038300 0.027100 0.015000 0.042200 0.018700 0.007500 0.034400 0.000000 0.011200 0.030100 0.035100 0.027100 0.007400 0.027200 0.035000 0.034300 0.015000 0.011100 0.026600 0.015000 0.034000 0.042200 0.047100
Daviddeer 0.034800 0.098000 0.043000 0.076800 0.026900 0.030900 0.026900 0.026800 0.050700 0.007500 0.023100 0.046600 0.034800 0.023100 0.046800 0.030700 0.015100 0.027300 0.027000 0.046700 0.026900 0.023100 0.000000 0.011300 0.027000 0.030900 0.034800 0.046700 0.039100 0.046800 0.007500 0.030900 0.030500 0.034900 0.023100 0.042800 0.023100 0.026900 0.038000 0.011300 0.003700 0.023000 0.007500 0.011300 0.042800 0.030900 0.026800 0.043200 0.031000 0.042900 0.050800 0.055700
Reindeer 0.047000 0.110900 0.055300 0.081200 0.038900 0.043000 0.038900 0.038700 0.063100 0.018900 0.035000 0.050800 0.043000 0.035100 0.059200 0.042700 0.026600 0.039400 0.039000 0.059000 0.038800 0.035000 0.011300 0.000000 0.039000 0.042900 0.043000 0.059000 0.051500 0.059100 0.018900 0.043000 0.042300 0.043200 0.035200 0.055100 0.035000 0.038800 0.049800 0.007500 0.015100 0.034900 0.018900 0.007500 0.055100 0.043200 0.038700 0.055500 0.043000 0.055400 0.059100 0.068400
Ibex 0.014800 0.112300 0.038500 0.099000 0.014900 0.011100 0.014900 0.011100 0.046100 0.031200 0.003700 0.042000 0.022400 0.011200 0.034100 0.018600 0.034300 0.047600 0.014900 0.042100 0.014900 0.003700 0.027000 0.039000 0.000000 0.018700 0.022400 0.042200 0.026300 0.042300 0.031100 0.018700 0.046100 0.022400 0.011200 0.038300 0.003700 0.014900 0.033800 0.039200 0.031100 0.011100 0.031200 0.039000 0.038100 0.018800 0.014900 0.030500 0.018700 0.030000 0.046100 0.051100
GyrantGaze 0.026300 0.121000 0.034700 0.099000 0.018800 0.022500 0.018700 0.011200 0.042400 0.035000 0.015000 0.046100 0.026300 0.015000 0.038100 0.014900 0.038300 0.051500 0.020000 0.038400 0.011200 0.015000 0.030900 0.042900 0.018700 0.000000 0.026300 0.038500 0.022500 0.038500 0.035000 0.022600 0.050200 0.026300 0.015000 0.042400 0.015000 0.018800 0.030100 0.043100 0.034900 0.007400 0.035000 0.042900 0.042200 0.022600 0.011200 0.026700 0.022600 0.041800 0.042400 0.047400
Hartebeest 0.030000 0.125000 0.042300 0.099000 0.022500 0.026200 0.022400 0.022400 0.049900 0.039100 0.018600 0.045700 0.000000 0.018700 0.041800 0.026100 0.042000 0.055500 0.022400 0.045900 0.022500 0.018700 0.034800 0.043000 0.022400 0.026300 0.000000 0.045900 0.034800 0.046000 0.039000 0.026300 0.053800 0.000000 0.018700 0.042100 0.018600 0.022500 0.041500 0.047100 0.038900 0.018600 0.039100 0.046900 0.041900 0.026300 0.022400 0.038200 0.026300 0.045600 0.042000 0.055000
Bongo 0.050000 0.125500 0.003800 0.116800 0.042200 0.046000 0.042100 0.042200 0.003700 0.055000 0.038200 0.034300 0.045900 0.038300 0.054300 0.046000 0.054500 0.059600 0.042100 0.000000 0.042300 0.038300 0.046700 0.059000 0.042200 0.038500 0.045900 0.000000 0.050700 0.000000 0.055000 0.046100 0.070500 0.046000 0.038400 0.026600 0.038200 0.042200 0.062000 0.059200 0.050800 0.038200 0.055000 0.059000 0.026500 0.046200 0.042000 0.042700 0.046200 0.057900 0.003700 0.007500
Gerenuk 0.034000 0.129000 0.047000 0.098500 0.026800 0.030100 0.026800 0.018600 0.054800 0.043500 0.022500 0.050400 0.034800 0.023100 0.042600 0.014800 0.046600 0.060000 0.026100 0.050600 0.018700 0.022500 0.039100 0.051500 0.026300 0.022500 0.034800 0.050700 0.000000 0.050800 0.043400 0.030800 0.058700 0.035100 0.023000 0.046800 0.022500 0.026800 0.037600 0.051700 0.043300 0.014800 0.043500 0.051400 0.046800 0.030900 0.018600 0.042900 0.030900 0.050700 0.054900 0.060300
CommonElan 0.050100 0.125600 0.003800 0.117100 0.042300 0.046100 0.042200 0.042300 0.003700 0.055100 0.038300 0.034300 0.046000 0.038300 0.054500 0.046100 0.054600 0.059700 0.042200 0.000000 0.042400 0.038300 0.046800 0.059100 0.042300 0.038500 0.046000 0.000000 0.050800 0.000000 0.055100 0.046200 0.070700 0.046100 0.038500 0.026700 0.038300 0.042200 0.062200 0.059400 0.050900 0.038300 0.055100 0.059200 0.026600 0.046300 0.042100 0.042700 0.046200 0.058000 0.003700 0.007500
MuntiacusR 0.039000 0.106800 0.051300 0.085200 0.031000 0.035100 0.031200 0.030800 0.059100 0.000000 0.027200 0.054900 0.039000 0.027200 0.051100 0.034800 0.022800 0.035500 0.031100 0.055000 0.031100 0.027100 0.007500 0.018900 0.031100 0.035000 0.039000 0.055000 0.043400 0.055100 0.000000 0.035100 0.022800 0.039200 0.027200 0.051100 0.027200 0.031000 0.041900 0.018900 0.011300 0.027000 0.000000 0.018900 0.051100 0.035800 0.030900 0.047600 0.035100 0.051200 0.059200 0.064300
HarveysDui 0.026300 0.107700 0.042400 0.103300 0.018700 0.022500 0.011100 0.018700 0.050100 0.035100 0.014900 0.045900 0.026300 0.007400 0.038000 0.022400 0.038200 0.051400 0.018700 0.046100 0.018700 0.015000 0.030900 0.043000 0.018700 0.022600 0.026300 0.046100 0.030800 0.046200 0.035100 0.000000 0.050000 0.026300 0.015000 0.042200 0.014900 0.018700 0.037800 0.043100 0.035000 0.014900 0.035100 0.042900 0.042100 0.022600 0.018600 0.034400 0.022600 0.041800 0.050100 0.055200
Pronghorn 0.053900 0.124400 0.066900 0.102400 0.046100 0.049900 0.046000 0.046000 0.074600 0.022800 0.042100 0.070300 0.053800 0.042100 0.066300 0.049900 0.038500 0.051700 0.046000 0.070500 0.046100 0.042200 0.030500 0.042300 0.046100 0.050200 0.053800 0.070500 0.058700 0.070700 0.022800 0.050000 0.000000 0.053900 0.042200 0.066500 0.042100 0.046100 0.057900 0.042400 0.030500 0.042100 0.022800 0.042200 0.066300 0.050200 0.045900 0.062700 0.050100 0.065700 0.074600 0.080100
BlueWildeb 0.030000 0.125100 0.042300 0.099300 0.022500 0.026200 0.022400 0.022400 0.049900 0.039300 0.018700 0.045800 0.000000 0.018700 0.041800 0.026200 0.042100 0.055700 0.022400 0.046000 0.022500 0.018700 0.034900 0.043200 0.022400 0.026300 0.000000 0.046000 0.035100 0.046100 0.039200 0.026300 0.053900 0.000000 0.018700 0.042100 0.018700 0.022500 0.041500 0.047400 0.039100 0.018600 0.039300 0.047100 0.042000 0.026400 0.022400 0.038200 0.026300 0.045500 0.042100 0.055200
Gemsbok 0.018700 0.112200 0.034700 0.095200 0.011200 0.014900 0.011200 0.011200 0.042300 0.027200 0.007500 0.038200 0.018700 0.007400 0.030300 0.014900 0.030500 0.043400 0.011200 0.038400 0.011200 0.007500 0.023100 0.035200 0.011200 0.015000 0.018700 0.038400 0.023000 0.038500 0.027200 0.015000 0.042200 0.018700 0.000000 0.034500 0.007500 0.007500 0.030100 0.035400 0.027100 0.007400 0.027200 0.035200 0.034300 0.007500 0.011200 0.026700 0.015000 0.034100 0.042400 0.047400
Yak 0.042200 0.125500 0.022900 0.113000 0.038300 0.042100 0.038200 0.038300 0.030500 0.051100 0.034400 0.022700 0.042100 0.034400 0.046100 0.042100 0.050500 0.055600 0.038200 0.026600 0.038400 0.034400 0.042800 0.055100 0.038300 0.042400 0.042100 0.026600 0.046800 0.026700 0.051100 0.042200 0.066500 0.042100 0.034500 0.000000 0.034400 0.038300 0.058000 0.055400 0.047000 0.034300 0.051100 0.055000 0.000000 0.042300 0.038200 0.046700 0.043800 0.054000 0.030500 0.035200
BlueSheep 0.011100 0.112200 0.034500 0.094800 0.011200 0.007400 0.011100 0.011100 0.042100 0.027200 0.000000 0.038100 0.018600 0.007400 0.030200 0.014900 0.030400 0.043500 0.011100 0.038200 0.011200 0.000000 0.023100 0.035000 0.003700 0.015000 0.018600 0.038200 0.022500 0.038300 0.027200 0.014900 0.042100 0.018700 0.007500 0.034400 0.000000 0.011200 0.030000 0.035200 0.027100 0.007400 0.027200 0.035000 0.034200 0.015000 0.011100 0.026600 0.015000 0.033900 0.042200 0.047100
BohorReedb 0.022500 0.116200 0.038500 0.098800 0.007400 0.018700 0.014900 0.014900 0.046100 0.031000 0.011200 0.042000 0.022500 0.011200 0.034100 0.018600 0.034300 0.047300 0.014900 0.042100 0.015000 0.011200 0.026900 0.038800 0.014900 0.018800 0.022500 0.042200 0.026800 0.042200 0.031000 0.018700 0.046100 0.022500 0.007500 0.038300 0.011200 0.000000 0.033900 0.038900 0.030900 0.011200 0.031000 0.038800 0.038200 0.015000 0.014900 0.030500 0.018700 0.037900 0.046100 0.051000
KirksDik 0.041500 0.119400 0.058400 0.101400 0.033900 0.037600 0.033800 0.026200 0.066000 0.041900 0.030000 0.061700 0.041500 0.030000 0.053500 0.029900 0.045900 0.059000 0.034900 0.062000 0.026300 0.030100 0.038000 0.049800 0.033800 0.030100 0.041500 0.062000 0.037600 0.062200 0.041900 0.037800 0.057900 0.041500 0.030100 0.058000 0.030000 0.033900 0.000000 0.049900 0.041900 0.022400 0.041900 0.049700 0.057700 0.037900 0.026100 0.050000 0.030000 0.057200 0.066100 0.071600
RoeDeer 0.047100 0.111100 0.055500 0.081400 0.039000 0.043100 0.039000 0.038900 0.063400 0.018900 0.035200 0.050900 0.047100 0.035200 0.059300 0.042800 0.026700 0.039500 0.039200 0.059200 0.039000 0.035100 0.011300 0.007500 0.039200 0.043100 0.047100 0.059200 0.051700 0.059400 0.018900 0.043100 0.042400 0.047400 0.035400 0.055400 0.035200 0.038900 0.049900 0.000000 0.015100 0.035000 0.018900 0.007500 0.055300 0.043100 0.038900 0.055600 0.043200 0.055600 0.063500 0.069000
WhiteLippe 0.038900 0.102500 0.047100 0.080900 0.030900 0.035000 0.031100 0.030800 0.054900 0.011300 0.027100 0.050700 0.038900 0.027100 0.051000 0.034700 0.019000 0.031400 0.031000 0.050800 0.031000 0.027100 0.003700 0.015100 0.031100 0.034900 0.038900 0.050800 0.043300 0.050900 0.011300 0.035000 0.030500 0.039100 0.027100 0.047000 0.027100 0.030900 0.041900 0.015100 0.000000 0.027000 0.011300 0.015100 0.047000 0.035700 0.030800 0.047500 0.035000 0.046800 0.054900 0.060000
ThomsonGaz 0.018600 0.111700 0.034500 0.090100 0.011200 0.014900 0.011100 0.003700 0.042100 0.027000 0.007400 0.038000 0.018600 0.007400 0.030200 0.007400 0.030400 0.043100 0.011800 0.038200 0.003700 0.007400 0.023000 0.034900 0.011100 0.007400 0.018600 0.038200 0.014800 0.038300 0.027000 0.014900 0.042100 0.018600 0.007400 0.034300 0.007400 0.011200 0.022400 0.035000 0.027000 0.000000 0.027000 0.034800 0.034200 0.014900 0.003700 0.026500 0.014900 0.033900 0.042200 0.047300
MuntiacusC 0.039100 0.106700 0.051200 0.085200 0.031000 0.035100 0.031000 0.030800 0.059100 0.000000 0.027200 0.054800 0.039100 0.027300 0.051100 0.034800 0.022800 0.035400 0.031200 0.054900 0.031000 0.027200 0.007500 0.018900 0.031200 0.035000 0.039100 0.055000 0.043500 0.055100 0.000000 0.035100 0.022800 0.039300 0.027200 0.051100 0.027200 0.031000 0.041900 0.018900 0.011300 0.027000 0.000000 0.018900 0.051100 0.035100 0.030900 0.047400 0.035100 0.051400 0.059100 0.064300
WhiteTaile 0.046900 0.110800 0.055300 0.076700 0.038900 0.042900 0.038800 0.038700 0.063200 0.018900 0.035000 0.050700 0.046900 0.035000 0.059100 0.042700 0.026600 0.039200 0.038900 0.059000 0.038800 0.035000 0.011300 0.007500 0.039000 0.042900 0.046900 0.059000 0.051400 0.059200 0.018900 0.042900 0.042200 0.047100 0.035200 0.055000 0.035000 0.038800 0.049700 0.007500 0.015100 0.034800 0.018900 0.000000 0.055000 0.042900 0.038700 0.055400 0.043000 0.055200 0.063200 0.068600
Cattle 0.042000 0.125300 0.022800 0.112500 0.038200 0.042000 0.038000 0.038100 0.030400 0.051100 0.034200 0.022600 0.041900 0.034200 0.046000 0.041900 0.050200 0.055600 0.038100 0.026500 0.038200 0.034300 0.042800 0.055100 0.038100 0.042200 0.041900 0.026500 0.046800 0.026600 0.051100 0.042100 0.066300 0.042000 0.034300 0.000000 0.034200 0.038200 0.057700 0.055300 0.047000 0.034200 0.051100 0.055000 0.000000 0.042200 0.038000 0.046500 0.046000 0.053700 0.030400 0.035000
RoyalAntel 0.026300 0.122400 0.042400 0.103600 0.018800 0.022500 0.019400 0.018700 0.050200 0.035100 0.015000 0.042000 0.026300 0.015000 0.038100 0.022500 0.038300 0.053100 0.018700 0.046200 0.019300 0.015000 0.030900 0.043200 0.018800 0.022600 0.026300 0.046200 0.030900 0.046300 0.035800 0.022600 0.050200 0.026400 0.007500 0.042300 0.015000 0.015000 0.037900 0.043100 0.035700 0.014900 0.035100 0.042900 0.042200 0.000000 0.018700 0.035700 0.022600 0.038000 0.050200 0.055200
Steenbok 0.022300 0.115800 0.038400 0.094100 0.014900 0.018600 0.014800 0.007400 0.046000 0.030900 0.011100 0.041800 0.022400 0.011100 0.034000 0.011100 0.034200 0.047100 0.015600 0.042000 0.007400 0.011100 0.026800 0.038700 0.014900 0.011200 0.022400 0.042000 0.018600 0.042100 0.030900 0.018600 0.045900 0.022400 0.011200 0.038200 0.011100 0.014900 0.026100 0.038900 0.030800 0.003700 0.030900 0.038700 0.038000 0.018700 0.000000 0.030400 0.018700 0.037700 0.046000 0.051200
Impala 0.030400 0.121900 0.038900 0.117400 0.030500 0.026500 0.030400 0.030400 0.046600 0.047400 0.026600 0.048400 0.038200 0.026600 0.042300 0.034200 0.050600 0.056000 0.030400 0.042600 0.030500 0.026600 0.043200 0.055500 0.030500 0.026700 0.038200 0.042700 0.042900 0.042700 0.047600 0.034400 0.062700 0.038200 0.026700 0.046700 0.026600 0.030500 0.050000 0.055600 0.047500 0.026500 0.047400 0.055400 0.046500 0.035700 0.030400 0.000000 0.034300 0.054100 0.046700 0.051700
Klipspring 0.026300 0.112100 0.042500 0.106500 0.018800 0.022500 0.018700 0.018700 0.042200 0.035100 0.015000 0.046000 0.026300 0.015000 0.038100 0.022500 0.038300 0.051500 0.018700 0.046100 0.018800 0.015000 0.031000 0.043000 0.018700 0.022600 0.026300 0.046200 0.030900 0.046200 0.035100 0.022600 0.050100 0.026300 0.015000 0.043800 0.015000 0.018700 0.030000 0.043200 0.035000 0.014900 0.035100 0.043000 0.046000 0.022600 0.018700 0.034300 0.000000 0.041800 0.050100 0.055400
ForestMusk 0.045500 0.120200 0.054200 0.115900 0.037900 0.041600 0.037700 0.033800 0.061900 0.051400 0.033900 0.057600 0.045600 0.034000 0.049700 0.041500 0.042000 0.055800 0.033900 0.057800 0.037800 0.034000 0.042900 0.055400 0.030000 0.041800 0.045600 0.057900 0.050700 0.058000 0.051200 0.041800 0.065700 0.045500 0.034100 0.054000 0.033900 0.037900 0.057200 0.055600 0.046800 0.033900 0.051400 0.055200 0.053700 0.038000 0.037700 0.054100 0.041800 0.000000 0.061900 0.067300
Bushbuck 0.054000 0.130000 0.007500 0.121400 0.046200 0.050000 0.046100 0.046100 0.007500 0.059100 0.042200 0.038200 0.042000 0.042200 0.058400 0.050000 0.058600 0.063800 0.046100 0.003700 0.046200 0.042200 0.050800 0.059100 0.046100 0.042400 0.042000 0.003700 0.054900 0.003700 0.059200 0.050100 0.074600 0.042100 0.042400 0.030500 0.042200 0.046100 0.066100 0.063500 0.054900 0.042200 0.059100 0.063200 0.030400 0.050200 0.046000 0.046700 0.050100 0.061900 0.000000 0.011300
GreaterKud 0.059200 0.135700 0.012100 0.127300 0.051100 0.055100 0.051000 0.051400 0.011300 0.064300 0.047100 0.042800 0.055000 0.047100 0.063600 0.055300 0.063600 0.069000 0.051100 0.007500 0.051400 0.047100 0.055700 0.068400 0.051100 0.047400 0.055000 0.007500 0.060300 0.007500 0.064300 0.055200 0.080100 0.055200 0.047400 0.035200 0.047100 0.051000 0.071600 0.069000 0.060000 0.047300 0.064300 0.068600 0.035000 0.055200 0.051200 0.051700 0.055400 0.067300 0.011300 0.000000
