1
52 1
Argali 0.000000 0.152200 0.000000 0.084700 0.000000 0.000000 0.000000 0.000700 0.000000 0.000000 0.000000 0.000000 0.000100 0.000000 0.000000 0.000200 0.000000 0.000000 0.000000 0.000000 0.000200 0.000000 0.000200 0.000000 0.000200 0.000700 0.000100 0.000000 0.000200 0.000000 0.000000 0.000000 0.000000 0.026900 0.000000 0.000000 0.000000 0.000000 0.000200 0.000200 0.000200 0.000200 0.000000 0.000200 0.000000 0.000000 0.000400 0.000000 0.000000 0.000100 0.000000 0.000000
LesserMous 0.152200 0.000000 0.152200 0.192600 0.152200 0.152200 0.152200 0.151500 0.152200 0.152200 0.152200 0.152200 0.155100 0.152200 0.152200 0.150600 0.152200 0.152200 0.152200 0.152200 0.150600 0.152200 0.149400 0.152200 0.154100 0.151500 0.155100 0.152200 0.150600 0.152200 0.152200 0.152200 0.152200 0.186900 0.152200 0.152200 0.152200 0.152200 0.150600 0.155300 0.149400 0.150600 0.152200 0.155300 0.152200 0.152200 0.153000 0.152200 0.152200 0.155600 0.152200 0.152200
LesserKudu 0.000000 0.152200 0.000000 0.084700 0.000000 0.000000 0.000000 0.000700 0.000000 0.000000 0.000000 0.000000 0.000100 0.000000 0.000000 0.000200 0.000000 0.000000 0.000000 0.000000 0.000200 0.000000 0.000200 0.000000 0.000200 0.000700 0.000100 0.000000 0.000200 0.000000 0.000000 0.000000 0.000000 0.026900 0.000000 0.000000 0.000000 0.000000 0.000200 0.000200 0.000200 0.000200 0.000000 0.000200 0.000000 0.000000 0.000400 0.000000 0.000000 0.000100 0.000000 0.000000
KillerWhal 0.084700 0.192600 0.084700 0.000000 0.084700 0.084700 0.084700 0.080300 0.084700 0.084700 0.084700 0.084700 0.087500 0.084700 0.084700 0.083800 0.084700 0.084700 0.084700 0.084700 0.083800 0.084700 0.082600 0.084700 0.087200 0.080300 0.087500 0.084700 0.083800 0.084700 0.084700 0.084700 0.084700 0.115600 0.084700 0.084700 0.084700 0.084700 0.083800 0.086400 0.082600 0.083800 0.084700 0.087200 0.084700 0.084700 0.086000 0.084700 0.084700 0.087400 0.084700 0.084700
DefassaWat 0.000000 0.152200 0.000000 0.084700 0.000000 0.000000 0.000000 0.000700 0.000000 0.000000 0.000000 0.000000 0.000100 0.000000 0.000000 0.000200 0.000000 0.000000 0.000000 0.000000 0.000200 0.000000 0.000200 0.000000 0.000200 0.000700 0.000100 0.000000 0.000200 0.000000 0.000000 0.000000 0.000000 0.026900 0.000000 0.000000 0.000000 0.000000 0.000200 0.000200 0.000200 0.000200 0.000000 0.000200 0.000000 0.000000 0.000400 0.000000 0.000000 0.000100 0.000000 0.000000
Sheep 0.000000 0.152200 0.000000 0.084700 0.000000 0.000000 0.000000 0.000700 0.000000 0.000000 0.000000 0.000000 0.000100 0.000000 0.000000 0.000200 0.000000 0.000000 0.000000 0.000000 0.000200 0.000000 0.000200 0.000000 0.000200 0.000700 0.000100 0.000000 0.000200 0.000000 0.000000 0.000000 0.000000 0.026900 0.000000 0.000000 0.000000 0.000000 0.000200 0.000200 0.000200 0.000200 0.000000 0.000200 0.000000 0.000000 0.000400 0.000000 0.000000 0.000100 0.000000 0.000000
MaxwellsDu 0.000000 0.152200 0.000000 0.084700 0.000000 0.000000 0.000000 0.000700 0.000000 0.000000 0.000000 0.000000 0.000100 0.000000 0.000000 0.000200 0.000000 0.000000 0.000000 0.000000 0.000200 0.000000 0.000200 0.000000 0.000200 0.000700 0.000100 0.000000 0.000200 0.000000 0.000000 0.000000 0.000000 0.026900 0.000000 0.000000 0.000000 0.000000 0.000200 0.000200 0.000200 0.000200 0.000000 0.000200 0.000000 0.000000 0.000400 0.000000 0.000000 0.000100 0.000000 0.000000
GazellaPrz 0.000700 0.151500 0.000700 0.080300 0.000700 0.000700 0.000700 0.000000 0.000700 0.000700 0.000700 0.000700 0.000800 0.000700 0.000700 0.000300 0.000700 0.000700 0.000700 0.000700 0.000300 0.000700 0.000900 0.000700 0.001000 0.000000 0.000800 0.000700 0.000300 0.000700 0.000700 0.000700 0.000700 0.025700 0.000700 0.000700 0.000700 0.000700 0.000300 0.001100 0.000900 0.000300 0.000700 0.001000 0.000700 0.000700 0.000500 0.000700 0.000700 0.000900 0.000700 0.000700
MountainNy 0.000000 0.152200 0.000000 0.084700 0.000000 0.000000 0.000000 0.000700 0.000000 0.000000 0.000000 0.000000 0.000100 0.000000 0.000000 0.000200 0.000000 0.000000 0.000000 0.000000 0.000200 0.000000 0.000200 0.000000 0.000200 0.000700 0.000100 0.000000 0.000200 0.000000 0.000000 0.000000 0.000000 0.026900 0.000000 0.000000 0.000000 0.000000 0.000200 0.000200 0.000200 0.000200 0.000000 0.000200 0.000000 0.000000 0.000400 0.000000 0.000000 0.000100 0.000000 0.000000
MuntiacusM 0.000000 0.152200 0.000000 0.084700 0.000000 0.000000 0.000000 0.000700 0.000000 0.000000 0.000000 0.000000 0.000100 0.000000 0.000000 0.000200 0.000000 0.000000 0.000000 0.000000 0.000200 0.000000 0.000200 0.000000 0.000200 0.000700 0.000100 0.000000 0.000200 0.000000 0.000000 0.000000 0.000000 0.026900 0.000000 0.000000 0.000000 0.000000 0.000200 0.000200 0.000200 0.000200 0.000000 0.000200 0.000000 0.000000 0.000400 0.000000 0.000000 0.000100 0.000000 0.000000
goat 0.000000 0.152200 0.000000 0.084700 0.000000 0.000000 0.000000 0.000700 0.000000 0.000000 0.000000 0.000000 0.000100 0.000000 0.000000 0.000200 0.000000 0.000000 0.000000 0.000000 0.000200 0.000000 0.000200 0.000000 0.000200 0.000700 0.000100 0.000000 0.000200 0.000000 0.000000 0.000000 0.000000 0.026900 0.000000 0.000000 0.000000 0.000000 0.000200 0.000200 0.000200 0.000200 0.000000 0.000200 0.000000 0.000000 0.000400 0.000000 0.000000 0.000100 0.000000 0.000000
AfricanBuf 0.000000 0.152200 0.000000 0.084700 0.000000 0.000000 0.000000 0.000700 0.000000 0.000000 0.000000 0.000000 0.000100 0.000000 0.000000 0.000200 0.000000 0.000000 0.000000 0.000000 0.000200 0.000000 0.000200 0.000000 0.000200 0.000700 0.000100 0.000000 0.000200 0.000000 0.000000 0.000000 0.000000 0.026900 0.000000 0.000000 0.000000 0.000000 0.000200 0.000200 0.000200 0.000200 0.000000 0.000200 0.000000 0.000000 0.000400 0.000000 0.000000 0.000100 0.000000 0.000000
Topi 0.000100 0.155100 0.000100 0.087500 0.000100 0.000100 0.000100 0.000800 0.000100 0.000100 0.000100 0.000100 0.000000 0.000100 0.000100 0.000400 0.000100 0.000100 0.000100 0.000100 0.000400 0.000100 0.000400 0.000100 0.000300 0.000800 0.000000 0.000100 0.000400 0.000100 0.000100 0.000100 0.000100 0.027900 0.000100 0.000100 0.000100 0.000100 0.000400 0.000300 0.000400 0.000400 0.000100 0.000300 0.000100 0.000100 0.000600 0.000100 0.000100 0.000300 0.000100 0.000100
CommonDuik 0.000000 0.152200 0.000000 0.084700 0.000000 0.000000 0.000000 0.000700 0.000000 0.000000 0.000000 0.000000 0.000100 0.000000 0.000000 0.000200 0.000000 0.000000 0.000000 0.000000 0.000200 0.000000 0.000200 0.000000 0.000200 0.000700 0.000100 0.000000 0.000200 0.000000 0.000000 0.000000 0.000000 0.026900 0.000000 0.000000 0.000000 0.000000 0.000200 0.000200 0.000200 0.000200 0.000000 0.000200 0.000000 0.000000 0.000400 0.000000 0.000000 0.000100 0.000000 0.000000
Suni 0.000000 0.152200 0.000000 0.084700 0.000000 0.000000 0.000000 0.000700 0.000000 0.000000 0.000000 0.000000 0.000100 0.000000 0.000000 0.000200 0.000000 0.000000 0.000000 0.000000 0.000200 0.000000 0.000200 0.000000 0.000200 0.000700 0.000100 0.000000 0.000200 0.000000 0.000000 0.000000 0.000000 0.026900 0.000000 0.000000 0.000000 0.000000 0.000200 0.000200 0.000200 0.000200 0.000000 0.000200 0.000000 0.000000 0.000400 0.000000 0.000000 0.000100 0.000000 0.000000
Springbuck 0.000200 0.150600 0.000200 0.083800 0.000200 0.000200 0.000200 0.000300 0.000200 0.000200 0.000200 0.000200 0.000400 0.000200 0.000200 0.000000 0.000200 0.000200 0.000200 0.000200 0.000000 0.000200 0.000700 0.000200 0.000400 0.000300 0.000400 0.000200 0.000000 0.000200 0.000200 0.000200 0.000200 0.026700 0.000200 0.000200 0.000200 0.000200 0.000000 0.000400 0.000700 0.000000 0.000200 0.000400 0.000200 0.000200 0.000200 0.000200 0.000200 0.000400 0.000200 0.000200
Okapi 0.000000 0.152200 0.000000 0.084700 0.000000 0.000000 0.000000 0.000700 0.000000 0.000000 0.000000 0.000000 0.000100 0.000000 0.000000 0.000200 0.000000 0.000000 0.000000 0.000000 0.000200 0.000000 0.000200 0.000000 0.000200 0.000700 0.000100 0.000000 0.000200 0.000000 0.000000 0.000000 0.000000 0.026900 0.000000 0.000000 0.000000 0.000000 0.000200 0.000200 0.000200 0.000200 0.000000 0.000200 0.000000 0.000000 0.000400 0.000000 0.000000 0.000100 0.000000 0.000000
Giraffe 0.000000 0.152200 0.000000 0.084700 0.000000 0.000000 0.000000 0.000700 0.000000 0.000000 0.000000 0.000000 0.000100 0.000000 0.000000 0.000200 0.000000 0.000000 0.000000 0.000000 0.000200 0.000000 0.000200 0.000000 0.000200 0.000700 0.000100 0.000000 0.000200 0.000000 0.000000 0.000000 0.000000 0.026900 0.000000 0.000000 0.000000 0.000000 0.000200 0.000200 0.000200 0.000200 0.000000 0.000200 0.000000 0.000000 0.000400 0.000000 0.000000 0.000100 0.000000 0.000000
TibetanAnt 0.000000 0.152200 0.000000 0.084700 0.000000 0.000000 0.000000 0.000700 0.000000 0.000000 0.000000 0.000000 0.000100 0.000000 0.000000 0.000200 0.000000 0.000000 0.000000 0.000000 0.000200 0.000000 0.000200 0.000000 0.000200 0.000700 0.000100 0.000000 0.000200 0.000000 0.000000 0.000000 0.000000 0.026900 0.000000 0.000000 0.000000 0.000000 0.000200 0.000200 0.000200 0.000200 0.000000 0.000200 0.000000 0.000000 0.000400 0.000000 0.000000 0.000100 0.000000 0.000000
Sitatunga 0.000000 0.152200 0.000000 0.084700 0.000000 0.000000 0.000000 0.000700 0.000000 0.000000 0.000000 0.000000 0.000100 0.000000 0.000000 0.000200 0.000000 0.000000 0.000000 0.000000 0.000200 0.000000 0.000200 0.000000 0.000200 0.000700 0.000100 0.000000 0.000200 0.000000 0.000000 0.000000 0.000000 0.026900 0.000000 0.000000 0.000000 0.000000 0.000200 0.000200 0.000200 0.000200 0.000000 0.000200 0.000000 0.000000 0.000400 0.000000 0.000000 0.000100 0.000000 0.000000
Oribi 0.000200 0.150600 0.000200 0.083800 0.000200 0.000200 0.000200 0.000300 0.000200 0.000200 0.000200 0.000200 0.000400 0.000200 0.000200 0.000000 0.000200 0.000200 0.000200 0.000200 0.000000 0.000200 0.000700 0.000200 0.000400 0.000300 0.000400 0.000200 0.000000 0.000200 0.000200 0.000200 0.000200 0.026700 0.000200 0.000200 0.000200 0.000200 0.000000 0.000400 0.000700 0.000000 0.000200 0.000400 0.000200 0.000200 0.000200 0.000200 0.000200 0.000400 0.000200 0.000200
BarbaryShe 0.000000 0.152200 0.000000 0.084700 0.000000 0.000000 0.000000 0.000700 0.000000 0.000000 0.000000 0.000000 0.000100 0.000000 0.000000 0.000200 0.000000 0.000000 0.000000 0.000000 0.000200 0.000000 0.000200 0.000000 0.000200 0.000700 0.000100 0.000000 0.000200 0.000000 0.000000 0.000000 0.000000 0.026900 0.000000 0.000000 0.000000 0.000000 0.000200 0.000200 0.000200 0.000200 0.000000 0.000200 0.000000 0.000000 0.000400 0.000000 0.000000 0.000100 0.000000 0.000000
Daviddeer 0.000200 0.149400 0.000200 0.082600 0.000200 0.000200 0.000200 0.000900 0.000200 0.000200 0.000200 0.000200 0.000400 0.000200 0.000200 0.000700 0.000200 0.000200 0.000200 0.000200 0.000700 0.000200 0.000000 0.000200 0.000500 0.000900 0.000400 0.000200 0.000700 0.000200 0.000200 0.000200 0.000200 0.026400 0.000200 0.000200 0.000200 0.000200 0.000700 0.000500 0.000000 0.000700 0.000200 0.000500 0.000200 0.000200 0.001100 0.000200 0.000200 0.000400 0.000200 0.000200
Reindeer 0.000000 0.152200 0.000000 0.084700 0.000000 0.000000 0.000000 0.000700 0.000000 0.000000 0.000000 0.000000 0.000100 0.000000 0.000000 0.000200 0.000000 0.000000 0.000000 0.000000 0.000200 0.000000 0.000200 0.000000 0.000200 0.000700 0.000100 0.000000 0.000200 0.000000 0.000000 0.000000 0.000000 0.026900 0.000000 0.000000 0.000000 0.000000 0.000200 0.000200 0.000200 0.000200 0.000000 0.000200 0.000000 0.000000 0.000400 0.000000 0.000000 0.000100 0.000000 0.000000
Ibex 0.000200 0.154100 0.000200 0.087200 0.000200 0.000200 0.000200 0.001000 0.000200 0.000200 0.000200 0.000200 0.000300 0.000200 0.000200 0.000400 0.000200 0.000200 0.000200 0.000200 0.000400 0.000200 0.000500 0.000200 0.000000 0.001000 0.000300 0.000200 0.000400 0.000200 0.000200 0.000200 0.000200 0.027600 0.000200 0.000200 0.000200 0.000200 0.000400 0.000300 0.000500 0.000400 0.000200 0.000300 0.000200 0.000200 0.000200 0.000200 0.000200 0.000300 0.000200 0.000200
GyrantGaze 0.000700 0.151500 0.000700 0.080300 0.000700 0.000700 0.000700 0.000000 0.000700 0.000700 0.000700 0.000700 0.000800 0.000700 0.000700 0.000300 0.000700 0.000700 0.000700 0.000700 0.000300 0.000700 0.000900 0.000700 0.001000 0.000000 0.000800 0.000700 0.000300 0.000700 0.000700 0.000700 0.000700 0.025700 0.000700 0.000700 0.000700 0.000700 0.000300 0.001100 0.000900 0.000300 0.000700 0.001000 0.000700 0.000700 0.000500 0.000700 0.000700 0.000900 0.000700 0.000700
Hartebeest 0.000100 0.155100 0.000100 0.087500 0.000100 0.000100 0.000100 0.000800 0.000100 0.000100 0.000100 0.000100 0.000000 0.000100 0.000100 0.000400 0.000100 0.000100 0.000100 0.000100 0.000400 0.000100 0.000400 0.000100 0.000300 0.000800 0.000000 0.000100 0.000400 0.000100 0.000100 0.000100 0.000100 0.027900 0.000100 0.000100 0.000100 0.000100 0.000400 0.000300 0.000400 0.000400 0.000100 0.000300 0.000100 0.000100 0.000600 0.000100 0.000100 0.000300 0.000100 0.000100
Bongo 0.000000 0.152200 0.000000 0.084700 0.000000 0.000000 0.000000 0.000700 0.000000 0.000000 0.000000 0.000000 0.000100 0.000000 0.000000 0.000200 0.000000 0.000000 0.000000 0.000000 0.000200 0.000000 0.000200 0.000000 0.000200 0.000700 0.000100 0.000000 0.000200 0.000000 0.000000 0.000000 0.000000 0.026900 0.000000 0.000000 0.000000 0.000000 0.000200 0.000200 0.000200 0.000200 0.000000 0.000200 0.000000 0.000000 0.000400 0.000000 0.000000 0.000100 0.000000 0.000000
Gerenuk 0.000200 0.150600 0.000200 0.083800 0.000200 0.000200 0.000200 0.000300 0.000200 0.000200 0.000200 0.000200 0.000400 0.000200 0.000200 0.000000 0.000200 0.000200 0.000200 0.000200 0.000000 0.000200 0.000700 0.000200 0.000400 0.000300 0.000400 0.000200 0.000000 0.000200 0.000200 0.000200 0.000200 0.026700 0.000200 0.000200 0.000200 0.000200 0.000000 0.000400 0.000700 0.000000 0.000200 0.000400 0.000200 0.000200 0.000200 0.000200 0.000200 0.000400 0.000200 0.000200
CommonElan 0.000000 0.152200 0.000000 0.084700 0.000000 0.000000 0.000000 0.000700 0.000000 0.000000 0.000000 0.000000 0.000100 0.000000 0.000000 0.000200 0.000000 0.000000 0.000000 0.000000 0.000200 0.000000 0.000200 0.000000 0.000200 0.000700 0.000100 0.000000 0.000200 0.000000 0.000000 0.000000 0.000000 0.026900 0.000000 0.000000 0.000000 0.000000 0.000200 0.000200 0.000200 0.000200 0.000000 0.000200 0.000000 0.000000 0.000400 0.000000 0.000000 0.000100 0.000000 0.000000
MuntiacusR 0.000000 0.152200 0.000000 0.084700 0.000000 0.000000 0.000000 0.000700 0.000000 0.000000 0.000000 0.000000 0.000100 0.000000 0.000000 0.000200 0.000000 0.000000 0.000000 0.000000 0.000200 0.000000 0.000200 0.000000 0.000200 0.000700 0.000100 0.000000 0.000200 0.000000 0.000000 0.000000 0.000000 0.026900 0.000000 0.000000 0.000000 0.000000 0.000200 0.000200 0.000200 0.000200 0.000000 0.000200 0.000000 0.000000 0.000400 0.000000 0.000000 0.000100 0.000000 0.000000
HarveysDui 0.000000 0.152200 0.000000 0.084700 0.000000 0.000000 0.000000 0.000700 0.000000 0.000000 0.000000 0.000000 0.000100 0.000000 0.000000 0.000200 0.000000 0.000000 0.000000 0.000000 0.000200 0.000000 0.000200 0.000000 0.000200 0.000700 0.000100 0.000000 0.000200 0.000000 0.000000 0.000000 0.000000 0.026900 0.000000 0.000000 0.000000 0.000000 0.000200 0.000200 0.000200 0.000200 0.000000 0.000200 0.000000 0.000000 0.000400 0.000000 0.000000 0.000100 0.000000 0.000000
Pronghorn 0.000000 0.152200 0.000000 0.084700 0.000000 0.000000 0.000000 0.000700 0.000000 0.000000 0.000000 0.000000 0.000100 0.000000 0.000000 0.000200 0.000000 0.000000 0.000000 0.000000 0.000200 0.000000 0.000200 0.000000 0.000200 0.000700 0.000100 0.000000 0.000200 0.000000 0.000000 0.000000 0.000000 0.026900 0.000000 0.000000 0.000000 0.000000 0.000200 0.000200 0.000200 0.000200 0.000000 0.000200 0.000000 0.000000 0.000400 0.000000 0.000000 0.000100 0.000000 0.000000
BlueWildeb 0.026900 0.186900 0.026900 0.115600 0.026900 0.026900 0.026900 0.025700 0.026900 0.026900 0.026900 0.026900 0.027900 0.026900 0.026900 0.026700 0.026900 0.026900 0.026900 0.026900 0.026700 0.026900 0.026400 0.026900 0.027600 0.025700 0.027900 0.026900 0.026700 0.026900 0.026900 0.026900 0.026900 0.000000 0.026900 0.026900 0.026900 0.026900 0.026700 0.027300 0.026400 0.026700 0.026900 0.027600 0.026900 0.026900 0.027300 0.026900 0.026900 0.027800 0.026900 0.026900
Gemsbok 0.000000 0.152200 0.000000 0.084700 0.000000 0.000000 0.000000 0.000700 0.000000 0.000000 0.000000 0.000000 0.000100 0.000000 0.000000 0.000200 0.000000 0.000000 0.000000 0.000000 0.000200 0.000000 0.000200 0.000000 0.000200 0.000700 0.000100 0.000000 0.000200 0.000000 0.000000 0.000000 0.000000 0.026900 0.000000 0.000000 0.000000 0.000000 0.000200 0.000200 0.000200 0.000200 0.000000 0.000200 0.000000 0.000000 0.000400 0.000000 0.000000 0.000100 0.000000 0.000000
Yak 0.000000 0.152200 0.000000 0.084700 0.000000 0.000000 0.000000 0.000700 0.000000 0.000000 0.000000 0.000000 0.000100 0.000000 0.000000 0.000200 0.000000 0.000000 0.000000 0.000000 0.000200 0.000000 0.000200 0.000000 0.000200 0.000700 0.000100 0.000000 0.000200 0.000000 0.000000 0.000000 0.000000 0.026900 0.000000 0.000000 0.000000 0.000000 0.000200 0.000200 0.000200 0.000200 0.000000 0.000200 0.000000 0.000000 0.000400 0.000000 0.000000 0.000100 0.000000 0.000000
BlueSheep 0.000000 0.152200 0.000000 0.084700 0.000000 0.000000 0.000000 0.000700 0.000000 0.000000 0.000000 0.000000 0.000100 0.000000 0.000000 0.000200 0.000000 0.000000 0.000000 0.000000 0.000200 0.000000 0.000200 0.000000 0.000200 0.000700 0.000100 0.000000 0.000200 0.000000 0.000000 0.000000 0.000000 0.026900 0.000000 0.000000 0.000000 0.000000 0.000200 0.000200 0.000200 0.000200 0.000000 0.000200 0.000000 0.000000 0.000400 0.000000 0.000000 0.000100 0.000000 0.000000
BohorReedb 0.000000 0.152200 0.000000 0.084700 0.000000 0.000000 0.000000 0.000700 0.000000 0.000000 0.000000 0.000000 0.000100 0.000000 0.000000 0.000200 0.000000 0.000000 0.000000 0.000000 0.000200 0.000000 0.000200 0.000000 0.000200 0.000700 0.000100 0.000000 0.000200 0.000000 0.000000 0.000000 0.000000 0.026900 0.000000 0.000000 0.000000 0.000000 0.000200 0.000200 0.000200 0.000200 0.000000 0.000200 0.000000 0.000000 0.000400 0.000000 0.000000 0.000100 0.000000 0.000000
KirksDik 0.000200 0.150600 0.000200 0.083800 0.000200 0.000200 0.000200 0.000300 0.000200 0.000200 0.000200 0.000200 0.000400 0.000200 0.000200 0.000000 0.000200 0.000200 0.000200 0.000200 0.000000 0.000200 0.000700 0.000200 0.000400 0.000300 0.000400 0.000200 0.000000 0.000200 0.000200 0.000200 0.000200 0.026700 0.000200 0.000200 0.000200 0.000200 0.000000 0.000400 0.000700 0.000000 0.000200 0.000400 0.000200 0.000200 0.000200 0.000200 0.000200 0.000400 0.000200 0.000200
RoeDeer 0.000200 0.155300 0.000200 0.086400 0.000200 0.000200 0.000200 0.001100 0.000200 0.000200 0.000200 0.000200 0.000300 0.000200 0.000200 0.000400 0.000200 0.000200 0.000200 0.000200 0.000400 0.000200 0.000500 0.000200 0.000300 0.001100 0.000300 0.000200 0.000400 0.000200 0.000200 0.000200 0.000200 0.027300 0.000200 0.000200 0.000200 0.000200 0.000400 0.000000 0.000500 0.000400 0.000200 0.000300 0.000200 0.000200 0.000600 0.000200 0.000200 0.000300 0.000200 0.000200
WhiteLippe 0.000200 0.149400 0.000200 0.082600 0.000200 0.000200 0.000200 0.000900 0.000200 0.000200 0.000200 0.000200 0.000400 0.000200 0.000200 0.000700 0.000200 0.000200 0.000200 0.000200 0.000700 0.000200 0.000000 0.000200 0.000500 0.000900 0.000400 0.000200 0.000700 0.000200 0.000200 0.000200 0.000200 0.026400 0.000200 0.000200 0.000200 0.000200 0.000700 0.000500 0.000000 0.000700 0.000200 0.000500 0.000200 0.000200 0.001100 0.000200 0.000200 0.000400 0.000200 0.000200
ThomsonGaz 0.000200 0.150600 0.000200 0.083800 0.000200 0.000200 0.000200 0.000300 0.000200 0.000200 0.000200 0.000200 0.000400 0.000200 0.000200 0.000000 0.000200 0.000200 0.000200 0.000200 0.000000 0.000200 0.000700 0.000200 0.000400 0.000300 0.000400 0.000200 0.000000 0.000200 0.000200 0.000200 0.000200 0.026700 0.000200 0.000200 0.000200 0.000200 0.000000 0.000400 0.000700 0.000000 0.000200 0.000400 0.000200 0.000200 0.000200 0.000200 0.000200 0.000400 0.000200 0.000200
MuntiacusC 0.000000 0.152200 0.000000 0.084700 0.000000 0.000000 0.000000 0.000700 0.000000 0.000000 0.000000 0.000000 0.000100 0.000000 0.000000 0.000200 0.000000 0.000000 0.000000 0.000000 0.000200 0.000000 0.000200 0.000000 0.000200 0.000700 0.000100 0.000000 0.000200 0.000000 0.000000 0.000000 0.000000 0.026900 0.000000 0.000000 0.000000 0.000000 0.000200 0.000200 0.000200 0.000200 0.000000 0.000200 0.000000 0.000000 0.000400 0.000000 0.000000 0.000100 0.000000 0.000000
WhiteTaile 0.000200 0.155300 0.000200 0.087200 0.000200 0.000200 0.000200 0.001000 0.000200 0.000200 0.000200 0.000200 0.000300 0.000200 0.000200 0.000400 0.000200 0.000200 0.000200 0.000200 0.000400 0.000200 0.000500 0.000200 0.000300 0.001000 0.000300 0.000200 0.000400 0.000200 0.000200 0.000200 0.000200 0.027600 0.000200 0.000200 0.000200 0.000200 0.000400 0.000300 0.000500 0.000400 0.000200 0.000000 0.000200 0.000200 0.000600 0.000200 0.000200 0.000300 0.000200 0.000200
Cattle 0.000000 0.152200 0.000000 0.084700 0.000000 0.000000 0.000000 0.000700 0.000000 0.000000 0.000000 0.000000 0.000100 0.000000 0.000000 0.000200 0.000000 0.000000 0.000000 0.000000 0.000200 0.000000 0.000200 0.000000 0.000200 0.000700 0.000100 0.000000 0.000200 0.000000 0.000000 0.000000 0.000000 0.026900 0.000000 0.000000 0.000000 0.000000 0.000200 0.000200 0.000200 0.000200 0.000000 0.000200 0.000000 0.000000 0.000400 0.000000 0.000000 0.000100 0.000000 0.000000
RoyalAntel 0.000000 0.152200 0.000000 0.084700 0.000000 0.000000 0.000000 0.000700 0.000000 0.000000 0.000000 0.000000 0.000100 0.000000 0.000000 0.000200 0.000000 0.000000 0.000000 0.000000 0.000200 0.000000 0.000200 0.000000 0.000200 0.000700 0.000100 0.000000 0.000200 0.000000 0.000000 0.000000 0.000000 0.026900 0.000000 0.000000 0.000000 0.000000 0.000200 0.000200 0.000200 0.000200 0.000000 0.000200 0.000000 0.000000 0.000400 0.000000 0.000000 0.000100 0.000000 0.000000
Steenbok 0.000400 0.153000 0.000400 0.086000 0.000400 0.000400 0.000400 0.000500 0.000400 0.000400 0.000400 0.000400 0.000600 0.000400 0.000400 0.000200 0.000400 0.000400 0.000400 0.000400 0.000200 0.000400 0.001100 0.000400 0.000200 0.000500 0.000600 0.000400 0.000200 0.000400 0.000400 0.000400 0.000400 0.027300 0.000400 0.000400 0.000400 0.000400 0.000200 0.000600 0.001100 0.000200 0.000400 0.000600 0.000400 0.000400 0.000000 0.000400 0.000400 0.000600 0.000400 0.000400
Impala 0.000000 0.152200 0.000000 0.084700 0.000000 0.000000 0.000000 0.000700 0.000000 0.000000 0.000000 0.000000 0.000100 0.000000 0.000000 0.000200 0.000000 0.000000 0.000000 0.000000 0.000200 0.000000 0.000200 0.000000 0.000200 0.000700 0.000100 0.000000 0.000200 0.000000 0.000000 0.000000 0.000000 0.026900 0.000000 0.000000 0.000000 0.000000 0.000200 0.000200 0.000200 0.000200 0.000000 0.000200 0.000000 0.000000 0.000400 0.000000 0.000000 0.000100 0.000000 0.000000
Klipspring 0.000000 0.152200 0.000000 0.084700 0.000000 0.000000 0.000000 0.000700 0.000000 0.000000 0.000000 0.000000 0.000100 0.000000 0.000000 0.000200 0.000000 0.000000 0.000000 0.000000 0.000200 0.000000 0.000200 0.000000 0.000200 0.000700 0.000100 0.000000 0.000200 0.000000 0.000000 0.000000 0.000000 0.026900 0.000000 0.000000 0.000000 0.000000 0.000200 0.000200 0.000200 0.000200 0.000000 0.000200 0.000000 0.000000 0.000400 0.000000 0.000000 0.000100 0.000000 0.000000
ForestMusk 0.000100 0.155600 0.000100 0.087400 0.000100 0.000100 0.000100 0.000900 0.000100 0.000100 0.000100 0.000100 0.000300 0.000100 0.000100 0.000400 0.000100 0.000100 0.000100 0.000100 0.000400 0.000100 0.000400 0.000100 0.000300 0.000900 0.000300 0.000100 0.000400 0.000100 0.000100 0.000100 0.000100 0.027800 0.000100 0.000100 0.000100 0.000100 0.000400 0.000300 0.000400 0.000400 0.000100 0.000300 0.000100 0.000100 0.000600 0.000100 0.000100 0.000000 0.000100 0.000100
Bushbuck 0.000000 0.152200 0.000000 0.084700 0.000000 0.000000 0.000000 0.000700 0.000000 0.000000 0.000000 0.000000 0.000100 0.000000 0.000000 0.000200 0.000000 0.000000 0.000000 0.000000 0.000200 0.000000 0.000200 0.000000 0.000200 0.000700 0.000100 0.000000 0.000200 0.000000 0.000000 0.000000 0.000000 0.026900 0.000000 0.000000 0.000000 0.000000 0.000200 0.000200 0.000200 0.000200 0.000000 0.000200 0.000000 0.000000 0.000400 0.000000 0.000000 0.000100 0.000000 0.000000
GreaterKud 0.000000 0.152200 0.000000 0.084700 0.000000 0.000000 0.000000 0.000700 0.000000 0.000000 0.000000 0.000000 0.000100 0.000000 0.000000 0.000200 0.000000 0.000000 0.000000 0.000000 0.000200 0.000000 0.000200 0.000000 0.000200 0.000700 0.000100 0.000000 0.000200 0.000000 0.000000 0.000000 0.000000 0.026900 0.000000 0.000000 0.000000 0.000000 0.000200 0.000200 0.000200 0.000200 0.000000 0.000200 0.000000 0.000000 0.000400 0.000000 0.000000 0.000100 0.000000 0.000000
