1
52 1
Argali 0.000000 0.174300 0.057800 0.279200 0.014000 0.000000 0.116700 0.057400 0.042800 0.056600 0.000200 0.056700 0.014200 0.086800 0.043100 0.028200 0.014300 0.000200 0.028500 0.042800 0.000100 0.000000 0.042500 0.042700 0.014100 0.028900 0.014300 0.042800 0.028400 0.057900 0.056600 0.043000 0.028900 0.014300 0.028100 0.042800 0.000000 0.042500 0.071700 0.042400 0.042500 0.028900 0.056600 0.042500 0.041800 0.014100 0.014300 0.014300 0.028700 0.028200 0.058100 0.042800
LesserMous 0.174300 0.000000 0.224600 0.401200 0.190200 0.174300 0.236000 0.246300 0.223100 0.241800 0.175000 0.242200 0.189500 0.207200 0.224800 0.207600 0.193600 0.173400 0.209500 0.223100 0.173500 0.174300 0.225400 0.226800 0.191300 0.213200 0.190500 0.223100 0.209900 0.224200 0.241400 0.209000 0.213100 0.190500 0.206600 0.202800 0.174300 0.225300 0.224100 0.224400 0.225400 0.213200 0.241800 0.225400 0.202400 0.190700 0.157600 0.190200 0.174500 0.208200 0.246600 0.223100
LesserKudu 0.057800 0.224600 0.000000 0.360600 0.071800 0.057800 0.146400 0.117700 0.013900 0.100400 0.042700 0.056800 0.073100 0.116000 0.072800 0.086500 0.073300 0.057900 0.087700 0.013900 0.057600 0.057800 0.086700 0.087600 0.072500 0.088600 0.072900 0.013900 0.087400 0.028200 0.101400 0.071800 0.089200 0.072900 0.086300 0.071200 0.057800 0.101700 0.117000 0.086800 0.086700 0.088600 0.101100 0.086700 0.071500 0.072500 0.073000 0.073200 0.088500 0.071800 0.028400 0.013500
KillerWhal 0.279200 0.401200 0.360600 0.000000 0.295200 0.279200 0.234700 0.315100 0.336100 0.311500 0.282000 0.354500 0.288700 0.355200 0.337700 0.313900 0.300200 0.278000 0.314700 0.336100 0.278000 0.279200 0.294600 0.296600 0.298500 0.282900 0.290300 0.336100 0.317700 0.361200 0.311000 0.340400 0.277800 0.290300 0.274600 0.310600 0.279200 0.336900 0.314800 0.293300 0.294600 0.282900 0.311500 0.294600 0.309400 0.296700 0.261400 0.301100 0.241600 0.315200 0.362200 0.336100
DefassaWat 0.014000 0.190200 0.071800 0.295200 0.000000 0.014000 0.132500 0.071300 0.056700 0.070400 0.023200 0.071600 0.028400 0.100800 0.057300 0.040700 0.028500 0.014000 0.014000 0.055800 0.014000 0.014000 0.056400 0.056900 0.028100 0.043000 0.027700 0.056700 0.042500 0.071900 0.070600 0.056900 0.043300 0.028400 0.041900 0.056700 0.014000 0.056300 0.085800 0.056400 0.056400 0.043000 0.070400 0.056400 0.056800 0.028100 0.028400 0.028400 0.042900 0.042100 0.072500 0.056700
Sheep 0.000000 0.174300 0.057800 0.279200 0.014000 0.000000 0.116700 0.057400 0.042800 0.056600 0.000200 0.056700 0.014200 0.086800 0.043100 0.028200 0.014300 0.000200 0.028500 0.042800 0.000100 0.000000 0.042500 0.042700 0.013800 0.028900 0.014300 0.042800 0.028400 0.057900 0.056600 0.043000 0.028900 0.014300 0.028100 0.042800 0.000000 0.042500 0.071700 0.042400 0.042500 0.028900 0.056600 0.042500 0.041800 0.014100 0.014300 0.014300 0.028700 0.028200 0.058100 0.042800
MaxwellsDu 0.116700 0.236000 0.146400 0.234700 0.132500 0.116700 0.000000 0.150100 0.164400 0.183400 0.116900 0.180000 0.126100 0.166500 0.167100 0.149200 0.134700 0.116600 0.150300 0.164400 0.116500 0.116700 0.167300 0.168300 0.133700 0.146500 0.125900 0.164400 0.107800 0.184400 0.183100 0.132700 0.153400 0.125900 0.115100 0.152200 0.116700 0.167600 0.114900 0.167100 0.167300 0.146500 0.183400 0.167300 0.150100 0.133000 0.135200 0.150700 0.117600 0.149700 0.185300 0.164400
GazellaPrz 0.057400 0.246300 0.117700 0.315100 0.071300 0.057400 0.150100 0.000000 0.101500 0.115300 0.070300 0.117100 0.072700 0.147400 0.102700 0.085900 0.072800 0.057500 0.087100 0.101500 0.057200 0.057400 0.101000 0.102000 0.072000 0.088000 0.072500 0.101500 0.086800 0.117800 0.115700 0.102000 0.088500 0.072500 0.085700 0.101500 0.057400 0.100900 0.132000 0.101100 0.101000 0.088000 0.115300 0.101000 0.101700 0.042600 0.072500 0.072700 0.087700 0.086100 0.118800 0.101500
MountainNy 0.042800 0.223100 0.013900 0.336100 0.056700 0.042800 0.164400 0.101500 0.000000 0.085400 0.028100 0.042000 0.057700 0.131600 0.057500 0.071100 0.057800 0.042800 0.072100 0.000000 0.042600 0.042800 0.071300 0.072000 0.057200 0.072800 0.057500 0.000000 0.071800 0.013900 0.085700 0.086900 0.073300 0.057500 0.071000 0.056200 0.042800 0.086000 0.116500 0.071300 0.071300 0.072800 0.085400 0.071300 0.056400 0.057200 0.057600 0.057800 0.072700 0.056600 0.014000 0.000000
MuntiacusM 0.056600 0.241800 0.100400 0.311500 0.070400 0.056600 0.183400 0.115300 0.085400 0.000000 0.069300 0.100600 0.071700 0.145500 0.086300 0.055800 0.071800 0.056700 0.086000 0.085400 0.056400 0.056600 0.013600 0.013700 0.071000 0.086800 0.071500 0.085400 0.085700 0.101100 0.000000 0.100700 0.087300 0.071500 0.084700 0.100200 0.056600 0.070200 0.130300 0.013600 0.013600 0.086800 0.000000 0.013600 0.100500 0.071000 0.071500 0.071700 0.086600 0.085000 0.102000 0.085400
goat 0.000200 0.175000 0.042700 0.282000 0.023200 0.000200 0.116900 0.070300 0.028100 0.069300 0.000000 0.042500 0.022700 0.100600 0.052400 0.039200 0.022700 0.000300 0.040200 0.028100 0.000300 0.000200 0.054500 0.053600 0.023300 0.040200 0.023700 0.028100 0.039700 0.042800 0.068800 0.055000 0.039000 0.023700 0.039100 0.028000 0.000200 0.054500 0.084600 0.053600 0.054500 0.040200 0.069300 0.054500 0.028100 0.021600 0.023500 0.022600 0.039100 0.028300 0.042900 0.028100
AfricanBuf 0.056700 0.242200 0.056800 0.354500 0.071600 0.056700 0.180000 0.117100 0.042000 0.100600 0.042500 0.000000 0.072600 0.147800 0.072200 0.086200 0.072800 0.057400 0.087100 0.042000 0.056500 0.056700 0.086300 0.086800 0.071400 0.088200 0.072700 0.042000 0.087100 0.056800 0.100600 0.102200 0.088400 0.072700 0.056600 0.042000 0.056700 0.101100 0.131700 0.086000 0.086300 0.088200 0.100600 0.086300 0.041900 0.071900 0.072700 0.072600 0.087600 0.071600 0.057100 0.042000
Topi 0.014200 0.189500 0.073100 0.288700 0.028400 0.014200 0.126100 0.072700 0.057700 0.071700 0.022700 0.072600 0.000000 0.102700 0.058200 0.042800 0.028900 0.014300 0.043200 0.057700 0.014200 0.014200 0.057400 0.057700 0.028500 0.043800 0.000000 0.057700 0.043200 0.073200 0.071700 0.058000 0.043900 0.000000 0.042700 0.057700 0.014200 0.057400 0.087100 0.057200 0.057400 0.043800 0.071700 0.057400 0.057600 0.028600 0.028900 0.028900 0.043600 0.042900 0.073600 0.057700
CommonDuik 0.086800 0.207200 0.116000 0.355200 0.100800 0.086800 0.166500 0.147400 0.131600 0.145500 0.100600 0.147800 0.102700 0.000000 0.133100 0.115600 0.102800 0.087000 0.117300 0.131600 0.086500 0.086800 0.131000 0.132400 0.101600 0.118300 0.102400 0.131600 0.116800 0.148500 0.146000 0.070900 0.119100 0.102400 0.115300 0.116200 0.086800 0.130900 0.146500 0.131100 0.131000 0.118300 0.145500 0.131000 0.116600 0.101600 0.102400 0.102600 0.118000 0.116000 0.149900 0.131600
Suni 0.043100 0.224800 0.072800 0.337700 0.057300 0.043100 0.167100 0.102700 0.057500 0.086300 0.052400 0.072200 0.058200 0.133100 0.000000 0.071900 0.058300 0.043100 0.072500 0.057500 0.043000 0.043100 0.072000 0.072400 0.057600 0.073700 0.058200 0.057500 0.072600 0.072900 0.086200 0.087800 0.073900 0.058200 0.071700 0.087300 0.043100 0.086900 0.117400 0.071800 0.072000 0.073700 0.086300 0.072000 0.087200 0.057600 0.058300 0.072400 0.073300 0.072100 0.043200 0.057500
Springbuck 0.028200 0.207600 0.086500 0.313900 0.040700 0.028200 0.149200 0.085900 0.071100 0.055800 0.039200 0.086200 0.042800 0.115600 0.071900 0.000000 0.042900 0.028200 0.057000 0.071100 0.028100 0.028200 0.070700 0.071400 0.042300 0.057500 0.042700 0.071100 0.056800 0.086500 0.056000 0.071400 0.057900 0.042700 0.056100 0.071100 0.028200 0.070600 0.100500 0.070700 0.070700 0.057500 0.055800 0.070700 0.071300 0.042300 0.042700 0.042800 0.057300 0.056400 0.087300 0.071100
Okapi 0.014300 0.193600 0.073300 0.300200 0.028500 0.014300 0.134700 0.072800 0.057800 0.071800 0.022700 0.072800 0.028900 0.102800 0.058300 0.042900 0.000000 0.014300 0.043300 0.057800 0.014200 0.014300 0.057500 0.057900 0.028600 0.043900 0.028900 0.057800 0.043300 0.073300 0.071800 0.058100 0.044000 0.028900 0.042800 0.057800 0.014300 0.057500 0.087300 0.057300 0.057500 0.043900 0.071800 0.057500 0.057800 0.028600 0.029000 0.028900 0.043600 0.043000 0.073700 0.057800
Giraffe 0.000200 0.173400 0.057900 0.278000 0.014000 0.000200 0.116600 0.057500 0.042800 0.056700 0.000300 0.057400 0.014300 0.087000 0.043100 0.028200 0.014300 0.000000 0.028500 0.042800 0.000200 0.000200 0.042600 0.042800 0.014100 0.028900 0.014300 0.042800 0.028500 0.057900 0.056700 0.043000 0.028900 0.014300 0.028100 0.042800 0.000200 0.042600 0.071800 0.042400 0.042600 0.028900 0.056700 0.042600 0.042700 0.014100 0.014300 0.014300 0.028700 0.028300 0.058200 0.042800
TibetanAnt 0.028500 0.209500 0.087700 0.314700 0.014000 0.028500 0.150300 0.087100 0.072100 0.086000 0.040200 0.087100 0.043200 0.117300 0.072500 0.057000 0.043300 0.028500 0.000000 0.072100 0.028300 0.028500 0.071700 0.072100 0.042800 0.058400 0.043300 0.072100 0.057600 0.087800 0.086000 0.072400 0.057600 0.043300 0.056900 0.072100 0.028500 0.071700 0.101600 0.071500 0.071700 0.058400 0.086000 0.071700 0.072000 0.042800 0.043300 0.043200 0.058000 0.057200 0.088100 0.072100
Sitatunga 0.042800 0.223100 0.013900 0.336100 0.055800 0.042800 0.164400 0.101500 0.000000 0.085400 0.028100 0.042000 0.057700 0.131600 0.057500 0.071100 0.057800 0.042800 0.072100 0.000000 0.042600 0.042800 0.071300 0.072000 0.057200 0.072800 0.057500 0.000000 0.071800 0.013900 0.085700 0.086900 0.073300 0.057500 0.071000 0.056200 0.042800 0.086000 0.116500 0.071300 0.071300 0.072800 0.085400 0.071300 0.056400 0.057200 0.057600 0.057800 0.072700 0.056600 0.014000 0.000000
Oribi 0.000100 0.173500 0.057600 0.278000 0.014000 0.000100 0.116500 0.057200 0.042600 0.056400 0.000300 0.056500 0.014200 0.086500 0.043000 0.028100 0.014200 0.000200 0.028300 0.042600 0.000000 0.000100 0.042400 0.042600 0.014000 0.028700 0.014200 0.042600 0.028300 0.057700 0.056400 0.042800 0.028800 0.014200 0.028000 0.042600 0.000100 0.042300 0.071500 0.042200 0.042400 0.028700 0.056400 0.042400 0.041600 0.014000 0.014200 0.014200 0.028600 0.028100 0.058000 0.042600
BarbaryShe 0.000000 0.174300 0.057800 0.279200 0.014000 0.000000 0.116700 0.057400 0.042800 0.056600 0.000200 0.056700 0.014200 0.086800 0.043100 0.028200 0.014300 0.000200 0.028500 0.042800 0.000100 0.000000 0.042500 0.042700 0.014100 0.028900 0.014300 0.042800 0.028400 0.057900 0.056600 0.043000 0.028900 0.014300 0.028100 0.042800 0.000000 0.042500 0.071700 0.042400 0.042500 0.028900 0.056600 0.042500 0.041800 0.014100 0.014300 0.014300 0.028700 0.028200 0.058100 0.042800
Daviddeer 0.042500 0.225400 0.086700 0.294600 0.056400 0.042500 0.167300 0.101000 0.071300 0.013600 0.054500 0.086300 0.057400 0.131000 0.072000 0.070700 0.057500 0.042600 0.071700 0.071300 0.042400 0.042500 0.000000 0.000100 0.056900 0.072500 0.057300 0.071300 0.071500 0.086800 0.013600 0.086500 0.072900 0.057300 0.070600 0.085900 0.042500 0.056300 0.115900 0.000000 0.000000 0.072500 0.013200 0.000000 0.086200 0.056900 0.057300 0.057500 0.072300 0.070900 0.087500 0.071300
Reindeer 0.042700 0.226800 0.087600 0.296600 0.056900 0.042700 0.168300 0.102000 0.072000 0.013700 0.053600 0.086800 0.057700 0.132400 0.072400 0.071400 0.057900 0.042800 0.072100 0.072000 0.042600 0.042700 0.000100 0.000000 0.057200 0.073200 0.057800 0.072000 0.072100 0.087700 0.013700 0.087300 0.073300 0.057800 0.071300 0.086700 0.042700 0.056800 0.116700 0.000100 0.000100 0.073200 0.013700 0.000100 0.086700 0.057200 0.057900 0.057800 0.072800 0.071600 0.088100 0.072000
Ibex 0.014100 0.191300 0.072500 0.298500 0.028100 0.013800 0.133700 0.072000 0.057200 0.071000 0.023300 0.071400 0.028500 0.101600 0.057600 0.042300 0.028600 0.014100 0.042800 0.057200 0.014000 0.014100 0.056900 0.057200 0.000000 0.043400 0.028600 0.057200 0.042800 0.072600 0.071000 0.057500 0.043500 0.028600 0.042300 0.057200 0.014100 0.056900 0.086300 0.056700 0.056900 0.043400 0.071000 0.056900 0.056500 0.028300 0.028600 0.028600 0.043100 0.042500 0.072900 0.057200
GyrantGaze 0.028900 0.213200 0.088600 0.282900 0.043000 0.028900 0.146500 0.088000 0.072800 0.086800 0.040200 0.088200 0.043800 0.118300 0.073700 0.057500 0.043900 0.028900 0.058400 0.072800 0.028700 0.028900 0.072500 0.073200 0.043400 0.000000 0.043700 0.072800 0.027400 0.088700 0.087100 0.073200 0.059300 0.043700 0.057400 0.072700 0.028900 0.072400 0.103000 0.072500 0.072500 0.000000 0.086800 0.072500 0.072900 0.043400 0.043800 0.043800 0.058800 0.057700 0.089500 0.072800
Hartebeest 0.014300 0.190500 0.072900 0.290300 0.027700 0.014300 0.125900 0.072500 0.057500 0.071500 0.023700 0.072700 0.000000 0.102400 0.058200 0.042700 0.028900 0.014300 0.043300 0.057500 0.014200 0.014300 0.057300 0.057800 0.028600 0.043700 0.000000 0.057500 0.043100 0.073000 0.071700 0.057800 0.044000 0.000000 0.042600 0.057500 0.014300 0.057200 0.087200 0.057300 0.057300 0.043700 0.071500 0.057300 0.057700 0.028600 0.028800 0.028900 0.043600 0.042800 0.073700 0.057500
Bongo 0.042800 0.223100 0.013900 0.336100 0.056700 0.042800 0.164400 0.101500 0.000000 0.085400 0.028100 0.042000 0.057700 0.131600 0.057500 0.071100 0.057800 0.042800 0.072100 0.000000 0.042600 0.042800 0.071300 0.072000 0.057200 0.072800 0.057500 0.000000 0.071800 0.013900 0.085700 0.086900 0.073300 0.057500 0.071000 0.056200 0.042800 0.086000 0.116500 0.071300 0.071300 0.072800 0.085400 0.071300 0.056400 0.057200 0.057600 0.057800 0.072700 0.056600 0.014000 0.000000
Gerenuk 0.028400 0.209900 0.087400 0.317700 0.042500 0.028400 0.107800 0.086800 0.071800 0.085700 0.039700 0.087100 0.043200 0.116800 0.072600 0.056800 0.043300 0.028500 0.057600 0.071800 0.028300 0.028400 0.071500 0.072100 0.042800 0.027400 0.043100 0.071800 0.000000 0.087400 0.086000 0.072100 0.058500 0.043100 0.056200 0.071800 0.028400 0.070900 0.071200 0.071500 0.071500 0.027200 0.085700 0.071500 0.072000 0.042800 0.043100 0.043200 0.057900 0.057000 0.088200 0.071800
CommonElan 0.057900 0.224200 0.028200 0.361200 0.071900 0.057900 0.184400 0.117800 0.013900 0.101100 0.042800 0.056800 0.073200 0.148500 0.072900 0.086500 0.073300 0.057900 0.087800 0.013900 0.057700 0.057900 0.086800 0.087700 0.072600 0.088700 0.073000 0.013900 0.087400 0.000000 0.101500 0.102900 0.089300 0.073000 0.086400 0.071300 0.057900 0.101800 0.133100 0.086900 0.086800 0.088700 0.101100 0.086800 0.071600 0.072500 0.073100 0.043300 0.088600 0.071800 0.028400 0.013500
MuntiacusR 0.056600 0.241400 0.101400 0.311000 0.070600 0.056600 0.183100 0.115700 0.085700 0.000000 0.068800 0.100600 0.071700 0.146000 0.086200 0.056000 0.071800 0.056700 0.086000 0.085700 0.056400 0.056600 0.013600 0.013700 0.071000 0.087100 0.071700 0.085700 0.086000 0.101500 0.000000 0.101000 0.087300 0.071700 0.084900 0.100500 0.056600 0.070400 0.130200 0.013500 0.013600 0.087100 0.000000 0.013600 0.100400 0.070900 0.071800 0.071700 0.086600 0.085300 0.102000 0.085700
HarveysDui 0.043000 0.209000 0.071800 0.340400 0.056900 0.043000 0.132700 0.102000 0.086900 0.100700 0.055000 0.102200 0.058000 0.070900 0.087800 0.071400 0.058100 0.043000 0.072400 0.086900 0.042800 0.043000 0.086500 0.087300 0.057500 0.073200 0.057800 0.086900 0.072100 0.102900 0.101000 0.000000 0.073700 0.057800 0.071300 0.086700 0.043000 0.086400 0.101400 0.086500 0.086500 0.073200 0.100700 0.086500 0.087000 0.057500 0.057900 0.058100 0.073100 0.071600 0.103800 0.086900
Pronghorn 0.028900 0.213100 0.089200 0.277800 0.043300 0.028900 0.153400 0.088500 0.073300 0.087300 0.039000 0.088400 0.043900 0.119100 0.073900 0.057900 0.044000 0.028900 0.057600 0.073300 0.028800 0.028900 0.072900 0.073300 0.043500 0.059300 0.044000 0.073300 0.058500 0.089300 0.087300 0.073700 0.000000 0.044000 0.057800 0.073200 0.028900 0.072900 0.103200 0.072600 0.072900 0.059300 0.087300 0.072900 0.073100 0.043500 0.044000 0.044000 0.059000 0.058000 0.089700 0.073300
BlueWildeb 0.014300 0.190500 0.072900 0.290300 0.028400 0.014300 0.125900 0.072500 0.057500 0.071500 0.023700 0.072700 0.000000 0.102400 0.058200 0.042700 0.028900 0.014300 0.043300 0.057500 0.014200 0.014300 0.057300 0.057800 0.028600 0.043700 0.000000 0.057500 0.043100 0.073000 0.071700 0.057800 0.044000 0.000000 0.042600 0.057400 0.014300 0.057200 0.087200 0.057300 0.057300 0.043700 0.071500 0.057300 0.057700 0.028600 0.028400 0.028900 0.043600 0.042800 0.073700 0.057500
Gemsbok 0.028100 0.206600 0.086300 0.274600 0.041900 0.028100 0.115100 0.085700 0.071000 0.084700 0.039100 0.056600 0.042700 0.115300 0.071700 0.056100 0.042800 0.028100 0.056900 0.071000 0.028000 0.028100 0.070600 0.071300 0.042300 0.057400 0.042600 0.071000 0.056200 0.086400 0.084900 0.071300 0.057800 0.042600 0.000000 0.042000 0.028100 0.070600 0.100400 0.070700 0.070600 0.057400 0.084700 0.070600 0.042100 0.042300 0.042600 0.042700 0.028300 0.056200 0.087200 0.071000
Yak 0.042800 0.202800 0.071200 0.310600 0.056700 0.042800 0.152200 0.101500 0.056200 0.100200 0.028000 0.042000 0.057700 0.116200 0.087300 0.071100 0.057800 0.042800 0.072100 0.056200 0.042600 0.042800 0.085900 0.086700 0.057200 0.072700 0.057500 0.056200 0.071800 0.071300 0.100500 0.086700 0.073200 0.057400 0.042000 0.000000 0.042800 0.085800 0.116400 0.085900 0.085900 0.072700 0.100200 0.085900 0.000000 0.057100 0.057500 0.057700 0.072500 0.052800 0.071900 0.056200
BlueSheep 0.000000 0.174300 0.057800 0.279200 0.014000 0.000000 0.116700 0.057400 0.042800 0.056600 0.000200 0.056700 0.014200 0.086800 0.043100 0.028200 0.014300 0.000200 0.028500 0.042800 0.000100 0.000000 0.042500 0.042700 0.014100 0.028900 0.014300 0.042800 0.028400 0.057900 0.056600 0.043000 0.028900 0.014300 0.028100 0.042800 0.000000 0.042500 0.071700 0.042400 0.042500 0.028900 0.056600 0.042500 0.041800 0.014100 0.014300 0.014300 0.028700 0.028200 0.058100 0.042800
BohorReedb 0.042500 0.225300 0.101700 0.336900 0.056300 0.042500 0.167600 0.100900 0.086000 0.070200 0.054500 0.101100 0.057400 0.130900 0.086900 0.070600 0.057500 0.042600 0.071700 0.086000 0.042300 0.042500 0.056300 0.056800 0.056900 0.072400 0.057200 0.086000 0.070900 0.101800 0.070400 0.086400 0.072900 0.057200 0.070600 0.085800 0.042500 0.000000 0.115800 0.056300 0.056300 0.072400 0.070200 0.056300 0.086100 0.056800 0.057300 0.057400 0.072300 0.070800 0.102600 0.086000
KirksDik 0.071700 0.224100 0.117000 0.314800 0.085800 0.071700 0.114900 0.132000 0.116500 0.130300 0.084600 0.131700 0.087100 0.146500 0.117400 0.100500 0.087300 0.071800 0.101600 0.116500 0.071500 0.071700 0.115900 0.116700 0.086300 0.103000 0.087200 0.116500 0.071200 0.133100 0.130200 0.101400 0.103200 0.087200 0.100400 0.116400 0.071700 0.115800 0.000000 0.115500 0.115900 0.103000 0.130300 0.115900 0.116300 0.086300 0.087300 0.087200 0.102400 0.100800 0.133700 0.116500
RoeDeer 0.042400 0.224400 0.086800 0.293300 0.056400 0.042400 0.167100 0.101100 0.071300 0.013600 0.053600 0.086000 0.057200 0.131100 0.071800 0.070700 0.057300 0.042400 0.071500 0.071300 0.042200 0.042400 0.000000 0.000100 0.056700 0.072500 0.057300 0.071300 0.071500 0.086900 0.013500 0.086500 0.072600 0.057300 0.070700 0.085900 0.042400 0.056300 0.115500 0.000000 0.000000 0.072500 0.013600 0.000000 0.085900 0.056700 0.057400 0.057300 0.072100 0.070900 0.087300 0.071300
WhiteLippe 0.042500 0.225400 0.086700 0.294600 0.056400 0.042500 0.167300 0.101000 0.071300 0.013600 0.054500 0.086300 0.057400 0.131000 0.072000 0.070700 0.057500 0.042600 0.071700 0.071300 0.042400 0.042500 0.000000 0.000100 0.056900 0.072500 0.057300 0.071300 0.071500 0.086800 0.013600 0.086500 0.072900 0.057300 0.070600 0.085900 0.042500 0.056300 0.115900 0.000000 0.000000 0.072500 0.013200 0.000000 0.086200 0.056900 0.057300 0.057500 0.072300 0.070900 0.087500 0.071300
ThomsonGaz 0.028900 0.213200 0.088600 0.282900 0.043000 0.028900 0.146500 0.088000 0.072800 0.086800 0.040200 0.088200 0.043800 0.118300 0.073700 0.057500 0.043900 0.028900 0.058400 0.072800 0.028700 0.028900 0.072500 0.073200 0.043400 0.000000 0.043700 0.072800 0.027200 0.088700 0.087100 0.073200 0.059300 0.043700 0.057400 0.072700 0.028900 0.072400 0.103000 0.072500 0.072500 0.000000 0.086800 0.072500 0.072900 0.043400 0.043800 0.043800 0.058800 0.057700 0.089500 0.072800
MuntiacusC 0.056600 0.241800 0.101100 0.311500 0.070400 0.056600 0.183400 0.115300 0.085400 0.000000 0.069300 0.100600 0.071700 0.145500 0.086300 0.055800 0.071800 0.056700 0.086000 0.085400 0.056400 0.056600 0.013200 0.013700 0.071000 0.086800 0.071500 0.085400 0.085700 0.101100 0.000000 0.100700 0.087300 0.071500 0.084700 0.100200 0.056600 0.070200 0.130300 0.013600 0.013200 0.086800 0.000000 0.013200 0.100500 0.071000 0.071500 0.071700 0.086600 0.085000 0.102000 0.085400
WhiteTaile 0.042500 0.225400 0.086700 0.294600 0.056400 0.042500 0.167300 0.101000 0.071300 0.013600 0.054500 0.086300 0.057400 0.131000 0.072000 0.070700 0.057500 0.042600 0.071700 0.071300 0.042400 0.042500 0.000000 0.000100 0.056900 0.072500 0.057300 0.071300 0.071500 0.086800 0.013600 0.086500 0.072900 0.057300 0.070600 0.085900 0.042500 0.056300 0.115900 0.000000 0.000000 0.072500 0.013200 0.000000 0.086200 0.056900 0.057300 0.057500 0.072300 0.070900 0.087500 0.071300
Cattle 0.041800 0.202400 0.071500 0.309400 0.056800 0.041800 0.150100 0.101700 0.056400 0.100500 0.028100 0.041900 0.057600 0.116600 0.087200 0.071300 0.057800 0.042700 0.072000 0.056400 0.041600 0.041800 0.086200 0.086700 0.056500 0.072900 0.057700 0.056400 0.072000 0.071600 0.100400 0.087000 0.073100 0.057700 0.042100 0.000000 0.041800 0.086100 0.116300 0.085900 0.086200 0.072900 0.100500 0.086200 0.000000 0.057100 0.057700 0.057600 0.072500 0.056900 0.071900 0.056400
RoyalAntel 0.014100 0.190700 0.072500 0.296700 0.028100 0.014100 0.133000 0.042600 0.057200 0.071000 0.021600 0.071900 0.028600 0.101600 0.057600 0.042300 0.028600 0.014100 0.042800 0.057200 0.014000 0.014100 0.056900 0.057200 0.028300 0.043400 0.028600 0.057200 0.042800 0.072500 0.070900 0.057500 0.043500 0.028600 0.042300 0.057100 0.014100 0.056800 0.086300 0.056700 0.056900 0.043400 0.071000 0.056900 0.057100 0.000000 0.028600 0.028600 0.043100 0.042500 0.072900 0.057200
Steenbok 0.014300 0.157600 0.073000 0.261400 0.028400 0.014300 0.135200 0.072500 0.057600 0.071500 0.023500 0.072700 0.028900 0.102400 0.058300 0.042700 0.029000 0.014300 0.043300 0.057600 0.014200 0.014300 0.057300 0.057900 0.028600 0.043800 0.028800 0.057600 0.043100 0.073100 0.071800 0.057900 0.044000 0.028400 0.042600 0.057500 0.014300 0.057300 0.087300 0.057400 0.057300 0.043800 0.071500 0.057300 0.057700 0.028600 0.000000 0.028900 0.014400 0.042800 0.073800 0.057600
Impala 0.014300 0.190200 0.073200 0.301100 0.028400 0.014300 0.150700 0.072700 0.057800 0.071700 0.022600 0.072600 0.028900 0.102600 0.072400 0.042800 0.028900 0.014300 0.043200 0.057800 0.014200 0.014300 0.057500 0.057800 0.028600 0.043800 0.028900 0.057800 0.043200 0.043300 0.071700 0.058100 0.044000 0.028900 0.042700 0.057700 0.014300 0.057400 0.087200 0.057300 0.057500 0.043800 0.071700 0.057500 0.057600 0.028600 0.028900 0.000000 0.043600 0.042900 0.073700 0.057800
Klipspring 0.028700 0.174500 0.088500 0.241600 0.042900 0.028700 0.117600 0.087700 0.072700 0.086600 0.039100 0.087600 0.043600 0.118000 0.073300 0.057300 0.043600 0.028700 0.058000 0.072700 0.028600 0.028700 0.072300 0.072800 0.043100 0.058800 0.043600 0.072700 0.057900 0.088600 0.086600 0.073100 0.059000 0.043600 0.028300 0.072500 0.028700 0.072300 0.102400 0.072100 0.072300 0.058800 0.086600 0.072300 0.072500 0.043100 0.014400 0.043600 0.000000 0.057500 0.089000 0.072700
ForestMusk 0.028200 0.208200 0.071800 0.315200 0.042100 0.028200 0.149700 0.086100 0.056600 0.085000 0.028300 0.071600 0.042900 0.116000 0.072100 0.056400 0.043000 0.028300 0.057200 0.056600 0.028100 0.028200 0.070900 0.071600 0.042500 0.057700 0.042800 0.056600 0.057000 0.071800 0.085300 0.071600 0.058000 0.042800 0.056200 0.052800 0.028200 0.070800 0.100800 0.070900 0.070900 0.057700 0.085000 0.070900 0.056900 0.042500 0.042800 0.042900 0.057500 0.000000 0.072500 0.056600
Bushbuck 0.058100 0.246600 0.028400 0.362200 0.072500 0.058100 0.185300 0.118800 0.014000 0.102000 0.042900 0.057100 0.073600 0.149900 0.043200 0.087300 0.073700 0.058200 0.088100 0.014000 0.058000 0.058100 0.087500 0.088100 0.072900 0.089500 0.073700 0.014000 0.088200 0.028400 0.102000 0.103800 0.089700 0.073700 0.087200 0.071900 0.058100 0.102600 0.133700 0.087300 0.087500 0.089500 0.102000 0.087500 0.071900 0.072900 0.073800 0.073700 0.089000 0.072500 0.000000 0.014000
GreaterKud 0.042800 0.223100 0.013500 0.336100 0.056700 0.042800 0.164400 0.101500 0.000000 0.085400 0.028100 0.042000 0.057700 0.131600 0.057500 0.071100 0.057800 0.042800 0.072100 0.000000 0.042600 0.042800 0.071300 0.072000 0.057200 0.072800 0.057500 0.000000 0.071800 0.013500 0.085700 0.086900 0.073300 0.057500 0.071000 0.056200 0.042800 0.086000 0.116500 0.071300 0.071300 0.072800 0.085400 0.071300 0.056400 0.057200 0.057600 0.057800 0.072700 0.056600 0.014000 0.000000
