1
52 1
Argali 0.000000 0.035600 0.011400 0.027400 0.008500 0.001400 0.020000 0.010000 0.011400 0.008500 0.002800 0.012700 0.007100 0.007100 0.007100 0.010000 0.005700 0.007100 0.004300 0.008600 0.011400 0.004300 0.010000 0.007100 0.004300 0.010000 0.007100 0.010000 0.021700 0.010000 0.007100 0.007100 0.011400 0.008500 0.007100 0.009900 0.002800 0.007100 0.011400 0.008600 0.008600 0.011400 0.007100 0.007100 0.011300 0.007100 0.010000 0.008600 0.010000 0.012900 0.010000 0.010000
LesserMous 0.035600 0.000000 0.035600 0.041800 0.038400 0.034100 0.047200 0.037100 0.035600 0.035900 0.032700 0.039600 0.035600 0.034000 0.032600 0.034200 0.032600 0.034000 0.034200 0.032700 0.035700 0.034100 0.037300 0.034200 0.034200 0.034300 0.035600 0.034100 0.045900 0.034200 0.034100 0.034100 0.035600 0.035500 0.034000 0.036900 0.032700 0.036800 0.038500 0.035700 0.035700 0.035600 0.034300 0.034200 0.038200 0.034100 0.037100 0.035800 0.035700 0.040000 0.034100 0.034200
LesserKudu 0.011400 0.035600 0.000000 0.030400 0.014300 0.012900 0.023000 0.012900 0.005700 0.011400 0.008600 0.012800 0.011400 0.010000 0.005700 0.012900 0.008500 0.009900 0.010000 0.002800 0.014300 0.010000 0.012900 0.010000 0.010000 0.012900 0.011400 0.004300 0.024600 0.004300 0.010000 0.010000 0.014300 0.011400 0.010000 0.010000 0.008600 0.012800 0.014300 0.011500 0.011500 0.014300 0.010000 0.010000 0.011400 0.010000 0.012900 0.011500 0.012900 0.015800 0.004300 0.004300
KillerWhal 0.027400 0.041800 0.030400 0.000000 0.030300 0.028900 0.037700 0.027900 0.030400 0.027700 0.024500 0.031600 0.026000 0.023000 0.025900 0.027900 0.024400 0.025800 0.026000 0.027500 0.029500 0.025900 0.029000 0.026000 0.026000 0.028000 0.026000 0.028900 0.039800 0.029000 0.026000 0.023000 0.024500 0.025900 0.025900 0.028800 0.024500 0.028700 0.030400 0.027500 0.027500 0.029400 0.026000 0.026000 0.030200 0.025900 0.028900 0.027500 0.028900 0.029000 0.028900 0.028900
DefassaWat 0.008500 0.038400 0.014300 0.030300 0.000000 0.009900 0.022800 0.012800 0.014300 0.011400 0.008500 0.015500 0.011400 0.009900 0.009900 0.009900 0.008500 0.009900 0.010000 0.011400 0.014300 0.009900 0.012900 0.010000 0.010000 0.012800 0.011400 0.012800 0.021600 0.012800 0.009900 0.009900 0.014200 0.011400 0.009900 0.012800 0.008500 0.001400 0.014200 0.011400 0.011400 0.014300 0.010000 0.010000 0.011300 0.009900 0.012800 0.011400 0.012800 0.015700 0.012800 0.012800
Sheep 0.001400 0.034100 0.012900 0.028900 0.009900 0.000000 0.021500 0.011400 0.012900 0.010000 0.004300 0.014200 0.008500 0.008500 0.008500 0.011400 0.007100 0.008500 0.005700 0.010000 0.012900 0.005700 0.011500 0.008600 0.005700 0.011400 0.008500 0.011400 0.023100 0.011400 0.008500 0.008500 0.010000 0.010000 0.008500 0.011400 0.004300 0.008500 0.012800 0.010000 0.010000 0.012900 0.008600 0.008500 0.012800 0.008500 0.011400 0.010100 0.011400 0.014300 0.011400 0.011400
MaxwellsDu 0.020000 0.047200 0.023000 0.037700 0.022800 0.021500 0.000000 0.021900 0.023000 0.020000 0.017100 0.024200 0.020000 0.018500 0.018500 0.021500 0.017100 0.018500 0.018600 0.020100 0.022900 0.018600 0.021600 0.018600 0.018600 0.021500 0.020000 0.021500 0.033300 0.021500 0.018600 0.018600 0.022900 0.020000 0.018500 0.021400 0.017100 0.021300 0.022900 0.020100 0.020100 0.022900 0.018600 0.018600 0.022800 0.018600 0.021500 0.020100 0.021500 0.024400 0.021500 0.021500
GazellaPrz 0.010000 0.037100 0.012900 0.027900 0.012800 0.011400 0.021900 0.000000 0.012900 0.010000 0.007100 0.014200 0.010000 0.008500 0.008500 0.005700 0.007100 0.008500 0.008600 0.010000 0.007100 0.008500 0.011500 0.008600 0.008600 0.005700 0.010000 0.011400 0.017300 0.011500 0.008500 0.008500 0.012800 0.010000 0.008500 0.011400 0.007100 0.011300 0.012900 0.010000 0.010000 0.007100 0.008600 0.008600 0.012800 0.008500 0.011400 0.010000 0.011400 0.014300 0.011400 0.011400
MountainNy 0.011400 0.035600 0.005700 0.030400 0.014300 0.012900 0.023000 0.012900 0.000000 0.011400 0.008600 0.012800 0.011400 0.010000 0.008500 0.012900 0.008500 0.009900 0.010000 0.002800 0.014300 0.010000 0.012900 0.010000 0.010000 0.012900 0.011400 0.004300 0.024600 0.004300 0.010000 0.010000 0.014300 0.011400 0.010000 0.010000 0.008600 0.012800 0.014300 0.011500 0.011500 0.014300 0.010000 0.010000 0.011400 0.010000 0.012900 0.011500 0.012900 0.015800 0.004300 0.004300
MuntiacusM 0.008500 0.035900 0.011400 0.027700 0.011400 0.010000 0.020000 0.010000 0.011400 0.000000 0.005700 0.012700 0.008500 0.007100 0.007100 0.010000 0.005700 0.007100 0.007100 0.008600 0.011400 0.007100 0.004300 0.004300 0.007100 0.010000 0.008500 0.010000 0.021600 0.010000 0.001400 0.007100 0.011400 0.008500 0.007100 0.009900 0.005700 0.009900 0.011400 0.002800 0.002800 0.011400 0.001400 0.004300 0.011300 0.007100 0.010000 0.008600 0.007100 0.013200 0.010000 0.010000
goat 0.002800 0.032700 0.008600 0.024500 0.008500 0.004300 0.017100 0.007100 0.008600 0.005700 0.000000 0.009900 0.004300 0.004200 0.004300 0.007100 0.002800 0.004200 0.001400 0.005700 0.008600 0.001400 0.007100 0.004300 0.001400 0.007100 0.004300 0.007100 0.018700 0.007100 0.004300 0.004300 0.008500 0.005700 0.004200 0.007100 0.000000 0.007100 0.008500 0.005700 0.005700 0.008500 0.004300 0.004300 0.008500 0.004300 0.007100 0.005700 0.007100 0.010000 0.007100 0.007100
AfricanBuf 0.012700 0.039600 0.012800 0.031600 0.015500 0.014200 0.024200 0.014200 0.012800 0.012700 0.009900 0.000000 0.012700 0.011300 0.011300 0.014200 0.009900 0.011300 0.011300 0.009900 0.015600 0.011300 0.014200 0.011300 0.011300 0.014200 0.012700 0.011300 0.025800 0.011400 0.011300 0.011300 0.015600 0.012700 0.008400 0.002800 0.009900 0.014100 0.012700 0.012800 0.012800 0.015600 0.011400 0.011300 0.004200 0.011300 0.011300 0.012800 0.014200 0.017000 0.011300 0.011300
Topi 0.007100 0.035600 0.011400 0.026000 0.011400 0.008500 0.020000 0.010000 0.011400 0.008500 0.004300 0.012700 0.000000 0.007100 0.007100 0.010000 0.005700 0.007100 0.005700 0.008600 0.011400 0.005700 0.010000 0.007100 0.005700 0.010000 0.000000 0.010000 0.021600 0.010000 0.007100 0.007100 0.011400 0.005700 0.004200 0.009900 0.004300 0.009900 0.011400 0.008600 0.008600 0.011400 0.007100 0.007100 0.011300 0.007100 0.010000 0.008600 0.010000 0.012800 0.010000 0.010000
CommonDuik 0.007100 0.034000 0.010000 0.023000 0.009900 0.008500 0.018500 0.008500 0.010000 0.007100 0.004200 0.011300 0.007100 0.000000 0.005700 0.008500 0.004200 0.005600 0.005700 0.007100 0.010000 0.005700 0.008600 0.005700 0.005700 0.008500 0.007100 0.008500 0.020100 0.008500 0.005700 0.002800 0.009900 0.007100 0.005600 0.008500 0.004200 0.008500 0.010000 0.007100 0.007100 0.010000 0.005700 0.005700 0.009900 0.005700 0.007300 0.007100 0.008500 0.011400 0.008500 0.008500
Suni 0.007100 0.032600 0.005700 0.025900 0.009900 0.008500 0.018500 0.008500 0.008500 0.007100 0.004300 0.011300 0.007100 0.005700 0.000000 0.008500 0.004200 0.005600 0.005700 0.005700 0.010000 0.005700 0.008600 0.005700 0.005700 0.008600 0.007100 0.007100 0.020200 0.007100 0.005700 0.005700 0.010000 0.007100 0.005700 0.008500 0.004300 0.008500 0.010000 0.007100 0.007100 0.010000 0.005700 0.005700 0.009900 0.005700 0.008500 0.007100 0.008500 0.011400 0.007100 0.007100
Springbuck 0.010000 0.034200 0.012900 0.027900 0.009900 0.011400 0.021500 0.005700 0.012900 0.010000 0.007100 0.014200 0.010000 0.008500 0.008500 0.000000 0.007100 0.008500 0.008600 0.010000 0.004300 0.008500 0.011500 0.008600 0.008600 0.002800 0.010000 0.011400 0.014300 0.011500 0.008500 0.008500 0.012800 0.010000 0.008500 0.011400 0.007100 0.011300 0.012900 0.010000 0.010000 0.004300 0.008600 0.008600 0.012800 0.008500 0.011400 0.010000 0.011400 0.014300 0.011400 0.011400
Okapi 0.005700 0.032600 0.008500 0.024400 0.008500 0.007100 0.017100 0.007100 0.008500 0.005700 0.002800 0.009900 0.005700 0.004200 0.004200 0.007100 0.000000 0.001400 0.004300 0.005700 0.008500 0.004200 0.007100 0.004300 0.004200 0.007100 0.005700 0.007100 0.018700 0.007100 0.004200 0.004200 0.008500 0.005700 0.004200 0.007100 0.002800 0.007000 0.008500 0.005700 0.005700 0.008500 0.004300 0.004300 0.008500 0.004200 0.007100 0.005700 0.007100 0.009900 0.007100 0.007100
Giraffe 0.007100 0.034000 0.009900 0.025800 0.009900 0.008500 0.018500 0.008500 0.009900 0.007100 0.004200 0.011300 0.007100 0.005600 0.005600 0.008500 0.001400 0.000000 0.004200 0.007100 0.009900 0.005700 0.008500 0.005700 0.005700 0.008500 0.007100 0.008500 0.020100 0.008500 0.005700 0.005700 0.009900 0.007100 0.005600 0.008500 0.004200 0.008500 0.009900 0.007100 0.007100 0.009900 0.005700 0.005700 0.009900 0.005700 0.008500 0.007100 0.008500 0.011400 0.008500 0.008500
TibetanAnt 0.004300 0.034200 0.010000 0.026000 0.010000 0.005700 0.018600 0.008600 0.010000 0.007100 0.001400 0.011300 0.005700 0.005700 0.005700 0.008600 0.004300 0.004200 0.000000 0.007100 0.010000 0.002800 0.008600 0.005700 0.002800 0.008600 0.005700 0.008600 0.020200 0.008600 0.005700 0.005700 0.010000 0.007100 0.005700 0.008500 0.001400 0.008500 0.010000 0.007100 0.007100 0.010000 0.005700 0.005700 0.009900 0.005700 0.008600 0.007200 0.008600 0.011400 0.008600 0.008600
Sitatunga 0.008600 0.032700 0.002800 0.027500 0.011400 0.010000 0.020100 0.010000 0.002800 0.008600 0.005700 0.009900 0.008600 0.007100 0.005700 0.010000 0.005700 0.007100 0.007100 0.000000 0.011400 0.007100 0.010000 0.007100 0.007100 0.010000 0.008600 0.001400 0.021700 0.001400 0.007100 0.007100 0.011400 0.008500 0.007100 0.007100 0.005700 0.009900 0.011400 0.008600 0.008600 0.011400 0.007100 0.007100 0.008500 0.007100 0.010000 0.008600 0.010000 0.012900 0.001400 0.001400
Oribi 0.011400 0.035700 0.014300 0.029500 0.014300 0.012900 0.022900 0.007100 0.014300 0.011400 0.008600 0.015600 0.011400 0.010000 0.010000 0.004300 0.008500 0.009900 0.010000 0.011400 0.000000 0.007100 0.012900 0.010000 0.010000 0.004300 0.011400 0.012900 0.015700 0.012900 0.010000 0.010000 0.014300 0.011400 0.010000 0.012800 0.008600 0.012800 0.014300 0.011500 0.011500 0.005700 0.010000 0.010000 0.014200 0.010000 0.012900 0.011500 0.012900 0.015800 0.012900 0.012900
BarbaryShe 0.004300 0.034100 0.010000 0.025900 0.009900 0.005700 0.018600 0.008500 0.010000 0.007100 0.001400 0.011300 0.005700 0.005700 0.005700 0.008500 0.004200 0.005700 0.002800 0.007100 0.007100 0.000000 0.008600 0.005700 0.002800 0.008600 0.005700 0.008500 0.020200 0.008600 0.005700 0.005700 0.010000 0.007100 0.005700 0.008500 0.001400 0.008500 0.010000 0.007100 0.007100 0.010000 0.005700 0.005700 0.009900 0.005700 0.008500 0.007100 0.008500 0.011400 0.008500 0.008500
Daviddeer 0.010000 0.037300 0.012900 0.029000 0.012900 0.011500 0.021600 0.011500 0.012900 0.004300 0.007100 0.014200 0.010000 0.008600 0.008600 0.011500 0.007100 0.008500 0.008600 0.010000 0.012900 0.008600 0.000000 0.005700 0.008600 0.011500 0.010000 0.011500 0.023200 0.011500 0.002900 0.008600 0.012900 0.010000 0.008500 0.011400 0.007100 0.011400 0.012900 0.004300 0.001400 0.012900 0.002900 0.005700 0.012800 0.008600 0.011500 0.007200 0.008600 0.014400 0.011500 0.011500
Reindeer 0.007100 0.034200 0.010000 0.026000 0.010000 0.008600 0.018600 0.008600 0.010000 0.004300 0.004300 0.011300 0.007100 0.005700 0.005700 0.008600 0.004300 0.005700 0.005700 0.007100 0.010000 0.005700 0.005700 0.000000 0.005700 0.008600 0.007100 0.008600 0.020200 0.008600 0.002800 0.005700 0.010000 0.007100 0.005700 0.008500 0.004300 0.008500 0.010000 0.004300 0.004300 0.010000 0.002900 0.002800 0.009900 0.005700 0.008600 0.007200 0.008600 0.011400 0.008600 0.008600
Ibex 0.004300 0.034200 0.010000 0.026000 0.010000 0.005700 0.018600 0.008600 0.010000 0.007100 0.001400 0.011300 0.005700 0.005700 0.005700 0.008600 0.004200 0.005700 0.002800 0.007100 0.010000 0.002800 0.008600 0.005700 0.000000 0.008600 0.005700 0.008600 0.020200 0.008600 0.005700 0.005700 0.010000 0.007100 0.005700 0.008500 0.001400 0.008500 0.010000 0.007100 0.007100 0.010000 0.005700 0.005700 0.009900 0.005700 0.008500 0.007100 0.008500 0.011400 0.008600 0.008600
GyrantGaze 0.010000 0.034300 0.012900 0.028000 0.012800 0.011400 0.021500 0.005700 0.012900 0.010000 0.007100 0.014200 0.010000 0.008500 0.008600 0.002800 0.007100 0.008500 0.008600 0.010000 0.004300 0.008600 0.011500 0.008600 0.008600 0.000000 0.010000 0.011500 0.014500 0.011500 0.008600 0.008600 0.012900 0.010000 0.008500 0.011400 0.007100 0.011400 0.012900 0.010000 0.010000 0.001400 0.008600 0.008600 0.012800 0.008600 0.011400 0.010000 0.011400 0.014300 0.011500 0.011500
Hartebeest 0.007100 0.035600 0.011400 0.026000 0.011400 0.008500 0.020000 0.010000 0.011400 0.008500 0.004300 0.012700 0.000000 0.007100 0.007100 0.010000 0.005700 0.007100 0.005700 0.008600 0.011400 0.005700 0.010000 0.007100 0.005700 0.010000 0.000000 0.010000 0.021700 0.010000 0.007100 0.007100 0.011400 0.005700 0.004200 0.009900 0.004300 0.009900 0.011400 0.008600 0.008600 0.011400 0.007100 0.007100 0.011300 0.007100 0.010000 0.008600 0.010000 0.012900 0.010000 0.010000
Bongo 0.010000 0.034100 0.004300 0.028900 0.012800 0.011400 0.021500 0.011400 0.004300 0.010000 0.007100 0.011300 0.010000 0.008500 0.007100 0.011400 0.007100 0.008500 0.008600 0.001400 0.012900 0.008500 0.011500 0.008600 0.008600 0.011500 0.010000 0.000000 0.023100 0.002800 0.008600 0.008500 0.012900 0.010000 0.008500 0.008500 0.007100 0.011400 0.012900 0.010000 0.010000 0.012900 0.008600 0.008600 0.009900 0.008500 0.011400 0.010000 0.011400 0.014300 0.002800 0.002800
Gerenuk 0.021700 0.045900 0.024600 0.039800 0.021600 0.023100 0.033300 0.017300 0.024600 0.021600 0.018700 0.025800 0.021600 0.020100 0.020200 0.014300 0.018700 0.020100 0.020200 0.021700 0.015700 0.020200 0.023200 0.020200 0.020200 0.014500 0.021700 0.023100 0.000000 0.023200 0.020200 0.020200 0.024600 0.021600 0.020100 0.023000 0.018800 0.020100 0.024400 0.021700 0.021700 0.015700 0.020200 0.020200 0.024400 0.020200 0.023000 0.021700 0.023100 0.026000 0.023100 0.020200
CommonElan 0.010000 0.034200 0.004300 0.029000 0.012800 0.011400 0.021500 0.011500 0.004300 0.010000 0.007100 0.011400 0.010000 0.008500 0.007100 0.011500 0.007100 0.008500 0.008600 0.001400 0.012900 0.008600 0.011500 0.008600 0.008600 0.011500 0.010000 0.002800 0.023200 0.000000 0.008600 0.008600 0.013200 0.010000 0.008500 0.008500 0.007100 0.011400 0.010000 0.010000 0.010000 0.012900 0.008600 0.008600 0.009900 0.008600 0.008600 0.010000 0.011400 0.014300 0.002800 0.002800
MuntiacusR 0.007100 0.034100 0.010000 0.026000 0.009900 0.008500 0.018600 0.008500 0.010000 0.001400 0.004300 0.011300 0.007100 0.005700 0.005700 0.008500 0.004200 0.005700 0.005700 0.007100 0.010000 0.005700 0.002900 0.002800 0.005700 0.008600 0.007100 0.008600 0.020200 0.008600 0.000000 0.005700 0.010000 0.007100 0.005700 0.008500 0.004300 0.008500 0.010000 0.001400 0.001400 0.010000 0.000000 0.002800 0.009900 0.005700 0.008500 0.007100 0.005700 0.011800 0.008600 0.008600
HarveysDui 0.007100 0.034100 0.010000 0.023000 0.009900 0.008500 0.018600 0.008500 0.010000 0.007100 0.004300 0.011300 0.007100 0.002800 0.005700 0.008500 0.004200 0.005700 0.005700 0.007100 0.010000 0.005700 0.008600 0.005700 0.005700 0.008600 0.007100 0.008500 0.020200 0.008600 0.005700 0.000000 0.010000 0.007100 0.005700 0.008500 0.004300 0.008500 0.010000 0.007100 0.007100 0.010000 0.005700 0.005700 0.009900 0.005700 0.008500 0.007100 0.008500 0.011400 0.008500 0.008500
Pronghorn 0.011400 0.035600 0.014300 0.024500 0.014200 0.010000 0.022900 0.012800 0.014300 0.011400 0.008500 0.015600 0.011400 0.009900 0.010000 0.012800 0.008500 0.009900 0.010000 0.011400 0.014300 0.010000 0.012900 0.010000 0.010000 0.012900 0.011400 0.012900 0.024600 0.013200 0.010000 0.010000 0.000000 0.011400 0.009900 0.012800 0.008500 0.012800 0.014600 0.011400 0.011400 0.014300 0.010000 0.010000 0.014200 0.010000 0.013100 0.011500 0.012800 0.012800 0.012900 0.012900
BlueWildeb 0.008500 0.035500 0.011400 0.025900 0.011400 0.010000 0.020000 0.010000 0.011400 0.008500 0.005700 0.012700 0.005700 0.007100 0.007100 0.010000 0.005700 0.007100 0.007100 0.008500 0.011400 0.007100 0.010000 0.007100 0.007100 0.010000 0.005700 0.010000 0.021600 0.010000 0.007100 0.007100 0.011400 0.000000 0.007100 0.009900 0.005700 0.009900 0.011400 0.008600 0.008600 0.011400 0.007100 0.007100 0.011300 0.007100 0.010000 0.008600 0.010000 0.012800 0.010000 0.010000
Gemsbok 0.007100 0.034000 0.010000 0.025900 0.009900 0.008500 0.018500 0.008500 0.010000 0.007100 0.004200 0.008400 0.004200 0.005600 0.005700 0.008500 0.004200 0.005600 0.005700 0.007100 0.010000 0.005700 0.008500 0.005700 0.005700 0.008500 0.004200 0.008500 0.020100 0.008500 0.005700 0.005700 0.009900 0.007100 0.000000 0.005600 0.004200 0.008500 0.009900 0.007100 0.007100 0.009900 0.005700 0.005700 0.007000 0.005700 0.008500 0.007100 0.008500 0.011400 0.008500 0.008500
Yak 0.009900 0.036900 0.010000 0.028800 0.012800 0.011400 0.021400 0.011400 0.010000 0.009900 0.007100 0.002800 0.009900 0.008500 0.008500 0.011400 0.007100 0.008500 0.008500 0.007100 0.012800 0.008500 0.011400 0.008500 0.008500 0.011400 0.009900 0.008500 0.023000 0.008500 0.008500 0.008500 0.012800 0.009900 0.005600 0.000000 0.007100 0.011300 0.009900 0.010000 0.010000 0.012800 0.008500 0.008500 0.001400 0.008500 0.008500 0.010000 0.011400 0.014200 0.008500 0.008500
BlueSheep 0.002800 0.032700 0.008600 0.024500 0.008500 0.004300 0.017100 0.007100 0.008600 0.005700 0.000000 0.009900 0.004300 0.004200 0.004300 0.007100 0.002800 0.004200 0.001400 0.005700 0.008600 0.001400 0.007100 0.004300 0.001400 0.007100 0.004300 0.007100 0.018800 0.007100 0.004300 0.004300 0.008500 0.005700 0.004200 0.007100 0.000000 0.007100 0.008600 0.005700 0.005700 0.008600 0.004300 0.004300 0.008500 0.004300 0.007100 0.005700 0.007100 0.010000 0.007100 0.007100
BohorReedb 0.007100 0.036800 0.012800 0.028700 0.001400 0.008500 0.021300 0.011300 0.012800 0.009900 0.007100 0.014100 0.009900 0.008500 0.008500 0.011300 0.007000 0.008500 0.008500 0.009900 0.012800 0.008500 0.011400 0.008500 0.008500 0.011400 0.009900 0.011400 0.020100 0.011400 0.008500 0.008500 0.012800 0.009900 0.008500 0.011300 0.007100 0.000000 0.012800 0.009900 0.010000 0.012800 0.008500 0.008500 0.009900 0.008500 0.011300 0.010000 0.011300 0.014200 0.011400 0.011400
KirksDik 0.011400 0.038500 0.014300 0.030400 0.014200 0.012800 0.022900 0.012900 0.014300 0.011400 0.008500 0.012700 0.011400 0.010000 0.010000 0.012900 0.008500 0.009900 0.010000 0.011400 0.014300 0.010000 0.012900 0.010000 0.010000 0.012900 0.011400 0.012900 0.024400 0.010000 0.010000 0.010000 0.014600 0.011400 0.009900 0.009900 0.008600 0.012800 0.000000 0.011500 0.011500 0.014300 0.010000 0.010000 0.011300 0.010000 0.007100 0.011500 0.012900 0.015700 0.012900 0.012900
RoeDeer 0.008600 0.035700 0.011500 0.027500 0.011400 0.010000 0.020100 0.010000 0.011500 0.002800 0.005700 0.012800 0.008600 0.007100 0.007100 0.010000 0.005700 0.007100 0.007100 0.008600 0.011500 0.007100 0.004300 0.004300 0.007100 0.010000 0.008600 0.010000 0.021700 0.010000 0.001400 0.007100 0.011400 0.008600 0.007100 0.010000 0.005700 0.009900 0.011500 0.000000 0.002900 0.011500 0.001400 0.004300 0.011400 0.007100 0.010000 0.008600 0.007100 0.012900 0.010000 0.010000
WhiteLippe 0.008600 0.035700 0.011500 0.027500 0.011400 0.010000 0.020100 0.010000 0.011500 0.002800 0.005700 0.012800 0.008600 0.007100 0.007100 0.010000 0.005700 0.007100 0.007100 0.008600 0.011500 0.007100 0.001400 0.004300 0.007100 0.010000 0.008600 0.010000 0.021700 0.010000 0.001400 0.007100 0.011400 0.008600 0.007100 0.010000 0.005700 0.010000 0.011500 0.002900 0.000000 0.011500 0.001400 0.004300 0.011400 0.007100 0.010000 0.008600 0.007100 0.012900 0.010000 0.010000
ThomsonGaz 0.011400 0.035600 0.014300 0.029400 0.014300 0.012900 0.022900 0.007100 0.014300 0.011400 0.008500 0.015600 0.011400 0.010000 0.010000 0.004300 0.008500 0.009900 0.010000 0.011400 0.005700 0.010000 0.012900 0.010000 0.010000 0.001400 0.011400 0.012900 0.015700 0.012900 0.010000 0.010000 0.014300 0.011400 0.009900 0.012800 0.008600 0.012800 0.014300 0.011500 0.011500 0.000000 0.010000 0.010000 0.014200 0.010000 0.012900 0.011500 0.012900 0.015700 0.012900 0.012900
MuntiacusC 0.007100 0.034300 0.010000 0.026000 0.010000 0.008600 0.018600 0.008600 0.010000 0.001400 0.004300 0.011400 0.007100 0.005700 0.005700 0.008600 0.004300 0.005700 0.005700 0.007100 0.010000 0.005700 0.002900 0.002900 0.005700 0.008600 0.007100 0.008600 0.020200 0.008600 0.000000 0.005700 0.010000 0.007100 0.005700 0.008500 0.004300 0.008500 0.010000 0.001400 0.001400 0.010000 0.000000 0.002800 0.009900 0.005700 0.008600 0.007200 0.005700 0.011700 0.008600 0.008600
WhiteTaile 0.007100 0.034200 0.010000 0.026000 0.010000 0.008500 0.018600 0.008600 0.010000 0.004300 0.004300 0.011300 0.007100 0.005700 0.005700 0.008600 0.004300 0.005700 0.005700 0.007100 0.010000 0.005700 0.005700 0.002800 0.005700 0.008600 0.007100 0.008600 0.020200 0.008600 0.002800 0.005700 0.010000 0.007100 0.005700 0.008500 0.004300 0.008500 0.010000 0.004300 0.004300 0.010000 0.002800 0.000000 0.009900 0.005700 0.008600 0.007100 0.008600 0.011400 0.008600 0.008600
Cattle 0.011300 0.038200 0.011400 0.030200 0.011300 0.012800 0.022800 0.012800 0.011400 0.011300 0.008500 0.004200 0.011300 0.009900 0.009900 0.012800 0.008500 0.009900 0.009900 0.008500 0.014200 0.009900 0.012800 0.009900 0.009900 0.012800 0.011300 0.009900 0.024400 0.009900 0.009900 0.009900 0.014200 0.011300 0.007000 0.001400 0.008500 0.009900 0.011300 0.011400 0.011400 0.014200 0.009900 0.009900 0.000000 0.009900 0.009900 0.011400 0.012800 0.015600 0.009900 0.009900
RoyalAntel 0.007100 0.034100 0.010000 0.025900 0.009900 0.008500 0.018600 0.008500 0.010000 0.007100 0.004300 0.011300 0.007100 0.005700 0.005700 0.008500 0.004200 0.005700 0.005700 0.007100 0.010000 0.005700 0.008600 0.005700 0.005700 0.008600 0.007100 0.008500 0.020200 0.008600 0.005700 0.005700 0.010000 0.007100 0.005700 0.008500 0.004300 0.008500 0.010000 0.007100 0.007100 0.010000 0.005700 0.005700 0.009900 0.000000 0.008500 0.007100 0.008500 0.011400 0.008500 0.008600
Steenbok 0.010000 0.037100 0.012900 0.028900 0.012800 0.011400 0.021500 0.011400 0.012900 0.010000 0.007100 0.011300 0.010000 0.007300 0.008500 0.011400 0.007100 0.008500 0.008600 0.010000 0.012900 0.008500 0.011500 0.008600 0.008500 0.011400 0.010000 0.011400 0.023000 0.008600 0.008500 0.008500 0.013100 0.010000 0.008500 0.008500 0.007100 0.011300 0.007100 0.010000 0.010000 0.012900 0.008600 0.008600 0.009900 0.008500 0.000000 0.010000 0.011400 0.014300 0.011400 0.011400
Impala 0.008600 0.035800 0.011500 0.027500 0.011400 0.010100 0.020100 0.010000 0.011500 0.008600 0.005700 0.012800 0.008600 0.007100 0.007100 0.010000 0.005700 0.007100 0.007200 0.008600 0.011500 0.007100 0.007200 0.007200 0.007100 0.010000 0.008600 0.010000 0.021700 0.010000 0.007100 0.007100 0.011500 0.008600 0.007100 0.010000 0.005700 0.010000 0.011500 0.008600 0.008600 0.011500 0.007200 0.007100 0.011400 0.007100 0.010000 0.000000 0.010000 0.012900 0.010000 0.010000
Klipspring 0.010000 0.035700 0.012900 0.028900 0.012800 0.011400 0.021500 0.011400 0.012900 0.007100 0.007100 0.014200 0.010000 0.008500 0.008500 0.011400 0.007100 0.008500 0.008600 0.010000 0.012900 0.008500 0.008600 0.008600 0.008500 0.011400 0.010000 0.011400 0.023100 0.011400 0.005700 0.008500 0.012800 0.010000 0.008500 0.011400 0.007100 0.011300 0.012900 0.007100 0.007100 0.012900 0.005700 0.008600 0.012800 0.008500 0.011400 0.010000 0.000000 0.014300 0.011400 0.011400
ForestMusk 0.012900 0.040000 0.015800 0.029000 0.015700 0.014300 0.024400 0.014300 0.015800 0.013200 0.010000 0.017000 0.012800 0.011400 0.011400 0.014300 0.009900 0.011400 0.011400 0.012900 0.015800 0.011400 0.014400 0.011400 0.011400 0.014300 0.012900 0.014300 0.026000 0.014300 0.011800 0.011400 0.012800 0.012800 0.011400 0.014200 0.010000 0.014200 0.015700 0.012900 0.012900 0.015700 0.011700 0.011400 0.015600 0.011400 0.014300 0.012900 0.014300 0.000000 0.014300 0.014300
Bushbuck 0.010000 0.034100 0.004300 0.028900 0.012800 0.011400 0.021500 0.011400 0.004300 0.010000 0.007100 0.011300 0.010000 0.008500 0.007100 0.011400 0.007100 0.008500 0.008600 0.001400 0.012900 0.008500 0.011500 0.008600 0.008600 0.011500 0.010000 0.002800 0.023100 0.002800 0.008600 0.008500 0.012900 0.010000 0.008500 0.008500 0.007100 0.011400 0.012900 0.010000 0.010000 0.012900 0.008600 0.008600 0.009900 0.008500 0.011400 0.010000 0.011400 0.014300 0.000000 0.002800
GreaterKud 0.010000 0.034200 0.004300 0.028900 0.012800 0.011400 0.021500 0.011400 0.004300 0.010000 0.007100 0.011300 0.010000 0.008500 0.007100 0.011400 0.007100 0.008500 0.008600 0.001400 0.012900 0.008500 0.011500 0.008600 0.008600 0.011500 0.010000 0.002800 0.020200 0.002800 0.008600 0.008500 0.012900 0.010000 0.008500 0.008500 0.007100 0.011400 0.012900 0.010000 0.010000 0.012900 0.008600 0.008600 0.009900 0.008600 0.011400 0.010000 0.011400 0.014300 0.002800 0.000000
