1
52 1
Argali 0.000000 0.295900 0.025600 0.124400 0.065300 0.000000 0.039000 0.052900 0.052400 0.066900 0.000100 0.052100 0.000100 0.038700 0.026000 0.052600 0.065300 0.094300 0.012700 0.052400 0.065500 0.012600 0.038400 0.039000 0.012600 0.066000 0.000100 0.052400 0.052600 0.052400 0.066400 0.038800 0.137200 0.000100 0.000100 0.025700 0.000100 0.025300 0.121500 0.038400 0.051200 0.066300 0.066900 0.065800 0.025700 0.025500 0.052700 0.025800 0.039000 0.029500 0.025700 0.052400
LesserMous 0.295900 0.000000 0.296000 0.398800 0.388300 0.295900 0.306200 0.377300 0.337600 0.397300 0.295200 0.296600 0.296200 0.305200 0.308600 0.373700 0.348800 0.436600 0.312100 0.337600 0.388700 0.312200 0.310200 0.277600 0.311700 0.392800 0.296200 0.337600 0.374400 0.337600 0.394600 0.305300 0.451600 0.296200 0.308600 0.286500 0.295200 0.326500 0.470600 0.262600 0.325700 0.394400 0.400500 0.330200 0.295900 0.291500 0.373800 0.325300 0.368600 0.345000 0.296200 0.337600
LesserKudu 0.025600 0.296000 0.000000 0.124400 0.093000 0.025600 0.039000 0.052900 0.025800 0.067000 0.025500 0.025700 0.025700 0.038700 0.026000 0.052500 0.065300 0.094400 0.038600 0.025800 0.065500 0.038400 0.038400 0.039000 0.012500 0.066100 0.025800 0.025800 0.052700 0.025800 0.066400 0.038800 0.137300 0.025700 0.012800 0.000200 0.025500 0.051400 0.121900 0.065100 0.051100 0.066300 0.067100 0.065800 0.000100 0.025400 0.052700 0.025800 0.052500 0.029200 0.000000 0.025800
KillerWhal 0.124400 0.398800 0.124400 0.000000 0.185300 0.124400 0.140700 0.157600 0.140400 0.141800 0.123900 0.154700 0.124700 0.139600 0.126400 0.156100 0.169200 0.204400 0.139000 0.140400 0.170000 0.138400 0.138100 0.140600 0.108600 0.171700 0.124900 0.140400 0.156700 0.140400 0.140700 0.139900 0.228100 0.124700 0.110200 0.124800 0.124200 0.152700 0.234400 0.169000 0.151700 0.181000 0.142300 0.139500 0.124500 0.123300 0.156700 0.125300 0.156100 0.130700 0.124500 0.140400
DefassaWat 0.065300 0.388300 0.093000 0.185300 0.000000 0.065300 0.079400 0.094200 0.093100 0.124100 0.065000 0.121400 0.065500 0.078800 0.066200 0.093600 0.135500 0.137600 0.078800 0.093100 0.106500 0.064800 0.092200 0.108100 0.078400 0.079200 0.065600 0.093100 0.093700 0.093100 0.123100 0.078900 0.214000 0.065500 0.071900 0.093300 0.065100 0.038000 0.165300 0.092200 0.105200 0.107900 0.124600 0.122100 0.093000 0.092400 0.093800 0.065700 0.090300 0.099800 0.093000 0.093100
Sheep 0.000000 0.295900 0.025600 0.124400 0.065300 0.000000 0.039000 0.052900 0.052400 0.066900 0.000100 0.052100 0.000100 0.038700 0.026000 0.052600 0.065300 0.094300 0.012700 0.052400 0.065500 0.012600 0.038400 0.039000 0.012600 0.066000 0.000100 0.052400 0.052600 0.052400 0.066400 0.038800 0.137200 0.000100 0.000100 0.025700 0.000100 0.025300 0.121500 0.038400 0.051200 0.066300 0.066900 0.065800 0.025700 0.025500 0.052700 0.025800 0.039000 0.029500 0.025700 0.052400
MaxwellsDu 0.039000 0.306200 0.039000 0.140700 0.079400 0.039000 0.000000 0.039500 0.066500 0.081700 0.038800 0.066200 0.039200 0.025000 0.038500 0.039300 0.079700 0.109800 0.052400 0.066500 0.052200 0.052000 0.052000 0.052900 0.025600 0.052700 0.039300 0.066500 0.039400 0.066500 0.081100 0.025100 0.153400 0.039200 0.026000 0.039200 0.038900 0.038400 0.108100 0.079500 0.065000 0.052900 0.082000 0.080300 0.039100 0.038900 0.039400 0.038200 0.039200 0.042900 0.039100 0.066500
GazellaPrz 0.052900 0.377300 0.052900 0.157600 0.094200 0.052900 0.039500 0.000000 0.081200 0.097000 0.052600 0.080800 0.053000 0.039200 0.053600 0.000200 0.094500 0.125400 0.066400 0.081200 0.012900 0.066100 0.066200 0.067300 0.039000 0.013000 0.053200 0.081200 0.000200 0.081200 0.096300 0.039300 0.169900 0.053000 0.039600 0.053100 0.052700 0.052000 0.066600 0.094300 0.079200 0.013100 0.097400 0.095300 0.053000 0.052700 0.000200 0.053300 0.053200 0.058500 0.052900 0.081200
MountainNy 0.052400 0.337600 0.025800 0.140400 0.093100 0.052400 0.066500 0.081200 0.000000 0.081600 0.052100 0.052600 0.052600 0.066000 0.053200 0.080500 0.093600 0.124400 0.065800 0.000000 0.093800 0.065400 0.065500 0.066600 0.038600 0.094700 0.052700 0.000000 0.080800 0.000000 0.080900 0.066200 0.169000 0.052600 0.039200 0.025900 0.052200 0.078800 0.152700 0.093300 0.078500 0.095100 0.081900 0.094300 0.025900 0.052100 0.081000 0.052800 0.080500 0.057800 0.025900 0.000000
MuntiacusM 0.066900 0.397300 0.067000 0.141800 0.124100 0.066900 0.081700 0.097000 0.081600 0.000000 0.066600 0.095300 0.067100 0.081100 0.068000 0.096200 0.080100 0.110500 0.080700 0.081600 0.109600 0.052500 0.065600 0.081100 0.052600 0.108500 0.067200 0.081600 0.096400 0.081600 0.000200 0.081200 0.154800 0.067100 0.061500 0.067100 0.066800 0.094000 0.169900 0.079700 0.065100 0.111100 0.000100 0.080300 0.067000 0.066500 0.096500 0.067300 0.107900 0.080200 0.067000 0.081600
goat 0.000100 0.295200 0.025500 0.123900 0.065000 0.000100 0.038800 0.052600 0.052100 0.066600 0.000000 0.051900 0.000200 0.038500 0.025800 0.052300 0.065000 0.093900 0.012600 0.052100 0.065100 0.012500 0.038200 0.038800 0.012500 0.065700 0.000300 0.052100 0.052400 0.052100 0.066100 0.038600 0.136600 0.000200 0.000300 0.025500 0.000100 0.025200 0.121100 0.038200 0.050900 0.066000 0.066400 0.065500 0.025500 0.025300 0.052500 0.025700 0.038800 0.028400 0.025500 0.052100
AfricanBuf 0.052100 0.296600 0.025700 0.154700 0.121400 0.052100 0.066200 0.080800 0.052600 0.095300 0.051900 0.000000 0.052300 0.065700 0.052900 0.080100 0.093000 0.123400 0.065500 0.052600 0.093200 0.065100 0.065100 0.066200 0.038400 0.094100 0.052300 0.052600 0.080400 0.052600 0.094500 0.065800 0.167700 0.052300 0.039100 0.025800 0.052000 0.078400 0.151200 0.092700 0.078000 0.094400 0.095600 0.093600 0.025700 0.051800 0.080400 0.052500 0.080100 0.058200 0.025800 0.052600
Topi 0.000100 0.296200 0.025700 0.124700 0.065500 0.000100 0.039200 0.053000 0.052600 0.067100 0.000200 0.052300 0.000000 0.038800 0.026100 0.052700 0.065500 0.094600 0.012700 0.052600 0.065600 0.012700 0.038500 0.039100 0.012600 0.066200 0.000100 0.052600 0.052800 0.052600 0.066500 0.038900 0.137600 0.000000 0.000100 0.025700 0.000200 0.025400 0.121800 0.038500 0.051300 0.066500 0.067000 0.065900 0.025700 0.025500 0.052900 0.025900 0.039100 0.028900 0.025700 0.052600
CommonDuik 0.038700 0.305200 0.038700 0.139600 0.078800 0.038700 0.025000 0.039200 0.066000 0.081100 0.038500 0.065700 0.038800 0.000000 0.038200 0.039000 0.051900 0.108900 0.052000 0.066000 0.051800 0.051600 0.051700 0.025900 0.025400 0.052200 0.038900 0.066000 0.039000 0.066000 0.080400 0.000100 0.152300 0.038800 0.025800 0.038800 0.038600 0.038100 0.106900 0.051800 0.064500 0.052400 0.081300 0.052400 0.038800 0.012700 0.039100 0.037900 0.038900 0.042900 0.038800 0.066000
Suni 0.026000 0.308600 0.026000 0.126400 0.066200 0.026000 0.038500 0.053600 0.053200 0.068000 0.025800 0.052900 0.026100 0.038200 0.000000 0.053400 0.066300 0.067200 0.039200 0.053200 0.066500 0.038900 0.039000 0.039600 0.012800 0.039600 0.026100 0.053200 0.053500 0.053200 0.067400 0.038300 0.139400 0.026100 0.013000 0.026100 0.025900 0.052100 0.123500 0.066100 0.051900 0.067400 0.068200 0.066800 0.026000 0.025800 0.053600 0.000200 0.053300 0.028900 0.026000 0.053200
Springbuck 0.052600 0.373700 0.052500 0.156100 0.093600 0.052600 0.039300 0.000200 0.080500 0.096200 0.052300 0.080100 0.052700 0.039000 0.053400 0.000000 0.093700 0.124600 0.066000 0.080500 0.012800 0.065700 0.065600 0.066800 0.038800 0.012900 0.052900 0.080500 0.000100 0.080500 0.095400 0.039100 0.168600 0.052700 0.047700 0.052600 0.052400 0.051700 0.066000 0.093500 0.078600 0.013000 0.096600 0.094400 0.052500 0.052400 0.000100 0.052900 0.064600 0.057700 0.052500 0.080500
Okapi 0.065300 0.348800 0.065300 0.169200 0.135500 0.065300 0.079700 0.094500 0.093600 0.080100 0.065000 0.093000 0.065500 0.051900 0.066300 0.093700 0.000000 0.052300 0.078700 0.093600 0.106900 0.078300 0.078300 0.052300 0.051400 0.107300 0.065600 0.093600 0.094000 0.093600 0.079600 0.052000 0.181900 0.065500 0.061400 0.065500 0.065100 0.091700 0.165200 0.078600 0.091300 0.108300 0.080500 0.079300 0.065400 0.025300 0.094100 0.065700 0.106500 0.072200 0.065400 0.093600
Giraffe 0.094300 0.436600 0.094400 0.204400 0.137600 0.094300 0.109800 0.125400 0.124400 0.110500 0.093900 0.123400 0.094600 0.108900 0.067200 0.124600 0.052300 0.000000 0.108400 0.124400 0.138100 0.107800 0.107900 0.109800 0.079500 0.107700 0.094800 0.124400 0.124900 0.124400 0.109800 0.109000 0.197300 0.094600 0.080700 0.094600 0.094100 0.121700 0.200000 0.137600 0.121200 0.140000 0.111000 0.138600 0.094400 0.079500 0.125200 0.066600 0.124400 0.102200 0.094400 0.124400
TibetanAnt 0.012700 0.312100 0.038600 0.139000 0.078800 0.012700 0.052400 0.066400 0.065800 0.080700 0.012600 0.065500 0.012700 0.052000 0.039200 0.066000 0.078700 0.108400 0.000000 0.065800 0.078900 0.025300 0.051400 0.052200 0.025200 0.079600 0.012700 0.065800 0.066100 0.065800 0.080000 0.052000 0.152000 0.012700 0.012700 0.038700 0.012600 0.038100 0.135800 0.051400 0.064200 0.080000 0.080500 0.079200 0.038700 0.038300 0.066200 0.038900 0.052200 0.042200 0.038600 0.065800
Sitatunga 0.052400 0.337600 0.025800 0.140400 0.093100 0.052400 0.066500 0.081200 0.000000 0.081600 0.052100 0.052600 0.052600 0.066000 0.053200 0.080500 0.093600 0.124400 0.065800 0.000000 0.093800 0.065400 0.065500 0.066600 0.038600 0.094700 0.052700 0.000000 0.080800 0.000000 0.080900 0.066200 0.169000 0.052600 0.039200 0.025900 0.052200 0.078800 0.152700 0.093300 0.078500 0.095100 0.081900 0.094300 0.025900 0.052100 0.081000 0.052800 0.080500 0.057800 0.025900 0.000000
Oribi 0.065500 0.388700 0.065500 0.170000 0.106500 0.065500 0.052200 0.012900 0.093800 0.109600 0.065100 0.093200 0.065600 0.051800 0.066500 0.012800 0.106900 0.138100 0.078900 0.093800 0.000000 0.078400 0.078600 0.080000 0.051500 0.025800 0.065800 0.093800 0.012900 0.093800 0.108800 0.051900 0.182300 0.065600 0.061700 0.065700 0.065200 0.064400 0.079100 0.106600 0.091500 0.025900 0.110200 0.107700 0.065600 0.065200 0.012900 0.065900 0.077900 0.072300 0.065500 0.093800
BarbaryShe 0.012600 0.312200 0.038400 0.138400 0.064800 0.012600 0.052000 0.066100 0.065400 0.052500 0.012500 0.065100 0.012700 0.051600 0.038900 0.065700 0.078300 0.107800 0.025300 0.065400 0.078400 0.000000 0.025100 0.052000 0.025200 0.079100 0.012700 0.065400 0.065700 0.065400 0.052100 0.051700 0.150900 0.012700 0.012700 0.038500 0.012600 0.037900 0.135200 0.025100 0.037600 0.079500 0.052200 0.051700 0.038400 0.038200 0.065900 0.038600 0.051900 0.042400 0.038400 0.065400
Daviddeer 0.038400 0.310200 0.038400 0.138100 0.092200 0.038400 0.052000 0.066200 0.065500 0.065600 0.038200 0.065100 0.038500 0.051700 0.039000 0.065600 0.078300 0.107900 0.051400 0.065500 0.078600 0.025100 0.000000 0.064900 0.025200 0.079200 0.038600 0.065500 0.065800 0.065500 0.065000 0.051700 0.150800 0.038500 0.032700 0.038500 0.038300 0.064200 0.135700 0.063800 0.012000 0.079600 0.065800 0.064400 0.038400 0.038200 0.065900 0.038600 0.076800 0.047600 0.038400 0.065500
Reindeer 0.039000 0.277600 0.039000 0.140600 0.108100 0.039000 0.052900 0.067300 0.066600 0.081100 0.038800 0.066200 0.039100 0.025900 0.039600 0.066800 0.052300 0.109800 0.052200 0.066600 0.080000 0.052000 0.064900 0.000000 0.025500 0.080700 0.039200 0.066600 0.067000 0.066600 0.080400 0.026000 0.153300 0.039100 0.031100 0.039100 0.038900 0.065300 0.137700 0.025600 0.077800 0.081000 0.081500 0.039000 0.039100 0.012800 0.067100 0.039300 0.077200 0.048700 0.039000 0.066600
Ibex 0.012600 0.311700 0.012500 0.108600 0.078400 0.012600 0.025600 0.039000 0.038600 0.052600 0.012500 0.038400 0.012600 0.025400 0.012800 0.038800 0.051400 0.079500 0.025200 0.038600 0.051500 0.025200 0.025200 0.025500 0.000000 0.051900 0.012600 0.038600 0.038800 0.038600 0.052200 0.025400 0.121200 0.012600 0.000300 0.012500 0.012500 0.037900 0.106300 0.051200 0.037700 0.052200 0.052800 0.051800 0.012600 0.012400 0.038900 0.012700 0.038700 0.014100 0.012500 0.038600
GyrantGaze 0.066000 0.392800 0.066100 0.171700 0.079200 0.066000 0.052700 0.013000 0.094700 0.108500 0.065700 0.094100 0.066200 0.052200 0.039600 0.012900 0.107300 0.107700 0.079600 0.094700 0.025800 0.079100 0.079200 0.080700 0.051900 0.000000 0.066400 0.094700 0.013000 0.094700 0.109500 0.052400 0.183900 0.066200 0.061500 0.066200 0.065800 0.065000 0.079800 0.107500 0.092200 0.026100 0.110900 0.108700 0.066100 0.065800 0.013000 0.039200 0.078200 0.072500 0.066100 0.094700
Hartebeest 0.000100 0.296200 0.025800 0.124900 0.065600 0.000100 0.039300 0.053200 0.052700 0.067200 0.000300 0.052300 0.000100 0.038900 0.026100 0.052900 0.065600 0.094800 0.012700 0.052700 0.065800 0.012700 0.038600 0.039200 0.012600 0.066400 0.000000 0.052700 0.052900 0.052700 0.066600 0.039000 0.138000 0.000100 0.000200 0.025800 0.000300 0.025400 0.122100 0.038600 0.051300 0.066700 0.067100 0.066000 0.025800 0.025600 0.053000 0.025900 0.039200 0.028400 0.025800 0.052700
Bongo 0.052400 0.337600 0.025800 0.140400 0.093100 0.052400 0.066500 0.081200 0.000000 0.081600 0.052100 0.052600 0.052600 0.066000 0.053200 0.080500 0.093600 0.124400 0.065800 0.000000 0.093800 0.065400 0.065500 0.066600 0.038600 0.094700 0.052700 0.000000 0.080800 0.000000 0.080900 0.066200 0.169000 0.052600 0.039200 0.025900 0.052200 0.078800 0.152700 0.093300 0.078500 0.095100 0.081900 0.094300 0.025900 0.052100 0.081000 0.052800 0.080500 0.057800 0.025900 0.000000
Gerenuk 0.052600 0.374400 0.052700 0.156700 0.093700 0.052600 0.039400 0.000200 0.080800 0.096400 0.052400 0.080400 0.052800 0.039000 0.053500 0.000100 0.094000 0.124900 0.066100 0.080800 0.012900 0.065700 0.065800 0.067000 0.038800 0.013000 0.052900 0.080800 0.000000 0.080800 0.095700 0.039100 0.169100 0.052800 0.046700 0.052800 0.052500 0.051800 0.066300 0.093800 0.078800 0.013000 0.096900 0.094700 0.052700 0.052400 0.000100 0.053000 0.064000 0.057800 0.052700 0.080800
CommonElan 0.052400 0.337600 0.025800 0.140400 0.093100 0.052400 0.066500 0.081200 0.000000 0.081600 0.052100 0.052600 0.052600 0.066000 0.053200 0.080500 0.093600 0.124400 0.065800 0.000000 0.093800 0.065400 0.065500 0.066600 0.038600 0.094700 0.052700 0.000000 0.080800 0.000000 0.080900 0.066200 0.169000 0.052600 0.039200 0.025900 0.052200 0.078800 0.152700 0.093300 0.078500 0.095100 0.081900 0.094300 0.025900 0.052100 0.081000 0.052800 0.080500 0.057800 0.025900 0.000000
MuntiacusR 0.066400 0.394600 0.066400 0.140700 0.123100 0.066400 0.081100 0.096300 0.080900 0.000200 0.066100 0.094500 0.066500 0.080400 0.067400 0.095400 0.079600 0.109800 0.080000 0.080900 0.108800 0.052100 0.065000 0.080400 0.052200 0.109500 0.066600 0.080900 0.095700 0.080900 0.000000 0.080400 0.153800 0.066500 0.060900 0.066600 0.066200 0.093200 0.168500 0.078900 0.077800 0.110300 0.000100 0.079600 0.066400 0.073300 0.095800 0.066800 0.107100 0.080500 0.066400 0.080900
HarveysDui 0.038800 0.305300 0.038800 0.139900 0.078900 0.038800 0.025100 0.039300 0.066200 0.081200 0.038600 0.065800 0.038900 0.000100 0.038300 0.039100 0.052000 0.109000 0.052000 0.066200 0.051900 0.051700 0.051700 0.026000 0.025400 0.052400 0.039000 0.066200 0.039100 0.066200 0.080400 0.000000 0.152600 0.038900 0.025800 0.038900 0.038700 0.038100 0.107100 0.051900 0.064600 0.052600 0.081400 0.052500 0.038900 0.012700 0.039200 0.038000 0.039000 0.043000 0.038900 0.066200
Pronghorn 0.137200 0.451600 0.137300 0.228100 0.214000 0.137200 0.153400 0.169900 0.169000 0.154800 0.136600 0.167700 0.137600 0.152300 0.139400 0.168600 0.181900 0.197300 0.152000 0.169000 0.182300 0.150900 0.150800 0.153300 0.121200 0.183900 0.138000 0.169000 0.169100 0.169000 0.153800 0.152600 0.000000 0.137600 0.135300 0.137800 0.136800 0.165100 0.213700 0.181600 0.164500 0.153600 0.155700 0.183100 0.137500 0.136200 0.169300 0.138300 0.182700 0.145900 0.137400 0.169000
BlueWildeb 0.000100 0.296200 0.025700 0.124700 0.065500 0.000100 0.039200 0.053000 0.052600 0.067100 0.000200 0.052300 0.000000 0.038800 0.026100 0.052700 0.065500 0.094600 0.012700 0.052600 0.065600 0.012700 0.038500 0.039100 0.012600 0.066200 0.000100 0.052600 0.052800 0.052600 0.066500 0.038900 0.137600 0.000000 0.000100 0.025700 0.000200 0.025400 0.121800 0.038500 0.051300 0.066500 0.067000 0.065900 0.025700 0.025500 0.052900 0.025900 0.039100 0.028900 0.025700 0.052600
Gemsbok 0.000100 0.308600 0.012800 0.110200 0.071900 0.000100 0.026000 0.039600 0.039200 0.061500 0.000300 0.039100 0.000100 0.025800 0.013000 0.047700 0.061400 0.080700 0.012700 0.039200 0.061700 0.012700 0.032700 0.031100 0.000300 0.061500 0.000200 0.039200 0.046700 0.039200 0.060900 0.025800 0.135300 0.000100 0.000000 0.012800 0.000300 0.028700 0.118600 0.042000 0.046800 0.062100 0.055200 0.060300 0.012800 0.016400 0.047000 0.012900 0.052100 0.014300 0.012800 0.039200
Yak 0.025700 0.286500 0.000200 0.124800 0.093300 0.025700 0.039200 0.053100 0.025900 0.067100 0.025500 0.025800 0.025700 0.038800 0.026100 0.052600 0.065500 0.094600 0.038700 0.025900 0.065700 0.038500 0.038500 0.039100 0.012500 0.066200 0.025800 0.025900 0.052800 0.025900 0.066600 0.038900 0.137800 0.025700 0.012800 0.000000 0.025600 0.051500 0.122000 0.065300 0.051300 0.066600 0.067400 0.066000 0.000100 0.025500 0.052900 0.025900 0.052600 0.028900 0.000200 0.025900
BlueSheep 0.000100 0.295200 0.025500 0.124200 0.065100 0.000100 0.038900 0.052700 0.052200 0.066800 0.000100 0.052000 0.000200 0.038600 0.025900 0.052400 0.065100 0.094100 0.012600 0.052200 0.065200 0.012600 0.038300 0.038900 0.012500 0.065800 0.000300 0.052200 0.052500 0.052200 0.066200 0.038700 0.136800 0.000200 0.000300 0.025600 0.000000 0.025200 0.121300 0.038300 0.051000 0.066100 0.066600 0.065600 0.025600 0.025400 0.052600 0.025700 0.038900 0.028400 0.025500 0.052200
BohorReedb 0.025300 0.326500 0.051400 0.152700 0.038000 0.025300 0.038400 0.052000 0.078800 0.094000 0.025200 0.078400 0.025400 0.038100 0.052100 0.051700 0.091700 0.121700 0.038100 0.078800 0.064400 0.037900 0.064200 0.065300 0.037900 0.065000 0.025400 0.078800 0.051800 0.078800 0.093200 0.038100 0.165100 0.025400 0.028700 0.051500 0.025200 0.000000 0.119600 0.064200 0.077000 0.065200 0.094300 0.092500 0.051400 0.051100 0.051900 0.051700 0.047900 0.056200 0.051400 0.078800
KirksDik 0.121500 0.470600 0.121900 0.234400 0.165300 0.121500 0.108100 0.066600 0.152700 0.169900 0.121100 0.151200 0.121800 0.106900 0.123500 0.066000 0.165200 0.200000 0.135800 0.152700 0.079100 0.135200 0.135700 0.137700 0.106300 0.079800 0.122100 0.152700 0.066300 0.152700 0.168500 0.107100 0.213700 0.121800 0.118600 0.122000 0.121300 0.119600 0.000000 0.165500 0.149000 0.080100 0.170800 0.167000 0.121600 0.120800 0.066300 0.122300 0.134500 0.129400 0.121900 0.152700
RoeDeer 0.038400 0.262600 0.065100 0.169000 0.092200 0.038400 0.079500 0.094300 0.093300 0.079700 0.038200 0.092700 0.038500 0.051800 0.066100 0.093500 0.078600 0.137600 0.051400 0.093300 0.106600 0.025100 0.063800 0.025600 0.051200 0.107500 0.038600 0.093300 0.093800 0.093300 0.078900 0.051900 0.181600 0.038500 0.042000 0.065300 0.038300 0.064200 0.165500 0.000000 0.076400 0.108000 0.079900 0.038400 0.065100 0.038300 0.093900 0.065500 0.087400 0.077200 0.065100 0.093300
WhiteLippe 0.051200 0.325700 0.051100 0.151700 0.105200 0.051200 0.065000 0.079200 0.078500 0.065100 0.050900 0.078000 0.051300 0.064500 0.051900 0.078600 0.091300 0.121200 0.064200 0.078500 0.091500 0.037600 0.012000 0.077800 0.037700 0.092200 0.051300 0.078500 0.078800 0.078500 0.077800 0.064600 0.164500 0.051300 0.046800 0.051300 0.051000 0.077000 0.149000 0.076400 0.000000 0.092600 0.078800 0.077200 0.051200 0.050800 0.078900 0.051400 0.090200 0.062300 0.051200 0.078500
ThomsonGaz 0.066300 0.394400 0.066300 0.181000 0.107900 0.066300 0.052900 0.013100 0.095100 0.111100 0.066000 0.094400 0.066500 0.052400 0.067400 0.013000 0.108300 0.140000 0.080000 0.095100 0.025900 0.079500 0.079600 0.081000 0.052200 0.026100 0.066700 0.095100 0.013000 0.095100 0.110300 0.052600 0.153600 0.066500 0.062100 0.066600 0.066100 0.065200 0.080100 0.108000 0.092600 0.000000 0.111700 0.109100 0.066400 0.066000 0.013000 0.066800 0.078700 0.072700 0.066400 0.095100
MuntiacusC 0.066900 0.400500 0.067100 0.142300 0.124600 0.066900 0.082000 0.097400 0.081900 0.000100 0.066400 0.095600 0.067000 0.081300 0.068200 0.096600 0.080500 0.111000 0.080500 0.081900 0.110200 0.052200 0.065800 0.081500 0.052800 0.110900 0.067100 0.081900 0.096900 0.081900 0.000100 0.081400 0.155700 0.067000 0.055200 0.067400 0.066600 0.094300 0.170800 0.079900 0.078800 0.111700 0.000000 0.080700 0.067200 0.066800 0.097000 0.067500 0.097100 0.081400 0.067200 0.081900
WhiteTaile 0.065800 0.330200 0.065800 0.139500 0.122100 0.065800 0.080300 0.095300 0.094300 0.080300 0.065500 0.093600 0.065900 0.052400 0.066800 0.094400 0.079300 0.138600 0.079200 0.094300 0.107700 0.051700 0.064400 0.039000 0.051800 0.108700 0.066000 0.094300 0.094700 0.094300 0.079600 0.052500 0.183100 0.065900 0.060300 0.066000 0.065600 0.092500 0.167000 0.038400 0.077200 0.109100 0.080700 0.000000 0.065800 0.038700 0.094700 0.066100 0.105900 0.079200 0.065800 0.094300
Cattle 0.025700 0.295900 0.000100 0.124500 0.093000 0.025700 0.039100 0.053000 0.025900 0.067000 0.025500 0.025700 0.025700 0.038800 0.026000 0.052500 0.065400 0.094400 0.038700 0.025900 0.065600 0.038400 0.038400 0.039100 0.012600 0.066100 0.025800 0.025900 0.052700 0.025900 0.066400 0.038900 0.137500 0.025700 0.012800 0.000100 0.025600 0.051400 0.121600 0.065100 0.051200 0.066400 0.067200 0.065800 0.000000 0.025500 0.052800 0.025800 0.052500 0.029600 0.000100 0.025900
RoyalAntel 0.025500 0.291500 0.025400 0.123300 0.092400 0.025500 0.038900 0.052700 0.052100 0.066500 0.025300 0.051800 0.025500 0.012700 0.025800 0.052400 0.025300 0.079500 0.038300 0.052100 0.065200 0.038200 0.038200 0.012800 0.012400 0.065800 0.025600 0.052100 0.052400 0.052100 0.073300 0.012700 0.136200 0.025500 0.016400 0.025500 0.025400 0.051100 0.120800 0.038300 0.050800 0.066000 0.066800 0.038700 0.025500 0.000000 0.052500 0.025600 0.063100 0.028100 0.025400 0.052100
Steenbok 0.052700 0.373800 0.052700 0.156700 0.093800 0.052700 0.039400 0.000200 0.081000 0.096500 0.052500 0.080400 0.052900 0.039100 0.053600 0.000100 0.094100 0.125200 0.066200 0.081000 0.012900 0.065900 0.065900 0.067100 0.038900 0.013000 0.053000 0.081000 0.000100 0.081000 0.095800 0.039200 0.169300 0.052900 0.047000 0.052900 0.052600 0.051900 0.066300 0.093900 0.078900 0.013000 0.097000 0.094700 0.052800 0.052500 0.000000 0.053100 0.064200 0.058000 0.052800 0.081000
Impala 0.025800 0.325300 0.025800 0.125300 0.065700 0.025800 0.038200 0.053300 0.052800 0.067300 0.025700 0.052500 0.025900 0.037900 0.000200 0.052900 0.065700 0.066600 0.038900 0.052800 0.065900 0.038600 0.038600 0.039300 0.012700 0.039200 0.025900 0.052800 0.053000 0.052800 0.066800 0.038000 0.138300 0.025900 0.012900 0.025900 0.025700 0.051700 0.122300 0.065500 0.051400 0.066800 0.067500 0.066100 0.025800 0.025600 0.053100 0.000000 0.052800 0.028800 0.025800 0.052800
Klipspring 0.039000 0.368600 0.052500 0.156100 0.090300 0.039000 0.039200 0.053200 0.080500 0.107900 0.038800 0.080100 0.039100 0.038900 0.053300 0.064600 0.106500 0.124400 0.052200 0.080500 0.077900 0.051900 0.076800 0.077200 0.038700 0.078200 0.039200 0.080500 0.064000 0.080500 0.107100 0.039000 0.182700 0.039100 0.052100 0.052600 0.038900 0.047900 0.134500 0.087400 0.090200 0.078700 0.097100 0.105900 0.052500 0.063100 0.064200 0.052800 0.000000 0.058000 0.052500 0.080500
ForestMusk 0.029500 0.345000 0.029200 0.130700 0.099800 0.029500 0.042900 0.058500 0.057800 0.080200 0.028400 0.058200 0.028900 0.042900 0.028900 0.057700 0.072200 0.102200 0.042200 0.057800 0.072300 0.042400 0.047600 0.048700 0.014100 0.072500 0.028400 0.057800 0.057800 0.057800 0.080500 0.043000 0.145900 0.028900 0.014300 0.028900 0.028400 0.056200 0.129400 0.077200 0.062300 0.072700 0.081400 0.079200 0.029600 0.028100 0.058000 0.028800 0.058000 0.000000 0.028800 0.057800
Bushbuck 0.025700 0.296200 0.000000 0.124500 0.093000 0.025700 0.039100 0.052900 0.025900 0.067000 0.025500 0.025800 0.025700 0.038800 0.026000 0.052500 0.065400 0.094400 0.038600 0.025900 0.065500 0.038400 0.038400 0.039000 0.012500 0.066100 0.025800 0.025900 0.052700 0.025900 0.066400 0.038900 0.137400 0.025700 0.012800 0.000200 0.025500 0.051400 0.121900 0.065100 0.051200 0.066400 0.067200 0.065800 0.000100 0.025400 0.052800 0.025800 0.052500 0.028800 0.000000 0.025900
GreaterKud 0.052400 0.337600 0.025800 0.140400 0.093100 0.052400 0.066500 0.081200 0.000000 0.081600 0.052100 0.052600 0.052600 0.066000 0.053200 0.080500 0.093600 0.124400 0.065800 0.000000 0.093800 0.065400 0.065500 0.066600 0.038600 0.094700 0.052700 0.000000 0.080800 0.000000 0.080900 0.066200 0.169000 0.052600 0.039200 0.025900 0.052200 0.078800 0.152700 0.093300 0.078500 0.095100 0.081900 0.094300 0.025900 0.052100 0.081000 0.052800 0.080500 0.057800 0.025900 0.000000
