1
52 1
Argali 0.000000 0.008200 0.004100 0.011000 0.002700 0.001400 0.004100 0.002700 0.004100 0.006800 0.001400 0.002700 0.002700 0.004100 0.006800 0.002700 0.006900 0.004100 0.001400 0.004100 0.002700 0.001400 0.005500 0.006800 0.001400 0.002700 0.002700 0.004100 0.002700 0.004100 0.006800 0.005500 0.002700 0.004100 0.002700 0.002700 0.001400 0.002700 0.002700 0.005500 0.006800 0.002700 0.006800 0.005500 0.002700 0.005500 0.002700 0.002700 0.005500 0.005500 0.004100 0.004100
LesserMous 0.008200 0.000000 0.006900 0.013800 0.005500 0.006900 0.006900 0.005500 0.006900 0.009600 0.006900 0.005500 0.005500 0.006900 0.006900 0.005500 0.009700 0.006900 0.006900 0.006900 0.005500 0.006900 0.011000 0.006900 0.006900 0.005500 0.005500 0.006900 0.005500 0.006900 0.009600 0.008300 0.005500 0.006900 0.005500 0.005500 0.006900 0.005500 0.005500 0.008300 0.009600 0.005500 0.009600 0.008300 0.005500 0.008300 0.005500 0.005500 0.008300 0.008300 0.006900 0.006900
LesserKudu 0.004100 0.006900 0.000000 0.009600 0.001400 0.002700 0.002700 0.001400 0.000000 0.005500 0.002700 0.001400 0.001400 0.002700 0.005500 0.001400 0.005500 0.002700 0.002700 0.000000 0.001400 0.002700 0.006900 0.005500 0.002700 0.001400 0.001400 0.000000 0.001400 0.000000 0.005500 0.004100 0.001400 0.002700 0.001400 0.001400 0.002700 0.001400 0.001400 0.004100 0.005500 0.001400 0.005500 0.004100 0.001400 0.004100 0.001400 0.001400 0.002700 0.004100 0.000000 0.001400
KillerWhal 0.011000 0.013800 0.009600 0.000000 0.008200 0.009600 0.009600 0.008200 0.009600 0.012400 0.009600 0.008300 0.008200 0.009600 0.012400 0.008200 0.009600 0.009600 0.009600 0.009600 0.008200 0.009600 0.013700 0.012400 0.009600 0.008200 0.008200 0.009600 0.008200 0.009600 0.012400 0.011000 0.008200 0.009600 0.008200 0.008300 0.009600 0.008200 0.008200 0.011000 0.012400 0.008200 0.012400 0.011000 0.008200 0.011000 0.008200 0.008200 0.011000 0.011000 0.009600 0.009700
DefassaWat 0.002700 0.005500 0.001400 0.008200 0.000000 0.001400 0.001400 0.000100 0.001400 0.004100 0.001400 0.000100 0.000100 0.001400 0.004100 0.000100 0.004100 0.001400 0.001400 0.001400 0.000100 0.001400 0.005500 0.004100 0.001400 0.000100 0.000100 0.001400 0.000100 0.001400 0.004100 0.002700 0.000100 0.001400 0.000100 0.000100 0.001400 0.000000 0.000100 0.002700 0.004100 0.000100 0.004100 0.002700 0.000100 0.002700 0.000100 0.000100 0.002700 0.002700 0.001400 0.001400
Sheep 0.001400 0.006900 0.002700 0.009600 0.001400 0.000000 0.002700 0.001400 0.002700 0.005500 0.000000 0.001400 0.001400 0.002700 0.005500 0.001400 0.005500 0.002700 0.000100 0.002700 0.001400 0.000000 0.004100 0.005500 0.000000 0.001400 0.001400 0.002700 0.001400 0.002700 0.005500 0.004100 0.001400 0.002700 0.001400 0.001400 0.000000 0.001400 0.001400 0.004100 0.005500 0.001400 0.005500 0.004100 0.001400 0.004100 0.001400 0.001400 0.004100 0.004100 0.002700 0.002700
MaxwellsDu 0.004100 0.006900 0.002700 0.009600 0.001400 0.002700 0.000000 0.001400 0.002700 0.005500 0.002700 0.001400 0.001400 0.000000 0.005500 0.001400 0.005500 0.002700 0.002700 0.002700 0.001400 0.002700 0.006900 0.005500 0.002700 0.001400 0.001400 0.002700 0.001400 0.002700 0.005500 0.001400 0.001400 0.002700 0.001400 0.001400 0.002700 0.001400 0.001400 0.004100 0.005500 0.001400 0.005500 0.004100 0.001400 0.004100 0.001400 0.001400 0.004100 0.004100 0.002700 0.002700
GazellaPrz 0.002700 0.005500 0.001400 0.008200 0.000100 0.001400 0.001400 0.000000 0.001400 0.004100 0.001400 0.000100 0.000100 0.001400 0.004100 0.000000 0.004100 0.001400 0.001400 0.001400 0.000000 0.001400 0.005500 0.004100 0.001400 0.000000 0.000100 0.001400 0.000000 0.001400 0.004100 0.002700 0.000100 0.001400 0.000000 0.000100 0.001400 0.000100 0.000000 0.002700 0.004100 0.000100 0.004100 0.002700 0.000100 0.002700 0.000000 0.000100 0.002700 0.002700 0.001400 0.001400
MountainNy 0.004100 0.006900 0.000000 0.009600 0.001400 0.002700 0.002700 0.001400 0.000000 0.005500 0.002700 0.001400 0.001400 0.002700 0.005500 0.001400 0.005500 0.002700 0.002700 0.000000 0.001400 0.002700 0.006900 0.005500 0.002700 0.001400 0.001400 0.000000 0.001400 0.000000 0.005500 0.004100 0.001400 0.002700 0.001400 0.001400 0.002700 0.001400 0.001400 0.004100 0.005500 0.001400 0.005500 0.004100 0.001400 0.004100 0.001400 0.001400 0.002700 0.004100 0.000000 0.001400
MuntiacusM 0.006800 0.009600 0.005500 0.012400 0.004100 0.005500 0.005500 0.004100 0.005500 0.000000 0.005500 0.004100 0.004100 0.005500 0.008200 0.004100 0.008200 0.005500 0.005500 0.005500 0.004100 0.005500 0.004100 0.002700 0.005500 0.004100 0.004100 0.005500 0.004100 0.005500 0.000000 0.006900 0.004100 0.005500 0.004100 0.004100 0.005500 0.004100 0.004100 0.001400 0.002700 0.004100 0.000000 0.001400 0.004100 0.004100 0.004100 0.004100 0.006900 0.006900 0.005500 0.005500
goat 0.001400 0.006900 0.002700 0.009600 0.001400 0.000000 0.002700 0.001400 0.002700 0.005500 0.000000 0.001400 0.001400 0.002700 0.005500 0.001400 0.005500 0.002700 0.000000 0.002700 0.001400 0.000000 0.004100 0.005500 0.000000 0.001400 0.001400 0.002700 0.001400 0.002700 0.005500 0.004100 0.001400 0.002700 0.001400 0.001400 0.000000 0.001400 0.001400 0.004100 0.005500 0.001400 0.005500 0.004100 0.001400 0.004100 0.001400 0.001400 0.004100 0.004100 0.002700 0.002700
AfricanBuf 0.002700 0.005500 0.001400 0.008300 0.000100 0.001400 0.001400 0.000100 0.001400 0.004100 0.001400 0.000000 0.000100 0.001400 0.004100 0.000000 0.004100 0.001400 0.001400 0.001400 0.000100 0.001400 0.005500 0.004100 0.001400 0.000100 0.000100 0.001400 0.000000 0.001400 0.004100 0.002700 0.000100 0.001400 0.000100 0.000000 0.001400 0.000100 0.000100 0.002700 0.004100 0.000100 0.004100 0.002700 0.000000 0.002700 0.000000 0.000100 0.002700 0.002700 0.001400 0.001400
Topi 0.002700 0.005500 0.001400 0.008200 0.000100 0.001400 0.001400 0.000100 0.001400 0.004100 0.001400 0.000100 0.000000 0.001400 0.004100 0.000000 0.004100 0.001400 0.001400 0.001400 0.000100 0.001400 0.005500 0.004100 0.001400 0.000100 0.000000 0.001400 0.000000 0.001400 0.004100 0.002700 0.000100 0.001400 0.000000 0.000000 0.001400 0.000100 0.000100 0.002700 0.004100 0.000100 0.004100 0.002700 0.000000 0.002700 0.000000 0.000100 0.002700 0.002700 0.001400 0.001400
CommonDuik 0.004100 0.006900 0.002700 0.009600 0.001400 0.002700 0.000000 0.001400 0.002700 0.005500 0.002700 0.001400 0.001400 0.000000 0.005500 0.001400 0.005500 0.002700 0.002700 0.002700 0.001400 0.002700 0.006900 0.005500 0.002700 0.001400 0.001400 0.002700 0.001400 0.002700 0.005500 0.001400 0.001400 0.002700 0.001400 0.001400 0.002700 0.001400 0.001400 0.004100 0.005500 0.001400 0.005500 0.004100 0.001400 0.004100 0.001400 0.001400 0.004100 0.004100 0.002700 0.002700
Suni 0.006800 0.006900 0.005500 0.012400 0.004100 0.005500 0.005500 0.004100 0.005500 0.008200 0.005500 0.004100 0.004100 0.005500 0.000000 0.004100 0.008300 0.005500 0.005500 0.005500 0.004100 0.005500 0.009600 0.008200 0.005500 0.004100 0.004100 0.005500 0.004100 0.005500 0.008200 0.006900 0.004100 0.005500 0.004100 0.004100 0.005500 0.004100 0.004100 0.006900 0.008200 0.004100 0.008200 0.006900 0.004100 0.006900 0.004100 0.004100 0.006900 0.006900 0.005500 0.005500
Springbuck 0.002700 0.005500 0.001400 0.008200 0.000100 0.001400 0.001400 0.000000 0.001400 0.004100 0.001400 0.000000 0.000000 0.001400 0.004100 0.000000 0.004100 0.001400 0.001400 0.001400 0.000000 0.001400 0.005500 0.004100 0.001400 0.000000 0.000100 0.001400 0.000000 0.001400 0.004100 0.002700 0.000100 0.001400 0.000000 0.000100 0.001400 0.000100 0.000000 0.002700 0.004100 0.000000 0.004100 0.002700 0.000100 0.002700 0.000000 0.000100 0.002700 0.002700 0.001400 0.001400
Okapi 0.006900 0.009700 0.005500 0.009600 0.004100 0.005500 0.005500 0.004100 0.005500 0.008200 0.005500 0.004100 0.004100 0.005500 0.008300 0.004100 0.000000 0.002700 0.005500 0.005500 0.004100 0.005500 0.009600 0.008200 0.005500 0.004100 0.004100 0.005500 0.004100 0.005500 0.008300 0.006900 0.004100 0.005500 0.004100 0.004100 0.005500 0.004100 0.004100 0.006900 0.008200 0.004100 0.008300 0.006900 0.004100 0.006900 0.004100 0.004100 0.006900 0.006900 0.005500 0.005500
Giraffe 0.004100 0.006900 0.002700 0.009600 0.001400 0.002700 0.002700 0.001400 0.002700 0.005500 0.002700 0.001400 0.001400 0.002700 0.005500 0.001400 0.002700 0.000000 0.002700 0.002700 0.001400 0.002700 0.006900 0.005500 0.002700 0.001400 0.001400 0.002700 0.001400 0.002700 0.005500 0.004100 0.001400 0.002700 0.001400 0.001400 0.002700 0.001400 0.001400 0.004100 0.005500 0.001400 0.005500 0.004100 0.001400 0.004100 0.001400 0.001400 0.004100 0.004100 0.002700 0.002700
TibetanAnt 0.001400 0.006900 0.002700 0.009600 0.001400 0.000100 0.002700 0.001400 0.002700 0.005500 0.000000 0.001400 0.001400 0.002700 0.005500 0.001400 0.005500 0.002700 0.000000 0.002700 0.001400 0.000000 0.004100 0.005500 0.000000 0.001400 0.001400 0.002700 0.001400 0.002700 0.005500 0.004100 0.001400 0.002700 0.001400 0.001400 0.000000 0.001400 0.001400 0.004100 0.005500 0.001400 0.005500 0.004100 0.001400 0.004100 0.001400 0.001400 0.004100 0.004100 0.002700 0.002700
Sitatunga 0.004100 0.006900 0.000000 0.009600 0.001400 0.002700 0.002700 0.001400 0.000000 0.005500 0.002700 0.001400 0.001400 0.002700 0.005500 0.001400 0.005500 0.002700 0.002700 0.000000 0.001400 0.002700 0.006900 0.005500 0.002700 0.001400 0.001400 0.000000 0.001400 0.000000 0.005500 0.004100 0.001400 0.002700 0.001400 0.001400 0.002700 0.001400 0.001400 0.004100 0.005500 0.001400 0.005500 0.004100 0.001400 0.004100 0.001400 0.001400 0.002700 0.004100 0.000000 0.001400
Oribi 0.002700 0.005500 0.001400 0.008200 0.000100 0.001400 0.001400 0.000000 0.001400 0.004100 0.001400 0.000100 0.000100 0.001400 0.004100 0.000000 0.004100 0.001400 0.001400 0.001400 0.000000 0.001400 0.005500 0.004100 0.001400 0.000000 0.000100 0.001400 0.000000 0.001400 0.004100 0.002700 0.000100 0.001400 0.000100 0.000100 0.001400 0.000100 0.000000 0.002700 0.004100 0.000000 0.004100 0.002700 0.000100 0.002700 0.000000 0.000100 0.002700 0.002700 0.001400 0.001400
BarbaryShe 0.001400 0.006900 0.002700 0.009600 0.001400 0.000000 0.002700 0.001400 0.002700 0.005500 0.000000 0.001400 0.001400 0.002700 0.005500 0.001400 0.005500 0.002700 0.000000 0.002700 0.001400 0.000000 0.004100 0.005500 0.000000 0.001400 0.001400 0.002700 0.001400 0.002700 0.005500 0.004100 0.001400 0.002700 0.001400 0.001400 0.000000 0.001400 0.001400 0.004100 0.005500 0.001400 0.005500 0.004100 0.001400 0.004100 0.001400 0.001400 0.004100 0.004100 0.002700 0.002700
Daviddeer 0.005500 0.011000 0.006900 0.013700 0.005500 0.004100 0.006900 0.005500 0.006900 0.004100 0.004100 0.005500 0.005500 0.006900 0.009600 0.005500 0.009600 0.006900 0.004100 0.006900 0.005500 0.004100 0.000000 0.004100 0.004100 0.005500 0.005500 0.006900 0.005500 0.006900 0.004100 0.008200 0.005500 0.006800 0.005500 0.005500 0.004100 0.005500 0.005500 0.002700 0.001400 0.005500 0.004100 0.002700 0.005500 0.005500 0.005500 0.005500 0.008200 0.008200 0.006900 0.006800
Reindeer 0.006800 0.006900 0.005500 0.012400 0.004100 0.005500 0.005500 0.004100 0.005500 0.002700 0.005500 0.004100 0.004100 0.005500 0.008200 0.004100 0.008200 0.005500 0.005500 0.005500 0.004100 0.005500 0.004100 0.000000 0.005500 0.004100 0.004100 0.005500 0.004100 0.005500 0.002700 0.006900 0.004100 0.005500 0.004100 0.004100 0.005500 0.004100 0.004100 0.001400 0.002700 0.004100 0.002700 0.001400 0.004100 0.004100 0.004100 0.004100 0.006900 0.006900 0.005500 0.005500
Ibex 0.001400 0.006900 0.002700 0.009600 0.001400 0.000000 0.002700 0.001400 0.002700 0.005500 0.000000 0.001400 0.001400 0.002700 0.005500 0.001400 0.005500 0.002700 0.000000 0.002700 0.001400 0.000000 0.004100 0.005500 0.000000 0.001400 0.001400 0.002700 0.001400 0.002700 0.005500 0.004100 0.001400 0.002700 0.001400 0.001400 0.000000 0.001400 0.001400 0.004100 0.005500 0.001400 0.005500 0.004100 0.001400 0.004100 0.001400 0.001400 0.004100 0.004100 0.002700 0.002700
GyrantGaze 0.002700 0.005500 0.001400 0.008200 0.000100 0.001400 0.001400 0.000000 0.001400 0.004100 0.001400 0.000100 0.000100 0.001400 0.004100 0.000000 0.004100 0.001400 0.001400 0.001400 0.000000 0.001400 0.005500 0.004100 0.001400 0.000000 0.000100 0.001400 0.000000 0.001400 0.004100 0.002700 0.000100 0.001400 0.000000 0.000100 0.001400 0.000100 0.000000 0.002700 0.004100 0.000000 0.004100 0.002700 0.000100 0.002700 0.000000 0.000100 0.002700 0.002700 0.001400 0.001400
Hartebeest 0.002700 0.005500 0.001400 0.008200 0.000100 0.001400 0.001400 0.000100 0.001400 0.004100 0.001400 0.000100 0.000000 0.001400 0.004100 0.000100 0.004100 0.001400 0.001400 0.001400 0.000100 0.001400 0.005500 0.004100 0.001400 0.000100 0.000000 0.001400 0.000100 0.001400 0.004100 0.002700 0.000100 0.001400 0.000000 0.000000 0.001400 0.000100 0.000100 0.002700 0.004100 0.000100 0.004100 0.002700 0.000000 0.002700 0.000000 0.000100 0.002700 0.002700 0.001400 0.001400
Bongo 0.004100 0.006900 0.000000 0.009600 0.001400 0.002700 0.002700 0.001400 0.000000 0.005500 0.002700 0.001400 0.001400 0.002700 0.005500 0.001400 0.005500 0.002700 0.002700 0.000000 0.001400 0.002700 0.006900 0.005500 0.002700 0.001400 0.001400 0.000000 0.001400 0.000000 0.005500 0.004100 0.001400 0.002700 0.001400 0.001400 0.002700 0.001400 0.001400 0.004100 0.005500 0.001400 0.005500 0.004100 0.001400 0.004100 0.001400 0.001400 0.002700 0.004100 0.000000 0.001400
Gerenuk 0.002700 0.005500 0.001400 0.008200 0.000100 0.001400 0.001400 0.000000 0.001400 0.004100 0.001400 0.000000 0.000000 0.001400 0.004100 0.000000 0.004100 0.001400 0.001400 0.001400 0.000000 0.001400 0.005500 0.004100 0.001400 0.000000 0.000100 0.001400 0.000000 0.001400 0.004100 0.002700 0.000100 0.001400 0.000000 0.000100 0.001400 0.000000 0.000000 0.002700 0.004100 0.000000 0.004100 0.002700 0.000100 0.002700 0.000000 0.000100 0.002700 0.002700 0.001400 0.001400
CommonElan 0.004100 0.006900 0.000000 0.009600 0.001400 0.002700 0.002700 0.001400 0.000000 0.005500 0.002700 0.001400 0.001400 0.002700 0.005500 0.001400 0.005500 0.002700 0.002700 0.000000 0.001400 0.002700 0.006900 0.005500 0.002700 0.001400 0.001400 0.000000 0.001400 0.000000 0.005500 0.004100 0.001400 0.002700 0.001400 0.001400 0.002700 0.001400 0.001400 0.004100 0.005500 0.001400 0.005500 0.004100 0.001400 0.004100 0.001400 0.001400 0.002700 0.004100 0.000000 0.001400
MuntiacusR 0.006800 0.009600 0.005500 0.012400 0.004100 0.005500 0.005500 0.004100 0.005500 0.000000 0.005500 0.004100 0.004100 0.005500 0.008200 0.004100 0.008300 0.005500 0.005500 0.005500 0.004100 0.005500 0.004100 0.002700 0.005500 0.004100 0.004100 0.005500 0.004100 0.005500 0.000000 0.006900 0.004100 0.005500 0.004100 0.004100 0.005500 0.004100 0.004100 0.001400 0.002700 0.004100 0.000000 0.001400 0.004100 0.004100 0.004100 0.004100 0.006900 0.006900 0.005500 0.005500
HarveysDui 0.005500 0.008300 0.004100 0.011000 0.002700 0.004100 0.001400 0.002700 0.004100 0.006900 0.004100 0.002700 0.002700 0.001400 0.006900 0.002700 0.006900 0.004100 0.004100 0.004100 0.002700 0.004100 0.008200 0.006900 0.004100 0.002700 0.002700 0.004100 0.002700 0.004100 0.006900 0.000000 0.002700 0.004100 0.002700 0.002700 0.004100 0.002700 0.002700 0.005500 0.006900 0.002700 0.006900 0.005500 0.002700 0.005500 0.002700 0.002700 0.005500 0.005500 0.004100 0.004100
Pronghorn 0.002700 0.005500 0.001400 0.008200 0.000100 0.001400 0.001400 0.000100 0.001400 0.004100 0.001400 0.000100 0.000100 0.001400 0.004100 0.000100 0.004100 0.001400 0.001400 0.001400 0.000100 0.001400 0.005500 0.004100 0.001400 0.000100 0.000100 0.001400 0.000100 0.001400 0.004100 0.002700 0.000000 0.001400 0.000100 0.000100 0.001400 0.000100 0.000100 0.002700 0.004100 0.000100 0.004100 0.002700 0.000100 0.002700 0.000100 0.000100 0.002700 0.002700 0.001400 0.001400
BlueWildeb 0.004100 0.006900 0.002700 0.009600 0.001400 0.002700 0.002700 0.001400 0.002700 0.005500 0.002700 0.001400 0.001400 0.002700 0.005500 0.001400 0.005500 0.002700 0.002700 0.002700 0.001400 0.002700 0.006800 0.005500 0.002700 0.001400 0.001400 0.002700 0.001400 0.002700 0.005500 0.004100 0.001400 0.000000 0.001400 0.001400 0.002700 0.001400 0.001400 0.004100 0.005500 0.001400 0.005500 0.004100 0.001400 0.004100 0.001400 0.001400 0.004100 0.004100 0.002700 0.002700
Gemsbok 0.002700 0.005500 0.001400 0.008200 0.000100 0.001400 0.001400 0.000000 0.001400 0.004100 0.001400 0.000100 0.000000 0.001400 0.004100 0.000000 0.004100 0.001400 0.001400 0.001400 0.000100 0.001400 0.005500 0.004100 0.001400 0.000000 0.000000 0.001400 0.000000 0.001400 0.004100 0.002700 0.000100 0.001400 0.000000 0.000000 0.001400 0.000100 0.000000 0.002700 0.004100 0.000100 0.004100 0.002700 0.000000 0.002700 0.000000 0.000100 0.002700 0.002700 0.001400 0.001400
Yak 0.002700 0.005500 0.001400 0.008300 0.000100 0.001400 0.001400 0.000100 0.001400 0.004100 0.001400 0.000000 0.000000 0.001400 0.004100 0.000100 0.004100 0.001400 0.001400 0.001400 0.000100 0.001400 0.005500 0.004100 0.001400 0.000100 0.000000 0.001400 0.000100 0.001400 0.004100 0.002700 0.000100 0.001400 0.000000 0.000000 0.001400 0.000100 0.000100 0.002700 0.004100 0.000100 0.004100 0.002700 0.000000 0.002700 0.000100 0.000100 0.002700 0.002700 0.001400 0.001400
BlueSheep 0.001400 0.006900 0.002700 0.009600 0.001400 0.000000 0.002700 0.001400 0.002700 0.005500 0.000000 0.001400 0.001400 0.002700 0.005500 0.001400 0.005500 0.002700 0.000000 0.002700 0.001400 0.000000 0.004100 0.005500 0.000000 0.001400 0.001400 0.002700 0.001400 0.002700 0.005500 0.004100 0.001400 0.002700 0.001400 0.001400 0.000000 0.001400 0.001400 0.004100 0.005500 0.001400 0.005500 0.004100 0.001400 0.004100 0.001400 0.001400 0.004100 0.004100 0.002700 0.002700
BohorReedb 0.002700 0.005500 0.001400 0.008200 0.000000 0.001400 0.001400 0.000100 0.001400 0.004100 0.001400 0.000100 0.000100 0.001400 0.004100 0.000100 0.004100 0.001400 0.001400 0.001400 0.000100 0.001400 0.005500 0.004100 0.001400 0.000100 0.000100 0.001400 0.000000 0.001400 0.004100 0.002700 0.000100 0.001400 0.000100 0.000100 0.001400 0.000000 0.000100 0.002700 0.004100 0.000100 0.004100 0.002700 0.000100 0.002700 0.000100 0.000100 0.002700 0.002700 0.001400 0.001400
KirksDik 0.002700 0.005500 0.001400 0.008200 0.000100 0.001400 0.001400 0.000000 0.001400 0.004100 0.001400 0.000100 0.000100 0.001400 0.004100 0.000000 0.004100 0.001400 0.001400 0.001400 0.000000 0.001400 0.005500 0.004100 0.001400 0.000000 0.000100 0.001400 0.000000 0.001400 0.004100 0.002700 0.000100 0.001400 0.000000 0.000100 0.001400 0.000100 0.000000 0.002700 0.004100 0.000000 0.004100 0.002700 0.000100 0.002700 0.000000 0.000100 0.002700 0.002700 0.001400 0.001400
RoeDeer 0.005500 0.008300 0.004100 0.011000 0.002700 0.004100 0.004100 0.002700 0.004100 0.001400 0.004100 0.002700 0.002700 0.004100 0.006900 0.002700 0.006900 0.004100 0.004100 0.004100 0.002700 0.004100 0.002700 0.001400 0.004100 0.002700 0.002700 0.004100 0.002700 0.004100 0.001400 0.005500 0.002700 0.004100 0.002700 0.002700 0.004100 0.002700 0.002700 0.000000 0.001400 0.002700 0.001400 0.000000 0.002700 0.002700 0.002700 0.002700 0.005500 0.005500 0.004100 0.004100
WhiteLippe 0.006800 0.009600 0.005500 0.012400 0.004100 0.005500 0.005500 0.004100 0.005500 0.002700 0.005500 0.004100 0.004100 0.005500 0.008200 0.004100 0.008200 0.005500 0.005500 0.005500 0.004100 0.005500 0.001400 0.002700 0.005500 0.004100 0.004100 0.005500 0.004100 0.005500 0.002700 0.006900 0.004100 0.005500 0.004100 0.004100 0.005500 0.004100 0.004100 0.001400 0.000000 0.004100 0.002700 0.001400 0.004100 0.004100 0.004100 0.004100 0.006900 0.006900 0.005500 0.005500
ThomsonGaz 0.002700 0.005500 0.001400 0.008200 0.000100 0.001400 0.001400 0.000100 0.001400 0.004100 0.001400 0.000100 0.000100 0.001400 0.004100 0.000000 0.004100 0.001400 0.001400 0.001400 0.000000 0.001400 0.005500 0.004100 0.001400 0.000000 0.000100 0.001400 0.000000 0.001400 0.004100 0.002700 0.000100 0.001400 0.000100 0.000100 0.001400 0.000100 0.000000 0.002700 0.004100 0.000000 0.004100 0.002700 0.000100 0.002700 0.000000 0.000100 0.002700 0.002700 0.001400 0.001400
MuntiacusC 0.006800 0.009600 0.005500 0.012400 0.004100 0.005500 0.005500 0.004100 0.005500 0.000000 0.005500 0.004100 0.004100 0.005500 0.008200 0.004100 0.008300 0.005500 0.005500 0.005500 0.004100 0.005500 0.004100 0.002700 0.005500 0.004100 0.004100 0.005500 0.004100 0.005500 0.000000 0.006900 0.004100 0.005500 0.004100 0.004100 0.005500 0.004100 0.004100 0.001400 0.002700 0.004100 0.000000 0.001400 0.004100 0.004100 0.004100 0.004100 0.006900 0.006900 0.005500 0.005500
WhiteTaile 0.005500 0.008300 0.004100 0.011000 0.002700 0.004100 0.004100 0.002700 0.004100 0.001400 0.004100 0.002700 0.002700 0.004100 0.006900 0.002700 0.006900 0.004100 0.004100 0.004100 0.002700 0.004100 0.002700 0.001400 0.004100 0.002700 0.002700 0.004100 0.002700 0.004100 0.001400 0.005500 0.002700 0.004100 0.002700 0.002700 0.004100 0.002700 0.002700 0.000000 0.001400 0.002700 0.001400 0.000000 0.002700 0.002700 0.002700 0.002700 0.005500 0.005500 0.004100 0.004100
Cattle 0.002700 0.005500 0.001400 0.008200 0.000100 0.001400 0.001400 0.000100 0.001400 0.004100 0.001400 0.000000 0.000000 0.001400 0.004100 0.000100 0.004100 0.001400 0.001400 0.001400 0.000100 0.001400 0.005500 0.004100 0.001400 0.000100 0.000000 0.001400 0.000100 0.001400 0.004100 0.002700 0.000100 0.001400 0.000000 0.000000 0.001400 0.000100 0.000100 0.002700 0.004100 0.000100 0.004100 0.002700 0.000000 0.002700 0.000000 0.000100 0.002700 0.002700 0.001400 0.001400
RoyalAntel 0.005500 0.008300 0.004100 0.011000 0.002700 0.004100 0.004100 0.002700 0.004100 0.004100 0.004100 0.002700 0.002700 0.004100 0.006900 0.002700 0.006900 0.004100 0.004100 0.004100 0.002700 0.004100 0.005500 0.004100 0.004100 0.002700 0.002700 0.004100 0.002700 0.004100 0.004100 0.005500 0.002700 0.004100 0.002700 0.002700 0.004100 0.002700 0.002700 0.002700 0.004100 0.002700 0.004100 0.002700 0.002700 0.000000 0.002700 0.002700 0.005500 0.005500 0.004100 0.004100
Steenbok 0.002700 0.005500 0.001400 0.008200 0.000100 0.001400 0.001400 0.000000 0.001400 0.004100 0.001400 0.000000 0.000000 0.001400 0.004100 0.000000 0.004100 0.001400 0.001400 0.001400 0.000000 0.001400 0.005500 0.004100 0.001400 0.000000 0.000000 0.001400 0.000000 0.001400 0.004100 0.002700 0.000100 0.001400 0.000000 0.000100 0.001400 0.000100 0.000000 0.002700 0.004100 0.000000 0.004100 0.002700 0.000000 0.002700 0.000000 0.000100 0.002700 0.002700 0.001400 0.001400
Impala 0.002700 0.005500 0.001400 0.008200 0.000100 0.001400 0.001400 0.000100 0.001400 0.004100 0.001400 0.000100 0.000100 0.001400 0.004100 0.000100 0.004100 0.001400 0.001400 0.001400 0.000100 0.001400 0.005500 0.004100 0.001400 0.000100 0.000100 0.001400 0.000100 0.001400 0.004100 0.002700 0.000100 0.001400 0.000100 0.000100 0.001400 0.000100 0.000100 0.002700 0.004100 0.000100 0.004100 0.002700 0.000100 0.002700 0.000100 0.000000 0.002700 0.002700 0.001400 0.001400
Klipspring 0.005500 0.008300 0.002700 0.011000 0.002700 0.004100 0.004100 0.002700 0.002700 0.006900 0.004100 0.002700 0.002700 0.004100 0.006900 0.002700 0.006900 0.004100 0.004100 0.002700 0.002700 0.004100 0.008200 0.006900 0.004100 0.002700 0.002700 0.002700 0.002700 0.002700 0.006900 0.005500 0.002700 0.004100 0.002700 0.002700 0.004100 0.002700 0.002700 0.005500 0.006900 0.002700 0.006900 0.005500 0.002700 0.005500 0.002700 0.002700 0.000000 0.005500 0.002700 0.002700
ForestMusk 0.005500 0.008300 0.004100 0.011000 0.002700 0.004100 0.004100 0.002700 0.004100 0.006900 0.004100 0.002700 0.002700 0.004100 0.006900 0.002700 0.006900 0.004100 0.004100 0.004100 0.002700 0.004100 0.008200 0.006900 0.004100 0.002700 0.002700 0.004100 0.002700 0.004100 0.006900 0.005500 0.002700 0.004100 0.002700 0.002700 0.004100 0.002700 0.002700 0.005500 0.006900 0.002700 0.006900 0.005500 0.002700 0.005500 0.002700 0.002700 0.005500 0.000000 0.004100 0.004100
Bushbuck 0.004100 0.006900 0.000000 0.009600 0.001400 0.002700 0.002700 0.001400 0.000000 0.005500 0.002700 0.001400 0.001400 0.002700 0.005500 0.001400 0.005500 0.002700 0.002700 0.000000 0.001400 0.002700 0.006900 0.005500 0.002700 0.001400 0.001400 0.000000 0.001400 0.000000 0.005500 0.004100 0.001400 0.002700 0.001400 0.001400 0.002700 0.001400 0.001400 0.004100 0.005500 0.001400 0.005500 0.004100 0.001400 0.004100 0.001400 0.001400 0.002700 0.004100 0.000000 0.001400
GreaterKud 0.004100 0.006900 0.001400 0.009700 0.001400 0.002700 0.002700 0.001400 0.001400 0.005500 0.002700 0.001400 0.001400 0.002700 0.005500 0.001400 0.005500 0.002700 0.002700 0.001400 0.001400 0.002700 0.006800 0.005500 0.002700 0.001400 0.001400 0.001400 0.001400 0.001400 0.005500 0.004100 0.001400 0.002700 0.001400 0.001400 0.002700 0.001400 0.001400 0.004100 0.005500 0.001400 0.005500 0.004100 0.001400 0.004100 0.001400 0.001400 0.002700 0.004100 0.001400 0.000000
