1
52 1
Argali 0.000000 0.541100 0.185800 0.856900 0.333100 0.000000 0.236200 0.313400 0.185800 0.416600 0.045500 0.344500 0.185800 0.303700 0.256800 0.304200 0.311700 0.311700 0.236700 0.185800 0.304200 0.091000 0.425200 0.475600 0.091900 0.304200 0.185800 0.181800 0.430900 0.185800 0.358400 0.311100 0.244000 0.186800 0.288000 0.296300 0.151500 0.253200 0.260600 0.420800 0.425200 0.373600 0.425200 0.425200 0.296300 0.242600 0.362400 0.301600 0.391300 0.286400 0.185800 0.185800
LesserMous 0.541100 0.000000 0.295700 0.397600 0.396200 0.541100 0.232700 0.255200 0.295700 0.303500 0.467500 0.288300 0.295700 0.296200 0.327700 0.378000 0.145000 0.145000 0.366000 0.295700 0.378000 0.465000 0.309600 0.361600 0.526900 0.378000 0.295700 0.298600 0.363800 0.295700 0.365100 0.299200 0.238500 0.300800 0.347800 0.239500 0.670500 0.314400 0.480600 0.307200 0.309600 0.428100 0.309600 0.309600 0.239500 0.509400 0.384000 0.298600 0.313500 0.403600 0.295700 0.295700
LesserKudu 0.185800 0.295700 0.000000 0.492000 0.136900 0.185800 0.038900 0.131800 0.000000 0.173500 0.242400 0.121400 0.000000 0.081600 0.087300 0.232800 0.131900 0.131900 0.127200 0.000000 0.232800 0.296300 0.176500 0.220400 0.294200 0.232800 0.000000 0.000100 0.345400 0.000000 0.128000 0.082600 0.039700 0.000100 0.122700 0.080500 0.376600 0.085200 0.300100 0.173800 0.176500 0.294800 0.176500 0.176500 0.080900 0.128400 0.291300 0.081800 0.156600 0.165500 0.000000 0.000000
KillerWhal 0.856900 0.397600 0.492000 0.000000 0.601900 0.856900 0.403300 0.442200 0.492000 0.391600 0.755400 0.480600 0.492000 0.471700 0.675200 0.564100 0.452000 0.452000 0.427800 0.492000 0.564100 0.758600 0.397500 0.390100 0.815300 0.564100 0.492000 0.497800 0.738000 0.492000 0.451900 0.477300 0.430000 0.496400 0.485800 0.423800 1.020800 0.508900 0.679300 0.389800 0.397500 0.675000 0.397500 0.397500 0.423800 0.717900 0.575300 0.495400 0.489900 0.558700 0.492000 0.492000
DefassaWat 0.333100 0.396200 0.136900 0.601900 0.000000 0.333100 0.087400 0.202900 0.136900 0.243000 0.263700 0.182600 0.136900 0.044000 0.266300 0.259800 0.201400 0.201400 0.139500 0.136900 0.259800 0.334300 0.248000 0.295900 0.327500 0.259800 0.136900 0.137400 0.387100 0.136900 0.190500 0.044200 0.089500 0.138400 0.087700 0.137300 0.433800 0.046000 0.338600 0.245700 0.248000 0.329500 0.248000 0.248000 0.137300 0.141500 0.321800 0.137300 0.218500 0.232900 0.136900 0.136900
Sheep 0.000000 0.541100 0.185800 0.856900 0.333100 0.000000 0.236200 0.313400 0.185800 0.416600 0.045500 0.344500 0.185800 0.303700 0.256800 0.304200 0.311700 0.311700 0.236700 0.185800 0.304200 0.091000 0.425200 0.475600 0.091900 0.304200 0.185800 0.181800 0.430900 0.185800 0.358400 0.311100 0.244000 0.186800 0.288000 0.296300 0.151500 0.253200 0.260600 0.420800 0.425200 0.373600 0.425200 0.425200 0.296300 0.242600 0.362400 0.301600 0.391300 0.286400 0.185800 0.185800
MaxwellsDu 0.236200 0.232700 0.038900 0.403300 0.087400 0.236200 0.000000 0.084100 0.038900 0.123600 0.186300 0.077600 0.038900 0.039000 0.132000 0.177700 0.084000 0.084000 0.081300 0.038900 0.177700 0.235700 0.126200 0.167700 0.235500 0.177700 0.038900 0.039300 0.281400 0.038900 0.082300 0.039600 0.000400 0.039300 0.078400 0.038800 0.310200 0.041000 0.237900 0.124100 0.126200 0.233100 0.126200 0.126200 0.038800 0.173400 0.230200 0.039000 0.115800 0.119100 0.038900 0.038900
GazellaPrz 0.313400 0.255200 0.131800 0.442200 0.202900 0.313400 0.084100 0.000000 0.131800 0.233700 0.257200 0.174600 0.131800 0.133500 0.144800 0.093700 0.091300 0.091300 0.185300 0.131800 0.093700 0.313400 0.238000 0.282600 0.312100 0.093700 0.131800 0.133600 0.198400 0.131800 0.183700 0.135400 0.085900 0.133200 0.176900 0.131800 0.403100 0.140400 0.151100 0.234800 0.238000 0.148200 0.238000 0.238000 0.131800 0.301300 0.146300 0.133100 0.211500 0.222000 0.131800 0.131800
MountainNy 0.185800 0.295700 0.000000 0.492000 0.136900 0.185800 0.038900 0.131800 0.000000 0.173500 0.242400 0.121400 0.000000 0.081600 0.087300 0.232800 0.131900 0.131900 0.127200 0.000000 0.232800 0.296300 0.176500 0.220400 0.294200 0.232800 0.000000 0.000100 0.345400 0.000000 0.128000 0.082600 0.039700 0.000100 0.122700 0.080900 0.376600 0.085200 0.300100 0.173800 0.176500 0.294800 0.176500 0.176500 0.080900 0.128400 0.291300 0.081800 0.156600 0.165500 0.000000 0.000000
MuntiacusM 0.416600 0.303500 0.173500 0.391600 0.243000 0.416600 0.123600 0.233700 0.173500 0.000000 0.358400 0.217700 0.173500 0.173300 0.291900 0.338800 0.134800 0.134800 0.177200 0.173500 0.338800 0.416600 0.000100 0.080400 0.406900 0.338800 0.173500 0.174700 0.465700 0.173500 0.039700 0.174600 0.127300 0.173400 0.126000 0.173500 0.510600 0.182100 0.418600 0.000400 0.000100 0.412500 0.000100 0.000100 0.173500 0.335900 0.404100 0.174100 0.239900 0.169900 0.173500 0.173500
goat 0.045500 0.467500 0.242400 0.755400 0.263700 0.045500 0.186300 0.257200 0.242400 0.358400 0.000000 0.289400 0.242400 0.249000 0.324100 0.298200 0.256000 0.256000 0.186600 0.242400 0.298200 0.045500 0.366800 0.415600 0.045700 0.298200 0.242400 0.239000 0.428500 0.242400 0.302800 0.246000 0.192000 0.244400 0.237000 0.242400 0.100500 0.200300 0.205900 0.363300 0.366800 0.368100 0.366800 0.366800 0.242400 0.305100 0.302600 0.238400 0.337000 0.236200 0.242400 0.242400
AfricanBuf 0.344500 0.288300 0.121400 0.480600 0.182600 0.344500 0.077600 0.174600 0.121400 0.217700 0.289400 0.000000 0.121400 0.121900 0.229600 0.278000 0.175000 0.175000 0.169400 0.121400 0.278000 0.230800 0.221400 0.266700 0.342400 0.278000 0.121400 0.123300 0.394100 0.121400 0.171000 0.123500 0.079200 0.122900 0.163700 0.038500 0.429100 0.127900 0.347800 0.218100 0.221400 0.342600 0.221400 0.221400 0.035200 0.272100 0.227100 0.122900 0.109000 0.207700 0.121400 0.121400
Topi 0.185800 0.295700 0.000000 0.492000 0.136900 0.185800 0.038900 0.131800 0.000000 0.173500 0.242400 0.121400 0.000000 0.081600 0.087300 0.232800 0.131900 0.131900 0.127200 0.000000 0.232800 0.296300 0.176500 0.220400 0.294200 0.232800 0.000000 0.000100 0.345400 0.000000 0.128000 0.082600 0.039700 0.000100 0.122700 0.080900 0.376600 0.085200 0.300100 0.173800 0.176500 0.294800 0.176500 0.176500 0.080900 0.128400 0.291300 0.081800 0.156600 0.165500 0.000000 0.000000
CommonDuik 0.303700 0.296200 0.081600 0.471700 0.044000 0.303700 0.039000 0.133500 0.081600 0.173300 0.249000 0.121900 0.081600 0.000000 0.187300 0.236800 0.133200 0.133200 0.128400 0.081600 0.236800 0.303100 0.176800 0.219600 0.302400 0.236800 0.081600 0.082600 0.351700 0.081600 0.129700 0.000100 0.039900 0.082500 0.123400 0.081500 0.391000 0.086300 0.306500 0.174400 0.176800 0.299400 0.176800 0.176800 0.081500 0.130700 0.295700 0.082200 0.162300 0.166200 0.081600 0.081600
Suni 0.256800 0.327700 0.087300 0.675200 0.266300 0.256800 0.132000 0.144800 0.087300 0.291900 0.324100 0.229600 0.087300 0.187300 0.000000 0.258600 0.143700 0.143700 0.244200 0.087300 0.258600 0.385100 0.297000 0.343700 0.383000 0.258600 0.087300 0.088100 0.387000 0.087300 0.238200 0.189300 0.135600 0.087300 0.232400 0.184500 0.488700 0.196100 0.338900 0.291000 0.297000 0.330500 0.297000 0.297000 0.184500 0.249000 0.323700 0.185600 0.268200 0.279200 0.087300 0.087300
Springbuck 0.304200 0.378000 0.232800 0.564100 0.259800 0.304200 0.177700 0.093700 0.232800 0.338800 0.298200 0.278000 0.232800 0.236800 0.258600 0.000000 0.185200 0.185200 0.179200 0.232800 0.000000 0.304200 0.346600 0.393600 0.238200 0.000000 0.232800 0.236000 0.091300 0.232800 0.282700 0.240400 0.170900 0.235300 0.225400 0.232800 0.452700 0.191200 0.047100 0.339400 0.346600 0.045500 0.346600 0.346600 0.232800 0.185500 0.045300 0.235300 0.213000 0.325100 0.232800 0.232800
Okapi 0.311700 0.145000 0.131900 0.452000 0.201400 0.311700 0.084000 0.091300 0.131900 0.134800 0.256000 0.175000 0.131900 0.133200 0.143700 0.185200 0.000000 0.000000 0.185200 0.131900 0.185200 0.311700 0.137400 0.181600 0.302500 0.185200 0.131900 0.133300 0.303100 0.131900 0.184000 0.134700 0.086200 0.132900 0.177400 0.131900 0.400800 0.140200 0.257200 0.135200 0.137400 0.249500 0.137400 0.137400 0.131900 0.296400 0.245300 0.132900 0.202200 0.223500 0.131900 0.131900
Giraffe 0.311700 0.145000 0.131900 0.452000 0.201400 0.311700 0.084000 0.091300 0.131900 0.134800 0.256000 0.175000 0.131900 0.133200 0.143700 0.185200 0.000000 0.000000 0.185200 0.131900 0.185200 0.311700 0.137400 0.181600 0.302500 0.185200 0.131900 0.133300 0.303100 0.131900 0.184000 0.134700 0.086200 0.132900 0.177400 0.131900 0.400800 0.140200 0.257200 0.135200 0.137400 0.249500 0.137400 0.137400 0.131900 0.296400 0.245300 0.132900 0.202200 0.223500 0.131900 0.131900
TibetanAnt 0.236700 0.366000 0.127200 0.427800 0.139500 0.236700 0.081300 0.185300 0.127200 0.177200 0.186600 0.169400 0.127200 0.128400 0.244200 0.179200 0.185200 0.185200 0.000000 0.127200 0.179200 0.236700 0.180400 0.224800 0.235600 0.179200 0.127200 0.129400 0.282700 0.127200 0.131000 0.130300 0.083300 0.128800 0.124100 0.127200 0.308600 0.086700 0.239800 0.177500 0.180400 0.235000 0.180400 0.180400 0.127200 0.173800 0.232600 0.129000 0.208100 0.216200 0.127200 0.127200
Sitatunga 0.185800 0.295700 0.000000 0.492000 0.136900 0.185800 0.038900 0.131800 0.000000 0.173500 0.242400 0.121400 0.000000 0.081600 0.087300 0.232800 0.131900 0.131900 0.127200 0.000000 0.232800 0.296300 0.176500 0.220400 0.294200 0.232800 0.000000 0.000100 0.345400 0.000000 0.128000 0.082600 0.039700 0.000100 0.122700 0.080900 0.376600 0.085200 0.300100 0.173800 0.176500 0.294800 0.176500 0.176500 0.080900 0.128400 0.291300 0.081800 0.156600 0.165500 0.000000 0.000000
Oribi 0.304200 0.378000 0.232800 0.564100 0.259800 0.304200 0.177700 0.093700 0.232800 0.338800 0.298200 0.278000 0.232800 0.236800 0.258600 0.000000 0.185200 0.185200 0.179200 0.232800 0.000000 0.304200 0.346600 0.393600 0.238200 0.000000 0.232800 0.236000 0.091300 0.232800 0.282700 0.240400 0.170900 0.235300 0.225400 0.232800 0.452700 0.191200 0.047100 0.339400 0.346600 0.045500 0.346600 0.346600 0.232800 0.185500 0.045300 0.235300 0.213000 0.325100 0.232800 0.232800
BarbaryShe 0.091000 0.465000 0.296300 0.758600 0.334300 0.091000 0.235700 0.313400 0.296300 0.416600 0.045500 0.230800 0.296300 0.303100 0.385100 0.304200 0.311700 0.311700 0.236700 0.296300 0.304200 0.000000 0.425200 0.475600 0.091900 0.304200 0.296300 0.302400 0.430900 0.296300 0.357400 0.310400 0.243500 0.298200 0.288000 0.185800 0.151500 0.254000 0.260600 0.420800 0.425200 0.373600 0.425200 0.425200 0.185800 0.362200 0.240300 0.301600 0.275400 0.286400 0.296300 0.296300
Daviddeer 0.425200 0.309600 0.176500 0.397500 0.248000 0.425200 0.126200 0.238000 0.176500 0.000100 0.366800 0.221400 0.176500 0.176800 0.297000 0.346600 0.137400 0.137400 0.180400 0.176500 0.346600 0.425200 0.000000 0.081700 0.418000 0.346600 0.176500 0.177900 0.475800 0.176500 0.040600 0.178300 0.129800 0.176400 0.128400 0.176500 0.524100 0.185600 0.427600 0.000200 0.000000 0.420900 0.000000 0.000000 0.176500 0.343100 0.412200 0.177300 0.248900 0.173200 0.176500 0.176500
Reindeer 0.475600 0.361600 0.220400 0.390100 0.295900 0.475600 0.167700 0.282600 0.220400 0.080400 0.415600 0.266700 0.220400 0.219600 0.343700 0.393600 0.181600 0.181600 0.224800 0.220400 0.393600 0.475600 0.081700 0.000000 0.468200 0.393600 0.220400 0.222500 0.526100 0.220400 0.123900 0.221800 0.172600 0.220100 0.171000 0.220400 0.579000 0.230800 0.476200 0.080200 0.081700 0.470700 0.081700 0.081700 0.220400 0.392400 0.461100 0.221700 0.293900 0.217500 0.220400 0.220400
Ibex 0.091900 0.526900 0.294200 0.815300 0.327500 0.091900 0.235500 0.312100 0.294200 0.406900 0.045700 0.342400 0.294200 0.302400 0.383000 0.238200 0.302500 0.302500 0.235600 0.294200 0.238200 0.091900 0.418000 0.468200 0.000000 0.238200 0.294200 0.295300 0.361100 0.294200 0.348500 0.304500 0.231400 0.296900 0.287300 0.294200 0.153100 0.253100 0.149700 0.411500 0.418000 0.303000 0.418000 0.418000 0.294200 0.246000 0.241800 0.294500 0.279200 0.280400 0.294200 0.294200
GyrantGaze 0.304200 0.378000 0.232800 0.564100 0.259800 0.304200 0.177700 0.093700 0.232800 0.338800 0.298200 0.278000 0.232800 0.236800 0.258600 0.000000 0.185200 0.185200 0.179200 0.232800 0.000000 0.304200 0.346600 0.393600 0.238200 0.000000 0.232800 0.236000 0.091300 0.232800 0.282700 0.240400 0.170900 0.235300 0.225400 0.232800 0.452700 0.191200 0.047100 0.339400 0.346600 0.045500 0.346600 0.346600 0.232800 0.185500 0.045300 0.235300 0.213000 0.325100 0.232800 0.232800
Hartebeest 0.185800 0.295700 0.000000 0.492000 0.136900 0.185800 0.038900 0.131800 0.000000 0.173500 0.242400 0.121400 0.000000 0.081600 0.087300 0.232800 0.131900 0.131900 0.127200 0.000000 0.232800 0.296300 0.176500 0.220400 0.294200 0.232800 0.000000 0.000100 0.345400 0.000000 0.128000 0.082600 0.039700 0.000100 0.122700 0.080900 0.376600 0.085200 0.300100 0.173800 0.176500 0.294800 0.176500 0.176500 0.080900 0.128400 0.291300 0.081800 0.156600 0.165500 0.000000 0.000000
Bongo 0.181800 0.298600 0.000100 0.497800 0.137400 0.181800 0.039300 0.133600 0.000100 0.174700 0.239000 0.123300 0.000100 0.082600 0.088100 0.236000 0.133300 0.133300 0.129400 0.000100 0.236000 0.302400 0.177900 0.222500 0.295300 0.236000 0.000100 0.000000 0.350100 0.000100 0.128500 0.083000 0.040200 0.000200 0.124500 0.082100 0.383800 0.086200 0.304600 0.175500 0.177900 0.299000 0.177900 0.177900 0.082100 0.130800 0.293100 0.081900 0.154700 0.167600 0.000100 0.000100
Gerenuk 0.430900 0.363800 0.345400 0.738000 0.387100 0.430900 0.281400 0.198400 0.345400 0.465700 0.428500 0.394100 0.345400 0.351700 0.387000 0.091300 0.303100 0.303100 0.282700 0.345400 0.091300 0.430900 0.475800 0.526100 0.361100 0.091300 0.345400 0.350100 0.000000 0.345400 0.403800 0.356900 0.281300 0.349200 0.333300 0.345400 0.614800 0.303500 0.149000 0.469600 0.475800 0.093600 0.475800 0.475800 0.345400 0.294400 0.143000 0.349200 0.320700 0.445900 0.345400 0.345400
CommonElan 0.185800 0.295700 0.000000 0.492000 0.136900 0.185800 0.038900 0.131800 0.000000 0.173500 0.242400 0.121400 0.000000 0.081600 0.087300 0.232800 0.131900 0.131900 0.127200 0.000000 0.232800 0.296300 0.176500 0.220400 0.294200 0.232800 0.000000 0.000100 0.345400 0.000000 0.128000 0.082600 0.039700 0.000100 0.122700 0.080900 0.376600 0.085200 0.300100 0.173800 0.176500 0.294800 0.176500 0.176500 0.080900 0.128400 0.291300 0.081800 0.156600 0.165500 0.000000 0.000000
MuntiacusR 0.358400 0.365100 0.128000 0.451900 0.190500 0.358400 0.082300 0.183700 0.128000 0.039700 0.302800 0.171000 0.128000 0.129700 0.238200 0.282700 0.184000 0.184000 0.131000 0.128000 0.282700 0.357400 0.040600 0.123900 0.348500 0.282700 0.128000 0.128500 0.403800 0.128000 0.000000 0.130300 0.084800 0.127900 0.082900 0.127800 0.448500 0.134600 0.357400 0.039600 0.040600 0.350700 0.040600 0.040600 0.127800 0.281000 0.343300 0.127800 0.189200 0.125600 0.128000 0.128000
HarveysDui 0.311100 0.299200 0.082600 0.477300 0.044200 0.311100 0.039600 0.135400 0.082600 0.174600 0.246000 0.123500 0.082600 0.000100 0.189300 0.240400 0.134700 0.134700 0.130300 0.082600 0.240400 0.310400 0.178300 0.221800 0.304500 0.240400 0.082600 0.083000 0.356900 0.082600 0.130300 0.000000 0.040500 0.083500 0.125300 0.082500 0.400500 0.087400 0.311600 0.176100 0.178300 0.304000 0.178300 0.178300 0.082500 0.132500 0.297400 0.082600 0.164300 0.168500 0.082600 0.082600
Pronghorn 0.244000 0.238500 0.039700 0.430000 0.089500 0.244000 0.000400 0.085900 0.039700 0.127300 0.192000 0.079200 0.039700 0.039900 0.135600 0.170900 0.086200 0.086200 0.083300 0.039700 0.170900 0.243500 0.129800 0.172600 0.231400 0.170900 0.039700 0.040200 0.281300 0.039700 0.084800 0.040500 0.000000 0.040200 0.080100 0.039700 0.322100 0.041900 0.237000 0.127800 0.129800 0.230000 0.129800 0.129800 0.039700 0.170400 0.227600 0.039900 0.083200 0.122100 0.039700 0.039700
BlueWildeb 0.186800 0.300800 0.000100 0.496400 0.138400 0.186800 0.039300 0.133200 0.000100 0.173400 0.244400 0.122900 0.000100 0.082500 0.087300 0.235300 0.132900 0.132900 0.128800 0.000100 0.235300 0.298200 0.176400 0.220100 0.296900 0.235300 0.000100 0.000200 0.349200 0.000100 0.127900 0.083500 0.040200 0.000000 0.123900 0.081900 0.381300 0.086100 0.303600 0.172900 0.176400 0.298400 0.176400 0.176400 0.081900 0.130200 0.293900 0.082400 0.154500 0.166800 0.000100 0.000100
Gemsbok 0.288000 0.347800 0.122700 0.485800 0.087700 0.288000 0.078400 0.176900 0.122700 0.126000 0.237000 0.163700 0.122700 0.123400 0.232400 0.225400 0.177400 0.177400 0.124100 0.122700 0.225400 0.288000 0.128400 0.171000 0.287300 0.225400 0.122700 0.124500 0.333300 0.122700 0.082900 0.125300 0.080100 0.123900 0.000000 0.122700 0.367400 0.041000 0.289600 0.126300 0.128400 0.283800 0.128400 0.128400 0.122700 0.220200 0.280900 0.124100 0.196800 0.120700 0.122700 0.122700
Yak 0.296300 0.239500 0.080500 0.423800 0.137300 0.296300 0.038800 0.131800 0.080900 0.173500 0.242400 0.038500 0.080900 0.081500 0.184500 0.232800 0.131900 0.131900 0.127200 0.080900 0.232800 0.185800 0.176500 0.220400 0.294200 0.232800 0.080900 0.082100 0.345400 0.080900 0.127800 0.082500 0.039700 0.081900 0.122700 0.000000 0.376600 0.085500 0.300100 0.173800 0.176500 0.294800 0.176500 0.176500 0.000000 0.226600 0.183000 0.081800 0.067800 0.165500 0.080900 0.080900
BlueSheep 0.151500 0.670500 0.376600 1.020800 0.433800 0.151500 0.310200 0.403100 0.376600 0.510600 0.100500 0.429100 0.376600 0.391000 0.488700 0.452700 0.400800 0.400800 0.308600 0.376600 0.452700 0.151500 0.524100 0.579000 0.153100 0.452700 0.376600 0.383800 0.614800 0.376600 0.448500 0.400500 0.322100 0.381300 0.367400 0.376600 0.000000 0.334500 0.347400 0.525800 0.524100 0.539100 0.524100 0.524100 0.376600 0.459100 0.458600 0.383300 0.482400 0.366200 0.376600 0.376600
BohorReedb 0.253200 0.314400 0.085200 0.508900 0.046000 0.253200 0.041000 0.140400 0.085200 0.182100 0.200300 0.127900 0.085200 0.086300 0.196100 0.191200 0.140200 0.140200 0.086700 0.085200 0.191200 0.254000 0.185600 0.230800 0.253100 0.191200 0.085200 0.086200 0.303500 0.085200 0.134600 0.087400 0.041900 0.086100 0.041000 0.085500 0.334500 0.000000 0.257000 0.183100 0.185600 0.251400 0.185600 0.185600 0.085500 0.184700 0.248500 0.086200 0.161900 0.174100 0.085200 0.085200
KirksDik 0.260600 0.480600 0.300100 0.679300 0.338600 0.260600 0.237900 0.151100 0.300100 0.418600 0.205900 0.347800 0.300100 0.306500 0.338900 0.047100 0.257200 0.257200 0.239800 0.300100 0.047100 0.260600 0.427600 0.476200 0.149700 0.047100 0.300100 0.304600 0.149000 0.300100 0.357400 0.311600 0.237000 0.303600 0.289600 0.300100 0.347400 0.257000 0.000000 0.421400 0.427600 0.098900 0.427600 0.427600 0.300100 0.250100 0.097700 0.303600 0.279500 0.284700 0.300100 0.300100
RoeDeer 0.420800 0.307200 0.173800 0.389800 0.245700 0.420800 0.124100 0.234800 0.173800 0.000400 0.363300 0.218100 0.173800 0.174400 0.291000 0.339400 0.135200 0.135200 0.177500 0.173800 0.339400 0.420800 0.000200 0.080200 0.411500 0.339400 0.173800 0.175500 0.469600 0.173800 0.039600 0.176100 0.127800 0.172900 0.126300 0.173800 0.525800 0.183100 0.421400 0.000000 0.000200 0.414700 0.000200 0.000200 0.173800 0.335500 0.405200 0.174900 0.237500 0.170500 0.173800 0.173800
WhiteLippe 0.425200 0.309600 0.176500 0.397500 0.248000 0.425200 0.126200 0.238000 0.176500 0.000100 0.366800 0.221400 0.176500 0.176800 0.297000 0.346600 0.137400 0.137400 0.180400 0.176500 0.346600 0.425200 0.000000 0.081700 0.418000 0.346600 0.176500 0.177900 0.475800 0.176500 0.040600 0.178300 0.129800 0.176400 0.128400 0.176500 0.524100 0.185600 0.427600 0.000200 0.000000 0.420900 0.000000 0.000000 0.176500 0.343100 0.412200 0.177300 0.248900 0.173200 0.176500 0.176500
ThomsonGaz 0.373600 0.428100 0.294800 0.675000 0.329500 0.373600 0.233100 0.148200 0.294800 0.412500 0.368100 0.342600 0.294800 0.299400 0.330500 0.045500 0.249500 0.249500 0.235000 0.294800 0.045500 0.373600 0.420900 0.470700 0.303000 0.045500 0.294800 0.299000 0.093600 0.294800 0.350700 0.304000 0.230000 0.298400 0.283800 0.294800 0.539100 0.251400 0.098900 0.414700 0.420900 0.000000 0.420900 0.420900 0.294800 0.243700 0.095200 0.298000 0.272400 0.392300 0.294800 0.294800
MuntiacusC 0.425200 0.309600 0.176500 0.397500 0.248000 0.425200 0.126200 0.238000 0.176500 0.000100 0.366800 0.221400 0.176500 0.176800 0.297000 0.346600 0.137400 0.137400 0.180400 0.176500 0.346600 0.425200 0.000000 0.081700 0.418000 0.346600 0.176500 0.177900 0.475800 0.176500 0.040600 0.178300 0.129800 0.176400 0.128400 0.176500 0.524100 0.185600 0.427600 0.000200 0.000000 0.420900 0.000000 0.000000 0.176500 0.343100 0.412200 0.177300 0.248900 0.173200 0.176500 0.176500
WhiteTaile 0.425200 0.309600 0.176500 0.397500 0.248000 0.425200 0.126200 0.238000 0.176500 0.000100 0.366800 0.221400 0.176500 0.176800 0.297000 0.346600 0.137400 0.137400 0.180400 0.176500 0.346600 0.425200 0.000000 0.081700 0.418000 0.346600 0.176500 0.177900 0.475800 0.176500 0.040600 0.178300 0.129800 0.176400 0.128400 0.176500 0.524100 0.185600 0.427600 0.000200 0.000000 0.420900 0.000000 0.000000 0.176500 0.343100 0.412200 0.177300 0.248900 0.173200 0.176500 0.176500
Cattle 0.296300 0.239500 0.080900 0.423800 0.137300 0.296300 0.038800 0.131800 0.080900 0.173500 0.242400 0.035200 0.080900 0.081500 0.184500 0.232800 0.131900 0.131900 0.127200 0.080900 0.232800 0.185800 0.176500 0.220400 0.294200 0.232800 0.080900 0.082100 0.345400 0.080900 0.127800 0.082500 0.039700 0.081900 0.122700 0.000000 0.376600 0.085500 0.300100 0.173800 0.176500 0.294800 0.176500 0.176500 0.000000 0.226600 0.183000 0.081800 0.067800 0.165500 0.080900 0.080900
RoyalAntel 0.242600 0.509400 0.128400 0.717900 0.141500 0.242600 0.173400 0.301300 0.128400 0.335900 0.305100 0.272100 0.128400 0.130700 0.249000 0.185500 0.296400 0.296400 0.173800 0.128400 0.185500 0.362200 0.343100 0.392400 0.246000 0.185500 0.128400 0.130800 0.294400 0.128400 0.281000 0.132500 0.170400 0.130200 0.220200 0.226600 0.459100 0.184700 0.250100 0.335500 0.343100 0.243700 0.343100 0.343100 0.226600 0.000000 0.241400 0.230700 0.213000 0.322800 0.128400 0.128400
Steenbok 0.362400 0.384000 0.291300 0.575300 0.321800 0.362400 0.230200 0.146300 0.291300 0.404100 0.302600 0.227100 0.291300 0.295700 0.323700 0.045300 0.245300 0.245300 0.232600 0.291300 0.045300 0.240300 0.412200 0.461100 0.241800 0.045300 0.291300 0.293100 0.143000 0.291300 0.343300 0.297400 0.227600 0.293900 0.280900 0.183000 0.458600 0.248500 0.097700 0.405200 0.412200 0.095200 0.412200 0.412200 0.183000 0.241400 0.000000 0.292100 0.163100 0.387000 0.291300 0.291300
Impala 0.301600 0.298600 0.081800 0.495400 0.137300 0.301600 0.039000 0.133100 0.081800 0.174100 0.238400 0.122900 0.081800 0.082200 0.185600 0.235300 0.132900 0.132900 0.129000 0.081800 0.235300 0.301600 0.177300 0.221700 0.294500 0.235300 0.081800 0.081900 0.349200 0.081800 0.127800 0.082600 0.039900 0.082400 0.124100 0.081800 0.383300 0.086200 0.303600 0.174900 0.177300 0.298000 0.177300 0.177300 0.081800 0.230700 0.292100 0.000000 0.154100 0.167100 0.081800 0.081800
Klipspring 0.391300 0.313500 0.156600 0.489900 0.218500 0.391300 0.115800 0.211500 0.156600 0.239900 0.337000 0.109000 0.156600 0.162300 0.268200 0.213000 0.202200 0.202200 0.208100 0.156600 0.213000 0.275400 0.248900 0.293900 0.279200 0.213000 0.156600 0.154700 0.320700 0.156600 0.189200 0.164300 0.083200 0.154500 0.196800 0.067800 0.482400 0.161900 0.279500 0.237500 0.248900 0.272400 0.248900 0.248900 0.067800 0.213000 0.163100 0.154100 0.000000 0.236500 0.156600 0.156600
ForestMusk 0.286400 0.403600 0.165500 0.558700 0.232900 0.286400 0.119100 0.222000 0.165500 0.169900 0.236200 0.207700 0.165500 0.166200 0.279200 0.325100 0.223500 0.223500 0.216200 0.165500 0.325100 0.286400 0.173200 0.217500 0.280400 0.325100 0.165500 0.167600 0.445900 0.165500 0.125600 0.168500 0.122100 0.166800 0.120700 0.165500 0.366200 0.174100 0.284700 0.170500 0.173200 0.392300 0.173200 0.173200 0.165500 0.322800 0.387000 0.167100 0.236500 0.000000 0.165500 0.165500
Bushbuck 0.185800 0.295700 0.000000 0.492000 0.136900 0.185800 0.038900 0.131800 0.000000 0.173500 0.242400 0.121400 0.000000 0.081600 0.087300 0.232800 0.131900 0.131900 0.127200 0.000000 0.232800 0.296300 0.176500 0.220400 0.294200 0.232800 0.000000 0.000100 0.345400 0.000000 0.128000 0.082600 0.039700 0.000100 0.122700 0.080900 0.376600 0.085200 0.300100 0.173800 0.176500 0.294800 0.176500 0.176500 0.080900 0.128400 0.291300 0.081800 0.156600 0.165500 0.000000 0.000000
GreaterKud 0.185800 0.295700 0.000000 0.492000 0.136900 0.185800 0.038900 0.131800 0.000000 0.173500 0.242400 0.121400 0.000000 0.081600 0.087300 0.232800 0.131900 0.131900 0.127200 0.000000 0.232800 0.296300 0.176500 0.220400 0.294200 0.232800 0.000000 0.000100 0.345400 0.000000 0.128000 0.082600 0.039700 0.000100 0.122700 0.080900 0.376600 0.085200 0.300100 0.173800 0.176500 0.294800 0.176500 0.176500 0.080900 0.128400 0.291300 0.081800 0.156600 0.165500 0.000000 0.000000
