1
52 1
Argali 0.000000 0.073100 0.000000 0.073800 0.000000 0.000000 0.000300 0.073400 0.071800 0.000000 0.000000 0.000000 0.000300 0.000000 0.000000 0.000300 0.000300 0.000600 0.073000 0.000000 0.000000 0.000000 0.000300 0.000000 0.000000 0.000300 0.000000 0.000000 0.000300 0.072200 0.000000 0.074400 0.075600 0.000000 0.000000 0.000300 0.000000 0.000000 0.000300 0.000000 0.000000 0.000300 0.000000 0.000000 0.000300 0.000000 0.074700 0.000000 0.071400 0.000000 0.000000 0.000000
LesserMous 0.073100 0.000000 0.073100 0.208800 0.073100 0.073100 0.073600 0.223800 0.150400 0.073100 0.073100 0.073100 0.072300 0.073100 0.073100 0.073600 0.104400 0.097700 0.152500 0.073100 0.073100 0.073100 0.071100 0.073100 0.073100 0.073600 0.073100 0.073100 0.073600 0.155000 0.073100 0.152100 0.160000 0.073100 0.073100 0.073600 0.073100 0.073100 0.072300 0.073100 0.073100 0.073600 0.073100 0.073100 0.073600 0.073100 0.155000 0.073100 0.147700 0.073100 0.073100 0.073100
LesserKudu 0.000000 0.073100 0.000000 0.073800 0.000000 0.000000 0.000300 0.073400 0.071800 0.000000 0.000000 0.000000 0.000300 0.000000 0.000000 0.000300 0.000300 0.000600 0.073000 0.000000 0.000000 0.000000 0.000300 0.000000 0.000000 0.000300 0.000000 0.000000 0.000300 0.072200 0.000000 0.074400 0.077500 0.000000 0.000000 0.000300 0.000000 0.000000 0.000300 0.000000 0.000000 0.000300 0.000000 0.000000 0.000300 0.000000 0.074700 0.000000 0.071400 0.000000 0.000000 0.000000
KillerWhal 0.073800 0.208800 0.073800 0.000000 0.073800 0.073800 0.074200 0.216200 0.152600 0.073800 0.073800 0.073800 0.073300 0.073800 0.073800 0.074200 0.071800 0.071600 0.155000 0.073800 0.073800 0.073800 0.071800 0.073800 0.073800 0.074200 0.073800 0.073800 0.074200 0.154600 0.073800 0.156600 0.159600 0.073800 0.073800 0.074200 0.073800 0.073800 0.073300 0.073800 0.073800 0.074200 0.073800 0.073800 0.074200 0.073800 0.140700 0.073800 0.151500 0.073800 0.073800 0.073800
DefassaWat 0.000000 0.073100 0.000000 0.073800 0.000000 0.000000 0.000300 0.073400 0.071800 0.000000 0.000000 0.000000 0.000300 0.000000 0.000000 0.000300 0.000300 0.000600 0.073000 0.000000 0.000000 0.000000 0.000300 0.000000 0.000000 0.000300 0.000000 0.000000 0.000300 0.072200 0.000000 0.074400 0.075600 0.000000 0.000000 0.000300 0.000000 0.000000 0.000300 0.000000 0.000000 0.000300 0.000000 0.000000 0.000300 0.000000 0.074700 0.000000 0.071400 0.000000 0.000000 0.000000
Sheep 0.000000 0.073100 0.000000 0.073800 0.000000 0.000000 0.000300 0.073400 0.071800 0.000000 0.000000 0.000000 0.000300 0.000000 0.000000 0.000300 0.000300 0.000600 0.073000 0.000000 0.000000 0.000000 0.000300 0.000000 0.000000 0.000300 0.000000 0.000000 0.000300 0.072200 0.000000 0.074400 0.075600 0.000000 0.000000 0.000300 0.000000 0.000000 0.000300 0.000000 0.000000 0.000300 0.000000 0.000000 0.000300 0.000000 0.074700 0.000000 0.071400 0.000000 0.000000 0.000000
MaxwellsDu 0.000300 0.073600 0.000300 0.074200 0.000300 0.000300 0.000000 0.073000 0.071800 0.000300 0.000300 0.000300 0.000600 0.000300 0.000300 0.000000 0.000500 0.000800 0.073000 0.000300 0.000300 0.000300 0.000500 0.000300 0.000300 0.000000 0.000300 0.000300 0.000000 0.072200 0.000300 0.074300 0.075800 0.000300 0.000300 0.000000 0.000300 0.000300 0.000600 0.000300 0.000300 0.000000 0.000300 0.000300 0.000000 0.000300 0.074700 0.000300 0.071000 0.000300 0.000300 0.000300
GazellaPrz 0.073400 0.223800 0.073400 0.216200 0.073400 0.073400 0.073000 0.000000 0.154100 0.073400 0.073400 0.073400 0.072000 0.073400 0.073400 0.073000 0.126600 0.111400 0.155200 0.073400 0.073400 0.073400 0.071300 0.073400 0.073400 0.073000 0.073400 0.073400 0.073000 0.154100 0.073400 0.155800 0.156300 0.073400 0.073400 0.073000 0.073400 0.073400 0.072000 0.073400 0.073400 0.073000 0.073400 0.073400 0.073000 0.073400 0.158200 0.073400 0.151700 0.073400 0.073400 0.073400
MountainNy 0.071800 0.150400 0.071800 0.152600 0.071800 0.071800 0.071800 0.154100 0.000000 0.071800 0.071800 0.071800 0.071400 0.071800 0.071800 0.071800 0.070800 0.070300 0.151600 0.071800 0.071800 0.071800 0.070700 0.075000 0.071800 0.071800 0.071800 0.071800 0.071800 0.148900 0.071800 0.153600 0.154400 0.071800 0.071800 0.071800 0.071800 0.071800 0.071400 0.071800 0.071800 0.071800 0.071800 0.071800 0.071800 0.071800 0.154700 0.071800 0.149200 0.071800 0.071800 0.071800
MuntiacusM 0.000000 0.073100 0.000000 0.073800 0.000000 0.000000 0.000300 0.073400 0.071800 0.000000 0.000000 0.000000 0.000300 0.000000 0.000000 0.000300 0.000300 0.000600 0.073000 0.000000 0.000000 0.000000 0.000300 0.000000 0.000000 0.000300 0.000000 0.000000 0.000300 0.072200 0.000000 0.074400 0.075600 0.000000 0.000000 0.000300 0.000000 0.000000 0.000300 0.000000 0.000000 0.000300 0.000000 0.000000 0.000300 0.000000 0.074700 0.000000 0.071400 0.000000 0.000000 0.000000
goat 0.000000 0.073100 0.000000 0.073800 0.000000 0.000000 0.000300 0.073400 0.071800 0.000000 0.000000 0.000000 0.000300 0.000000 0.000000 0.000300 0.000300 0.000600 0.073000 0.000000 0.000000 0.000000 0.000300 0.000000 0.000000 0.000300 0.000000 0.000000 0.000300 0.072200 0.000000 0.074400 0.075600 0.000000 0.000000 0.000300 0.000000 0.000000 0.000300 0.000000 0.000000 0.000300 0.000000 0.000000 0.000300 0.000000 0.074700 0.000000 0.071400 0.000000 0.000000 0.000000
AfricanBuf 0.000000 0.073100 0.000000 0.073800 0.000000 0.000000 0.000300 0.073400 0.071800 0.000000 0.000000 0.000000 0.000300 0.000000 0.000000 0.000300 0.000300 0.000600 0.073000 0.000000 0.000000 0.000000 0.000300 0.000000 0.000000 0.000300 0.000000 0.000000 0.000300 0.072200 0.000000 0.074400 0.075600 0.000000 0.000000 0.000300 0.000000 0.000000 0.000300 0.000000 0.000000 0.000300 0.000000 0.000000 0.000300 0.000000 0.074700 0.000000 0.071400 0.000000 0.000000 0.000000
Topi 0.000300 0.072300 0.000300 0.073300 0.000300 0.000300 0.000600 0.072000 0.071400 0.000300 0.000300 0.000300 0.000000 0.000300 0.000300 0.000600 0.000600 0.000300 0.072500 0.000300 0.000300 0.000300 0.000500 0.000300 0.000300 0.000600 0.000300 0.000300 0.000600 0.071800 0.000300 0.073800 0.075300 0.000300 0.000300 0.000600 0.000300 0.000300 0.000000 0.000300 0.000300 0.000600 0.000300 0.000300 0.000600 0.000300 0.074200 0.000300 0.070300 0.000300 0.000300 0.000300
CommonDuik 0.000000 0.073100 0.000000 0.073800 0.000000 0.000000 0.000300 0.073400 0.071800 0.000000 0.000000 0.000000 0.000300 0.000000 0.000000 0.000300 0.000300 0.000600 0.073000 0.000000 0.000000 0.000000 0.000300 0.000000 0.000000 0.000300 0.000000 0.000000 0.000300 0.072200 0.000000 0.074400 0.075600 0.000000 0.000000 0.000300 0.000000 0.000000 0.000300 0.000000 0.000000 0.000300 0.000000 0.000000 0.000300 0.000000 0.074700 0.000000 0.071400 0.000000 0.000000 0.000000
Suni 0.000000 0.073100 0.000000 0.073800 0.000000 0.000000 0.000300 0.073400 0.071800 0.000000 0.000000 0.000000 0.000300 0.000000 0.000000 0.000300 0.000300 0.000600 0.073000 0.000000 0.000000 0.000000 0.000300 0.000000 0.000000 0.000300 0.000000 0.000000 0.000300 0.072200 0.000000 0.074400 0.075600 0.000000 0.000000 0.000300 0.000000 0.000000 0.000300 0.000000 0.000000 0.000300 0.000000 0.000000 0.000300 0.000000 0.076300 0.000000 0.071400 0.000000 0.000000 0.000000
Springbuck 0.000300 0.073600 0.000300 0.074200 0.000300 0.000300 0.000000 0.073000 0.071800 0.000300 0.000300 0.000300 0.000600 0.000300 0.000300 0.000000 0.000500 0.000800 0.073000 0.000300 0.000300 0.000300 0.000500 0.000300 0.000300 0.000000 0.000300 0.000300 0.000000 0.072200 0.000300 0.074300 0.075800 0.000300 0.000300 0.000000 0.000300 0.000300 0.000600 0.000300 0.000300 0.000000 0.000300 0.000300 0.000000 0.000300 0.074700 0.000300 0.071000 0.000300 0.000300 0.000300
Okapi 0.000300 0.104400 0.000300 0.071800 0.000300 0.000300 0.000500 0.126600 0.070800 0.000300 0.000300 0.000300 0.000600 0.000300 0.000300 0.000500 0.000000 0.000300 0.072000 0.000300 0.000300 0.000300 0.000600 0.000300 0.000300 0.000500 0.000300 0.000300 0.000500 0.071200 0.000300 0.073400 0.074500 0.000300 0.000300 0.000500 0.000300 0.000300 0.000600 0.000300 0.000300 0.000500 0.000300 0.000300 0.000500 0.000300 0.073500 0.000300 0.070300 0.000300 0.000300 0.000300
Giraffe 0.000600 0.097700 0.000600 0.071600 0.000600 0.000600 0.000800 0.111400 0.070300 0.000600 0.000600 0.000600 0.000300 0.000600 0.000600 0.000800 0.000300 0.000000 0.071100 0.000600 0.000600 0.000600 0.000800 0.000600 0.000600 0.000800 0.000600 0.000600 0.000800 0.070700 0.000600 0.072800 0.074100 0.000600 0.000600 0.000800 0.000600 0.000600 0.000300 0.000600 0.000600 0.000800 0.000600 0.000600 0.000800 0.000600 0.073000 0.000600 0.069400 0.000600 0.000600 0.000600
TibetanAnt 0.073000 0.152500 0.073000 0.155000 0.073000 0.073000 0.073000 0.155200 0.151600 0.073000 0.073000 0.073000 0.072500 0.073000 0.073000 0.073000 0.072000 0.071100 0.000000 0.073000 0.073000 0.073000 0.071800 0.073000 0.073000 0.073000 0.073000 0.073000 0.073000 0.151800 0.073000 0.156300 0.159200 0.073000 0.073000 0.073000 0.073000 0.073000 0.072500 0.073000 0.073000 0.073000 0.073000 0.073000 0.073000 0.073000 0.157300 0.073000 0.150600 0.073000 0.073000 0.073000
Sitatunga 0.000000 0.073100 0.000000 0.073800 0.000000 0.000000 0.000300 0.073400 0.071800 0.000000 0.000000 0.000000 0.000300 0.000000 0.000000 0.000300 0.000300 0.000600 0.073000 0.000000 0.000000 0.000000 0.000300 0.000000 0.000000 0.000300 0.000000 0.000000 0.000300 0.072200 0.000000 0.074400 0.075600 0.000000 0.000000 0.000300 0.000000 0.000000 0.000300 0.000000 0.000000 0.000300 0.000000 0.000000 0.000300 0.000000 0.074700 0.000000 0.071400 0.000000 0.000000 0.000000
Oribi 0.000000 0.073100 0.000000 0.073800 0.000000 0.000000 0.000300 0.073400 0.071800 0.000000 0.000000 0.000000 0.000300 0.000000 0.000000 0.000300 0.000300 0.000600 0.073000 0.000000 0.000000 0.000000 0.000300 0.000000 0.000000 0.000300 0.000000 0.000000 0.000300 0.072200 0.000000 0.074400 0.075600 0.000000 0.000000 0.000300 0.000000 0.000000 0.000300 0.000000 0.000000 0.000300 0.000000 0.000000 0.000300 0.000000 0.074700 0.000000 0.071400 0.000000 0.000000 0.000000
BarbaryShe 0.000000 0.073100 0.000000 0.073800 0.000000 0.000000 0.000300 0.073400 0.071800 0.000000 0.000000 0.000000 0.000300 0.000000 0.000000 0.000300 0.000300 0.000600 0.073000 0.000000 0.000000 0.000000 0.000300 0.000000 0.000000 0.000300 0.000000 0.000000 0.000300 0.072200 0.000000 0.074400 0.075600 0.000000 0.000000 0.000300 0.000000 0.000000 0.000300 0.000000 0.000000 0.000300 0.000000 0.000000 0.000300 0.000000 0.074700 0.000000 0.071400 0.000000 0.000000 0.000000
Daviddeer 0.000300 0.071100 0.000300 0.071800 0.000300 0.000300 0.000500 0.071300 0.070700 0.000300 0.000300 0.000300 0.000500 0.000300 0.000300 0.000500 0.000600 0.000800 0.071800 0.000300 0.000300 0.000300 0.000000 0.000300 0.000300 0.000500 0.000300 0.000300 0.000500 0.070900 0.000300 0.073100 0.074100 0.000300 0.000300 0.000500 0.000300 0.000300 0.000500 0.000300 0.000300 0.000500 0.000300 0.000300 0.000500 0.000300 0.073300 0.000300 0.070000 0.000300 0.000300 0.000300
Reindeer 0.000000 0.073100 0.000000 0.073800 0.000000 0.000000 0.000300 0.073400 0.075000 0.000000 0.000000 0.000000 0.000300 0.000000 0.000000 0.000300 0.000300 0.000600 0.073000 0.000000 0.000000 0.000000 0.000300 0.000000 0.000000 0.000300 0.000000 0.000000 0.000300 0.072200 0.000000 0.074400 0.075600 0.000000 0.000000 0.000300 0.000000 0.000000 0.000300 0.000000 0.000000 0.000300 0.000000 0.000000 0.000300 0.000000 0.074700 0.000000 0.071400 0.000000 0.000000 0.000000
Ibex 0.000000 0.073100 0.000000 0.073800 0.000000 0.000000 0.000300 0.073400 0.071800 0.000000 0.000000 0.000000 0.000300 0.000000 0.000000 0.000300 0.000300 0.000600 0.073000 0.000000 0.000000 0.000000 0.000300 0.000000 0.000000 0.000300 0.000000 0.000000 0.000300 0.072200 0.000000 0.074400 0.075600 0.000000 0.000000 0.000300 0.000000 0.000000 0.000300 0.000000 0.000000 0.000300 0.000000 0.000000 0.000300 0.000000 0.074700 0.000000 0.071400 0.000000 0.000000 0.000000
GyrantGaze 0.000300 0.073600 0.000300 0.074200 0.000300 0.000300 0.000000 0.073000 0.071800 0.000300 0.000300 0.000300 0.000600 0.000300 0.000300 0.000000 0.000500 0.000800 0.073000 0.000300 0.000300 0.000300 0.000500 0.000300 0.000300 0.000000 0.000300 0.000300 0.000000 0.072200 0.000300 0.074300 0.075800 0.000300 0.000300 0.000000 0.000300 0.000300 0.000600 0.000300 0.000300 0.000000 0.000300 0.000300 0.000000 0.000300 0.074700 0.000300 0.071000 0.000300 0.000300 0.000300
Hartebeest 0.000000 0.073100 0.000000 0.073800 0.000000 0.000000 0.000300 0.073400 0.071800 0.000000 0.000000 0.000000 0.000300 0.000000 0.000000 0.000300 0.000300 0.000600 0.073000 0.000000 0.000000 0.000000 0.000300 0.000000 0.000000 0.000300 0.000000 0.000000 0.000300 0.072200 0.000000 0.074400 0.077400 0.000000 0.000000 0.000300 0.000000 0.000000 0.000300 0.000000 0.000000 0.000300 0.000000 0.000000 0.000300 0.000000 0.074700 0.000000 0.071400 0.000000 0.000000 0.000000
Bongo 0.000000 0.073100 0.000000 0.073800 0.000000 0.000000 0.000300 0.073400 0.071800 0.000000 0.000000 0.000000 0.000300 0.000000 0.000000 0.000300 0.000300 0.000600 0.073000 0.000000 0.000000 0.000000 0.000300 0.000000 0.000000 0.000300 0.000000 0.000000 0.000300 0.072200 0.000000 0.074400 0.075600 0.000000 0.000000 0.000300 0.000000 0.000000 0.000300 0.000000 0.000000 0.000300 0.000000 0.000000 0.000300 0.000000 0.074700 0.000000 0.071400 0.000000 0.000000 0.000000
Gerenuk 0.000300 0.073600 0.000300 0.074200 0.000300 0.000300 0.000000 0.073000 0.071800 0.000300 0.000300 0.000300 0.000600 0.000300 0.000300 0.000000 0.000500 0.000800 0.073000 0.000300 0.000300 0.000300 0.000500 0.000300 0.000300 0.000000 0.000300 0.000300 0.000000 0.072200 0.000300 0.074300 0.075800 0.000300 0.000300 0.000000 0.000300 0.000300 0.000600 0.000300 0.000300 0.000000 0.000300 0.000300 0.000000 0.000300 0.074700 0.000300 0.071000 0.000300 0.000300 0.000300
CommonElan 0.072200 0.155000 0.072200 0.154600 0.072200 0.072200 0.072200 0.154100 0.148900 0.072200 0.072200 0.072200 0.071800 0.072200 0.072200 0.072200 0.071200 0.070700 0.151800 0.072200 0.072200 0.072200 0.070900 0.072200 0.072200 0.072200 0.072200 0.072200 0.072200 0.000000 0.072200 0.152000 0.157000 0.072200 0.072200 0.072200 0.072200 0.072200 0.071800 0.072200 0.072200 0.072200 0.072200 0.072200 0.072200 0.072200 0.153300 0.072200 0.148300 0.072200 0.072200 0.072200
MuntiacusR 0.000000 0.073100 0.000000 0.073800 0.000000 0.000000 0.000300 0.073400 0.071800 0.000000 0.000000 0.000000 0.000300 0.000000 0.000000 0.000300 0.000300 0.000600 0.073000 0.000000 0.000000 0.000000 0.000300 0.000000 0.000000 0.000300 0.000000 0.000000 0.000300 0.072200 0.000000 0.074400 0.075600 0.000000 0.000000 0.000300 0.000000 0.000000 0.000300 0.000000 0.000000 0.000300 0.000000 0.000000 0.000300 0.000000 0.074700 0.000000 0.071400 0.000000 0.000000 0.000000
HarveysDui 0.074400 0.152100 0.074400 0.156600 0.074400 0.074400 0.074300 0.155800 0.153600 0.074400 0.074400 0.074400 0.073800 0.074400 0.074400 0.074300 0.073400 0.072800 0.156300 0.074400 0.074400 0.074400 0.073100 0.074400 0.074400 0.074300 0.074400 0.074400 0.074300 0.152000 0.074400 0.000000 0.162200 0.074400 0.074400 0.074300 0.074400 0.074400 0.073800 0.074400 0.074400 0.074300 0.074400 0.074400 0.074300 0.074400 0.161800 0.074400 0.152800 0.074400 0.078000 0.074400
Pronghorn 0.075600 0.160000 0.077500 0.159600 0.075600 0.075600 0.075800 0.156300 0.154400 0.075600 0.075600 0.075600 0.075300 0.075600 0.075600 0.075800 0.074500 0.074100 0.159200 0.075600 0.075600 0.075600 0.074100 0.075600 0.075600 0.075800 0.077400 0.075600 0.075800 0.157000 0.075600 0.162200 0.000000 0.075600 0.075600 0.075800 0.075600 0.075600 0.075300 0.075600 0.075600 0.075800 0.075600 0.075600 0.075800 0.075600 0.161900 0.075600 0.153600 0.075600 0.075600 0.075600
BlueWildeb 0.000000 0.073100 0.000000 0.073800 0.000000 0.000000 0.000300 0.073400 0.071800 0.000000 0.000000 0.000000 0.000300 0.000000 0.000000 0.000300 0.000300 0.000600 0.073000 0.000000 0.000000 0.000000 0.000300 0.000000 0.000000 0.000300 0.000000 0.000000 0.000300 0.072200 0.000000 0.074400 0.075600 0.000000 0.000000 0.000300 0.000000 0.000000 0.000300 0.000000 0.000000 0.000300 0.000000 0.000000 0.000300 0.000000 0.074700 0.000000 0.071400 0.000000 0.000000 0.000000
Gemsbok 0.000000 0.073100 0.000000 0.073800 0.000000 0.000000 0.000300 0.073400 0.071800 0.000000 0.000000 0.000000 0.000300 0.000000 0.000000 0.000300 0.000300 0.000600 0.073000 0.000000 0.000000 0.000000 0.000300 0.000000 0.000000 0.000300 0.000000 0.000000 0.000300 0.072200 0.000000 0.074400 0.075600 0.000000 0.000000 0.000300 0.000000 0.000000 0.000300 0.000000 0.000000 0.000300 0.000000 0.000000 0.000300 0.000000 0.074700 0.000000 0.071400 0.000000 0.000000 0.000000
Yak 0.000300 0.073600 0.000300 0.074200 0.000300 0.000300 0.000000 0.073000 0.071800 0.000300 0.000300 0.000300 0.000600 0.000300 0.000300 0.000000 0.000500 0.000800 0.073000 0.000300 0.000300 0.000300 0.000500 0.000300 0.000300 0.000000 0.000300 0.000300 0.000000 0.072200 0.000300 0.074300 0.075800 0.000300 0.000300 0.000000 0.000300 0.000300 0.000600 0.000300 0.000300 0.000000 0.000300 0.000300 0.000000 0.000300 0.074700 0.000300 0.071000 0.000300 0.000300 0.000300
BlueSheep 0.000000 0.073100 0.000000 0.073800 0.000000 0.000000 0.000300 0.073400 0.071800 0.000000 0.000000 0.000000 0.000300 0.000000 0.000000 0.000300 0.000300 0.000600 0.073000 0.000000 0.000000 0.000000 0.000300 0.000000 0.000000 0.000300 0.000000 0.000000 0.000300 0.072200 0.000000 0.074400 0.075600 0.000000 0.000000 0.000300 0.000000 0.000000 0.000300 0.000000 0.000000 0.000300 0.000000 0.000000 0.000300 0.000000 0.074700 0.000000 0.071400 0.000000 0.000000 0.000000
BohorReedb 0.000000 0.073100 0.000000 0.073800 0.000000 0.000000 0.000300 0.073400 0.071800 0.000000 0.000000 0.000000 0.000300 0.000000 0.000000 0.000300 0.000300 0.000600 0.073000 0.000000 0.000000 0.000000 0.000300 0.000000 0.000000 0.000300 0.000000 0.000000 0.000300 0.072200 0.000000 0.074400 0.075600 0.000000 0.000000 0.000300 0.000000 0.000000 0.000300 0.000000 0.000000 0.000300 0.000000 0.000000 0.000300 0.000000 0.074700 0.000000 0.071400 0.000000 0.000000 0.000000
KirksDik 0.000300 0.072300 0.000300 0.073300 0.000300 0.000300 0.000600 0.072000 0.071400 0.000300 0.000300 0.000300 0.000000 0.000300 0.000300 0.000600 0.000600 0.000300 0.072500 0.000300 0.000300 0.000300 0.000500 0.000300 0.000300 0.000600 0.000300 0.000300 0.000600 0.071800 0.000300 0.073800 0.075300 0.000300 0.000300 0.000600 0.000300 0.000300 0.000000 0.000300 0.000300 0.000600 0.000300 0.000300 0.000600 0.000300 0.074200 0.000300 0.070300 0.000300 0.000300 0.000300
RoeDeer 0.000000 0.073100 0.000000 0.073800 0.000000 0.000000 0.000300 0.073400 0.071800 0.000000 0.000000 0.000000 0.000300 0.000000 0.000000 0.000300 0.000300 0.000600 0.073000 0.000000 0.000000 0.000000 0.000300 0.000000 0.000000 0.000300 0.000000 0.000000 0.000300 0.072200 0.000000 0.074400 0.075600 0.000000 0.000000 0.000300 0.000000 0.000000 0.000300 0.000000 0.000000 0.000300 0.000000 0.000000 0.000300 0.000000 0.074700 0.000000 0.071400 0.000000 0.000000 0.000000
WhiteLippe 0.000000 0.073100 0.000000 0.073800 0.000000 0.000000 0.000300 0.073400 0.071800 0.000000 0.000000 0.000000 0.000300 0.000000 0.000000 0.000300 0.000300 0.000600 0.073000 0.000000 0.000000 0.000000 0.000300 0.000000 0.000000 0.000300 0.000000 0.000000 0.000300 0.072200 0.000000 0.074400 0.075600 0.000000 0.000000 0.000300 0.000000 0.000000 0.000300 0.000000 0.000000 0.000300 0.000000 0.000000 0.000300 0.000000 0.074700 0.000000 0.071400 0.000000 0.000000 0.000000
ThomsonGaz 0.000300 0.073600 0.000300 0.074200 0.000300 0.000300 0.000000 0.073000 0.071800 0.000300 0.000300 0.000300 0.000600 0.000300 0.000300 0.000000 0.000500 0.000800 0.073000 0.000300 0.000300 0.000300 0.000500 0.000300 0.000300 0.000000 0.000300 0.000300 0.000000 0.072200 0.000300 0.074300 0.075800 0.000300 0.000300 0.000000 0.000300 0.000300 0.000600 0.000300 0.000300 0.000000 0.000300 0.000300 0.000000 0.000300 0.074700 0.000300 0.071000 0.000300 0.000300 0.000300
MuntiacusC 0.000000 0.073100 0.000000 0.073800 0.000000 0.000000 0.000300 0.073400 0.071800 0.000000 0.000000 0.000000 0.000300 0.000000 0.000000 0.000300 0.000300 0.000600 0.073000 0.000000 0.000000 0.000000 0.000300 0.000000 0.000000 0.000300 0.000000 0.000000 0.000300 0.072200 0.000000 0.074400 0.075600 0.000000 0.000000 0.000300 0.000000 0.000000 0.000300 0.000000 0.000000 0.000300 0.000000 0.000000 0.000300 0.000000 0.074700 0.000000 0.071400 0.000000 0.000000 0.000000
WhiteTaile 0.000000 0.073100 0.000000 0.073800 0.000000 0.000000 0.000300 0.073400 0.071800 0.000000 0.000000 0.000000 0.000300 0.000000 0.000000 0.000300 0.000300 0.000600 0.073000 0.000000 0.000000 0.000000 0.000300 0.000000 0.000000 0.000300 0.000000 0.000000 0.000300 0.072200 0.000000 0.074400 0.075600 0.000000 0.000000 0.000300 0.000000 0.000000 0.000300 0.000000 0.000000 0.000300 0.000000 0.000000 0.000300 0.000000 0.074700 0.000000 0.071400 0.000000 0.000000 0.000000
Cattle 0.000300 0.073600 0.000300 0.074200 0.000300 0.000300 0.000000 0.073000 0.071800 0.000300 0.000300 0.000300 0.000600 0.000300 0.000300 0.000000 0.000500 0.000800 0.073000 0.000300 0.000300 0.000300 0.000500 0.000300 0.000300 0.000000 0.000300 0.000300 0.000000 0.072200 0.000300 0.074300 0.075800 0.000300 0.000300 0.000000 0.000300 0.000300 0.000600 0.000300 0.000300 0.000000 0.000300 0.000300 0.000000 0.000300 0.074700 0.000300 0.071000 0.000300 0.000300 0.000300
RoyalAntel 0.000000 0.073100 0.000000 0.073800 0.000000 0.000000 0.000300 0.073400 0.071800 0.000000 0.000000 0.000000 0.000300 0.000000 0.000000 0.000300 0.000300 0.000600 0.073000 0.000000 0.000000 0.000000 0.000300 0.000000 0.000000 0.000300 0.000000 0.000000 0.000300 0.072200 0.000000 0.074400 0.075600 0.000000 0.000000 0.000300 0.000000 0.000000 0.000300 0.000000 0.000000 0.000300 0.000000 0.000000 0.000300 0.000000 0.074700 0.000000 0.071400 0.000000 0.000000 0.000000
Steenbok 0.074700 0.155000 0.074700 0.140700 0.074700 0.074700 0.074700 0.158200 0.154700 0.074700 0.074700 0.074700 0.074200 0.074700 0.076300 0.074700 0.073500 0.073000 0.157300 0.074700 0.074700 0.074700 0.073300 0.074700 0.074700 0.074700 0.074700 0.074700 0.074700 0.153300 0.074700 0.161800 0.161900 0.074700 0.074700 0.074700 0.074700 0.074700 0.074200 0.074700 0.074700 0.074700 0.074700 0.074700 0.074700 0.074700 0.000000 0.074700 0.154000 0.074700 0.074700 0.074700
Impala 0.000000 0.073100 0.000000 0.073800 0.000000 0.000000 0.000300 0.073400 0.071800 0.000000 0.000000 0.000000 0.000300 0.000000 0.000000 0.000300 0.000300 0.000600 0.073000 0.000000 0.000000 0.000000 0.000300 0.000000 0.000000 0.000300 0.000000 0.000000 0.000300 0.072200 0.000000 0.074400 0.075600 0.000000 0.000000 0.000300 0.000000 0.000000 0.000300 0.000000 0.000000 0.000300 0.000000 0.000000 0.000300 0.000000 0.074700 0.000000 0.071400 0.000000 0.000000 0.000000
Klipspring 0.071400 0.147700 0.071400 0.151500 0.071400 0.071400 0.071000 0.151700 0.149200 0.071400 0.071400 0.071400 0.070300 0.071400 0.071400 0.071000 0.070300 0.069400 0.150600 0.071400 0.071400 0.071400 0.070000 0.071400 0.071400 0.071000 0.071400 0.071400 0.071000 0.148300 0.071400 0.152800 0.153600 0.071400 0.071400 0.071000 0.071400 0.071400 0.070300 0.071400 0.071400 0.071000 0.071400 0.071400 0.071000 0.071400 0.154000 0.071400 0.000000 0.071400 0.071400 0.071400
ForestMusk 0.000000 0.073100 0.000000 0.073800 0.000000 0.000000 0.000300 0.073400 0.071800 0.000000 0.000000 0.000000 0.000300 0.000000 0.000000 0.000300 0.000300 0.000600 0.073000 0.000000 0.000000 0.000000 0.000300 0.000000 0.000000 0.000300 0.000000 0.000000 0.000300 0.072200 0.000000 0.074400 0.075600 0.000000 0.000000 0.000300 0.000000 0.000000 0.000300 0.000000 0.000000 0.000300 0.000000 0.000000 0.000300 0.000000 0.074700 0.000000 0.071400 0.000000 0.000000 0.000000
Bushbuck 0.000000 0.073100 0.000000 0.073800 0.000000 0.000000 0.000300 0.073400 0.071800 0.000000 0.000000 0.000000 0.000300 0.000000 0.000000 0.000300 0.000300 0.000600 0.073000 0.000000 0.000000 0.000000 0.000300 0.000000 0.000000 0.000300 0.000000 0.000000 0.000300 0.072200 0.000000 0.078000 0.075600 0.000000 0.000000 0.000300 0.000000 0.000000 0.000300 0.000000 0.000000 0.000300 0.000000 0.000000 0.000300 0.000000 0.074700 0.000000 0.071400 0.000000 0.000000 0.000000
GreaterKud 0.000000 0.073100 0.000000 0.073800 0.000000 0.000000 0.000300 0.073400 0.071800 0.000000 0.000000 0.000000 0.000300 0.000000 0.000000 0.000300 0.000300 0.000600 0.073000 0.000000 0.000000 0.000000 0.000300 0.000000 0.000000 0.000300 0.000000 0.000000 0.000300 0.072200 0.000000 0.074400 0.075600 0.000000 0.000000 0.000300 0.000000 0.000000 0.000300 0.000000 0.000000 0.000300 0.000000 0.000000 0.000300 0.000000 0.074700 0.000000 0.071400 0.000000 0.000000 0.000000
