1
52 1
Argali 0.000000 0.024700 0.005800 0.037000 0.007300 0.001400 0.005800 0.002900 0.005800 0.005800 0.001400 0.004300 0.007300 0.007200 0.008700 0.002900 0.007300 0.008800 0.002900 0.004300 0.002900 0.001400 0.007200 0.007200 0.001400 0.004300 0.007200 0.004300 0.010200 0.004300 0.005800 0.005800 0.008700 0.005800 0.002900 0.005800 0.001400 0.007300 0.007200 0.005800 0.005800 0.005800 0.005800 0.007200 0.002900 0.010200 0.002900 0.013000 0.004300 0.004400 0.007200 0.007200
LesserMous 0.024700 0.000000 0.024700 0.035200 0.026200 0.023300 0.024700 0.021700 0.027700 0.021500 0.023300 0.026200 0.029300 0.026100 0.024700 0.021700 0.023200 0.024600 0.021800 0.026200 0.024700 0.023300 0.023100 0.023000 0.023300 0.023300 0.029200 0.026200 0.029200 0.026100 0.024600 0.021800 0.024800 0.027700 0.024600 0.021900 0.023300 0.023300 0.026100 0.021600 0.021600 0.024700 0.021500 0.023100 0.024800 0.029200 0.021800 0.032000 0.023100 0.020200 0.029100 0.026100
LesserKudu 0.005800 0.024700 0.000000 0.040000 0.010200 0.007200 0.008700 0.005800 0.002900 0.008600 0.007200 0.007200 0.013100 0.010100 0.011600 0.005800 0.010200 0.011700 0.008700 0.001400 0.005800 0.007200 0.010100 0.010100 0.007200 0.007200 0.013100 0.001400 0.013100 0.001400 0.008600 0.005800 0.011700 0.011600 0.008700 0.008700 0.007200 0.010200 0.010200 0.008700 0.008700 0.008700 0.008600 0.010100 0.005800 0.013100 0.005800 0.016000 0.007200 0.007300 0.004300 0.004300
KillerWhal 0.037000 0.035200 0.040000 0.000000 0.038600 0.035500 0.037000 0.034000 0.040000 0.036800 0.035500 0.038900 0.041700 0.038500 0.037200 0.033900 0.038700 0.040200 0.037000 0.038500 0.037000 0.035500 0.038700 0.035500 0.035500 0.035500 0.041600 0.038500 0.041900 0.038500 0.036800 0.037000 0.032700 0.040000 0.036900 0.037200 0.035500 0.038600 0.035400 0.036800 0.037000 0.037000 0.036800 0.038800 0.037100 0.041600 0.034000 0.043000 0.035400 0.035600 0.041500 0.038700
DefassaWat 0.007300 0.026200 0.010200 0.038600 0.000000 0.005800 0.007200 0.004300 0.010200 0.007200 0.005800 0.008800 0.008700 0.005800 0.010200 0.004300 0.011700 0.013200 0.007300 0.008700 0.007200 0.005800 0.008700 0.008600 0.005800 0.005800 0.008700 0.008700 0.005800 0.008700 0.007200 0.007200 0.010200 0.007200 0.007200 0.010200 0.005800 0.002900 0.005800 0.007200 0.007200 0.007200 0.007200 0.008700 0.007300 0.011600 0.004300 0.011600 0.005800 0.008800 0.011600 0.011600
Sheep 0.001400 0.023300 0.007200 0.035500 0.005800 0.000000 0.004300 0.001400 0.007200 0.004300 0.000000 0.005800 0.005800 0.005800 0.007200 0.001400 0.008700 0.010200 0.001400 0.005800 0.004300 0.000000 0.005800 0.005800 0.000000 0.002900 0.005800 0.005800 0.008700 0.005800 0.004300 0.004300 0.007300 0.004300 0.001400 0.007300 0.000000 0.005800 0.005800 0.004300 0.004300 0.004300 0.004300 0.005800 0.004400 0.008700 0.001400 0.011600 0.002900 0.005800 0.008700 0.008700
MaxwellsDu 0.005800 0.024700 0.008700 0.037000 0.007200 0.004300 0.000000 0.002900 0.008700 0.005700 0.004300 0.007200 0.010200 0.004300 0.008700 0.002900 0.010200 0.011700 0.005800 0.007200 0.005800 0.004300 0.007200 0.007200 0.004300 0.004300 0.010200 0.007200 0.010200 0.007200 0.005800 0.002900 0.008700 0.008700 0.005800 0.008700 0.004300 0.007200 0.007200 0.005800 0.005800 0.005800 0.005700 0.007200 0.005800 0.010100 0.002900 0.013000 0.004300 0.007300 0.010100 0.010100
GazellaPrz 0.002900 0.021700 0.005800 0.034000 0.004300 0.001400 0.002900 0.000000 0.005800 0.002900 0.001400 0.004300 0.007300 0.004300 0.005800 0.000000 0.007300 0.008700 0.002900 0.004300 0.002900 0.001400 0.004300 0.004300 0.001400 0.001400 0.007200 0.004300 0.007200 0.004300 0.002900 0.002900 0.005800 0.005800 0.002900 0.005800 0.001400 0.004300 0.004300 0.002900 0.002900 0.002900 0.002900 0.004300 0.002900 0.007200 0.000100 0.010100 0.001400 0.004400 0.007200 0.007200
MountainNy 0.005800 0.027700 0.002900 0.040000 0.010200 0.007200 0.008700 0.005800 0.000000 0.008600 0.007200 0.007200 0.013100 0.010100 0.011600 0.005800 0.010200 0.011700 0.008700 0.001400 0.005800 0.007200 0.010100 0.010100 0.007200 0.007200 0.013100 0.001400 0.013100 0.001400 0.008700 0.008700 0.011700 0.011600 0.008700 0.008700 0.007200 0.010200 0.010200 0.008700 0.008700 0.008700 0.008600 0.010100 0.005800 0.013100 0.005800 0.016000 0.007200 0.007300 0.004300 0.004300
MuntiacusM 0.005800 0.021500 0.008600 0.036800 0.007200 0.004300 0.005700 0.002900 0.008600 0.000000 0.004300 0.007200 0.010100 0.007200 0.008600 0.002900 0.007200 0.008700 0.005800 0.007200 0.005800 0.004300 0.001400 0.004300 0.004300 0.004300 0.010100 0.007200 0.010100 0.007200 0.002900 0.005700 0.008700 0.008600 0.005700 0.008700 0.004300 0.007200 0.007200 0.000000 0.000000 0.005800 0.000000 0.001400 0.005800 0.010100 0.002900 0.013000 0.004300 0.004300 0.010100 0.010100
goat 0.001400 0.023300 0.007200 0.035500 0.005800 0.000000 0.004300 0.001400 0.007200 0.004300 0.000000 0.005800 0.005800 0.005800 0.007200 0.001400 0.008700 0.010200 0.001400 0.005800 0.004300 0.000000 0.005800 0.005700 0.000000 0.002900 0.005800 0.005800 0.008700 0.005800 0.004300 0.004300 0.007300 0.004300 0.001400 0.007300 0.000000 0.005800 0.005800 0.004300 0.004300 0.004300 0.004300 0.005800 0.004400 0.008700 0.001400 0.011600 0.002900 0.005800 0.008700 0.008700
AfricanBuf 0.004300 0.026200 0.007200 0.038900 0.008800 0.005800 0.007200 0.004300 0.007200 0.007200 0.005800 0.000000 0.011700 0.008700 0.007200 0.004300 0.008800 0.010200 0.007300 0.005800 0.004300 0.005800 0.005800 0.005800 0.005800 0.005800 0.011600 0.005800 0.008700 0.005800 0.007200 0.007200 0.010300 0.010200 0.007200 0.007300 0.005800 0.008800 0.008700 0.007200 0.007200 0.007300 0.007200 0.005800 0.004400 0.011600 0.004400 0.014600 0.005800 0.005800 0.008700 0.005800
Topi 0.007300 0.029300 0.013100 0.041700 0.008700 0.005800 0.010200 0.007300 0.013100 0.010100 0.005800 0.011700 0.000000 0.008700 0.013100 0.007300 0.014700 0.016200 0.007300 0.011700 0.010200 0.005800 0.011600 0.011600 0.005800 0.008700 0.002900 0.011700 0.011700 0.011600 0.010100 0.010200 0.013200 0.001400 0.007200 0.013200 0.005800 0.011700 0.011600 0.010100 0.010200 0.008700 0.010100 0.011600 0.010200 0.013100 0.007300 0.017500 0.008700 0.011800 0.014600 0.014600
CommonDuik 0.007200 0.026100 0.010100 0.038500 0.005800 0.005800 0.004300 0.004300 0.010100 0.007200 0.005800 0.008700 0.008700 0.000000 0.010100 0.004300 0.011700 0.013100 0.007200 0.008700 0.007200 0.005800 0.008700 0.008600 0.005800 0.005800 0.008700 0.008700 0.008700 0.008700 0.007200 0.004300 0.010200 0.007200 0.007200 0.010200 0.005800 0.008700 0.008600 0.007200 0.007200 0.007200 0.007200 0.008700 0.007300 0.011600 0.004300 0.014500 0.005800 0.008800 0.011600 0.011600
Suni 0.008700 0.024700 0.011600 0.037200 0.010200 0.007200 0.008700 0.005800 0.011600 0.008600 0.007200 0.007200 0.013100 0.010100 0.000000 0.005800 0.010200 0.011700 0.008700 0.010100 0.008700 0.007200 0.007200 0.007200 0.007200 0.007200 0.013100 0.010100 0.010200 0.010100 0.008600 0.008700 0.008800 0.011600 0.008700 0.008700 0.007200 0.010200 0.010100 0.008700 0.008700 0.008700 0.008600 0.007200 0.008700 0.013100 0.005900 0.016000 0.007200 0.007300 0.013000 0.007200
Springbuck 0.002900 0.021700 0.005800 0.033900 0.004300 0.001400 0.002900 0.000000 0.005800 0.002900 0.001400 0.004300 0.007300 0.004300 0.005800 0.000000 0.007300 0.008700 0.002900 0.004300 0.002900 0.001400 0.004300 0.004300 0.001400 0.001400 0.007200 0.004300 0.007200 0.004300 0.002900 0.002900 0.005800 0.005800 0.002900 0.005800 0.001400 0.004300 0.004300 0.002900 0.002900 0.002900 0.002900 0.004300 0.002900 0.007200 0.000100 0.010100 0.001400 0.004400 0.007200 0.007200
Okapi 0.007300 0.023200 0.010200 0.038700 0.011700 0.008700 0.010200 0.007300 0.010200 0.007200 0.008700 0.008800 0.014700 0.011700 0.010200 0.007300 0.000000 0.001500 0.010200 0.008700 0.007300 0.008700 0.008700 0.011600 0.008700 0.008700 0.014600 0.008700 0.014600 0.008700 0.010200 0.010200 0.007300 0.013100 0.010200 0.007300 0.008700 0.011700 0.011600 0.007200 0.007300 0.010200 0.007200 0.008700 0.007300 0.014600 0.007300 0.017500 0.008700 0.002900 0.011600 0.008700
Giraffe 0.008800 0.024600 0.011700 0.040200 0.013200 0.010200 0.011700 0.008700 0.011700 0.008700 0.010200 0.010200 0.016200 0.013100 0.011700 0.008700 0.001500 0.000000 0.011700 0.010200 0.008800 0.010200 0.010100 0.013100 0.010200 0.010200 0.016200 0.010200 0.016200 0.010200 0.011600 0.011700 0.008800 0.014700 0.011700 0.008800 0.010200 0.013200 0.013100 0.008700 0.008700 0.011700 0.008600 0.010100 0.008800 0.016100 0.008800 0.019000 0.010200 0.004300 0.013100 0.010200
TibetanAnt 0.002900 0.021800 0.008700 0.037000 0.007300 0.001400 0.005800 0.002900 0.008700 0.005800 0.001400 0.007300 0.007300 0.007200 0.008700 0.002900 0.010200 0.011700 0.000000 0.007200 0.005800 0.001400 0.007200 0.007200 0.001400 0.004300 0.007200 0.007200 0.010200 0.007200 0.005800 0.005800 0.008800 0.005800 0.002900 0.005800 0.001400 0.004300 0.007200 0.005800 0.005800 0.005800 0.005800 0.007200 0.005800 0.010200 0.002900 0.013000 0.004300 0.007300 0.010100 0.010100
Sitatunga 0.004300 0.026200 0.001400 0.038500 0.008700 0.005800 0.007200 0.004300 0.001400 0.007200 0.005800 0.005800 0.011700 0.008700 0.010100 0.004300 0.008700 0.010200 0.007200 0.000000 0.004300 0.005800 0.008700 0.008600 0.005800 0.005800 0.011600 0.000000 0.011700 0.000000 0.007200 0.007200 0.010200 0.010200 0.007200 0.007300 0.005800 0.008700 0.008700 0.007200 0.007200 0.007200 0.007200 0.008700 0.004400 0.011600 0.004300 0.014500 0.005800 0.005800 0.002900 0.002900
Oribi 0.002900 0.024700 0.005800 0.037000 0.007200 0.004300 0.005800 0.002900 0.005800 0.005800 0.004300 0.004300 0.010200 0.007200 0.008700 0.002900 0.007300 0.008800 0.005800 0.004300 0.000000 0.004300 0.007200 0.007200 0.004300 0.004300 0.010200 0.004300 0.010200 0.004300 0.005800 0.005800 0.008700 0.008700 0.005800 0.005800 0.004300 0.007200 0.007200 0.005800 0.005800 0.005800 0.005700 0.007200 0.002900 0.010200 0.002900 0.013000 0.004300 0.004400 0.007200 0.007200
BarbaryShe 0.001400 0.023300 0.007200 0.035500 0.005800 0.000000 0.004300 0.001400 0.007200 0.004300 0.000000 0.005800 0.005800 0.005800 0.007200 0.001400 0.008700 0.010200 0.001400 0.005800 0.004300 0.000000 0.005800 0.005700 0.000000 0.002900 0.005800 0.005800 0.008700 0.005800 0.004300 0.004300 0.007300 0.004300 0.001400 0.007300 0.000000 0.005800 0.005800 0.004300 0.004300 0.004300 0.004300 0.005800 0.004400 0.008700 0.001400 0.011600 0.002900 0.005800 0.008700 0.008700
Daviddeer 0.007200 0.023100 0.010100 0.038700 0.008700 0.005800 0.007200 0.004300 0.010100 0.001400 0.005800 0.005800 0.011600 0.008700 0.007200 0.004300 0.008700 0.010100 0.007200 0.008700 0.007200 0.005800 0.000000 0.002900 0.005800 0.005800 0.011600 0.008700 0.008700 0.008600 0.004300 0.007200 0.010300 0.010100 0.007200 0.010200 0.005800 0.008700 0.008600 0.001400 0.001400 0.007200 0.001400 0.000100 0.007200 0.011600 0.004400 0.014400 0.005700 0.005800 0.011600 0.008600
Reindeer 0.007200 0.023000 0.010100 0.035500 0.008600 0.005800 0.007200 0.004300 0.010100 0.004300 0.005700 0.005800 0.011600 0.008600 0.007200 0.004300 0.011600 0.013100 0.007200 0.008600 0.007200 0.005700 0.002900 0.000000 0.005700 0.005800 0.011500 0.008600 0.008600 0.008600 0.004300 0.007200 0.010300 0.010100 0.007200 0.010100 0.005700 0.008600 0.008600 0.004300 0.004300 0.007200 0.004300 0.002900 0.007200 0.011500 0.004400 0.014400 0.005700 0.008700 0.011500 0.008600
Ibex 0.001400 0.023300 0.007200 0.035500 0.005800 0.000000 0.004300 0.001400 0.007200 0.004300 0.000000 0.005800 0.005800 0.005800 0.007200 0.001400 0.008700 0.010200 0.001400 0.005800 0.004300 0.000000 0.005800 0.005700 0.000000 0.002900 0.005800 0.005800 0.008700 0.005800 0.004300 0.004300 0.007300 0.004300 0.001400 0.007300 0.000000 0.005800 0.005800 0.004300 0.004300 0.004300 0.004300 0.005800 0.004400 0.008700 0.001400 0.011600 0.002900 0.005800 0.008700 0.008700
GyrantGaze 0.004300 0.023300 0.007200 0.035500 0.005800 0.002900 0.004300 0.001400 0.007200 0.004300 0.002900 0.005800 0.008700 0.005800 0.007200 0.001400 0.008700 0.010200 0.004300 0.005800 0.004300 0.002900 0.005800 0.005800 0.002900 0.000000 0.008700 0.005800 0.008700 0.005800 0.004300 0.004300 0.007300 0.007200 0.004300 0.007300 0.002900 0.005800 0.005800 0.004300 0.004300 0.004300 0.004300 0.005800 0.004400 0.008700 0.001400 0.011600 0.002900 0.005800 0.008700 0.008700
Hartebeest 0.007200 0.029200 0.013100 0.041600 0.008700 0.005800 0.010200 0.007200 0.013100 0.010100 0.005800 0.011600 0.002900 0.008700 0.013100 0.007200 0.014600 0.016200 0.007200 0.011600 0.010200 0.005800 0.011600 0.011500 0.005800 0.008700 0.000000 0.011600 0.011600 0.011600 0.010100 0.010200 0.013200 0.001400 0.007200 0.013200 0.005800 0.011600 0.011600 0.010100 0.010200 0.010200 0.010100 0.011600 0.010200 0.013100 0.007300 0.017400 0.008700 0.011700 0.014500 0.014500
Bongo 0.004300 0.026200 0.001400 0.038500 0.008700 0.005800 0.007200 0.004300 0.001400 0.007200 0.005800 0.005800 0.011700 0.008700 0.010100 0.004300 0.008700 0.010200 0.007200 0.000000 0.004300 0.005800 0.008700 0.008600 0.005800 0.005800 0.011600 0.000000 0.011700 0.000000 0.007200 0.007200 0.010200 0.010100 0.007200 0.007300 0.005800 0.008700 0.008700 0.007200 0.007200 0.007200 0.007200 0.008700 0.004400 0.011600 0.004300 0.014500 0.005800 0.005800 0.002900 0.002900
Gerenuk 0.010200 0.029200 0.013100 0.041900 0.005800 0.008700 0.010200 0.007200 0.013100 0.010100 0.008700 0.008700 0.011700 0.008700 0.010200 0.007200 0.014600 0.016200 0.010200 0.011700 0.010200 0.008700 0.008700 0.008600 0.008700 0.008700 0.011600 0.011700 0.000000 0.011700 0.010100 0.010200 0.013300 0.010200 0.010100 0.013200 0.008700 0.008700 0.008700 0.010100 0.010200 0.010200 0.010100 0.008700 0.010200 0.014600 0.007500 0.014500 0.008700 0.011700 0.014600 0.011700
CommonElan 0.004300 0.026100 0.001400 0.038500 0.008700 0.005800 0.007200 0.004300 0.001400 0.007200 0.005800 0.005800 0.011600 0.008700 0.010100 0.004300 0.008700 0.010200 0.007200 0.000000 0.004300 0.005800 0.008600 0.008600 0.005800 0.005800 0.011600 0.000000 0.011700 0.000000 0.007200 0.007200 0.010200 0.010100 0.007200 0.007300 0.005800 0.008700 0.008700 0.007200 0.007200 0.007200 0.007200 0.008700 0.004300 0.011600 0.004300 0.014500 0.005800 0.005800 0.002900 0.002900
MuntiacusR 0.005800 0.024600 0.008600 0.036800 0.007200 0.004300 0.005800 0.002900 0.008700 0.002900 0.004300 0.007200 0.010100 0.007200 0.008600 0.002900 0.010200 0.011600 0.005800 0.007200 0.005800 0.004300 0.004300 0.004300 0.004300 0.004300 0.010100 0.007200 0.010100 0.007200 0.000000 0.005800 0.008700 0.008700 0.005700 0.008700 0.004300 0.007200 0.007200 0.002900 0.002900 0.005800 0.002900 0.004300 0.005800 0.010100 0.002900 0.013000 0.004300 0.007300 0.010100 0.010100
HarveysDui 0.005800 0.021800 0.005800 0.037000 0.007200 0.004300 0.002900 0.002900 0.008700 0.005700 0.004300 0.007200 0.010200 0.004300 0.008700 0.002900 0.010200 0.011700 0.005800 0.007200 0.005800 0.004300 0.007200 0.007200 0.004300 0.004300 0.010200 0.007200 0.010200 0.007200 0.005800 0.000000 0.008700 0.008700 0.005800 0.008700 0.004300 0.007200 0.007200 0.005800 0.005800 0.005800 0.005700 0.007200 0.005800 0.010200 0.002900 0.013000 0.004300 0.007300 0.010100 0.010100
Pronghorn 0.008700 0.024800 0.011700 0.032700 0.010200 0.007300 0.008700 0.005800 0.011700 0.008700 0.007300 0.010300 0.013200 0.010200 0.008800 0.005800 0.007300 0.008800 0.008800 0.010200 0.008700 0.007300 0.010300 0.010300 0.007300 0.007300 0.013200 0.010200 0.013300 0.010200 0.008700 0.008700 0.000000 0.011700 0.008700 0.008800 0.007300 0.010200 0.010200 0.008700 0.008700 0.008700 0.008700 0.010300 0.008800 0.013200 0.005800 0.014600 0.007300 0.007300 0.013100 0.010300
BlueWildeb 0.005800 0.027700 0.011600 0.040000 0.007200 0.004300 0.008700 0.005800 0.011600 0.008600 0.004300 0.010200 0.001400 0.007200 0.011600 0.005800 0.013100 0.014700 0.005800 0.010200 0.008700 0.004300 0.010100 0.010100 0.004300 0.007200 0.001400 0.010100 0.010200 0.010100 0.008700 0.008700 0.011700 0.000000 0.005800 0.011700 0.004300 0.010200 0.010100 0.008700 0.008700 0.008700 0.008600 0.010100 0.008700 0.011600 0.005800 0.016000 0.007200 0.010300 0.013100 0.013100
Gemsbok 0.002900 0.024600 0.008700 0.036900 0.007200 0.001400 0.005800 0.002900 0.008700 0.005700 0.001400 0.007200 0.007200 0.007200 0.008700 0.002900 0.010200 0.011700 0.002900 0.007200 0.005800 0.001400 0.007200 0.007200 0.001400 0.004300 0.007200 0.007200 0.010100 0.007200 0.005700 0.005800 0.008700 0.005800 0.000000 0.008700 0.001400 0.007200 0.007200 0.005700 0.005800 0.005800 0.005700 0.007200 0.005800 0.010100 0.002900 0.013000 0.004300 0.007300 0.010100 0.010100
Yak 0.005800 0.021900 0.008700 0.037200 0.010200 0.007300 0.008700 0.005800 0.008700 0.008700 0.007300 0.007300 0.013200 0.010200 0.008700 0.005800 0.007300 0.008800 0.005800 0.007300 0.005800 0.007300 0.010200 0.010100 0.007300 0.007300 0.013200 0.007300 0.013200 0.007300 0.008700 0.008700 0.008800 0.011700 0.008700 0.000000 0.007300 0.007300 0.010200 0.008700 0.008700 0.008700 0.008700 0.010200 0.002900 0.013200 0.005800 0.016100 0.007300 0.004400 0.010200 0.007300
BlueSheep 0.001400 0.023300 0.007200 0.035500 0.005800 0.000000 0.004300 0.001400 0.007200 0.004300 0.000000 0.005800 0.005800 0.005800 0.007200 0.001400 0.008700 0.010200 0.001400 0.005800 0.004300 0.000000 0.005800 0.005700 0.000000 0.002900 0.005800 0.005800 0.008700 0.005800 0.004300 0.004300 0.007300 0.004300 0.001400 0.007300 0.000000 0.005800 0.005800 0.004300 0.004300 0.004300 0.004300 0.005800 0.004400 0.008700 0.001400 0.011600 0.002900 0.005800 0.008700 0.008700
BohorReedb 0.007300 0.023300 0.010200 0.038600 0.002900 0.005800 0.007200 0.004300 0.010200 0.007200 0.005800 0.008800 0.011700 0.008700 0.010200 0.004300 0.011700 0.013200 0.004300 0.008700 0.007200 0.005800 0.008700 0.008600 0.005800 0.005800 0.011600 0.008700 0.008700 0.008700 0.007200 0.007200 0.010200 0.010200 0.007200 0.007300 0.005800 0.000000 0.005800 0.007200 0.007200 0.007200 0.007200 0.008700 0.007300 0.011600 0.004300 0.011600 0.005800 0.008800 0.011600 0.011700
KirksDik 0.007200 0.026100 0.010200 0.035400 0.005800 0.005800 0.007200 0.004300 0.010200 0.007200 0.005800 0.008700 0.011600 0.008600 0.010100 0.004300 0.011600 0.013100 0.007200 0.008700 0.007200 0.005800 0.008600 0.008600 0.005800 0.005800 0.011600 0.008700 0.008700 0.008700 0.007200 0.007200 0.010200 0.010100 0.007200 0.010200 0.005800 0.005800 0.000000 0.007200 0.007200 0.007200 0.007200 0.008700 0.007300 0.011600 0.004300 0.011500 0.005700 0.008800 0.011600 0.011600
RoeDeer 0.005800 0.021600 0.008700 0.036800 0.007200 0.004300 0.005800 0.002900 0.008700 0.000000 0.004300 0.007200 0.010100 0.007200 0.008700 0.002900 0.007200 0.008700 0.005800 0.007200 0.005800 0.004300 0.001400 0.004300 0.004300 0.004300 0.010100 0.007200 0.010100 0.007200 0.002900 0.005800 0.008700 0.008700 0.005700 0.008700 0.004300 0.007200 0.007200 0.000000 0.000000 0.005800 0.000000 0.001400 0.005800 0.010100 0.002900 0.013000 0.004300 0.004300 0.010100 0.010100
WhiteLippe 0.005800 0.021600 0.008700 0.037000 0.007200 0.004300 0.005800 0.002900 0.008700 0.000000 0.004300 0.007200 0.010200 0.007200 0.008700 0.002900 0.007300 0.008700 0.005800 0.007200 0.005800 0.004300 0.001400 0.004300 0.004300 0.004300 0.010200 0.007200 0.010200 0.007200 0.002900 0.005800 0.008700 0.008700 0.005800 0.008700 0.004300 0.007200 0.007200 0.000000 0.000000 0.005800 0.000000 0.001400 0.005800 0.010100 0.002900 0.013000 0.004300 0.004300 0.010100 0.010100
ThomsonGaz 0.005800 0.024700 0.008700 0.037000 0.007200 0.004300 0.005800 0.002900 0.008700 0.005800 0.004300 0.007300 0.008700 0.007200 0.008700 0.002900 0.010200 0.011700 0.005800 0.007200 0.005800 0.004300 0.007200 0.007200 0.004300 0.004300 0.010200 0.007200 0.010200 0.007200 0.005800 0.005800 0.008700 0.008700 0.005800 0.008700 0.004300 0.007200 0.007200 0.005800 0.005800 0.000000 0.005700 0.007200 0.005800 0.010200 0.002900 0.013000 0.004300 0.007300 0.007200 0.010100
MuntiacusC 0.005800 0.021500 0.008600 0.036800 0.007200 0.004300 0.005700 0.002900 0.008600 0.000000 0.004300 0.007200 0.010100 0.007200 0.008600 0.002900 0.007200 0.008600 0.005800 0.007200 0.005700 0.004300 0.001400 0.004300 0.004300 0.004300 0.010100 0.007200 0.010100 0.007200 0.002900 0.005700 0.008700 0.008600 0.005700 0.008700 0.004300 0.007200 0.007200 0.000000 0.000000 0.005700 0.000000 0.001400 0.005800 0.010100 0.002900 0.012900 0.004300 0.004300 0.010100 0.010100
WhiteTaile 0.007200 0.023100 0.010100 0.038800 0.008700 0.005800 0.007200 0.004300 0.010100 0.001400 0.005800 0.005800 0.011600 0.008700 0.007200 0.004300 0.008700 0.010100 0.007200 0.008700 0.007200 0.005800 0.000100 0.002900 0.005800 0.005800 0.011600 0.008700 0.008700 0.008700 0.004300 0.007200 0.010300 0.010100 0.007200 0.010200 0.005800 0.008700 0.008700 0.001400 0.001400 0.007200 0.001400 0.000000 0.007300 0.011600 0.004400 0.014500 0.005800 0.005800 0.011600 0.008700
Cattle 0.002900 0.024800 0.005800 0.037100 0.007300 0.004400 0.005800 0.002900 0.005800 0.005800 0.004400 0.004400 0.010200 0.007300 0.008700 0.002900 0.007300 0.008800 0.005800 0.004400 0.002900 0.004400 0.007200 0.007200 0.004400 0.004400 0.010200 0.004400 0.010200 0.004300 0.005800 0.005800 0.008800 0.008700 0.005800 0.002900 0.004400 0.007300 0.007300 0.005800 0.005800 0.005800 0.005800 0.007300 0.000000 0.010200 0.002900 0.013100 0.004300 0.004400 0.007300 0.007300
RoyalAntel 0.010200 0.029200 0.013100 0.041600 0.011600 0.008700 0.010100 0.007200 0.013100 0.010100 0.008700 0.011600 0.013100 0.011600 0.013100 0.007200 0.014600 0.016100 0.010200 0.011600 0.010200 0.008700 0.011600 0.011500 0.008700 0.008700 0.013100 0.011600 0.014600 0.011600 0.010100 0.010200 0.013200 0.011600 0.010100 0.013200 0.008700 0.011600 0.011600 0.010100 0.010100 0.010200 0.010100 0.011600 0.010200 0.000000 0.007300 0.016000 0.008700 0.011700 0.014500 0.014500
Steenbok 0.002900 0.021800 0.005800 0.034000 0.004300 0.001400 0.002900 0.000100 0.005800 0.002900 0.001400 0.004400 0.007300 0.004300 0.005900 0.000100 0.007300 0.008800 0.002900 0.004300 0.002900 0.001400 0.004400 0.004400 0.001400 0.001400 0.007300 0.004300 0.007500 0.004300 0.002900 0.002900 0.005800 0.005800 0.002900 0.005800 0.001400 0.004300 0.004300 0.002900 0.002900 0.002900 0.002900 0.004400 0.002900 0.007300 0.000000 0.010100 0.001400 0.004400 0.007200 0.007400
Impala 0.013000 0.032000 0.016000 0.043000 0.011600 0.011600 0.013000 0.010100 0.016000 0.013000 0.011600 0.014600 0.017500 0.014500 0.016000 0.010100 0.017500 0.019000 0.013000 0.014500 0.013000 0.011600 0.014400 0.014400 0.011600 0.011600 0.017400 0.014500 0.014500 0.014500 0.013000 0.013000 0.014600 0.016000 0.013000 0.016100 0.011600 0.011600 0.011500 0.013000 0.013000 0.013000 0.012900 0.014500 0.013100 0.016000 0.010100 0.000000 0.011500 0.014600 0.017500 0.017500
Klipspring 0.004300 0.023100 0.007200 0.035400 0.005800 0.002900 0.004300 0.001400 0.007200 0.004300 0.002900 0.005800 0.008700 0.005800 0.007200 0.001400 0.008700 0.010200 0.004300 0.005800 0.004300 0.002900 0.005700 0.005700 0.002900 0.002900 0.008700 0.005800 0.008700 0.005800 0.004300 0.004300 0.007300 0.007200 0.004300 0.007300 0.002900 0.005800 0.005700 0.004300 0.004300 0.004300 0.004300 0.005800 0.004300 0.008700 0.001400 0.011500 0.000000 0.005800 0.008600 0.008600
ForestMusk 0.004400 0.020200 0.007300 0.035600 0.008800 0.005800 0.007300 0.004400 0.007300 0.004300 0.005800 0.005800 0.011800 0.008800 0.007300 0.004400 0.002900 0.004300 0.007300 0.005800 0.004400 0.005800 0.005800 0.008700 0.005800 0.005800 0.011700 0.005800 0.011700 0.005800 0.007300 0.007300 0.007300 0.010300 0.007300 0.004400 0.005800 0.008800 0.008800 0.004300 0.004300 0.007300 0.004300 0.005800 0.004400 0.011700 0.004400 0.014600 0.005800 0.000000 0.008700 0.005800
Bushbuck 0.007200 0.029100 0.004300 0.041500 0.011600 0.008700 0.010100 0.007200 0.004300 0.010100 0.008700 0.008700 0.014600 0.011600 0.013000 0.007200 0.011600 0.013100 0.010100 0.002900 0.007200 0.008700 0.011600 0.011500 0.008700 0.008700 0.014500 0.002900 0.014600 0.002900 0.010100 0.010100 0.013100 0.013100 0.010100 0.010200 0.008700 0.011600 0.011600 0.010100 0.010100 0.007200 0.010100 0.011600 0.007300 0.014500 0.007200 0.017500 0.008600 0.008700 0.000000 0.005800
GreaterKud 0.007200 0.026100 0.004300 0.038700 0.011600 0.008700 0.010100 0.007200 0.004300 0.010100 0.008700 0.005800 0.014600 0.011600 0.007200 0.007200 0.008700 0.010200 0.010100 0.002900 0.007200 0.008700 0.008600 0.008600 0.008700 0.008700 0.014500 0.002900 0.011700 0.002900 0.010100 0.010100 0.010300 0.013100 0.010100 0.007300 0.008700 0.011700 0.011600 0.010100 0.010100 0.010100 0.010100 0.008700 0.007300 0.014500 0.007400 0.017500 0.008600 0.005800 0.005800 0.000000
