1
52 1
Argali 0.000000 0.344300 0.072000 0.350000 0.019800 0.000000 0.040000 0.050800 0.072100 0.050200 0.000000 0.040100 0.009900 0.019500 0.040600 0.050800 0.030000 0.050800 0.019800 0.061200 0.060900 0.000000 0.029900 0.050300 0.000000 0.061500 0.000000 0.061200 0.061400 0.061200 0.050200 0.009600 0.061700 0.009800 0.010000 0.040200 0.009900 0.009800 0.071900 0.039900 0.029900 0.061500 0.050200 0.039800 0.050700 0.030300 0.030000 0.060400 0.030100 0.061100 0.071600 0.061200
LesserMous 0.344300 0.000000 0.355000 0.603900 0.315800 0.344300 0.342400 0.362800 0.342700 0.326600 0.344300 0.340800 0.359200 0.345000 0.347400 0.360400 0.329600 0.358600 0.344500 0.340800 0.374100 0.344300 0.300200 0.324900 0.344300 0.375700 0.344300 0.340800 0.375500 0.340800 0.326600 0.330400 0.345600 0.345900 0.362600 0.340200 0.358500 0.330400 0.359900 0.311400 0.300200 0.375600 0.326600 0.310900 0.354500 0.357700 0.330900 0.330300 0.374000 0.369700 0.327100 0.340800
LesserKudu 0.072000 0.355000 0.000000 0.350900 0.050800 0.072000 0.050800 0.094500 0.020000 0.081500 0.072500 0.050500 0.083100 0.050800 0.095000 0.083700 0.061500 0.083500 0.093500 0.009700 0.094100 0.072000 0.060800 0.060700 0.072000 0.094800 0.072000 0.009700 0.095000 0.009700 0.081500 0.061200 0.083100 0.072400 0.084100 0.050600 0.061600 0.061200 0.128300 0.070900 0.060800 0.073000 0.081500 0.070800 0.061300 0.083800 0.083100 0.115000 0.105500 0.071500 0.019400 0.009800
KillerWhal 0.350000 0.603900 0.350900 0.000000 0.334700 0.350000 0.334500 0.371600 0.351200 0.357000 0.350000 0.317900 0.335700 0.350600 0.325100 0.339300 0.321600 0.354600 0.349900 0.334400 0.323100 0.350000 0.329200 0.301600 0.350000 0.355900 0.350000 0.334400 0.325700 0.334400 0.357000 0.334000 0.350100 0.334800 0.353900 0.289700 0.337000 0.334000 0.309800 0.314100 0.329200 0.356200 0.357000 0.313600 0.277200 0.324900 0.337500 0.407900 0.322000 0.347300 0.347500 0.334400
DefassaWat 0.019800 0.315800 0.050800 0.334700 0.000000 0.019800 0.019800 0.050900 0.050900 0.050200 0.019300 0.040200 0.030000 0.019600 0.040600 0.050800 0.009900 0.030100 0.040000 0.040300 0.061000 0.019400 0.030000 0.050300 0.019500 0.061500 0.019800 0.038500 0.061500 0.040300 0.050200 0.009700 0.061700 0.019900 0.030300 0.040300 0.030000 0.009800 0.071900 0.039900 0.030000 0.061500 0.050200 0.039900 0.050700 0.030200 0.029300 0.060400 0.050700 0.061100 0.050500 0.040300
Sheep 0.000000 0.344300 0.072000 0.350000 0.019800 0.000000 0.040000 0.050800 0.072100 0.050200 0.000000 0.039900 0.009700 0.019800 0.040600 0.050800 0.028900 0.050800 0.019400 0.061200 0.060900 0.000000 0.029900 0.050300 0.000000 0.061500 0.000000 0.061200 0.061400 0.061200 0.050200 0.009800 0.061700 0.009900 0.010000 0.040200 0.009900 0.009800 0.071900 0.039900 0.029900 0.061500 0.050200 0.039800 0.050700 0.030300 0.029200 0.060400 0.030100 0.061100 0.071600 0.061200
MaxwellsDu 0.040000 0.342400 0.050800 0.334500 0.019800 0.040000 0.000000 0.071900 0.050900 0.070800 0.040000 0.040200 0.050500 0.040000 0.061300 0.050700 0.029900 0.050700 0.060600 0.040300 0.060800 0.040000 0.050300 0.050100 0.040000 0.082600 0.040000 0.040300 0.061300 0.040300 0.070800 0.029800 0.083000 0.040200 0.050900 0.040100 0.030000 0.029800 0.093200 0.060300 0.050300 0.061300 0.070800 0.060200 0.050600 0.050700 0.050500 0.081100 0.071500 0.082100 0.050500 0.040300
GazellaPrz 0.050800 0.362800 0.094500 0.371600 0.050900 0.050800 0.071900 0.000000 0.094700 0.082400 0.050800 0.051000 0.061500 0.040100 0.073000 0.020100 0.061500 0.083500 0.071900 0.083300 0.050700 0.050800 0.061400 0.082700 0.050800 0.020100 0.050800 0.083300 0.030400 0.083300 0.082400 0.040400 0.095300 0.061800 0.062300 0.072400 0.061200 0.040400 0.060700 0.071700 0.061400 0.020100 0.082400 0.071600 0.083500 0.083800 0.019600 0.093100 0.083300 0.083000 0.093900 0.083300
MountainNy 0.072100 0.342700 0.020000 0.351200 0.050900 0.072100 0.050900 0.094700 0.000000 0.081700 0.072100 0.050600 0.083200 0.050900 0.095200 0.083800 0.061600 0.083600 0.093700 0.009900 0.094300 0.072100 0.060900 0.060800 0.072100 0.094900 0.072100 0.009800 0.095100 0.009800 0.081700 0.061300 0.083300 0.072500 0.084300 0.050700 0.061700 0.061300 0.128500 0.071100 0.060900 0.073100 0.081700 0.070900 0.061400 0.083900 0.083200 0.104200 0.105700 0.071600 0.019400 0.009800
MuntiacusM 0.050200 0.326600 0.081500 0.357000 0.050200 0.050200 0.070800 0.082400 0.081700 0.000000 0.050200 0.049800 0.060700 0.050200 0.071800 0.082100 0.060700 0.082300 0.071000 0.070800 0.092400 0.050200 0.019500 0.039300 0.050200 0.093100 0.050200 0.070800 0.093100 0.070800 0.000000 0.039900 0.071100 0.060900 0.061300 0.049700 0.060700 0.039900 0.103700 0.029200 0.019500 0.093200 0.000000 0.029200 0.060100 0.082300 0.060700 0.091700 0.082000 0.070400 0.081100 0.070800
goat 0.000000 0.344300 0.072500 0.350000 0.019300 0.000000 0.040000 0.050800 0.072100 0.050200 0.000000 0.040100 0.009700 0.019800 0.040600 0.050800 0.029300 0.050800 0.019500 0.061200 0.060900 0.000000 0.029900 0.050300 0.000000 0.061500 0.000000 0.061200 0.061400 0.061200 0.050200 0.009600 0.061700 0.009700 0.010000 0.040200 0.009700 0.009700 0.071900 0.039900 0.029900 0.061500 0.050200 0.039800 0.050700 0.030300 0.030000 0.060400 0.030100 0.061100 0.071600 0.061200
AfricanBuf 0.040100 0.340800 0.050500 0.317900 0.040200 0.039900 0.040200 0.051000 0.050600 0.049800 0.040100 0.000000 0.050600 0.040200 0.061800 0.030300 0.050600 0.072100 0.060800 0.040100 0.061200 0.040100 0.029700 0.029600 0.040100 0.061700 0.040100 0.040100 0.040800 0.040100 0.049800 0.029900 0.061300 0.050800 0.051200 0.019800 0.030100 0.029900 0.072200 0.039600 0.029700 0.040800 0.049800 0.039500 0.029900 0.072300 0.030100 0.081700 0.071900 0.060500 0.050200 0.040100
Topi 0.009900 0.359200 0.083100 0.335700 0.030000 0.009700 0.050500 0.061500 0.083200 0.060700 0.009700 0.050600 0.000000 0.030000 0.051100 0.061500 0.040300 0.061500 0.030000 0.071900 0.071700 0.009900 0.040200 0.060800 0.009700 0.072300 0.009700 0.072100 0.072300 0.072100 0.060700 0.019400 0.072600 0.020000 0.020200 0.050700 0.019400 0.019200 0.061400 0.050300 0.040200 0.072300 0.060700 0.050200 0.061400 0.040700 0.040300 0.071000 0.020000 0.071900 0.082600 0.072100
CommonDuik 0.019500 0.345000 0.050800 0.350600 0.019600 0.019800 0.040000 0.040100 0.050900 0.050200 0.019800 0.040200 0.030000 0.000000 0.040600 0.050800 0.030000 0.050800 0.040000 0.040300 0.061000 0.019400 0.030000 0.050300 0.019800 0.040500 0.019800 0.038500 0.061500 0.040300 0.050200 0.009700 0.061700 0.030100 0.030300 0.040300 0.030000 0.009600 0.071800 0.039900 0.030000 0.040500 0.050200 0.039900 0.050700 0.051000 0.030000 0.060400 0.050700 0.040200 0.050500 0.040300
Suni 0.040600 0.347400 0.095000 0.325100 0.040600 0.040600 0.061300 0.073000 0.095200 0.071800 0.040600 0.061800 0.051100 0.040600 0.000000 0.072800 0.030400 0.051500 0.040600 0.083700 0.061800 0.040600 0.050900 0.050900 0.040600 0.062300 0.040600 0.083700 0.083900 0.083700 0.071800 0.030200 0.084300 0.051400 0.051600 0.040800 0.051200 0.030200 0.094700 0.040400 0.050900 0.083900 0.071800 0.040300 0.030500 0.051500 0.051300 0.061000 0.051200 0.061700 0.094300 0.083700
Springbuck 0.050800 0.360400 0.083700 0.339300 0.050800 0.050800 0.050700 0.020100 0.083800 0.082100 0.050800 0.030300 0.061500 0.050800 0.072800 0.000000 0.061500 0.083500 0.071800 0.072600 0.030000 0.050800 0.061200 0.061200 0.050800 0.030200 0.050800 0.072600 0.009800 0.072600 0.082100 0.040300 0.094900 0.061700 0.062100 0.051000 0.040600 0.040300 0.061900 0.071500 0.061200 0.010000 0.082100 0.071300 0.061800 0.083500 0.020100 0.092800 0.082900 0.093700 0.083100 0.072600
Okapi 0.030000 0.329600 0.061500 0.321600 0.009900 0.028900 0.029900 0.061500 0.061600 0.060700 0.029300 0.050600 0.040300 0.030000 0.030400 0.061500 0.000000 0.020000 0.030000 0.050800 0.050700 0.029700 0.040200 0.040200 0.030000 0.051200 0.030000 0.050800 0.072400 0.050800 0.060700 0.019700 0.072700 0.028900 0.040800 0.050700 0.040300 0.019300 0.083000 0.029900 0.040200 0.072400 0.060700 0.029800 0.040500 0.040600 0.040300 0.071100 0.040500 0.050800 0.061100 0.050800
Giraffe 0.050800 0.358600 0.083500 0.354600 0.030100 0.050800 0.050700 0.083500 0.083600 0.082300 0.050800 0.072100 0.061500 0.050800 0.051500 0.083500 0.020000 0.000000 0.050700 0.072400 0.072300 0.050800 0.061300 0.061300 0.050800 0.072900 0.050800 0.072400 0.094800 0.072400 0.082300 0.040300 0.095100 0.051000 0.062200 0.072300 0.061400 0.040300 0.105600 0.050600 0.061300 0.094700 0.082300 0.050500 0.061900 0.062000 0.061500 0.071200 0.061800 0.072300 0.082900 0.072400
TibetanAnt 0.019800 0.344500 0.093500 0.349900 0.040000 0.019400 0.060600 0.071900 0.093700 0.071000 0.019500 0.060800 0.030000 0.040000 0.040600 0.071800 0.030000 0.050700 0.000000 0.082500 0.060900 0.019200 0.050400 0.050300 0.019300 0.061400 0.019300 0.082300 0.082800 0.082500 0.071000 0.029100 0.083100 0.030100 0.030300 0.061000 0.029800 0.028700 0.071900 0.039900 0.050400 0.082800 0.071000 0.039800 0.050700 0.051000 0.050400 0.081300 0.030100 0.061100 0.071600 0.082500
Sitatunga 0.061200 0.340800 0.009700 0.334400 0.040300 0.061200 0.040300 0.083300 0.009900 0.070800 0.061200 0.040100 0.071900 0.040300 0.083700 0.072600 0.050800 0.072400 0.082500 0.000000 0.082900 0.061200 0.050200 0.050200 0.061200 0.083500 0.061200 0.000000 0.083700 0.000000 0.070800 0.050600 0.072100 0.061600 0.073000 0.040200 0.050900 0.050600 0.116500 0.060300 0.050200 0.062000 0.070800 0.060200 0.050600 0.072700 0.072000 0.103700 0.094100 0.060800 0.009700 0.000000
Oribi 0.060900 0.374100 0.094100 0.323100 0.061000 0.060900 0.060800 0.050700 0.094300 0.092400 0.060900 0.061200 0.071700 0.061000 0.061800 0.030000 0.050700 0.072300 0.060900 0.082900 0.000000 0.060900 0.071400 0.050400 0.060900 0.040300 0.060900 0.082900 0.040400 0.082900 0.092400 0.050400 0.105500 0.072000 0.072400 0.061200 0.050700 0.050400 0.093900 0.060600 0.071400 0.040300 0.092400 0.060500 0.051000 0.093800 0.050800 0.103200 0.071800 0.082400 0.093400 0.082900
BarbaryShe 0.000000 0.344300 0.072000 0.350000 0.019400 0.000000 0.040000 0.050800 0.072100 0.050200 0.000000 0.040100 0.009900 0.019400 0.040600 0.050800 0.029700 0.050800 0.019200 0.061200 0.060900 0.000000 0.029900 0.050300 0.000000 0.061500 0.000000 0.061200 0.061400 0.061200 0.050200 0.009600 0.061700 0.009800 0.010000 0.040200 0.009700 0.009800 0.071900 0.039900 0.029900 0.061500 0.050200 0.039800 0.050700 0.030300 0.029300 0.060400 0.030100 0.061100 0.071600 0.061200
Daviddeer 0.029900 0.300200 0.060800 0.329200 0.030000 0.029900 0.050300 0.061400 0.060900 0.019500 0.029900 0.029700 0.040200 0.030000 0.050900 0.061200 0.040200 0.061300 0.050400 0.050200 0.071400 0.029900 0.000000 0.019500 0.029900 0.072000 0.029900 0.050200 0.072000 0.050200 0.019500 0.019800 0.050500 0.040400 0.040600 0.029700 0.040200 0.019800 0.082500 0.009700 0.000000 0.072000 0.019500 0.009700 0.039800 0.061400 0.040200 0.070900 0.061100 0.050000 0.060500 0.050200
Reindeer 0.050300 0.324900 0.060700 0.301600 0.050300 0.050300 0.050100 0.082700 0.060800 0.039300 0.050300 0.029600 0.060800 0.050300 0.050900 0.061200 0.040200 0.061300 0.050300 0.050200 0.050400 0.050300 0.019500 0.000000 0.050300 0.071900 0.050300 0.050200 0.072000 0.050200 0.039300 0.039900 0.071400 0.061100 0.061400 0.029600 0.040100 0.039900 0.104100 0.009500 0.019500 0.071900 0.039300 0.009600 0.019700 0.082600 0.060900 0.091900 0.061000 0.049900 0.060300 0.050200
Ibex 0.000000 0.344300 0.072000 0.350000 0.019500 0.000000 0.040000 0.050800 0.072100 0.050200 0.000000 0.040100 0.009700 0.019800 0.040600 0.050800 0.030000 0.050800 0.019300 0.061200 0.060900 0.000000 0.029900 0.050300 0.000000 0.061500 0.000000 0.061200 0.061400 0.061200 0.050200 0.009800 0.061700 0.009700 0.010000 0.040200 0.009700 0.009800 0.071900 0.039900 0.029900 0.061500 0.050200 0.039800 0.050700 0.030300 0.030000 0.060400 0.030100 0.061100 0.071600 0.061200
GyrantGaze 0.061500 0.375700 0.094800 0.355900 0.061500 0.061500 0.082600 0.020100 0.094900 0.093100 0.061500 0.061700 0.072300 0.040500 0.062300 0.030200 0.051200 0.072900 0.061400 0.083500 0.040300 0.061500 0.072000 0.071900 0.061500 0.000000 0.061500 0.083500 0.040600 0.083500 0.093100 0.050800 0.106400 0.072600 0.073000 0.083100 0.072300 0.050800 0.072800 0.061100 0.072000 0.020000 0.093100 0.061000 0.072700 0.094700 0.030400 0.103900 0.072500 0.061600 0.094100 0.083500
Hartebeest 0.000000 0.344300 0.072000 0.350000 0.019800 0.000000 0.040000 0.050800 0.072100 0.050200 0.000000 0.040100 0.009700 0.019800 0.040600 0.050800 0.030000 0.050800 0.019300 0.061200 0.060900 0.000000 0.029900 0.050300 0.000000 0.061500 0.000000 0.061200 0.061400 0.061200 0.050200 0.009600 0.061700 0.009700 0.010000 0.040200 0.009900 0.009600 0.071900 0.039900 0.029900 0.061500 0.050200 0.039800 0.050700 0.030300 0.030000 0.060400 0.030100 0.061100 0.071600 0.061200
Bongo 0.061200 0.340800 0.009700 0.334400 0.038500 0.061200 0.040300 0.083300 0.009800 0.070800 0.061200 0.040100 0.072100 0.038500 0.083700 0.072600 0.050800 0.072400 0.082300 0.000000 0.082900 0.061200 0.050200 0.050200 0.061200 0.083500 0.061200 0.000000 0.083700 0.000000 0.070800 0.050600 0.072100 0.061600 0.073000 0.040200 0.050900 0.050600 0.116500 0.060300 0.050200 0.062000 0.070800 0.060200 0.050600 0.072700 0.072000 0.103700 0.094100 0.060800 0.009700 0.000000
Gerenuk 0.061400 0.375500 0.095000 0.325700 0.061500 0.061400 0.061300 0.030400 0.095100 0.093100 0.061400 0.040800 0.072300 0.061500 0.083900 0.009800 0.072400 0.094800 0.082800 0.083700 0.040400 0.061400 0.072000 0.072000 0.061400 0.040600 0.061400 0.083700 0.000000 0.083700 0.093100 0.050800 0.106500 0.072600 0.073000 0.061700 0.051200 0.050800 0.051500 0.082300 0.072000 0.019800 0.093100 0.082200 0.072700 0.094700 0.030400 0.104000 0.094100 0.105000 0.094300 0.083700
CommonElan 0.061200 0.340800 0.009700 0.334400 0.040300 0.061200 0.040300 0.083300 0.009800 0.070800 0.061200 0.040100 0.072100 0.040300 0.083700 0.072600 0.050800 0.072400 0.082500 0.000000 0.082900 0.061200 0.050200 0.050200 0.061200 0.083500 0.061200 0.000000 0.083700 0.000000 0.070800 0.050600 0.072100 0.061600 0.073000 0.040200 0.048200 0.050600 0.116500 0.060300 0.050200 0.062000 0.070800 0.060200 0.050600 0.072700 0.071600 0.103700 0.094100 0.060800 0.009900 0.000000
MuntiacusR 0.050200 0.326600 0.081500 0.357000 0.050200 0.050200 0.070800 0.082400 0.081700 0.000000 0.050200 0.049800 0.060700 0.050200 0.071800 0.082100 0.060700 0.082300 0.071000 0.070800 0.092400 0.050200 0.019500 0.039300 0.050200 0.093100 0.050200 0.070800 0.093100 0.070800 0.000000 0.039900 0.071100 0.060900 0.061300 0.049700 0.060700 0.039900 0.103700 0.029200 0.019500 0.093200 0.000000 0.029200 0.060100 0.082300 0.060700 0.091700 0.082000 0.070400 0.081100 0.070800
HarveysDui 0.009600 0.330400 0.061200 0.334000 0.009700 0.009800 0.029800 0.040400 0.061300 0.039900 0.009600 0.029900 0.019400 0.009700 0.030200 0.040300 0.019700 0.040300 0.029100 0.050600 0.050400 0.009600 0.019800 0.039900 0.009800 0.050800 0.009600 0.050600 0.050800 0.050600 0.039900 0.000000 0.051000 0.019900 0.020100 0.030000 0.019200 0.000000 0.061100 0.029700 0.019800 0.050800 0.039900 0.029700 0.040300 0.040400 0.019800 0.050000 0.040200 0.050500 0.060900 0.049900
Pronghorn 0.061700 0.345600 0.083100 0.350100 0.061700 0.061700 0.083000 0.095300 0.083300 0.071100 0.061700 0.061300 0.072600 0.061700 0.084300 0.094900 0.072700 0.095100 0.083100 0.072100 0.105500 0.061700 0.050500 0.071400 0.061700 0.106400 0.061700 0.072100 0.106500 0.072100 0.071100 0.051000 0.000000 0.072900 0.073300 0.061200 0.072600 0.051000 0.117400 0.060700 0.050500 0.106400 0.071100 0.060500 0.072100 0.095100 0.072700 0.104600 0.094500 0.082500 0.082500 0.072100
BlueWildeb 0.009800 0.345900 0.072400 0.334800 0.019900 0.009900 0.040200 0.061800 0.072500 0.060900 0.009700 0.050800 0.020000 0.030100 0.051400 0.061700 0.028900 0.051000 0.030100 0.061600 0.072000 0.009800 0.040400 0.061100 0.009700 0.072600 0.009700 0.061600 0.072600 0.061600 0.060900 0.019900 0.072900 0.000000 0.020300 0.050900 0.020000 0.019900 0.083200 0.050500 0.040400 0.072600 0.060900 0.050400 0.061600 0.030400 0.040400 0.071300 0.040600 0.072100 0.072000 0.061600
Gemsbok 0.010000 0.362600 0.084100 0.353900 0.030300 0.010000 0.050900 0.062300 0.084300 0.061300 0.010000 0.051200 0.020200 0.030300 0.051600 0.062100 0.040800 0.062200 0.030300 0.073000 0.072400 0.010000 0.040600 0.061400 0.010000 0.073000 0.010000 0.073000 0.073000 0.073000 0.061300 0.020100 0.073300 0.020300 0.000000 0.051200 0.020200 0.020100 0.083700 0.050800 0.040600 0.073000 0.061300 0.050700 0.062000 0.041100 0.040800 0.071700 0.040900 0.072600 0.083600 0.073000
Yak 0.040200 0.340200 0.050600 0.289700 0.040300 0.040200 0.040100 0.072400 0.050700 0.049700 0.040200 0.019800 0.050700 0.040300 0.040800 0.051000 0.050700 0.072300 0.061000 0.040200 0.061200 0.040200 0.029700 0.029600 0.040200 0.083100 0.040200 0.040200 0.061700 0.040200 0.049700 0.030000 0.061200 0.050900 0.051200 0.000000 0.030100 0.030000 0.093800 0.039600 0.029700 0.061700 0.049700 0.039500 0.009700 0.051100 0.050800 0.081700 0.071900 0.060300 0.050300 0.040200
BlueSheep 0.009900 0.358500 0.061600 0.337000 0.030000 0.009900 0.030000 0.061200 0.061700 0.060700 0.009700 0.030100 0.019400 0.030000 0.051200 0.040600 0.040300 0.061400 0.029800 0.050900 0.050700 0.009700 0.040200 0.040100 0.009700 0.072300 0.009900 0.050900 0.051200 0.048200 0.060700 0.019200 0.072600 0.020000 0.020200 0.030100 0.000000 0.019800 0.082900 0.050300 0.040200 0.051100 0.060700 0.050200 0.040500 0.040700 0.040300 0.071000 0.040500 0.071800 0.061200 0.050900
BohorReedb 0.009800 0.330400 0.061200 0.334000 0.009800 0.009800 0.029800 0.040400 0.061300 0.039900 0.009700 0.029900 0.019200 0.009600 0.030200 0.040300 0.019300 0.040300 0.028700 0.050600 0.050400 0.009800 0.019800 0.039900 0.009800 0.050800 0.009600 0.050600 0.050800 0.050600 0.039900 0.000000 0.051000 0.019900 0.020100 0.030000 0.019800 0.000000 0.061100 0.029700 0.019800 0.050800 0.039900 0.029700 0.040300 0.040400 0.019700 0.050000 0.040200 0.050500 0.060900 0.050600
KirksDik 0.071900 0.359900 0.128300 0.309800 0.071900 0.071900 0.093200 0.060700 0.128500 0.103700 0.071900 0.072200 0.061400 0.071800 0.094700 0.061900 0.083000 0.105600 0.071900 0.116500 0.093900 0.071900 0.082500 0.104100 0.071900 0.072800 0.071900 0.116500 0.051500 0.116500 0.103700 0.061100 0.117400 0.083200 0.083700 0.093800 0.082900 0.061100 0.000000 0.092900 0.082500 0.072800 0.103700 0.092700 0.105200 0.105600 0.040700 0.114600 0.082900 0.115700 0.105000 0.116500
RoeDeer 0.039900 0.311400 0.070900 0.314100 0.039900 0.039900 0.060300 0.071700 0.071100 0.029200 0.039900 0.039600 0.050300 0.039900 0.040400 0.071500 0.029900 0.050600 0.039900 0.060300 0.060600 0.039900 0.009700 0.009500 0.039900 0.061100 0.039900 0.060300 0.082300 0.060300 0.029200 0.029700 0.060700 0.050500 0.050800 0.039600 0.050300 0.029700 0.092900 0.000000 0.009700 0.082300 0.029200 0.000000 0.029600 0.071600 0.050300 0.081000 0.050400 0.039600 0.070500 0.060300
WhiteLippe 0.029900 0.300200 0.060800 0.329200 0.030000 0.029900 0.050300 0.061400 0.060900 0.019500 0.029900 0.029700 0.040200 0.030000 0.050900 0.061200 0.040200 0.061300 0.050400 0.050200 0.071400 0.029900 0.000000 0.019500 0.029900 0.072000 0.029900 0.050200 0.072000 0.050200 0.019500 0.019800 0.050500 0.040400 0.040600 0.029700 0.040200 0.019800 0.082500 0.009700 0.000000 0.072000 0.019500 0.009700 0.039800 0.061400 0.040200 0.070900 0.061100 0.050000 0.060500 0.050200
ThomsonGaz 0.061500 0.375600 0.073000 0.356200 0.061500 0.061500 0.061300 0.020100 0.073100 0.093200 0.061500 0.040800 0.072300 0.040500 0.083900 0.010000 0.072400 0.094700 0.082800 0.062000 0.040300 0.061500 0.072000 0.071900 0.061500 0.020000 0.061500 0.062000 0.019800 0.062000 0.093200 0.050800 0.106400 0.072600 0.073000 0.061700 0.051100 0.050800 0.072800 0.082300 0.072000 0.000000 0.093200 0.082200 0.072700 0.094700 0.030400 0.103900 0.094100 0.083000 0.072400 0.062000
MuntiacusC 0.050200 0.326600 0.081500 0.357000 0.050200 0.050200 0.070800 0.082400 0.081700 0.000000 0.050200 0.049800 0.060700 0.050200 0.071800 0.082100 0.060700 0.082300 0.071000 0.070800 0.092400 0.050200 0.019500 0.039300 0.050200 0.093100 0.050200 0.070800 0.093100 0.070800 0.000000 0.039900 0.071100 0.060900 0.061300 0.049700 0.060700 0.039900 0.103700 0.029200 0.019500 0.093200 0.000000 0.029200 0.060100 0.082300 0.060700 0.091700 0.082000 0.070400 0.081100 0.070800
WhiteTaile 0.039800 0.310900 0.070800 0.313600 0.039900 0.039800 0.060200 0.071600 0.070900 0.029200 0.039800 0.039500 0.050200 0.039900 0.040300 0.071300 0.029800 0.050500 0.039800 0.060200 0.060500 0.039800 0.009700 0.009600 0.039800 0.061000 0.039800 0.060200 0.082200 0.060200 0.029200 0.029700 0.060500 0.050400 0.050700 0.039500 0.050200 0.029700 0.092700 0.000000 0.009700 0.082200 0.029200 0.000000 0.029600 0.071500 0.050200 0.080900 0.050300 0.039500 0.070400 0.060200
Cattle 0.050700 0.354500 0.061300 0.277200 0.050700 0.050700 0.050600 0.083500 0.061400 0.060100 0.050700 0.029900 0.061400 0.050700 0.030500 0.061800 0.040500 0.061900 0.050700 0.050600 0.051000 0.050700 0.039800 0.019700 0.050700 0.072700 0.050700 0.050600 0.072700 0.050600 0.060100 0.040300 0.072100 0.061600 0.062000 0.009700 0.040500 0.040300 0.105200 0.029600 0.039800 0.072700 0.060100 0.029600 0.000000 0.061900 0.061500 0.092700 0.061500 0.050200 0.060800 0.050600
RoyalAntel 0.030300 0.357700 0.083800 0.324900 0.030200 0.030300 0.050700 0.083800 0.083900 0.082300 0.030300 0.072300 0.040700 0.051000 0.051500 0.083500 0.040600 0.062000 0.051000 0.072700 0.093800 0.030300 0.061400 0.082600 0.030300 0.094700 0.030300 0.072700 0.094700 0.072700 0.082300 0.040400 0.095100 0.030400 0.041100 0.051100 0.040700 0.040400 0.105600 0.071600 0.061400 0.094700 0.082300 0.071500 0.061900 0.000000 0.061700 0.092800 0.061800 0.094100 0.083300 0.072700
Steenbok 0.030000 0.330900 0.083100 0.337500 0.029300 0.029200 0.050500 0.019600 0.083200 0.060700 0.030000 0.030100 0.040300 0.030000 0.051300 0.020100 0.040300 0.061500 0.050400 0.072000 0.050800 0.029300 0.040200 0.060900 0.030000 0.030400 0.030000 0.072000 0.030400 0.071600 0.060700 0.019800 0.072700 0.040400 0.040800 0.050800 0.040300 0.019700 0.040700 0.050300 0.040200 0.030400 0.060700 0.050200 0.061500 0.061700 0.000000 0.071100 0.061300 0.071800 0.082500 0.072000
Impala 0.060400 0.330300 0.115000 0.407900 0.060400 0.060400 0.081100 0.093100 0.104200 0.091700 0.060400 0.081700 0.071000 0.060400 0.061000 0.092800 0.071100 0.071200 0.081300 0.103700 0.103200 0.060400 0.070900 0.091900 0.060400 0.103900 0.060400 0.103700 0.104000 0.103700 0.091700 0.050000 0.104600 0.071300 0.071700 0.081700 0.071000 0.050000 0.114600 0.081000 0.070900 0.103900 0.091700 0.080900 0.092700 0.092800 0.071100 0.000000 0.092400 0.103100 0.114300 0.103700
Klipspring 0.030100 0.374000 0.105500 0.322000 0.050700 0.030100 0.071500 0.083300 0.105700 0.082000 0.030100 0.071900 0.020000 0.050700 0.051200 0.082900 0.040500 0.061800 0.030100 0.094100 0.071800 0.030100 0.061100 0.061000 0.030100 0.072500 0.030100 0.094100 0.094100 0.094100 0.082000 0.040200 0.094500 0.040600 0.040900 0.071900 0.040500 0.040200 0.082900 0.050400 0.061100 0.094100 0.082000 0.050300 0.061500 0.061800 0.061300 0.092400 0.000000 0.072000 0.104900 0.094100
ForestMusk 0.061100 0.369700 0.071500 0.347300 0.061100 0.061100 0.082100 0.083000 0.071600 0.070400 0.061100 0.060500 0.071900 0.040200 0.061700 0.093700 0.050800 0.072300 0.061100 0.060800 0.082400 0.061100 0.050000 0.049900 0.061100 0.061600 0.061100 0.060800 0.105000 0.060800 0.070400 0.050500 0.082500 0.072100 0.072600 0.060300 0.071800 0.050500 0.115700 0.039600 0.050000 0.083000 0.070400 0.039500 0.050200 0.094100 0.071800 0.103100 0.072000 0.000000 0.071100 0.060800
Bushbuck 0.071600 0.327100 0.019400 0.347500 0.050500 0.071600 0.050500 0.093900 0.019400 0.081100 0.071600 0.050200 0.082600 0.050500 0.094300 0.083100 0.061100 0.082900 0.071600 0.009700 0.093400 0.071600 0.060500 0.060300 0.071600 0.094100 0.071600 0.009700 0.094300 0.009900 0.081100 0.060900 0.082500 0.072000 0.083600 0.050300 0.061200 0.060900 0.105000 0.070500 0.060500 0.072400 0.081100 0.070400 0.060800 0.083300 0.082500 0.114300 0.104900 0.071100 0.000000 0.009900
GreaterKud 0.061200 0.340800 0.009800 0.334400 0.040300 0.061200 0.040300 0.083300 0.009800 0.070800 0.061200 0.040100 0.072100 0.040300 0.083700 0.072600 0.050800 0.072400 0.082500 0.000000 0.082900 0.061200 0.050200 0.050200 0.061200 0.083500 0.061200 0.000000 0.083700 0.000000 0.070800 0.049900 0.072100 0.061600 0.073000 0.040200 0.050900 0.050600 0.116500 0.060300 0.050200 0.062000 0.070800 0.060200 0.050600 0.072700 0.072000 0.103700 0.094100 0.060800 0.009900 0.000000
