1
52 1
Argali 0.000000 0.000400 0.000100 0.000500 0.000100 0.000000 0.000100 0.000000 0.000100 0.004800 0.000000 0.000100 0.000100 0.000000 0.000100 0.000100 0.000200 0.005100 0.005000 0.000100 0.000100 0.000000 0.004800 0.004900 0.000100 0.000100 0.000100 0.000100 0.010000 0.000100 0.004800 0.000100 0.000200 0.000100 0.000000 0.000100 0.000100 0.000100 0.000100 0.009800 0.004900 0.000100 0.004800 0.004900 0.000100 0.005000 0.000100 0.005000 0.000100 0.000100 0.000100 0.000100
LesserMous 0.000400 0.000000 0.000400 0.000400 0.000400 0.000500 0.000400 0.000400 0.000400 0.004900 0.000400 0.000400 0.000400 0.000400 0.000400 0.000500 0.000500 0.005100 0.005100 0.000400 0.000500 0.000400 0.004900 0.004900 0.000400 0.000500 0.000500 0.000300 0.010100 0.000400 0.004900 0.000500 0.000300 0.000400 0.000400 0.000400 0.000500 0.000400 0.000500 0.009900 0.004900 0.000500 0.004900 0.005000 0.000400 0.005100 0.000500 0.005000 0.000400 0.000400 0.000400 0.000400
LesserKudu 0.000100 0.000400 0.000000 0.000600 0.000100 0.000200 0.000200 0.000100 0.000100 0.004900 0.000100 0.000100 0.000200 0.000100 0.000200 0.000200 0.000200 0.005100 0.005100 0.000100 0.000200 0.000100 0.004900 0.004900 0.000100 0.000100 0.000100 0.000000 0.010000 0.000100 0.004900 0.000200 0.000300 0.000200 0.000100 0.000200 0.000100 0.000100 0.000100 0.009900 0.004900 0.000100 0.004900 0.005000 0.000200 0.005000 0.000200 0.005000 0.000100 0.000200 0.000100 0.000100
KillerWhal 0.000500 0.000400 0.000600 0.000000 0.000400 0.000500 0.000500 0.000400 0.000500 0.004900 0.000400 0.000400 0.000500 0.000500 0.000500 0.000500 0.000500 0.005100 0.005100 0.000500 0.000400 0.000400 0.004900 0.004900 0.000500 0.000500 0.000500 0.000500 0.010100 0.000500 0.004900 0.000500 0.000400 0.000500 0.000500 0.000600 0.000500 0.000400 0.000500 0.009900 0.004900 0.000500 0.004900 0.005000 0.000600 0.005000 0.000400 0.005000 0.000500 0.000500 0.000600 0.000500
DefassaWat 0.000100 0.000400 0.000100 0.000400 0.000000 0.000100 0.000100 0.000100 0.000100 0.004900 0.000100 0.000000 0.000100 0.000100 0.000100 0.000100 0.000200 0.005100 0.005100 0.000100 0.000100 0.000100 0.004900 0.004900 0.000100 0.000100 0.000100 0.000100 0.010000 0.000100 0.004900 0.000100 0.000100 0.000100 0.000100 0.000100 0.000100 0.000000 0.000100 0.009900 0.004900 0.000100 0.004900 0.005000 0.000100 0.005000 0.000100 0.005000 0.000100 0.000200 0.000100 0.000100
Sheep 0.000000 0.000500 0.000200 0.000500 0.000100 0.000000 0.000100 0.000100 0.000100 0.004900 0.000100 0.000100 0.000100 0.000100 0.000100 0.000100 0.000200 0.005100 0.005100 0.000100 0.000100 0.000100 0.004900 0.004900 0.000100 0.000100 0.000100 0.000100 0.010000 0.000200 0.004900 0.000100 0.000300 0.000100 0.000100 0.000100 0.000100 0.000100 0.000100 0.009900 0.004900 0.000100 0.004900 0.005000 0.000200 0.005000 0.000100 0.005000 0.000100 0.000200 0.000200 0.000200
MaxwellsDu 0.000100 0.000400 0.000200 0.000500 0.000100 0.000100 0.000000 0.000100 0.000100 0.004800 0.000000 0.000100 0.000100 0.000000 0.000100 0.000100 0.000200 0.005000 0.005000 0.000100 0.000100 0.000000 0.004800 0.004800 0.000100 0.000100 0.000100 0.000100 0.009900 0.000200 0.004800 0.000000 0.000200 0.000100 0.000100 0.000100 0.000100 0.000100 0.000100 0.009700 0.004800 0.000100 0.004800 0.004900 0.000100 0.005000 0.000100 0.004900 0.000100 0.000200 0.000200 0.000200
GazellaPrz 0.000000 0.000400 0.000100 0.000400 0.000100 0.000100 0.000100 0.000000 0.000100 0.004800 0.000000 0.000100 0.000100 0.000000 0.000100 0.000000 0.000200 0.005000 0.005000 0.000100 0.000000 0.000000 0.004800 0.004900 0.000000 0.000100 0.000100 0.000100 0.009900 0.000100 0.004800 0.000100 0.000200 0.000100 0.000000 0.000100 0.000100 0.000100 0.000100 0.009800 0.004800 0.000100 0.004800 0.004900 0.000100 0.005000 0.000000 0.004900 0.000100 0.000100 0.000200 0.000100
MountainNy 0.000100 0.000400 0.000100 0.000500 0.000100 0.000100 0.000100 0.000100 0.000000 0.004800 0.000100 0.000100 0.000100 0.000100 0.000200 0.000200 0.000200 0.005100 0.005000 0.000100 0.000100 0.000100 0.004800 0.004900 0.000100 0.000200 0.000100 0.000100 0.010000 0.000100 0.004800 0.000100 0.000300 0.000100 0.000100 0.000100 0.000100 0.000100 0.000200 0.009800 0.004900 0.000200 0.004800 0.004900 0.000200 0.005000 0.000100 0.005000 0.000100 0.000200 0.000100 0.000100
MuntiacusM 0.004800 0.004900 0.004900 0.004900 0.004900 0.004900 0.004800 0.004800 0.004800 0.000000 0.004800 0.004900 0.004800 0.004800 0.004900 0.004800 0.005000 0.009900 0.000300 0.004800 0.004800 0.004800 0.000000 0.000000 0.004800 0.004800 0.004900 0.004800 0.014500 0.004900 0.000000 0.004800 0.004900 0.004900 0.004800 0.004800 0.004900 0.004900 0.004800 0.004700 0.000000 0.004800 0.000000 0.000100 0.004900 0.009700 0.004900 0.000200 0.004800 0.004900 0.004800 0.004900
goat 0.000000 0.000400 0.000100 0.000400 0.000100 0.000100 0.000000 0.000000 0.000100 0.004800 0.000000 0.000000 0.000100 0.000000 0.000100 0.000100 0.000200 0.005000 0.005000 0.000100 0.000100 0.000000 0.004800 0.004900 0.000000 0.000100 0.000000 0.000100 0.009900 0.000100 0.004800 0.000000 0.000200 0.000100 0.000000 0.000100 0.000000 0.000100 0.000100 0.009800 0.004800 0.000100 0.004800 0.004900 0.000100 0.005000 0.000100 0.004900 0.000000 0.000100 0.000100 0.000100
AfricanBuf 0.000100 0.000400 0.000100 0.000400 0.000000 0.000100 0.000100 0.000100 0.000100 0.004900 0.000000 0.000000 0.000100 0.000100 0.000100 0.000100 0.000200 0.005100 0.005100 0.000100 0.000100 0.000000 0.004900 0.004900 0.000100 0.000100 0.000100 0.000100 0.010000 0.000100 0.004900 0.000100 0.000200 0.000100 0.000100 0.000100 0.000100 0.000000 0.000100 0.009900 0.004900 0.000100 0.004900 0.005000 0.000100 0.005000 0.000100 0.005000 0.000100 0.000200 0.000100 0.000100
Topi 0.000100 0.000400 0.000200 0.000500 0.000100 0.000100 0.000100 0.000100 0.000100 0.004800 0.000100 0.000100 0.000000 0.000100 0.000100 0.000100 0.000200 0.005100 0.005000 0.000100 0.000100 0.000100 0.004800 0.004900 0.000100 0.000100 0.000000 0.000100 0.010000 0.000200 0.004800 0.000100 0.000200 0.000100 0.000100 0.000100 0.000100 0.000100 0.000100 0.009800 0.004900 0.000100 0.004800 0.004900 0.000100 0.005000 0.000100 0.005000 0.000100 0.000100 0.000200 0.000200
CommonDuik 0.000000 0.000400 0.000100 0.000500 0.000100 0.000100 0.000000 0.000000 0.000100 0.004800 0.000000 0.000100 0.000100 0.000000 0.000100 0.000100 0.000200 0.005000 0.005000 0.000100 0.000100 0.000000 0.004800 0.004800 0.000100 0.000100 0.000100 0.000100 0.009900 0.000100 0.004800 0.000000 0.000200 0.000100 0.000000 0.000100 0.000100 0.000100 0.000100 0.009800 0.004800 0.000100 0.004800 0.004900 0.000100 0.005000 0.000100 0.004900 0.000100 0.000100 0.000200 0.000100
Suni 0.000100 0.000400 0.000200 0.000500 0.000100 0.000100 0.000100 0.000100 0.000200 0.004900 0.000100 0.000100 0.000100 0.000100 0.000000 0.000100 0.000200 0.005100 0.005100 0.000200 0.000100 0.000100 0.004900 0.004900 0.000100 0.000100 0.000100 0.000100 0.010000 0.000200 0.004900 0.000100 0.000300 0.000100 0.000100 0.000200 0.000100 0.000100 0.000100 0.009900 0.004900 0.000100 0.004900 0.005000 0.000200 0.005000 0.000100 0.005000 0.000100 0.000200 0.000200 0.000200
Springbuck 0.000100 0.000500 0.000200 0.000500 0.000100 0.000100 0.000100 0.000000 0.000200 0.004800 0.000100 0.000100 0.000100 0.000100 0.000100 0.000000 0.000200 0.005000 0.005000 0.000200 0.000100 0.000100 0.004800 0.004800 0.000100 0.000100 0.000100 0.000100 0.009900 0.000200 0.004800 0.000100 0.000300 0.000100 0.000100 0.000200 0.000100 0.000100 0.000100 0.009700 0.004800 0.000100 0.004800 0.004900 0.000200 0.005000 0.000100 0.004900 0.000100 0.000200 0.000200 0.000200
Okapi 0.000200 0.000500 0.000200 0.000500 0.000200 0.000200 0.000200 0.000200 0.000200 0.005000 0.000200 0.000200 0.000200 0.000200 0.000200 0.000200 0.000000 0.005200 0.005100 0.000200 0.000200 0.000200 0.005000 0.005000 0.000200 0.000200 0.000200 0.000200 0.010200 0.000200 0.005000 0.000200 0.000200 0.000200 0.000200 0.000300 0.000200 0.000200 0.000200 0.010100 0.005000 0.000200 0.005000 0.005100 0.000300 0.005100 0.000200 0.005100 0.000200 0.000200 0.000300 0.000200
Giraffe 0.005100 0.005100 0.005100 0.005100 0.005100 0.005100 0.005000 0.005000 0.005100 0.009900 0.005000 0.005100 0.005100 0.005000 0.005100 0.005000 0.005200 0.000000 0.010200 0.005000 0.005100 0.005000 0.009800 0.009900 0.005100 0.005100 0.005100 0.005000 0.015200 0.005100 0.009900 0.005000 0.005100 0.005100 0.005000 0.005000 0.005100 0.005100 0.005000 0.015000 0.009900 0.005100 0.009900 0.010000 0.005100 0.010200 0.005100 0.010100 0.005100 0.005100 0.005100 0.005100
TibetanAnt 0.005000 0.005100 0.005100 0.005100 0.005100 0.005100 0.005000 0.005000 0.005000 0.000300 0.005000 0.005100 0.005000 0.005000 0.005100 0.005000 0.005100 0.010200 0.000000 0.005000 0.005000 0.005000 0.000300 0.000300 0.005000 0.005000 0.005100 0.005000 0.015100 0.005100 0.000300 0.005000 0.005100 0.005100 0.005000 0.005000 0.005100 0.005100 0.005000 0.004900 0.000300 0.005000 0.000300 0.000300 0.005100 0.010100 0.005000 0.000100 0.005000 0.005100 0.005000 0.005100
Sitatunga 0.000100 0.000400 0.000100 0.000500 0.000100 0.000100 0.000100 0.000100 0.000100 0.004800 0.000100 0.000100 0.000100 0.000100 0.000200 0.000200 0.000200 0.005000 0.005000 0.000000 0.000100 0.000100 0.004800 0.004900 0.000100 0.000200 0.000100 0.000000 0.010000 0.000100 0.004800 0.000100 0.000300 0.000100 0.000100 0.000100 0.000100 0.000100 0.000200 0.009800 0.004900 0.000200 0.004800 0.004900 0.000200 0.005000 0.000100 0.004900 0.000100 0.000200 0.000100 0.000100
Oribi 0.000100 0.000500 0.000200 0.000400 0.000100 0.000100 0.000100 0.000000 0.000100 0.004800 0.000100 0.000100 0.000100 0.000100 0.000100 0.000100 0.000200 0.005100 0.005000 0.000100 0.000000 0.000100 0.004800 0.004900 0.000100 0.000100 0.000100 0.000100 0.010000 0.000200 0.004800 0.000100 0.000200 0.000100 0.000100 0.000100 0.000100 0.000100 0.000100 0.009800 0.004900 0.000100 0.004800 0.004900 0.000200 0.005000 0.000000 0.005000 0.000100 0.000200 0.000200 0.000200
BarbaryShe 0.000000 0.000400 0.000100 0.000400 0.000100 0.000100 0.000000 0.000000 0.000100 0.004800 0.000000 0.000000 0.000100 0.000000 0.000100 0.000100 0.000200 0.005000 0.005000 0.000100 0.000100 0.000000 0.004800 0.004900 0.000000 0.000100 0.000000 0.000100 0.009900 0.000100 0.004800 0.000000 0.000200 0.000100 0.000000 0.000100 0.000000 0.000100 0.000100 0.009800 0.004800 0.000100 0.004800 0.004900 0.000100 0.005000 0.000100 0.004900 0.000000 0.000100 0.000100 0.000100
Daviddeer 0.004800 0.004900 0.004900 0.004900 0.004900 0.004900 0.004800 0.004800 0.004800 0.000000 0.004800 0.004900 0.004800 0.004800 0.004900 0.004800 0.005000 0.009800 0.000300 0.004800 0.004800 0.004800 0.000000 0.000100 0.004800 0.004800 0.004900 0.004800 0.014500 0.004900 0.000000 0.004800 0.004900 0.004900 0.004800 0.004800 0.004900 0.004900 0.004800 0.004700 0.000000 0.004800 0.000000 0.000100 0.004900 0.009700 0.004800 0.000200 0.004800 0.004900 0.004800 0.004900
Reindeer 0.004900 0.004900 0.004900 0.004900 0.004900 0.004900 0.004800 0.004900 0.004900 0.000000 0.004900 0.004900 0.004900 0.004800 0.004900 0.004800 0.005000 0.009900 0.000300 0.004900 0.004900 0.004900 0.000100 0.000000 0.004900 0.004900 0.004900 0.004900 0.014600 0.004900 0.000000 0.004800 0.005000 0.004900 0.004900 0.004900 0.004900 0.004900 0.004900 0.004800 0.000100 0.004900 0.000000 0.000100 0.004900 0.009800 0.004900 0.000300 0.004900 0.004900 0.004900 0.004900
Ibex 0.000100 0.000400 0.000100 0.000500 0.000100 0.000100 0.000100 0.000000 0.000100 0.004800 0.000000 0.000100 0.000100 0.000100 0.000100 0.000100 0.000200 0.005100 0.005000 0.000100 0.000100 0.000000 0.004800 0.004900 0.000000 0.000100 0.000100 0.000100 0.009900 0.000100 0.004800 0.000100 0.000200 0.000100 0.000100 0.000100 0.000100 0.000100 0.000100 0.009800 0.004800 0.000100 0.004800 0.004900 0.000200 0.005000 0.000100 0.004900 0.000100 0.000200 0.000100 0.000100
GyrantGaze 0.000100 0.000500 0.000100 0.000500 0.000100 0.000100 0.000100 0.000100 0.000200 0.004800 0.000100 0.000100 0.000100 0.000100 0.000100 0.000100 0.000200 0.005100 0.005000 0.000200 0.000100 0.000100 0.004800 0.004900 0.000100 0.000000 0.000100 0.000200 0.009900 0.000200 0.004800 0.000100 0.000300 0.000100 0.000100 0.000200 0.000100 0.000100 0.000100 0.009800 0.004800 0.000000 0.004800 0.004900 0.000200 0.005000 0.000100 0.004900 0.000100 0.000200 0.000200 0.000200
Hartebeest 0.000100 0.000500 0.000100 0.000500 0.000100 0.000100 0.000100 0.000100 0.000100 0.004900 0.000000 0.000100 0.000000 0.000100 0.000100 0.000100 0.000200 0.005100 0.005100 0.000100 0.000100 0.000000 0.004900 0.004900 0.000100 0.000100 0.000000 0.000100 0.010000 0.000200 0.004900 0.000100 0.000200 0.000100 0.000100 0.000100 0.000000 0.000100 0.000100 0.009900 0.004900 0.000100 0.004900 0.005000 0.000100 0.005000 0.000100 0.005000 0.000100 0.000100 0.000200 0.000200
Bongo 0.000100 0.000300 0.000000 0.000500 0.000100 0.000100 0.000100 0.000100 0.000100 0.004800 0.000100 0.000100 0.000100 0.000100 0.000100 0.000100 0.000200 0.005000 0.005000 0.000000 0.000100 0.000100 0.004800 0.004900 0.000100 0.000200 0.000100 0.000000 0.009900 0.000100 0.004800 0.000100 0.000200 0.000100 0.000100 0.000100 0.000100 0.000100 0.000200 0.009800 0.004800 0.000200 0.004800 0.004900 0.000200 0.005000 0.000100 0.004900 0.000100 0.000200 0.000100 0.000100
Gerenuk 0.010000 0.010100 0.010000 0.010100 0.010000 0.010000 0.009900 0.009900 0.010000 0.014500 0.009900 0.010000 0.010000 0.009900 0.010000 0.009900 0.010200 0.015200 0.015100 0.010000 0.010000 0.009900 0.014500 0.014600 0.009900 0.009900 0.010000 0.009900 0.000000 0.010000 0.014500 0.009900 0.010100 0.010000 0.009900 0.009900 0.010000 0.010000 0.009900 0.019600 0.014500 0.009900 0.014500 0.014800 0.010000 0.015000 0.010000 0.014800 0.010000 0.010000 0.010000 0.010000
CommonElan 0.000100 0.000400 0.000100 0.000500 0.000100 0.000200 0.000200 0.000100 0.000100 0.004900 0.000100 0.000100 0.000200 0.000100 0.000200 0.000200 0.000200 0.005100 0.005100 0.000100 0.000200 0.000100 0.004900 0.004900 0.000100 0.000200 0.000200 0.000100 0.010000 0.000000 0.004900 0.000200 0.000300 0.000100 0.000100 0.000200 0.000200 0.000100 0.000200 0.009900 0.004900 0.000200 0.004900 0.005000 0.000200 0.005000 0.000200 0.005000 0.000100 0.000300 0.000100 0.000100
MuntiacusR 0.004800 0.004900 0.004900 0.004900 0.004900 0.004900 0.004800 0.004800 0.004800 0.000000 0.004800 0.004900 0.004800 0.004800 0.004900 0.004800 0.005000 0.009900 0.000300 0.004800 0.004800 0.004800 0.000000 0.000000 0.004800 0.004800 0.004900 0.004800 0.014500 0.004900 0.000000 0.004800 0.004900 0.004900 0.004800 0.004800 0.004900 0.004900 0.004800 0.004700 0.000000 0.004800 0.000000 0.000100 0.004900 0.009700 0.004900 0.000200 0.004800 0.004900 0.004800 0.004900
HarveysDui 0.000100 0.000500 0.000200 0.000500 0.000100 0.000100 0.000000 0.000100 0.000100 0.004800 0.000000 0.000100 0.000100 0.000000 0.000100 0.000100 0.000200 0.005000 0.005000 0.000100 0.000100 0.000000 0.004800 0.004800 0.000100 0.000100 0.000100 0.000100 0.009900 0.000200 0.004800 0.000000 0.000200 0.000100 0.000100 0.000100 0.000100 0.000100 0.000100 0.009700 0.004800 0.000100 0.004800 0.004900 0.000200 0.005000 0.000100 0.004900 0.000100 0.000200 0.000200 0.000200
Pronghorn 0.000200 0.000300 0.000300 0.000400 0.000100 0.000300 0.000200 0.000200 0.000300 0.004900 0.000200 0.000200 0.000200 0.000200 0.000300 0.000300 0.000200 0.005100 0.005100 0.000300 0.000200 0.000200 0.004900 0.005000 0.000200 0.000300 0.000200 0.000200 0.010100 0.000300 0.004900 0.000200 0.000000 0.000200 0.000200 0.000200 0.000200 0.000100 0.000200 0.010000 0.004900 0.000300 0.004900 0.005000 0.000300 0.005100 0.000200 0.005000 0.000200 0.000200 0.000300 0.000300
BlueWildeb 0.000100 0.000400 0.000200 0.000500 0.000100 0.000100 0.000100 0.000100 0.000100 0.004900 0.000100 0.000100 0.000100 0.000100 0.000100 0.000100 0.000200 0.005100 0.005100 0.000100 0.000100 0.000100 0.004900 0.004900 0.000100 0.000100 0.000100 0.000100 0.010000 0.000100 0.004900 0.000100 0.000200 0.000000 0.000100 0.000100 0.000100 0.000100 0.000100 0.009900 0.004900 0.000100 0.004900 0.005000 0.000100 0.005000 0.000100 0.005000 0.000100 0.000100 0.000100 0.000200
Gemsbok 0.000000 0.000400 0.000100 0.000500 0.000100 0.000100 0.000100 0.000000 0.000100 0.004800 0.000000 0.000100 0.000100 0.000000 0.000100 0.000100 0.000200 0.005000 0.005000 0.000100 0.000100 0.000000 0.004800 0.004900 0.000100 0.000100 0.000100 0.000100 0.009900 0.000100 0.004800 0.000100 0.000200 0.000100 0.000000 0.000100 0.000100 0.000100 0.000100 0.009800 0.004800 0.000100 0.004800 0.004900 0.000100 0.005000 0.000100 0.004900 0.000100 0.000100 0.000200 0.000100
Yak 0.000100 0.000400 0.000200 0.000600 0.000100 0.000100 0.000100 0.000100 0.000100 0.004800 0.000100 0.000100 0.000100 0.000100 0.000200 0.000200 0.000300 0.005000 0.005000 0.000100 0.000100 0.000100 0.004800 0.004900 0.000100 0.000200 0.000100 0.000100 0.009900 0.000200 0.004800 0.000100 0.000200 0.000100 0.000100 0.000000 0.000100 0.000100 0.000100 0.009800 0.004800 0.000200 0.004800 0.004900 0.000000 0.005000 0.000100 0.004900 0.000100 0.000200 0.000200 0.000200
BlueSheep 0.000100 0.000500 0.000100 0.000500 0.000100 0.000100 0.000100 0.000100 0.000100 0.004900 0.000000 0.000100 0.000100 0.000100 0.000100 0.000100 0.000200 0.005100 0.005100 0.000100 0.000100 0.000000 0.004900 0.004900 0.000100 0.000100 0.000000 0.000100 0.010000 0.000200 0.004900 0.000100 0.000200 0.000100 0.000100 0.000100 0.000000 0.000100 0.000100 0.009900 0.004900 0.000100 0.004900 0.005000 0.000100 0.005000 0.000100 0.005000 0.000100 0.000100 0.000200 0.000200
BohorReedb 0.000100 0.000400 0.000100 0.000400 0.000000 0.000100 0.000100 0.000100 0.000100 0.004900 0.000100 0.000000 0.000100 0.000100 0.000100 0.000100 0.000200 0.005100 0.005100 0.000100 0.000100 0.000100 0.004900 0.004900 0.000100 0.000100 0.000100 0.000100 0.010000 0.000100 0.004900 0.000100 0.000100 0.000100 0.000100 0.000100 0.000100 0.000000 0.000100 0.009900 0.004900 0.000100 0.004900 0.005000 0.000100 0.005000 0.000100 0.005000 0.000100 0.000200 0.000100 0.000100
KirksDik 0.000100 0.000500 0.000100 0.000500 0.000100 0.000100 0.000100 0.000100 0.000200 0.004800 0.000100 0.000100 0.000100 0.000100 0.000100 0.000100 0.000200 0.005000 0.005000 0.000200 0.000100 0.000100 0.004800 0.004900 0.000100 0.000100 0.000100 0.000200 0.009900 0.000200 0.004800 0.000100 0.000200 0.000100 0.000100 0.000100 0.000100 0.000100 0.000000 0.009800 0.004800 0.000100 0.004800 0.004900 0.000200 0.005000 0.000100 0.004900 0.000100 0.000200 0.000200 0.000200
RoeDeer 0.009800 0.009900 0.009900 0.009900 0.009900 0.009900 0.009700 0.009800 0.009800 0.004700 0.009800 0.009900 0.009800 0.009800 0.009900 0.009700 0.010100 0.015000 0.004900 0.009800 0.009800 0.009800 0.004700 0.004800 0.009800 0.009800 0.009900 0.009800 0.019600 0.009900 0.004700 0.009700 0.010000 0.009900 0.009800 0.009800 0.009900 0.009900 0.009800 0.000000 0.004700 0.009800 0.004700 0.004800 0.009900 0.014900 0.009800 0.004800 0.009800 0.009800 0.009800 0.009900
WhiteLippe 0.004900 0.004900 0.004900 0.004900 0.004900 0.004900 0.004800 0.004800 0.004900 0.000000 0.004800 0.004900 0.004900 0.004800 0.004900 0.004800 0.005000 0.009900 0.000300 0.004900 0.004900 0.004800 0.000000 0.000100 0.004800 0.004800 0.004900 0.004800 0.014500 0.004900 0.000000 0.004800 0.004900 0.004900 0.004800 0.004800 0.004900 0.004900 0.004800 0.004700 0.000000 0.004800 0.000000 0.000200 0.004900 0.009700 0.004900 0.000300 0.004900 0.004900 0.004900 0.004900
ThomsonGaz 0.000100 0.000500 0.000100 0.000500 0.000100 0.000100 0.000100 0.000100 0.000200 0.004800 0.000100 0.000100 0.000100 0.000100 0.000100 0.000100 0.000200 0.005100 0.005000 0.000200 0.000100 0.000100 0.004800 0.004900 0.000100 0.000000 0.000100 0.000200 0.009900 0.000200 0.004800 0.000100 0.000300 0.000100 0.000100 0.000200 0.000100 0.000100 0.000100 0.009800 0.004800 0.000000 0.004800 0.004900 0.000200 0.005000 0.000100 0.004900 0.000100 0.000200 0.000200 0.000200
MuntiacusC 0.004800 0.004900 0.004900 0.004900 0.004900 0.004900 0.004800 0.004800 0.004800 0.000000 0.004800 0.004900 0.004800 0.004800 0.004900 0.004800 0.005000 0.009900 0.000300 0.004800 0.004800 0.004800 0.000000 0.000000 0.004800 0.004800 0.004900 0.004800 0.014500 0.004900 0.000000 0.004800 0.004900 0.004900 0.004800 0.004800 0.004900 0.004900 0.004800 0.004700 0.000000 0.004800 0.000000 0.000100 0.004900 0.009700 0.004900 0.000200 0.004800 0.004900 0.004800 0.004900
WhiteTaile 0.004900 0.005000 0.005000 0.005000 0.005000 0.005000 0.004900 0.004900 0.004900 0.000100 0.004900 0.005000 0.004900 0.004900 0.005000 0.004900 0.005100 0.010000 0.000300 0.004900 0.004900 0.004900 0.000100 0.000100 0.004900 0.004900 0.005000 0.004900 0.014800 0.005000 0.000100 0.004900 0.005000 0.005000 0.004900 0.004900 0.005000 0.005000 0.004900 0.004800 0.000200 0.004900 0.000100 0.000000 0.005000 0.009900 0.004900 0.000200 0.004900 0.005000 0.004900 0.005000
Cattle 0.000100 0.000400 0.000200 0.000600 0.000100 0.000200 0.000100 0.000100 0.000200 0.004900 0.000100 0.000100 0.000100 0.000100 0.000200 0.000200 0.000300 0.005100 0.005100 0.000200 0.000200 0.000100 0.004900 0.004900 0.000200 0.000200 0.000100 0.000200 0.010000 0.000200 0.004900 0.000200 0.000300 0.000100 0.000100 0.000000 0.000100 0.000100 0.000200 0.009900 0.004900 0.000200 0.004900 0.005000 0.000000 0.005000 0.000200 0.005000 0.000200 0.000200 0.000200 0.000200
RoyalAntel 0.005000 0.005100 0.005000 0.005000 0.005000 0.005000 0.005000 0.005000 0.005000 0.009700 0.005000 0.005000 0.005000 0.005000 0.005000 0.005000 0.005100 0.010200 0.010100 0.005000 0.005000 0.005000 0.009700 0.009800 0.005000 0.005000 0.005000 0.005000 0.015000 0.005000 0.009700 0.005000 0.005100 0.005000 0.005000 0.005000 0.005000 0.005000 0.005000 0.014900 0.009700 0.005000 0.009700 0.009900 0.005000 0.000000 0.005000 0.009900 0.005000 0.005000 0.005000 0.005000
Steenbok 0.000100 0.000500 0.000200 0.000400 0.000100 0.000100 0.000100 0.000000 0.000100 0.004900 0.000100 0.000100 0.000100 0.000100 0.000100 0.000100 0.000200 0.005100 0.005000 0.000100 0.000000 0.000100 0.004800 0.004900 0.000100 0.000100 0.000100 0.000100 0.010000 0.000200 0.004900 0.000100 0.000200 0.000100 0.000100 0.000100 0.000100 0.000100 0.000100 0.009800 0.004900 0.000100 0.004900 0.004900 0.000200 0.005000 0.000000 0.005000 0.000100 0.000200 0.000200 0.000200
Impala 0.005000 0.005000 0.005000 0.005000 0.005000 0.005000 0.004900 0.004900 0.005000 0.000200 0.004900 0.005000 0.005000 0.004900 0.005000 0.004900 0.005100 0.010100 0.000100 0.004900 0.005000 0.004900 0.000200 0.000300 0.004900 0.004900 0.005000 0.004900 0.014800 0.005000 0.000200 0.004900 0.005000 0.005000 0.004900 0.004900 0.005000 0.005000 0.004900 0.004800 0.000300 0.004900 0.000200 0.000200 0.005000 0.009900 0.005000 0.000000 0.005000 0.005000 0.004900 0.005000
Klipspring 0.000100 0.000400 0.000100 0.000500 0.000100 0.000100 0.000100 0.000100 0.000100 0.004800 0.000000 0.000100 0.000100 0.000100 0.000100 0.000100 0.000200 0.005100 0.005000 0.000100 0.000100 0.000000 0.004800 0.004900 0.000100 0.000100 0.000100 0.000100 0.010000 0.000100 0.004800 0.000100 0.000200 0.000100 0.000100 0.000100 0.000100 0.000100 0.000100 0.009800 0.004900 0.000100 0.004800 0.004900 0.000200 0.005000 0.000100 0.005000 0.000000 0.000200 0.000100 0.000100
ForestMusk 0.000100 0.000400 0.000200 0.000500 0.000200 0.000200 0.000200 0.000100 0.000200 0.004900 0.000100 0.000200 0.000100 0.000100 0.000200 0.000200 0.000200 0.005100 0.005100 0.000200 0.000200 0.000100 0.004900 0.004900 0.000200 0.000200 0.000100 0.000200 0.010000 0.000300 0.004900 0.000200 0.000200 0.000100 0.000100 0.000200 0.000100 0.000200 0.000200 0.009800 0.004900 0.000200 0.004900 0.005000 0.000200 0.005000 0.000200 0.005000 0.000200 0.000000 0.000300 0.000300
Bushbuck 0.000100 0.000400 0.000100 0.000600 0.000100 0.000200 0.000200 0.000200 0.000100 0.004800 0.000100 0.000100 0.000200 0.000200 0.000200 0.000200 0.000300 0.005100 0.005000 0.000100 0.000200 0.000100 0.004800 0.004900 0.000100 0.000200 0.000200 0.000100 0.010000 0.000100 0.004800 0.000200 0.000300 0.000100 0.000200 0.000200 0.000200 0.000100 0.000200 0.009800 0.004900 0.000200 0.004800 0.004900 0.000200 0.005000 0.000200 0.004900 0.000100 0.000300 0.000000 0.000100
GreaterKud 0.000100 0.000400 0.000100 0.000500 0.000100 0.000200 0.000200 0.000100 0.000100 0.004900 0.000100 0.000100 0.000200 0.000100 0.000200 0.000200 0.000200 0.005100 0.005100 0.000100 0.000200 0.000100 0.004900 0.004900 0.000100 0.000200 0.000200 0.000100 0.010000 0.000100 0.004900 0.000200 0.000300 0.000200 0.000100 0.000200 0.000200 0.000100 0.000200 0.009900 0.004900 0.000200 0.004900 0.005000 0.000200 0.005000 0.000200 0.005000 0.000100 0.000300 0.000100 0.000000
