1
52 1
Argali 0.000000 0.364200 0.142700 0.363100 0.000100 0.000000 0.027400 0.054000 0.177400 0.183900 0.026000 0.085400 0.079500 0.027400 0.054000 0.053600 0.153000 0.283700 0.027700 0.177400 0.027300 0.052200 0.177100 0.171200 0.051600 0.053600 0.051200 0.177400 0.025900 0.177400 0.193200 0.084800 0.076600 0.075900 0.104100 0.026500 0.026400 0.027300 0.054000 0.112800 0.149100 0.053600 0.186700 0.208200 0.055100 0.055100 0.027400 0.054600 0.169300 0.082700 0.177400 0.177400
LesserMous 0.364200 0.000000 0.437600 0.355000 0.355700 0.364200 0.326700 0.280000 0.491500 0.469300 0.309400 0.366900 0.305600 0.326700 0.355500 0.352500 0.525600 0.506500 0.329300 0.491500 0.325900 0.342600 0.453800 0.354400 0.338300 0.352500 0.334700 0.491500 0.382600 0.491500 0.496500 0.411200 0.293600 0.362500 0.405700 0.394300 0.311800 0.325400 0.355700 0.443000 0.421600 0.352500 0.479300 0.361800 0.363300 0.362300 0.326700 0.359000 0.385500 0.398500 0.491500 0.491500
LesserKudu 0.142700 0.437600 0.000000 0.396300 0.140400 0.142700 0.113700 0.140300 0.026200 0.287800 0.167000 0.055300 0.138000 0.113700 0.140200 0.111800 0.331100 0.396800 0.109800 0.026200 0.113500 0.134900 0.245100 0.268100 0.193400 0.111800 0.164500 0.025900 0.138600 0.026100 0.303200 0.176900 0.191500 0.190100 0.162800 0.109800 0.166100 0.113300 0.140400 0.243700 0.249100 0.111800 0.292600 0.311400 0.083100 0.143200 0.113700 0.141800 0.231400 0.236700 0.025900 0.025900
KillerWhal 0.363100 0.355000 0.396300 0.000000 0.353800 0.363100 0.325000 0.278500 0.448200 0.379300 0.308300 0.326900 0.304000 0.325000 0.353500 0.350500 0.432400 0.416000 0.327300 0.448200 0.323800 0.340500 0.366300 0.277000 0.337400 0.350500 0.333500 0.448200 0.381000 0.448200 0.313900 0.361400 0.363000 0.361100 0.403100 0.356500 0.310600 0.323000 0.353900 0.358500 0.334800 0.350500 0.386700 0.323100 0.325400 0.281900 0.325000 0.322000 0.242600 0.399200 0.448200 0.448200
DefassaWat 0.000100 0.355700 0.140400 0.353800 0.000000 0.000100 0.026900 0.053100 0.174500 0.180200 0.025600 0.083900 0.078100 0.026900 0.053100 0.052800 0.150100 0.277900 0.027300 0.174500 0.026900 0.051400 0.173600 0.168000 0.050700 0.052800 0.050300 0.174500 0.025500 0.174500 0.189200 0.083300 0.075300 0.074700 0.102400 0.026100 0.026000 0.026800 0.053100 0.110800 0.146100 0.052800 0.182900 0.204100 0.054100 0.054200 0.026900 0.053700 0.165800 0.081200 0.174500 0.174500
Sheep 0.000000 0.364200 0.142700 0.363100 0.000100 0.000000 0.027400 0.054000 0.177400 0.183900 0.026000 0.085400 0.079500 0.027400 0.054000 0.053600 0.153000 0.283700 0.027700 0.177400 0.027300 0.052200 0.177100 0.171200 0.051600 0.053600 0.051200 0.177400 0.025900 0.177400 0.193200 0.084800 0.076600 0.075900 0.104100 0.026500 0.026400 0.027300 0.054000 0.112800 0.149100 0.053600 0.186700 0.208200 0.055100 0.055100 0.027400 0.054600 0.169300 0.082700 0.177400 0.177400
MaxwellsDu 0.027400 0.326700 0.113700 0.325000 0.026900 0.027400 0.000000 0.026700 0.147200 0.151500 0.053200 0.056300 0.052400 0.000000 0.026900 0.026600 0.187400 0.248700 0.000100 0.147200 0.000100 0.079800 0.145600 0.140900 0.078000 0.026600 0.078000 0.147200 0.052600 0.147200 0.159100 0.056000 0.104100 0.102800 0.077200 0.054000 0.054000 0.000100 0.026800 0.144200 0.117800 0.026800 0.153600 0.177000 0.027300 0.027300 0.000000 0.027100 0.139400 0.112200 0.147200 0.147200
GazellaPrz 0.054000 0.280000 0.140300 0.278500 0.053100 0.054000 0.026700 0.000000 0.174300 0.178900 0.025600 0.083300 0.025400 0.026700 0.052700 0.052400 0.215000 0.207500 0.027200 0.174300 0.026900 0.051100 0.172400 0.108100 0.050200 0.052400 0.050000 0.174300 0.078000 0.174300 0.187700 0.082800 0.075200 0.074200 0.101800 0.079900 0.025900 0.026800 0.052800 0.170700 0.145100 0.052400 0.181500 0.141200 0.053800 0.054100 0.026900 0.053400 0.106000 0.138300 0.174300 0.174300
MountainNy 0.177400 0.491500 0.026200 0.448200 0.174500 0.177400 0.147200 0.174300 0.000000 0.332700 0.201700 0.085800 0.171400 0.147200 0.174300 0.144700 0.380000 0.448200 0.145400 0.000000 0.147100 0.167400 0.286400 0.308800 0.228600 0.144700 0.198600 0.000000 0.172300 0.000000 0.351300 0.214200 0.226300 0.224700 0.196400 0.142100 0.202300 0.146700 0.174400 0.284600 0.291300 0.144700 0.338400 0.355600 0.114700 0.178000 0.147200 0.176300 0.270700 0.276400 0.000000 0.000000
MuntiacusM 0.183900 0.469300 0.287800 0.379300 0.180200 0.183900 0.151500 0.178900 0.332700 0.000000 0.206600 0.221600 0.204100 0.151500 0.178900 0.177600 0.309900 0.376700 0.154900 0.332700 0.152200 0.237400 0.118400 0.114500 0.233700 0.177600 0.231200 0.332700 0.205200 0.332700 0.063200 0.220100 0.260400 0.257100 0.228700 0.211200 0.211400 0.151800 0.179100 0.117200 0.090000 0.177600 0.060900 0.150000 0.182900 0.117400 0.151500 0.181400 0.318500 0.214400 0.332700 0.332700
goat 0.026000 0.309400 0.167000 0.308300 0.025600 0.026000 0.053200 0.025600 0.201700 0.206600 0.000000 0.110100 0.050000 0.053200 0.078400 0.078000 0.176800 0.235100 0.054000 0.201700 0.053200 0.024700 0.199500 0.134000 0.024400 0.077900 0.024300 0.201700 0.050200 0.201700 0.216600 0.109400 0.048500 0.047900 0.126300 0.050900 0.000100 0.053100 0.078500 0.137100 0.172600 0.078000 0.209800 0.168100 0.079900 0.080000 0.052900 0.079300 0.132600 0.106700 0.201700 0.201700
AfricanBuf 0.085400 0.366900 0.055300 0.326900 0.083900 0.085400 0.056300 0.083300 0.085800 0.221600 0.110100 0.000000 0.109100 0.056300 0.083500 0.082800 0.261500 0.325600 0.049800 0.085800 0.056600 0.138200 0.213400 0.206200 0.136400 0.082400 0.134300 0.085800 0.109400 0.085800 0.233500 0.116700 0.162500 0.160500 0.133900 0.054400 0.109200 0.056500 0.083000 0.211000 0.184800 0.082600 0.225100 0.247500 0.027500 0.085200 0.056000 0.084200 0.172100 0.175500 0.085800 0.085800
Topi 0.079500 0.305600 0.138000 0.304000 0.078100 0.079500 0.052400 0.025400 0.171400 0.204100 0.050000 0.109100 0.000000 0.052400 0.077600 0.025200 0.240200 0.232200 0.053400 0.171400 0.052700 0.075300 0.197300 0.132700 0.074300 0.025500 0.024000 0.171400 0.050000 0.171400 0.213900 0.108200 0.048300 0.047700 0.073500 0.105000 0.050900 0.052600 0.077700 0.136300 0.170600 0.025200 0.207200 0.166300 0.079100 0.079200 0.052400 0.078700 0.131700 0.162800 0.171400 0.171400
CommonDuik 0.027400 0.326700 0.113700 0.325000 0.026900 0.027400 0.000000 0.026700 0.147200 0.151500 0.053200 0.056300 0.052400 0.000000 0.026700 0.026800 0.187400 0.248700 0.000100 0.147200 0.000100 0.079800 0.145600 0.140900 0.078600 0.026600 0.078000 0.147200 0.052600 0.147200 0.159100 0.056000 0.104100 0.102800 0.077200 0.054000 0.054000 0.000100 0.026900 0.144200 0.117800 0.026600 0.153600 0.177000 0.027300 0.027300 0.000000 0.027100 0.139400 0.112200 0.147200 0.147200
Suni 0.054000 0.355500 0.140200 0.353500 0.053100 0.054000 0.026900 0.052700 0.174300 0.178900 0.078400 0.083500 0.077600 0.026700 0.000000 0.052400 0.215100 0.208500 0.027200 0.174300 0.026800 0.105000 0.172400 0.166900 0.103600 0.052400 0.103300 0.174300 0.078200 0.174300 0.187800 0.026800 0.128700 0.127100 0.101800 0.079900 0.079900 0.026800 0.052800 0.170700 0.145200 0.052400 0.181600 0.203800 0.053500 0.053600 0.026900 0.053800 0.166000 0.138300 0.174300 0.174300
Springbuck 0.053600 0.352500 0.111800 0.350500 0.052800 0.053600 0.026600 0.052400 0.144700 0.177600 0.078000 0.082800 0.025200 0.026800 0.052400 0.000000 0.213400 0.273500 0.027100 0.144700 0.026700 0.104400 0.171200 0.165800 0.103000 0.000000 0.050000 0.144700 0.025300 0.144700 0.186300 0.082300 0.075100 0.074000 0.049500 0.079400 0.079500 0.026600 0.052500 0.110400 0.144200 0.000000 0.180200 0.202400 0.053400 0.053500 0.026600 0.053100 0.165600 0.137400 0.144700 0.144700
Okapi 0.153000 0.525600 0.331100 0.432400 0.150100 0.153000 0.187400 0.215000 0.380000 0.309900 0.176800 0.261500 0.240200 0.187400 0.215100 0.213400 0.000000 0.123500 0.191500 0.380000 0.189000 0.207600 0.296700 0.285000 0.204000 0.213400 0.201900 0.380000 0.175600 0.380000 0.245400 0.220000 0.231000 0.228000 0.264800 0.180800 0.180600 0.187900 0.215300 0.220300 0.266900 0.213400 0.314900 0.333600 0.220000 0.219800 0.187400 0.218500 0.361400 0.183700 0.380000 0.380000
Giraffe 0.283700 0.506500 0.396800 0.416000 0.277900 0.283700 0.248700 0.207500 0.448200 0.376700 0.235100 0.325600 0.232200 0.248700 0.208500 0.273500 0.123500 0.000000 0.254200 0.448200 0.250900 0.266500 0.361700 0.274800 0.262000 0.273500 0.259200 0.448200 0.301300 0.448200 0.313000 0.213000 0.288700 0.285000 0.323300 0.310300 0.240100 0.249300 0.276000 0.356700 0.332300 0.273500 0.288800 0.321100 0.281700 0.281200 0.248700 0.279900 0.348700 0.315400 0.448200 0.448200
TibetanAnt 0.027700 0.329300 0.109800 0.327300 0.027300 0.027700 0.000100 0.027200 0.145400 0.154900 0.054000 0.049800 0.053400 0.000100 0.027200 0.027100 0.191500 0.254200 0.000000 0.145400 0.000100 0.081300 0.148900 0.144000 0.080100 0.027100 0.079500 0.145400 0.053600 0.145400 0.163000 0.057100 0.105600 0.104800 0.078700 0.055000 0.054000 0.000100 0.027300 0.146600 0.120500 0.027100 0.157200 0.180100 0.027800 0.027800 0.000100 0.027600 0.141400 0.114500 0.145400 0.145400
Sitatunga 0.177400 0.491500 0.026200 0.448200 0.174500 0.177400 0.147200 0.174300 0.000000 0.332700 0.201700 0.085800 0.171400 0.147200 0.174300 0.144700 0.380000 0.448200 0.145400 0.000000 0.147100 0.167400 0.286400 0.308800 0.228600 0.144700 0.198600 0.000000 0.172300 0.000000 0.351300 0.214200 0.226300 0.224700 0.196400 0.142100 0.202300 0.146700 0.174400 0.284600 0.291300 0.144700 0.338400 0.355600 0.114700 0.178000 0.147200 0.176300 0.270700 0.276400 0.000000 0.000000
Oribi 0.027300 0.325900 0.113500 0.323800 0.026900 0.027300 0.000100 0.026900 0.147100 0.152200 0.053200 0.056600 0.052700 0.000100 0.026800 0.026700 0.189000 0.250900 0.000100 0.147100 0.000000 0.080100 0.146300 0.141500 0.078900 0.026700 0.078300 0.147100 0.052900 0.147100 0.159900 0.056300 0.104000 0.103200 0.077600 0.054200 0.053900 0.000100 0.026900 0.144000 0.118300 0.026700 0.154400 0.176800 0.027400 0.027400 0.000100 0.027200 0.138900 0.112700 0.147100 0.147100
BarbaryShe 0.052200 0.342600 0.134900 0.340500 0.051400 0.052200 0.079800 0.051100 0.167400 0.237400 0.024700 0.138200 0.075300 0.079800 0.105000 0.104400 0.207600 0.266500 0.081300 0.167400 0.080100 0.000000 0.229200 0.161400 0.048900 0.104300 0.048600 0.167400 0.075700 0.167400 0.248700 0.137400 0.073100 0.072200 0.152300 0.077500 0.025100 0.079900 0.105100 0.165300 0.202400 0.104400 0.241000 0.196900 0.107000 0.107100 0.079800 0.106300 0.160300 0.134000 0.167400 0.167400
Daviddeer 0.177100 0.453800 0.245100 0.366300 0.173600 0.177100 0.145600 0.172400 0.286400 0.118400 0.199500 0.213400 0.197300 0.145600 0.172400 0.171200 0.296700 0.361700 0.148900 0.286400 0.146300 0.229200 0.000000 0.110500 0.226100 0.171200 0.223800 0.286400 0.198200 0.286400 0.124400 0.211600 0.252400 0.249400 0.221500 0.203700 0.204000 0.146000 0.172600 0.112900 0.027500 0.171200 0.120100 0.144600 0.176100 0.112900 0.145600 0.174400 0.307600 0.206600 0.286400 0.286400
Reindeer 0.171200 0.354400 0.268100 0.277000 0.168000 0.171200 0.140900 0.108100 0.308800 0.114500 0.134000 0.206200 0.132700 0.140900 0.166900 0.165800 0.285000 0.274800 0.144000 0.308800 0.141500 0.161400 0.110500 0.000000 0.159500 0.165800 0.158100 0.308800 0.191900 0.308800 0.120400 0.204400 0.184800 0.182700 0.214700 0.197100 0.136900 0.141200 0.167000 0.109500 0.083800 0.165800 0.116200 0.026600 0.169900 0.109500 0.140900 0.168500 0.229300 0.199600 0.308800 0.308800
Ibex 0.051600 0.338300 0.193400 0.337400 0.050700 0.051600 0.078000 0.050200 0.228600 0.233700 0.024400 0.136400 0.074300 0.078600 0.103600 0.103000 0.204000 0.262000 0.080100 0.228600 0.078900 0.048900 0.226100 0.159500 0.000000 0.103000 0.048000 0.228600 0.074700 0.228600 0.244800 0.136100 0.072300 0.071400 0.150500 0.076400 0.024800 0.078800 0.103600 0.163100 0.199500 0.103000 0.237300 0.194500 0.105500 0.105600 0.078600 0.104700 0.158600 0.132200 0.228600 0.228600
GyrantGaze 0.053600 0.352500 0.111800 0.350500 0.052800 0.053600 0.026600 0.052400 0.144700 0.177600 0.077900 0.082400 0.025500 0.026600 0.052400 0.000000 0.213400 0.273500 0.027100 0.144700 0.026700 0.104300 0.171200 0.165800 0.103000 0.000000 0.050000 0.144700 0.025300 0.144700 0.186300 0.082300 0.075100 0.074200 0.050100 0.079400 0.079500 0.026600 0.052500 0.110400 0.144200 0.000000 0.180200 0.202400 0.053400 0.053500 0.026500 0.053100 0.165600 0.137400 0.144700 0.144700
Hartebeest 0.051200 0.334700 0.164500 0.333500 0.050300 0.051200 0.078000 0.050000 0.198600 0.231200 0.024300 0.134300 0.024000 0.078000 0.103300 0.050000 0.201900 0.259200 0.079500 0.198600 0.078300 0.048600 0.223800 0.158100 0.048000 0.050000 0.000000 0.198600 0.024200 0.198600 0.242100 0.134200 0.023400 0.023100 0.097400 0.075800 0.024600 0.078100 0.102800 0.105300 0.197500 0.050000 0.234800 0.192700 0.104600 0.104700 0.078000 0.103800 0.157900 0.130800 0.198600 0.198600
Bongo 0.177400 0.491500 0.025900 0.448200 0.174500 0.177400 0.147200 0.174300 0.000000 0.332700 0.201700 0.085800 0.171400 0.147200 0.174300 0.144700 0.380000 0.448200 0.145400 0.000000 0.147100 0.167400 0.286400 0.308800 0.228600 0.144700 0.198600 0.000000 0.172300 0.000000 0.351300 0.214200 0.226300 0.224700 0.196400 0.142100 0.202300 0.146700 0.174400 0.284600 0.291300 0.144700 0.338400 0.355600 0.114700 0.178000 0.147200 0.176300 0.270700 0.276400 0.000000 0.000000
Gerenuk 0.025900 0.382600 0.138600 0.381000 0.025500 0.025900 0.052600 0.078000 0.172300 0.205200 0.050200 0.109400 0.050000 0.052600 0.078200 0.025300 0.175600 0.301300 0.053600 0.172300 0.052900 0.075700 0.198200 0.191900 0.074700 0.025300 0.024200 0.172300 0.000000 0.172300 0.215100 0.108700 0.048500 0.047900 0.073800 0.051100 0.051200 0.052800 0.078000 0.079900 0.171500 0.025300 0.208300 0.229600 0.079400 0.079500 0.052600 0.078800 0.192400 0.106100 0.172300 0.172300
CommonElan 0.177400 0.491500 0.026100 0.448200 0.174500 0.177400 0.147200 0.174300 0.000000 0.332700 0.201700 0.085800 0.171400 0.147200 0.174300 0.144700 0.380000 0.448200 0.145400 0.000000 0.147100 0.167400 0.286400 0.308800 0.228600 0.144700 0.198600 0.000000 0.172300 0.000000 0.351300 0.214200 0.226300 0.224700 0.196400 0.142100 0.202300 0.146700 0.174400 0.284600 0.291300 0.144700 0.338400 0.355600 0.114700 0.178000 0.147200 0.176300 0.270700 0.276400 0.000000 0.000000
MuntiacusR 0.193200 0.496500 0.303200 0.313900 0.189200 0.193200 0.159100 0.187700 0.351300 0.063200 0.216600 0.233500 0.213900 0.159100 0.187800 0.186300 0.245400 0.313000 0.163000 0.351300 0.159900 0.248700 0.124400 0.120400 0.244800 0.186300 0.242100 0.351300 0.215100 0.351300 0.000000 0.192200 0.272200 0.268900 0.239300 0.221800 0.222000 0.159600 0.188000 0.123000 0.094600 0.186300 0.064100 0.157600 0.192200 0.123300 0.159100 0.190400 0.335200 0.225200 0.351300 0.351300
HarveysDui 0.084800 0.411200 0.176900 0.361400 0.083300 0.084800 0.056000 0.082800 0.214200 0.220100 0.109400 0.116700 0.108200 0.056000 0.026800 0.082300 0.220000 0.213000 0.057100 0.214200 0.056300 0.137400 0.211600 0.204400 0.136100 0.082300 0.134200 0.214200 0.108700 0.214200 0.192200 0.000000 0.161300 0.159200 0.132900 0.111600 0.111600 0.056100 0.082900 0.209300 0.183300 0.082300 0.223400 0.245100 0.084500 0.084600 0.056000 0.083900 0.203500 0.174200 0.214200 0.214200
Pronghorn 0.076600 0.293600 0.191500 0.363000 0.075300 0.076600 0.104100 0.075200 0.226300 0.260400 0.048500 0.162500 0.048300 0.104100 0.128700 0.075100 0.231000 0.288700 0.105600 0.226300 0.104000 0.073100 0.252400 0.184800 0.072300 0.075100 0.023400 0.226300 0.048500 0.226300 0.272200 0.161300 0.000000 0.046500 0.122200 0.101400 0.049200 0.103800 0.128800 0.131300 0.226100 0.075100 0.264400 0.219400 0.131000 0.131100 0.104100 0.130000 0.184600 0.157600 0.226300 0.226300
BlueWildeb 0.075900 0.362500 0.190100 0.361100 0.074700 0.075900 0.102800 0.074200 0.224700 0.257100 0.047900 0.160500 0.047700 0.102800 0.127100 0.074000 0.228000 0.285000 0.104800 0.224700 0.103200 0.072200 0.249400 0.182700 0.071400 0.074200 0.023100 0.224700 0.047900 0.224700 0.268900 0.159200 0.046500 0.000000 0.120800 0.100100 0.048800 0.103000 0.127200 0.130400 0.223300 0.074000 0.261200 0.218200 0.129400 0.129500 0.102800 0.128300 0.183000 0.155500 0.224700 0.224700
Gemsbok 0.104100 0.405700 0.162800 0.403100 0.102400 0.104100 0.077200 0.101800 0.196400 0.228700 0.126300 0.133900 0.073500 0.077200 0.101800 0.049500 0.264800 0.323300 0.078700 0.196400 0.077600 0.152300 0.221500 0.214700 0.150500 0.050100 0.097400 0.196400 0.073800 0.196400 0.239300 0.132900 0.122200 0.120800 0.000000 0.128600 0.128800 0.077500 0.101800 0.160900 0.195500 0.049500 0.232200 0.252600 0.103600 0.103700 0.077200 0.102800 0.216600 0.186800 0.196400 0.196400
Yak 0.026500 0.394300 0.109800 0.356500 0.026100 0.026500 0.054000 0.079900 0.142100 0.211200 0.050900 0.054400 0.105000 0.054000 0.079900 0.079400 0.180800 0.310300 0.055000 0.142100 0.054200 0.077500 0.203700 0.197100 0.076400 0.079400 0.075800 0.142100 0.051100 0.142100 0.221800 0.111600 0.101400 0.100100 0.128600 0.000000 0.052400 0.054100 0.079900 0.139900 0.176300 0.079400 0.214400 0.236100 0.026300 0.080600 0.054000 0.080800 0.164500 0.108800 0.142100 0.142100
BlueSheep 0.026400 0.311800 0.166100 0.310600 0.026000 0.026400 0.054000 0.025900 0.202300 0.211400 0.000100 0.109200 0.050900 0.054000 0.079900 0.079500 0.180600 0.240100 0.054000 0.202300 0.053900 0.025100 0.204000 0.136900 0.024800 0.079500 0.024600 0.202300 0.051200 0.202300 0.222000 0.111600 0.049200 0.048800 0.128800 0.052400 0.000000 0.053800 0.080000 0.139300 0.176500 0.079500 0.214700 0.171000 0.081500 0.081600 0.054000 0.080800 0.134400 0.108800 0.202300 0.202300
BohorReedb 0.027300 0.325400 0.113300 0.323000 0.026800 0.027300 0.000100 0.026800 0.146700 0.151800 0.053100 0.056500 0.052600 0.000100 0.026800 0.026600 0.187900 0.249300 0.000100 0.146700 0.000100 0.079900 0.146000 0.141200 0.078800 0.026600 0.078100 0.146700 0.052800 0.146700 0.159600 0.056100 0.103800 0.103000 0.077500 0.054100 0.053800 0.000000 0.026800 0.143700 0.118100 0.026600 0.154000 0.176400 0.027300 0.027400 0.000100 0.027100 0.138600 0.112500 0.146700 0.146700
KirksDik 0.054000 0.355700 0.140400 0.353900 0.053100 0.054000 0.026800 0.052800 0.174400 0.179100 0.078500 0.083000 0.077700 0.026900 0.052800 0.052500 0.215300 0.276000 0.027300 0.174400 0.026900 0.105100 0.172600 0.167000 0.103600 0.052500 0.102800 0.174400 0.078000 0.174400 0.188000 0.082900 0.128800 0.127200 0.101800 0.079900 0.080000 0.026800 0.000000 0.170900 0.145300 0.052500 0.181700 0.204000 0.053800 0.053900 0.026900 0.053400 0.166000 0.138400 0.174400 0.174400
RoeDeer 0.112800 0.443000 0.243700 0.358500 0.110800 0.112800 0.144200 0.170700 0.284600 0.117200 0.137100 0.211000 0.136300 0.144200 0.170700 0.110400 0.220300 0.356700 0.146600 0.284600 0.144000 0.165300 0.112900 0.109500 0.163100 0.110400 0.105300 0.284600 0.079900 0.284600 0.123000 0.209300 0.131300 0.130400 0.160900 0.139900 0.139300 0.143700 0.170900 0.000000 0.085600 0.110400 0.118900 0.139700 0.174300 0.111900 0.144200 0.172700 0.303600 0.141800 0.284600 0.284600
WhiteLippe 0.149100 0.421600 0.249100 0.334800 0.146100 0.149100 0.117800 0.145100 0.291300 0.090000 0.172600 0.184800 0.170600 0.117800 0.145200 0.144200 0.266900 0.332300 0.120500 0.291300 0.118300 0.202400 0.027500 0.083800 0.199500 0.144200 0.197500 0.291300 0.171500 0.291300 0.094600 0.183300 0.226100 0.223300 0.195500 0.176300 0.176500 0.118100 0.145300 0.085600 0.000000 0.144200 0.091200 0.116900 0.148300 0.085700 0.117800 0.147000 0.278800 0.178800 0.291300 0.291300
ThomsonGaz 0.053600 0.352500 0.111800 0.350500 0.052800 0.053600 0.026800 0.052400 0.144700 0.177600 0.078000 0.082600 0.025200 0.026600 0.052400 0.000000 0.213400 0.273500 0.027100 0.144700 0.026700 0.104400 0.171200 0.165800 0.103000 0.000000 0.050000 0.144700 0.025300 0.144700 0.186300 0.082300 0.075100 0.074000 0.049500 0.079400 0.079500 0.026600 0.052500 0.110400 0.144200 0.000000 0.180200 0.202400 0.053400 0.053500 0.026600 0.053100 0.165600 0.137400 0.144700 0.144700
MuntiacusC 0.186700 0.479300 0.292600 0.386700 0.182900 0.186700 0.153600 0.181500 0.338400 0.060900 0.209800 0.225100 0.207200 0.153600 0.181600 0.180200 0.314900 0.288800 0.157200 0.338400 0.154400 0.241000 0.120100 0.116200 0.237300 0.180200 0.234800 0.338400 0.208300 0.338400 0.064100 0.223400 0.264400 0.261200 0.232200 0.214400 0.214700 0.154000 0.181700 0.118900 0.091200 0.180200 0.000000 0.152100 0.185600 0.119000 0.153600 0.184000 0.324100 0.217700 0.338400 0.338400
WhiteTaile 0.208200 0.361800 0.311400 0.323100 0.204100 0.208200 0.177000 0.141200 0.355600 0.150000 0.168100 0.247500 0.166300 0.177000 0.203800 0.202400 0.333600 0.321100 0.180100 0.355600 0.176800 0.196900 0.144600 0.026600 0.194500 0.202400 0.192700 0.355600 0.229600 0.355600 0.157600 0.245100 0.219400 0.218200 0.252600 0.236100 0.171000 0.176400 0.204000 0.139700 0.116900 0.202400 0.152100 0.000000 0.208200 0.143200 0.177000 0.205900 0.270100 0.239200 0.355600 0.355600
Cattle 0.055100 0.363300 0.083100 0.325400 0.054100 0.055100 0.027300 0.053800 0.114700 0.182900 0.079900 0.027500 0.079100 0.027300 0.053500 0.053400 0.220000 0.281700 0.027800 0.114700 0.027400 0.107000 0.176100 0.169900 0.105500 0.053400 0.104600 0.114700 0.079400 0.114700 0.192200 0.084500 0.131000 0.129400 0.103600 0.026300 0.081500 0.027300 0.053800 0.174300 0.148300 0.053400 0.185600 0.208200 0.000000 0.054900 0.027300 0.054400 0.137500 0.141200 0.114700 0.114700
RoyalAntel 0.055100 0.362300 0.143200 0.281900 0.054200 0.055100 0.027300 0.054100 0.178000 0.117400 0.080000 0.085200 0.079200 0.027300 0.053600 0.053500 0.219800 0.281200 0.027800 0.178000 0.027400 0.107100 0.112900 0.109500 0.105600 0.053500 0.104700 0.178000 0.079500 0.178000 0.123300 0.084600 0.131100 0.129500 0.103700 0.080600 0.081600 0.027400 0.053900 0.111900 0.085700 0.053500 0.119000 0.143200 0.054900 0.000000 0.027300 0.054700 0.169600 0.141200 0.178000 0.178000
Steenbok 0.027400 0.326700 0.113700 0.325000 0.026900 0.027400 0.000000 0.026900 0.147200 0.151500 0.052900 0.056000 0.052400 0.000000 0.026900 0.026600 0.187400 0.248700 0.000100 0.147200 0.000100 0.079800 0.145600 0.140900 0.078600 0.026500 0.078000 0.147200 0.052600 0.147200 0.159100 0.056000 0.104100 0.102800 0.077200 0.054000 0.054000 0.000100 0.026900 0.144200 0.117800 0.026600 0.153600 0.177000 0.027300 0.027300 0.000000 0.027300 0.139400 0.112200 0.147200 0.147200
Impala 0.054600 0.359000 0.141800 0.322000 0.053700 0.054600 0.027100 0.053400 0.176300 0.181400 0.079300 0.084200 0.078700 0.027100 0.053800 0.053100 0.218500 0.279900 0.027600 0.176300 0.027200 0.106300 0.174400 0.168500 0.104700 0.053100 0.103800 0.176300 0.078800 0.176300 0.190400 0.083900 0.130000 0.128300 0.102800 0.080800 0.080800 0.027100 0.053400 0.172700 0.147000 0.053100 0.184000 0.205900 0.054400 0.054700 0.027300 0.000000 0.167600 0.140100 0.176300 0.176300
Klipspring 0.169300 0.385500 0.231400 0.242600 0.165800 0.169300 0.139400 0.106000 0.270700 0.318500 0.132600 0.172100 0.131700 0.139400 0.166000 0.165600 0.361400 0.348700 0.141400 0.270700 0.138900 0.160300 0.307600 0.229300 0.158600 0.165600 0.157900 0.270700 0.192400 0.270700 0.335200 0.203500 0.184600 0.183000 0.216600 0.164500 0.134400 0.138600 0.166000 0.303600 0.278800 0.165600 0.324100 0.270100 0.137500 0.169600 0.139400 0.167600 0.000000 0.264400 0.270700 0.270700
ForestMusk 0.082700 0.398500 0.236700 0.399200 0.081200 0.082700 0.112200 0.138300 0.276400 0.214400 0.106700 0.175500 0.162800 0.112200 0.138300 0.137400 0.183700 0.315400 0.114500 0.276400 0.112700 0.134000 0.206600 0.199600 0.132200 0.137400 0.130800 0.276400 0.106100 0.276400 0.225200 0.174200 0.157600 0.155500 0.186800 0.108800 0.108800 0.112500 0.138400 0.141800 0.178800 0.137400 0.217700 0.239200 0.141200 0.141200 0.112200 0.140100 0.264400 0.000000 0.276400 0.276400
Bushbuck 0.177400 0.491500 0.025900 0.448200 0.174500 0.177400 0.147200 0.174300 0.000000 0.332700 0.201700 0.085800 0.171400 0.147200 0.174300 0.144700 0.380000 0.448200 0.145400 0.000000 0.147100 0.167400 0.286400 0.308800 0.228600 0.144700 0.198600 0.000000 0.172300 0.000000 0.351300 0.214200 0.226300 0.224700 0.196400 0.142100 0.202300 0.146700 0.174400 0.284600 0.291300 0.144700 0.338400 0.355600 0.114700 0.178000 0.147200 0.176300 0.270700 0.276400 0.000000 0.000000
GreaterKud 0.177400 0.491500 0.025900 0.448200 0.174500 0.177400 0.147200 0.174300 0.000000 0.332700 0.201700 0.085800 0.171400 0.147200 0.174300 0.144700 0.380000 0.448200 0.145400 0.000000 0.147100 0.167400 0.286400 0.308800 0.228600 0.144700 0.198600 0.000000 0.172300 0.000000 0.351300 0.214200 0.226300 0.224700 0.196400 0.142100 0.202300 0.146700 0.174400 0.284600 0.291300 0.144700 0.338400 0.355600 0.114700 0.178000 0.147200 0.176300 0.270700 0.276400 0.000000 0.000000
