1
52 1
Argali 0.000000 0.224700 0.026500 0.183100 0.000000 0.000000 0.053200 0.000000 0.026500 0.153200 0.000000 0.000000 0.000000 0.000000 0.055300 0.026000 0.111300 0.055600 0.000000 0.026500 0.000000 0.000000 0.118500 0.118500 0.000000 0.077600 0.000000 0.026500 0.026000 0.026500 0.153200 0.000000 0.083200 0.025900 0.000000 0.000000 0.000000 0.000000 0.026000 0.118500 0.118500 0.077600 0.153200 0.118500 0.000000 0.000000 0.000000 0.000000 0.000000 0.055600 0.052900 0.026500
LesserMous 0.224700 0.000000 0.263100 0.096700 0.224700 0.224700 0.223500 0.224700 0.263100 0.209600 0.224700 0.224700 0.224700 0.224700 0.315700 0.257300 0.156800 0.162900 0.224700 0.263100 0.224700 0.224700 0.168500 0.168500 0.224700 0.245100 0.224700 0.263100 0.257300 0.263100 0.209600 0.224700 0.194700 0.254500 0.224700 0.224700 0.224700 0.224700 0.257300 0.168500 0.168500 0.316400 0.209600 0.167500 0.224700 0.224700 0.224700 0.224700 0.224700 0.162900 0.295600 0.263100
LesserKudu 0.026500 0.263100 0.000000 0.218400 0.026500 0.026500 0.081400 0.026500 0.000000 0.188400 0.025600 0.026500 0.026500 0.026500 0.084800 0.049600 0.142200 0.085200 0.026500 0.000000 0.026500 0.026500 0.151600 0.151600 0.025500 0.105600 0.026500 0.000000 0.053100 0.000000 0.188400 0.026500 0.113400 0.052800 0.026400 0.026500 0.026500 0.026500 0.053100 0.151600 0.151600 0.105600 0.188400 0.151600 0.026500 0.026500 0.026500 0.026500 0.025600 0.085200 0.026200 0.000000
KillerWhal 0.183100 0.096700 0.218400 0.000000 0.183100 0.183100 0.182100 0.183100 0.218400 0.164600 0.183100 0.183100 0.183100 0.183100 0.264400 0.213900 0.119300 0.123600 0.183100 0.218400 0.183100 0.183100 0.127400 0.127400 0.183100 0.204700 0.183100 0.218400 0.213900 0.218400 0.164600 0.183100 0.153900 0.212100 0.183100 0.183100 0.183100 0.183100 0.213900 0.127400 0.127400 0.271300 0.164600 0.127400 0.183100 0.183100 0.183100 0.183100 0.183100 0.123600 0.249300 0.218400
DefassaWat 0.000000 0.224700 0.026500 0.183100 0.000000 0.000000 0.053200 0.000000 0.026500 0.153200 0.000000 0.000000 0.000000 0.000000 0.055300 0.026000 0.111300 0.055600 0.000000 0.026500 0.000000 0.000000 0.118500 0.118500 0.000000 0.077600 0.000000 0.026100 0.026000 0.026500 0.153200 0.000000 0.083200 0.025900 0.000000 0.000000 0.000000 0.000000 0.026000 0.118500 0.118500 0.077600 0.153200 0.118500 0.000000 0.000000 0.000000 0.000000 0.000000 0.055600 0.052900 0.025100
Sheep 0.000000 0.224700 0.026500 0.183100 0.000000 0.000000 0.053200 0.000000 0.026500 0.153200 0.000000 0.000000 0.000000 0.000000 0.055300 0.026000 0.111300 0.055600 0.000000 0.025500 0.000000 0.000000 0.118500 0.118500 0.000000 0.077600 0.000000 0.026500 0.026000 0.025600 0.153200 0.000000 0.083200 0.025900 0.000000 0.000000 0.000000 0.000000 0.026000 0.118500 0.118500 0.077600 0.153200 0.118500 0.000000 0.000000 0.000000 0.000000 0.000000 0.055600 0.052900 0.026500
MaxwellsDu 0.053200 0.223500 0.081400 0.182100 0.053200 0.053200 0.000000 0.053200 0.081600 0.220400 0.053200 0.053200 0.053200 0.053200 0.054900 0.080000 0.110800 0.114100 0.053200 0.081400 0.053200 0.053200 0.182600 0.182600 0.053200 0.077300 0.053200 0.081400 0.080000 0.081400 0.220400 0.053200 0.142300 0.079500 0.053200 0.053200 0.053200 0.053200 0.080000 0.182600 0.182600 0.132600 0.220400 0.182600 0.053200 0.053200 0.053200 0.053200 0.053200 0.114100 0.108500 0.081400
GazellaPrz 0.000000 0.224700 0.026500 0.183100 0.000000 0.000000 0.053200 0.000000 0.026500 0.153200 0.000000 0.000000 0.000000 0.000000 0.055300 0.026000 0.111300 0.055600 0.000000 0.026500 0.000000 0.000000 0.118500 0.118500 0.000000 0.077600 0.000000 0.026500 0.026000 0.026500 0.153200 0.000000 0.083200 0.025900 0.000000 0.000000 0.000000 0.000000 0.026000 0.118500 0.118500 0.077600 0.153200 0.118500 0.000000 0.000000 0.000000 0.000000 0.000000 0.055600 0.052900 0.026500
MountainNy 0.026500 0.263100 0.000000 0.218400 0.026500 0.026500 0.081600 0.026500 0.000000 0.188400 0.026500 0.025800 0.025500 0.026500 0.084800 0.053100 0.142200 0.085200 0.026500 0.000000 0.026500 0.026300 0.151600 0.151600 0.026500 0.105600 0.026500 0.000000 0.053100 0.000000 0.188400 0.026500 0.113400 0.052800 0.025500 0.026500 0.025500 0.026500 0.053100 0.151600 0.151600 0.105600 0.188400 0.151600 0.025700 0.026500 0.025600 0.025600 0.026500 0.085200 0.026200 0.000000
MuntiacusM 0.153200 0.209600 0.188400 0.164600 0.153200 0.153200 0.220400 0.153200 0.188400 0.000000 0.153200 0.153200 0.153200 0.153200 0.233500 0.151600 0.121500 0.093000 0.153200 0.188400 0.153200 0.153200 0.030600 0.030600 0.153200 0.209800 0.153200 0.188400 0.151600 0.188400 0.000000 0.153200 0.123800 0.182100 0.153200 0.153200 0.153200 0.153200 0.151600 0.030600 0.030600 0.209800 0.000000 0.030600 0.153200 0.153200 0.153200 0.153200 0.153200 0.093000 0.220100 0.188400
goat 0.000000 0.224700 0.025600 0.183100 0.000000 0.000000 0.053200 0.000000 0.026500 0.153200 0.000000 0.000000 0.000000 0.000000 0.055300 0.026000 0.111300 0.055600 0.000000 0.026500 0.000000 0.000000 0.118500 0.118500 0.000000 0.077600 0.000000 0.026500 0.026000 0.025200 0.153200 0.000000 0.083200 0.025900 0.000000 0.000000 0.000000 0.000000 0.026000 0.118500 0.118500 0.077600 0.153200 0.118500 0.000000 0.000000 0.000000 0.000000 0.000000 0.055600 0.052900 0.026500
AfricanBuf 0.000000 0.224700 0.026500 0.183100 0.000000 0.000000 0.053200 0.000000 0.025800 0.153200 0.000000 0.000000 0.000000 0.000000 0.055300 0.025600 0.111300 0.055600 0.000000 0.025700 0.000000 0.000000 0.118500 0.118500 0.000000 0.077600 0.000000 0.026500 0.025200 0.026500 0.153200 0.000000 0.083200 0.025200 0.000000 0.000000 0.000000 0.000000 0.026000 0.118500 0.118500 0.077600 0.153200 0.118500 0.000000 0.000000 0.000000 0.000000 0.000000 0.055600 0.052900 0.026500
Topi 0.000000 0.224700 0.026500 0.183100 0.000000 0.000000 0.053200 0.000000 0.025500 0.153200 0.000000 0.000000 0.000000 0.000000 0.055300 0.026000 0.111300 0.055600 0.000000 0.026500 0.000000 0.000000 0.118500 0.118500 0.000000 0.077600 0.000000 0.026500 0.026000 0.026500 0.153200 0.000000 0.083200 0.025900 0.000000 0.000000 0.000000 0.000000 0.026000 0.118500 0.118500 0.077600 0.153200 0.118500 0.000000 0.000000 0.000000 0.000000 0.000000 0.055600 0.052900 0.025500
CommonDuik 0.000000 0.224700 0.026500 0.183100 0.000000 0.000000 0.053200 0.000000 0.026500 0.153200 0.000000 0.000000 0.000000 0.000000 0.055300 0.026000 0.111300 0.055600 0.000000 0.026500 0.000000 0.000000 0.118500 0.118500 0.000000 0.077600 0.000000 0.026500 0.026000 0.026500 0.153200 0.000000 0.083100 0.024800 0.000000 0.000000 0.000000 0.000000 0.025100 0.118500 0.118500 0.077600 0.153200 0.118500 0.000000 0.000000 0.000000 0.000000 0.000000 0.055600 0.052900 0.026500
Suni 0.055300 0.315700 0.084800 0.264400 0.055300 0.055300 0.054900 0.055300 0.084800 0.233500 0.055300 0.055300 0.055300 0.055300 0.000000 0.083300 0.179100 0.119600 0.055300 0.084800 0.055300 0.055300 0.192900 0.192900 0.055300 0.137600 0.055300 0.084800 0.083300 0.084800 0.233500 0.055300 0.149200 0.082500 0.055300 0.055300 0.055300 0.055300 0.083300 0.192900 0.192900 0.137600 0.233500 0.192900 0.055300 0.055300 0.055300 0.055300 0.055300 0.119600 0.113100 0.084800
Springbuck 0.026000 0.257300 0.049600 0.213900 0.026000 0.026000 0.080000 0.026000 0.053100 0.151600 0.026000 0.025600 0.026000 0.026000 0.083300 0.000000 0.139600 0.083600 0.026000 0.053100 0.026000 0.025100 0.148700 0.148700 0.026000 0.050000 0.026000 0.053100 0.000000 0.053100 0.151600 0.026000 0.111400 0.051900 0.026000 0.025000 0.026000 0.026000 0.000000 0.148700 0.148700 0.050000 0.151600 0.148700 0.026000 0.026000 0.026000 0.026000 0.026000 0.083600 0.079800 0.053100
Okapi 0.111300 0.156800 0.142200 0.119300 0.111300 0.111300 0.110800 0.111300 0.142200 0.121500 0.111300 0.111300 0.111300 0.111300 0.179100 0.139600 0.000000 0.056100 0.111300 0.142200 0.111300 0.111300 0.088200 0.088200 0.111300 0.134500 0.111300 0.142200 0.139600 0.142200 0.121500 0.111300 0.084000 0.138600 0.111300 0.111300 0.111300 0.111300 0.139600 0.088200 0.088200 0.193800 0.121500 0.088200 0.111300 0.111300 0.111300 0.111300 0.111300 0.056100 0.170500 0.142200
Giraffe 0.055600 0.162900 0.085200 0.123600 0.055600 0.055600 0.114100 0.055600 0.085200 0.093000 0.055600 0.055600 0.055600 0.055600 0.119600 0.083600 0.056100 0.000000 0.055600 0.085200 0.055600 0.055600 0.060000 0.060000 0.055600 0.137800 0.055600 0.085200 0.083700 0.085200 0.093000 0.055600 0.028000 0.083000 0.055600 0.055600 0.055600 0.055600 0.083600 0.060000 0.060000 0.137800 0.093000 0.060000 0.055600 0.055600 0.055600 0.055600 0.055600 0.000000 0.113400 0.085200
TibetanAnt 0.000000 0.224700 0.026500 0.183100 0.000000 0.000000 0.053200 0.000000 0.026500 0.153200 0.000000 0.000000 0.000000 0.000000 0.055300 0.026000 0.111300 0.055600 0.000000 0.026500 0.000000 0.000000 0.118500 0.118500 0.000000 0.077600 0.000000 0.025600 0.026000 0.025500 0.153200 0.000000 0.083200 0.025900 0.000000 0.000000 0.000000 0.000000 0.026000 0.118500 0.118500 0.077600 0.153200 0.118500 0.000000 0.000000 0.000000 0.000000 0.000000 0.055600 0.052900 0.026500
Sitatunga 0.026500 0.263100 0.000000 0.218400 0.026500 0.025500 0.081400 0.026500 0.000000 0.188400 0.026500 0.025700 0.026500 0.026500 0.084800 0.053100 0.142200 0.085200 0.026500 0.000000 0.026500 0.026300 0.151600 0.151600 0.026500 0.105600 0.025300 0.000000 0.053100 0.000000 0.188400 0.025100 0.113400 0.052800 0.026500 0.026500 0.026500 0.026500 0.053100 0.151600 0.151600 0.105600 0.188400 0.151400 0.026500 0.025200 0.025200 0.026500 0.026500 0.085200 0.026200 0.000000
Oribi 0.000000 0.224700 0.026500 0.183100 0.000000 0.000000 0.053200 0.000000 0.026500 0.153200 0.000000 0.000000 0.000000 0.000000 0.055300 0.026000 0.111300 0.055600 0.000000 0.026500 0.000000 0.000000 0.118500 0.118500 0.000000 0.077600 0.000000 0.026500 0.026000 0.025500 0.153200 0.000000 0.083200 0.025900 0.000000 0.000000 0.000000 0.000000 0.026000 0.118500 0.118500 0.077600 0.153200 0.118500 0.000000 0.000000 0.000000 0.000000 0.000000 0.055600 0.052900 0.026500
BarbaryShe 0.000000 0.224700 0.026500 0.183100 0.000000 0.000000 0.053200 0.000000 0.026300 0.153200 0.000000 0.000000 0.000000 0.000000 0.055300 0.025100 0.111300 0.055600 0.000000 0.026300 0.000000 0.000000 0.118500 0.118500 0.000000 0.077600 0.000000 0.026500 0.026000 0.026500 0.153200 0.000000 0.083200 0.025900 0.000000 0.000000 0.000000 0.000000 0.026000 0.118500 0.118500 0.077600 0.153200 0.118500 0.000000 0.000000 0.000000 0.000000 0.000000 0.055600 0.052900 0.026500
Daviddeer 0.118500 0.168500 0.151600 0.127400 0.118500 0.118500 0.182600 0.118500 0.151600 0.030600 0.118500 0.118500 0.118500 0.118500 0.192900 0.148700 0.088200 0.060000 0.118500 0.151600 0.118500 0.118500 0.000000 0.000000 0.118500 0.205700 0.118500 0.151600 0.148700 0.151600 0.030600 0.118500 0.089700 0.146900 0.118500 0.118500 0.118500 0.118500 0.148700 0.000000 0.000000 0.205700 0.030600 0.000000 0.118500 0.118500 0.118500 0.118500 0.118500 0.060000 0.181900 0.151600
Reindeer 0.118500 0.168500 0.151600 0.127400 0.118500 0.118500 0.182600 0.118500 0.151600 0.030600 0.118500 0.118500 0.118500 0.118500 0.192900 0.148700 0.088200 0.060000 0.118500 0.151600 0.118500 0.118500 0.000000 0.000000 0.118500 0.205700 0.118500 0.151600 0.148700 0.151600 0.030600 0.118500 0.089700 0.146900 0.118500 0.118500 0.118500 0.118500 0.148700 0.000000 0.000000 0.205700 0.030600 0.000000 0.118500 0.118500 0.117700 0.118500 0.118500 0.060000 0.181900 0.151600
Ibex 0.000000 0.224700 0.025500 0.183100 0.000000 0.000000 0.053200 0.000000 0.026500 0.153200 0.000000 0.000000 0.000000 0.000000 0.055300 0.026000 0.111300 0.055600 0.000000 0.026500 0.000000 0.000000 0.118500 0.118500 0.000000 0.077600 0.000000 0.026500 0.026000 0.025300 0.153200 0.000000 0.083200 0.024800 0.000000 0.000000 0.000000 0.000000 0.024900 0.118500 0.118500 0.077600 0.153200 0.118500 0.000000 0.000000 0.000000 0.000000 0.000000 0.055600 0.052900 0.025400
GyrantGaze 0.077600 0.245100 0.105600 0.204700 0.077600 0.077600 0.077300 0.077600 0.105600 0.209800 0.077600 0.077600 0.077600 0.077600 0.137600 0.050000 0.134500 0.137800 0.077600 0.105600 0.077600 0.077600 0.205700 0.205700 0.077600 0.000000 0.077600 0.105600 0.050000 0.105600 0.209800 0.077600 0.165500 0.103300 0.077600 0.077600 0.077600 0.077600 0.050000 0.205700 0.205700 0.048600 0.209800 0.205700 0.077600 0.077600 0.077600 0.077600 0.077600 0.137800 0.132300 0.105600
Hartebeest 0.000000 0.224700 0.026500 0.183100 0.000000 0.000000 0.053200 0.000000 0.026500 0.153200 0.000000 0.000000 0.000000 0.000000 0.055300 0.026000 0.111300 0.055600 0.000000 0.025300 0.000000 0.000000 0.118500 0.118500 0.000000 0.077600 0.000000 0.026500 0.026000 0.026500 0.153200 0.000000 0.083200 0.025900 0.000000 0.000000 0.000000 0.000000 0.026000 0.118500 0.118500 0.077600 0.153200 0.118500 0.000000 0.000000 0.000000 0.000000 0.000000 0.055600 0.052900 0.026500
Bongo 0.026500 0.263100 0.000000 0.218400 0.026100 0.026500 0.081400 0.026500 0.000000 0.188400 0.026500 0.026500 0.026500 0.026500 0.084800 0.053100 0.142200 0.085200 0.025600 0.000000 0.026500 0.026500 0.151600 0.151600 0.026500 0.105600 0.026500 0.000000 0.053100 0.000000 0.188400 0.026500 0.113400 0.052800 0.026500 0.026500 0.026500 0.026500 0.053100 0.151600 0.151600 0.105600 0.188400 0.151600 0.026500 0.025300 0.026500 0.026500 0.026500 0.085200 0.026200 0.000000
Gerenuk 0.026000 0.257300 0.053100 0.213900 0.026000 0.026000 0.080000 0.026000 0.053100 0.151600 0.026000 0.025200 0.026000 0.026000 0.083300 0.000000 0.139600 0.083700 0.026000 0.053100 0.026000 0.026000 0.148700 0.148700 0.026000 0.050000 0.026000 0.053100 0.000000 0.053100 0.151600 0.024800 0.111400 0.051900 0.026000 0.025200 0.026000 0.026000 0.000000 0.148700 0.148700 0.050000 0.151600 0.148700 0.026000 0.026000 0.025700 0.026000 0.026000 0.083600 0.079800 0.053100
CommonElan 0.026500 0.263100 0.000000 0.218400 0.026500 0.025600 0.081400 0.026500 0.000000 0.188400 0.025200 0.026500 0.026500 0.026500 0.084800 0.053100 0.142200 0.085200 0.025500 0.000000 0.025500 0.026500 0.151600 0.151600 0.025300 0.105600 0.026500 0.000000 0.053100 0.000000 0.188400 0.025400 0.113400 0.052800 0.026500 0.026500 0.026500 0.026500 0.053100 0.151600 0.151600 0.105600 0.188400 0.151600 0.026500 0.026500 0.026500 0.026500 0.026500 0.085200 0.026200 0.000000
MuntiacusR 0.153200 0.209600 0.188400 0.164600 0.153200 0.153200 0.220400 0.153200 0.188400 0.000000 0.153200 0.153200 0.153200 0.153200 0.233500 0.151600 0.121500 0.093000 0.153200 0.188400 0.153200 0.153200 0.030600 0.030600 0.153200 0.209800 0.153200 0.188400 0.151600 0.188400 0.000000 0.153200 0.123800 0.182100 0.153200 0.153200 0.153200 0.153200 0.151600 0.030600 0.030600 0.209800 0.000000 0.030600 0.153200 0.153200 0.153200 0.153200 0.153200 0.093000 0.220100 0.188400
HarveysDui 0.000000 0.224700 0.026500 0.183100 0.000000 0.000000 0.053200 0.000000 0.026500 0.153200 0.000000 0.000000 0.000000 0.000000 0.055300 0.026000 0.111300 0.055600 0.000000 0.025100 0.000000 0.000000 0.118500 0.118500 0.000000 0.077600 0.000000 0.026500 0.024800 0.025400 0.153200 0.000000 0.083200 0.025900 0.000000 0.000000 0.000000 0.000000 0.026000 0.118500 0.118500 0.077600 0.153200 0.118500 0.000000 0.000000 0.000000 0.000000 0.000000 0.055600 0.052900 0.026500
Pronghorn 0.083200 0.194700 0.113400 0.153900 0.083200 0.083200 0.142300 0.083200 0.113400 0.123800 0.083200 0.083200 0.083200 0.083100 0.149200 0.111400 0.084000 0.028000 0.083200 0.113400 0.083200 0.083200 0.089700 0.089700 0.083200 0.165500 0.083200 0.113400 0.111400 0.113400 0.123800 0.083200 0.000000 0.110400 0.083200 0.083200 0.083200 0.083200 0.111400 0.089700 0.089700 0.165500 0.123800 0.089700 0.083200 0.083200 0.083200 0.083200 0.083200 0.028000 0.141700 0.113400
BlueWildeb 0.025900 0.254500 0.052800 0.212100 0.025900 0.025900 0.079500 0.025900 0.052800 0.182100 0.025900 0.025200 0.025900 0.024800 0.082500 0.051900 0.138600 0.083000 0.025900 0.052800 0.025900 0.025900 0.146900 0.146900 0.024800 0.103300 0.025900 0.052800 0.051900 0.052800 0.182100 0.025900 0.110400 0.000000 0.025900 0.024800 0.025200 0.025900 0.051900 0.146900 0.146900 0.103300 0.182100 0.146900 0.025900 0.025900 0.025900 0.025900 0.025900 0.083000 0.079100 0.052800
Gemsbok 0.000000 0.224700 0.026400 0.183100 0.000000 0.000000 0.053200 0.000000 0.025500 0.153200 0.000000 0.000000 0.000000 0.000000 0.055300 0.026000 0.111300 0.055600 0.000000 0.026500 0.000000 0.000000 0.118500 0.118500 0.000000 0.077600 0.000000 0.026500 0.026000 0.026500 0.153200 0.000000 0.083200 0.025900 0.000000 0.000000 0.000000 0.000000 0.024800 0.118500 0.118500 0.077600 0.153200 0.118500 0.000000 0.000000 0.000000 0.000000 0.000000 0.055600 0.052900 0.025600
Yak 0.000000 0.224700 0.026500 0.183100 0.000000 0.000000 0.053200 0.000000 0.026500 0.153200 0.000000 0.000000 0.000000 0.000000 0.055300 0.025000 0.111300 0.055600 0.000000 0.026500 0.000000 0.000000 0.118500 0.118500 0.000000 0.077600 0.000000 0.026500 0.025200 0.026500 0.153200 0.000000 0.083200 0.024800 0.000000 0.000000 0.000000 0.000000 0.026000 0.118500 0.118500 0.077600 0.153200 0.118500 0.000000 0.000000 0.000000 0.000000 0.000000 0.055600 0.052900 0.026500
BlueSheep 0.000000 0.224700 0.026500 0.183100 0.000000 0.000000 0.053200 0.000000 0.025500 0.153200 0.000000 0.000000 0.000000 0.000000 0.055300 0.026000 0.111300 0.055600 0.000000 0.026500 0.000000 0.000000 0.118500 0.118500 0.000000 0.077600 0.000000 0.026500 0.026000 0.026500 0.153200 0.000000 0.083200 0.025200 0.000000 0.000000 0.000000 0.000000 0.026000 0.118500 0.118500 0.077600 0.153200 0.118500 0.000000 0.000000 0.000000 0.000000 0.000000 0.055600 0.052900 0.026500
BohorReedb 0.000000 0.224700 0.026500 0.183100 0.000000 0.000000 0.053200 0.000000 0.026500 0.153200 0.000000 0.000000 0.000000 0.000000 0.055300 0.026000 0.111300 0.055600 0.000000 0.026500 0.000000 0.000000 0.118500 0.118500 0.000000 0.077600 0.000000 0.026500 0.026000 0.026500 0.153200 0.000000 0.083200 0.025900 0.000000 0.000000 0.000000 0.000000 0.026000 0.118500 0.118500 0.077600 0.153200 0.118500 0.000000 0.000000 0.000000 0.000000 0.000000 0.055600 0.052900 0.026500
KirksDik 0.026000 0.257300 0.053100 0.213900 0.026000 0.026000 0.080000 0.026000 0.053100 0.151600 0.026000 0.026000 0.026000 0.025100 0.083300 0.000000 0.139600 0.083600 0.026000 0.053100 0.026000 0.026000 0.148700 0.148700 0.024900 0.050000 0.026000 0.053100 0.000000 0.053100 0.151600 0.026000 0.111400 0.051900 0.024800 0.026000 0.026000 0.026000 0.000000 0.148700 0.148700 0.050000 0.151600 0.148700 0.026000 0.026000 0.026000 0.025100 0.025100 0.083600 0.079800 0.053100
RoeDeer 0.118500 0.168500 0.151600 0.127400 0.118500 0.118500 0.182600 0.118500 0.151600 0.030600 0.118500 0.118500 0.118500 0.118500 0.192900 0.148700 0.088200 0.060000 0.118500 0.151600 0.118500 0.118500 0.000000 0.000000 0.118500 0.205700 0.118500 0.151600 0.148700 0.151600 0.030600 0.118500 0.089700 0.146900 0.118500 0.118500 0.118500 0.118500 0.148700 0.000000 0.000000 0.205700 0.030600 0.000000 0.118500 0.118500 0.118500 0.118500 0.118500 0.060000 0.181900 0.151600
WhiteLippe 0.118500 0.168500 0.151600 0.127400 0.118500 0.118500 0.182600 0.118500 0.151600 0.030600 0.118500 0.118500 0.118500 0.118500 0.192900 0.148700 0.088200 0.060000 0.118500 0.151600 0.118500 0.118500 0.000000 0.000000 0.118500 0.205700 0.118500 0.151600 0.148700 0.151600 0.030600 0.118500 0.089700 0.146900 0.118500 0.118500 0.118500 0.118500 0.148700 0.000000 0.000000 0.205700 0.030600 0.000000 0.118500 0.117600 0.118500 0.118500 0.118500 0.060000 0.181900 0.151600
ThomsonGaz 0.077600 0.316400 0.105600 0.271300 0.077600 0.077600 0.132600 0.077600 0.105600 0.209800 0.077600 0.077600 0.077600 0.077600 0.137600 0.050000 0.193800 0.137800 0.077600 0.105600 0.077600 0.077600 0.205700 0.205700 0.077600 0.048600 0.077600 0.105600 0.050000 0.105600 0.209800 0.077600 0.165500 0.103300 0.077600 0.077600 0.077600 0.077600 0.050000 0.205700 0.205700 0.000000 0.209800 0.205700 0.077600 0.077600 0.077600 0.077600 0.077600 0.137800 0.132300 0.105600
MuntiacusC 0.153200 0.209600 0.188400 0.164600 0.153200 0.153200 0.220400 0.153200 0.188400 0.000000 0.153200 0.153200 0.153200 0.153200 0.233500 0.151600 0.121500 0.093000 0.153200 0.188400 0.153200 0.153200 0.030600 0.030600 0.153200 0.209800 0.153200 0.188400 0.151600 0.188400 0.000000 0.153200 0.123800 0.182100 0.153200 0.153200 0.153200 0.153200 0.151600 0.030600 0.030600 0.209800 0.000000 0.030600 0.153200 0.153200 0.153200 0.153200 0.153200 0.093000 0.220100 0.188400
WhiteTaile 0.118500 0.167500 0.151600 0.127400 0.118500 0.118500 0.182600 0.118500 0.151600 0.030600 0.118500 0.118500 0.118500 0.118500 0.192900 0.148700 0.088200 0.060000 0.118500 0.151400 0.118500 0.118500 0.000000 0.000000 0.118500 0.205700 0.118500 0.151600 0.148700 0.151600 0.030600 0.118500 0.089700 0.146900 0.118500 0.118500 0.118500 0.118500 0.148700 0.000000 0.000000 0.205700 0.030600 0.000000 0.118500 0.118500 0.118500 0.118500 0.118500 0.060000 0.181900 0.151600
Cattle 0.000000 0.224700 0.026500 0.183100 0.000000 0.000000 0.053200 0.000000 0.025700 0.153200 0.000000 0.000000 0.000000 0.000000 0.055300 0.026000 0.111300 0.055600 0.000000 0.026500 0.000000 0.000000 0.118500 0.118500 0.000000 0.077600 0.000000 0.026500 0.026000 0.026500 0.153200 0.000000 0.083200 0.025900 0.000000 0.000000 0.000000 0.000000 0.026000 0.118500 0.118500 0.077600 0.153200 0.118500 0.000000 0.000000 0.000000 0.000000 0.000000 0.055600 0.052900 0.026500
RoyalAntel 0.000000 0.224700 0.026500 0.183100 0.000000 0.000000 0.053200 0.000000 0.026500 0.153200 0.000000 0.000000 0.000000 0.000000 0.055300 0.026000 0.111300 0.055600 0.000000 0.025200 0.000000 0.000000 0.118500 0.118500 0.000000 0.077600 0.000000 0.025300 0.026000 0.026500 0.153200 0.000000 0.083200 0.025900 0.000000 0.000000 0.000000 0.000000 0.026000 0.118500 0.117600 0.077600 0.153200 0.118500 0.000000 0.000000 0.000000 0.000000 0.000000 0.055600 0.052900 0.026500
Steenbok 0.000000 0.224700 0.026500 0.183100 0.000000 0.000000 0.053200 0.000000 0.025600 0.153200 0.000000 0.000000 0.000000 0.000000 0.055300 0.026000 0.111300 0.055600 0.000000 0.025200 0.000000 0.000000 0.118500 0.117700 0.000000 0.077600 0.000000 0.026500 0.025700 0.026500 0.153200 0.000000 0.083200 0.025900 0.000000 0.000000 0.000000 0.000000 0.026000 0.118500 0.118500 0.077600 0.153200 0.118500 0.000000 0.000000 0.000000 0.000000 0.000000 0.055600 0.052900 0.026500
Impala 0.000000 0.224700 0.026500 0.183100 0.000000 0.000000 0.053200 0.000000 0.025600 0.153200 0.000000 0.000000 0.000000 0.000000 0.055300 0.026000 0.111300 0.055600 0.000000 0.026500 0.000000 0.000000 0.118500 0.118500 0.000000 0.077600 0.000000 0.026500 0.026000 0.026500 0.153200 0.000000 0.083200 0.025900 0.000000 0.000000 0.000000 0.000000 0.025100 0.118500 0.118500 0.077600 0.153200 0.118500 0.000000 0.000000 0.000000 0.000000 0.000000 0.055600 0.052900 0.025400
Klipspring 0.000000 0.224700 0.025600 0.183100 0.000000 0.000000 0.053200 0.000000 0.026500 0.153200 0.000000 0.000000 0.000000 0.000000 0.055300 0.026000 0.111300 0.055600 0.000000 0.026500 0.000000 0.000000 0.118500 0.118500 0.000000 0.077600 0.000000 0.026500 0.026000 0.026500 0.153200 0.000000 0.083200 0.025900 0.000000 0.000000 0.000000 0.000000 0.025100 0.118500 0.118500 0.077600 0.153200 0.118500 0.000000 0.000000 0.000000 0.000000 0.000000 0.055600 0.052900 0.026500
ForestMusk 0.055600 0.162900 0.085200 0.123600 0.055600 0.055600 0.114100 0.055600 0.085200 0.093000 0.055600 0.055600 0.055600 0.055600 0.119600 0.083600 0.056100 0.000000 0.055600 0.085200 0.055600 0.055600 0.060000 0.060000 0.055600 0.137800 0.055600 0.085200 0.083600 0.085200 0.093000 0.055600 0.028000 0.083000 0.055600 0.055600 0.055600 0.055600 0.083600 0.060000 0.060000 0.137800 0.093000 0.060000 0.055600 0.055600 0.055600 0.055600 0.055600 0.000000 0.113400 0.085200
Bushbuck 0.052900 0.295600 0.026200 0.249300 0.052900 0.052900 0.108500 0.052900 0.026200 0.220100 0.052900 0.052900 0.052900 0.052900 0.113100 0.079800 0.170500 0.113400 0.052900 0.026200 0.052900 0.052900 0.181900 0.181900 0.052900 0.132300 0.052900 0.026200 0.079800 0.026200 0.220100 0.052900 0.141700 0.079100 0.052900 0.052900 0.052900 0.052900 0.079800 0.181900 0.181900 0.132300 0.220100 0.181900 0.052900 0.052900 0.052900 0.052900 0.052900 0.113400 0.000000 0.026200
GreaterKud 0.026500 0.263100 0.000000 0.218400 0.025100 0.026500 0.081400 0.026500 0.000000 0.188400 0.026500 0.026500 0.025500 0.026500 0.084800 0.053100 0.142200 0.085200 0.026500 0.000000 0.026500 0.026500 0.151600 0.151600 0.025400 0.105600 0.026500 0.000000 0.053100 0.000000 0.188400 0.026500 0.113400 0.052800 0.025600 0.026500 0.026500 0.026500 0.053100 0.151600 0.151600 0.105600 0.188400 0.151600 0.026500 0.026500 0.026500 0.025400 0.026500 0.085200 0.026200 0.000000
