1
52 1
Argali 0.000000 0.275400 0.082800 0.176900 0.058500 0.042700 0.028600 0.029000 0.097400 0.098100 0.021300 0.035900 0.036000 0.043500 0.028600 0.028900 0.082600 0.099100 0.050700 0.097200 0.036200 0.021000 0.098400 0.082200 0.014100 0.028800 0.043600 0.096800 0.021500 0.089000 0.089800 0.035800 0.141200 0.028700 0.043200 0.036200 0.028400 0.058500 0.066400 0.082200 0.115400 0.051600 0.089800 0.113000 0.036100 0.081000 0.051400 0.081600 0.081100 0.096400 0.089600 0.089400
LesserMous 0.275400 0.000000 0.321100 0.194400 0.287300 0.292200 0.267300 0.261000 0.316200 0.255800 0.275600 0.272800 0.250900 0.288100 0.266700 0.289100 0.274600 0.296800 0.296900 0.316000 0.279800 0.303200 0.315200 0.275600 0.264900 0.278800 0.242200 0.294500 0.278300 0.304500 0.245400 0.276000 0.309200 0.243000 0.246000 0.275800 0.292700 0.287500 0.320700 0.255200 0.339300 0.290800 0.245400 0.290300 0.275800 0.296700 0.302000 0.306900 0.296400 0.292000 0.327300 0.326400
LesserKudu 0.082800 0.321100 0.000000 0.285000 0.067900 0.113900 0.067500 0.068500 0.059400 0.124500 0.075100 0.059100 0.059900 0.083800 0.067700 0.084100 0.125100 0.143100 0.091300 0.074700 0.076200 0.105700 0.125100 0.107900 0.067000 0.084000 0.052400 0.089900 0.075800 0.066700 0.115700 0.075100 0.153200 0.052300 0.067400 0.059600 0.098600 0.084000 0.108600 0.107900 0.126000 0.109600 0.115700 0.122900 0.051700 0.123700 0.092900 0.124500 0.107500 0.106500 0.067200 0.067000
KillerWhal 0.176900 0.194400 0.285000 0.000000 0.233500 0.192900 0.214700 0.217200 0.280500 0.222800 0.204400 0.221600 0.205500 0.215000 0.214300 0.216200 0.205100 0.205700 0.223300 0.260300 0.225900 0.202100 0.242300 0.222800 0.194600 0.216200 0.215400 0.259900 0.206100 0.269600 0.212900 0.223100 0.235700 0.215200 0.213700 0.222900 0.203400 0.233800 0.244600 0.203800 0.263600 0.208100 0.212900 0.258000 0.222800 0.242100 0.236200 0.233500 0.261700 0.258600 0.291300 0.290500
DefassaWat 0.058500 0.287300 0.067900 0.233500 0.000000 0.088500 0.043700 0.044300 0.082600 0.099200 0.051000 0.051200 0.066700 0.059100 0.043800 0.059400 0.099500 0.116700 0.066500 0.082300 0.051700 0.080700 0.083500 0.067400 0.043400 0.059300 0.059300 0.097600 0.051500 0.074200 0.090800 0.051000 0.125800 0.043900 0.043600 0.051600 0.073600 0.029100 0.082700 0.051900 0.100300 0.083500 0.090800 0.098100 0.043900 0.081700 0.067500 0.082300 0.097700 0.097600 0.074800 0.074600
Sheep 0.042700 0.292200 0.113900 0.192900 0.088500 0.000000 0.072900 0.073800 0.145300 0.146300 0.064800 0.080500 0.065400 0.088600 0.072900 0.073500 0.113800 0.130900 0.095900 0.145100 0.081200 0.049500 0.146900 0.129700 0.057200 0.073400 0.073300 0.144400 0.065600 0.136300 0.137500 0.080200 0.139400 0.073100 0.072600 0.081100 0.072400 0.088600 0.112800 0.113200 0.147700 0.097600 0.137500 0.145000 0.081000 0.111600 0.097400 0.112300 0.127900 0.144400 0.137200 0.136900
MaxwellsDu 0.028600 0.267300 0.067500 0.214700 0.043700 0.072900 0.000000 0.014400 0.082100 0.082700 0.021400 0.021500 0.036200 0.028900 0.014300 0.029000 0.067300 0.083500 0.028700 0.081900 0.021700 0.050200 0.083000 0.067000 0.014100 0.029000 0.028900 0.081500 0.021600 0.073900 0.074500 0.021300 0.125100 0.014300 0.028600 0.021600 0.043200 0.043600 0.051400 0.067000 0.099600 0.051900 0.074500 0.097500 0.021600 0.066000 0.036600 0.066400 0.066100 0.081300 0.074400 0.074200
GazellaPrz 0.029000 0.261000 0.068500 0.217200 0.044300 0.073800 0.014400 0.000000 0.083300 0.083700 0.021700 0.021800 0.036700 0.029300 0.014500 0.014400 0.068200 0.084600 0.036600 0.083000 0.007200 0.050800 0.084100 0.067900 0.014300 0.014400 0.029300 0.082600 0.007100 0.074900 0.075500 0.021700 0.126900 0.014500 0.029100 0.021900 0.043800 0.044400 0.036500 0.067900 0.101000 0.036800 0.075500 0.098800 0.021900 0.066800 0.021800 0.067300 0.059300 0.082200 0.075400 0.075200
MountainNy 0.097400 0.316200 0.059400 0.280500 0.082600 0.145300 0.082100 0.083300 0.000000 0.122600 0.089600 0.073600 0.090200 0.098500 0.082300 0.098800 0.140000 0.158100 0.106000 0.028700 0.090900 0.120400 0.139800 0.122600 0.081500 0.098800 0.082700 0.043200 0.090500 0.021300 0.114000 0.089700 0.168100 0.066800 0.081900 0.074100 0.113200 0.098700 0.123400 0.122600 0.158100 0.124500 0.114000 0.137700 0.066200 0.138600 0.107700 0.139500 0.122100 0.121100 0.036200 0.036000
MuntiacusM 0.098100 0.255800 0.124500 0.222800 0.099200 0.146300 0.082700 0.083700 0.122600 0.000000 0.090200 0.089600 0.090700 0.099100 0.082700 0.099400 0.090700 0.106500 0.090600 0.122500 0.091400 0.121200 0.043600 0.043600 0.082000 0.099400 0.083100 0.138300 0.091000 0.113900 0.006800 0.090200 0.150800 0.083000 0.098400 0.089600 0.113900 0.099200 0.124100 0.043600 0.059100 0.108300 0.007000 0.066200 0.090100 0.122900 0.108300 0.139700 0.123000 0.089100 0.131300 0.130800
goat 0.021300 0.275600 0.075100 0.204400 0.051000 0.064800 0.021400 0.021700 0.089600 0.090200 0.000000 0.028600 0.043500 0.036100 0.021400 0.036300 0.074800 0.091100 0.043300 0.089400 0.028900 0.042700 0.090500 0.074500 0.006800 0.036200 0.036200 0.089000 0.028800 0.081300 0.082000 0.028500 0.133000 0.021500 0.035900 0.028900 0.035700 0.036100 0.058800 0.074500 0.107300 0.059300 0.082000 0.105100 0.028800 0.073400 0.044000 0.073800 0.073500 0.088700 0.081900 0.081700
AfricanBuf 0.035900 0.272800 0.059100 0.221600 0.051200 0.080500 0.021500 0.021800 0.073600 0.089600 0.028600 0.000000 0.043600 0.036300 0.021500 0.036400 0.074300 0.090500 0.043500 0.073400 0.029000 0.057600 0.089900 0.074000 0.021300 0.036400 0.036300 0.073000 0.028900 0.065500 0.081500 0.028600 0.132100 0.021600 0.036000 0.014200 0.050600 0.051300 0.059000 0.074000 0.106700 0.059500 0.081500 0.104400 0.014200 0.073700 0.044200 0.074100 0.073800 0.088400 0.066000 0.065800
Topi 0.036000 0.250900 0.059900 0.205500 0.066700 0.065400 0.036200 0.036700 0.090200 0.090700 0.043500 0.043600 0.000000 0.051400 0.036300 0.036500 0.090600 0.107100 0.058700 0.090000 0.044000 0.057800 0.106700 0.074900 0.035900 0.036500 0.006900 0.089600 0.029000 0.081800 0.082500 0.043500 0.168800 0.021600 0.036100 0.044000 0.050800 0.066700 0.074700 0.074900 0.107500 0.044400 0.082500 0.089300 0.043900 0.089500 0.059600 0.090000 0.074000 0.073300 0.082500 0.082200
CommonDuik 0.043500 0.288100 0.083800 0.215000 0.059100 0.088600 0.028900 0.029300 0.098500 0.099100 0.036100 0.036300 0.051400 0.000000 0.028900 0.044100 0.083400 0.083900 0.051200 0.082200 0.036600 0.065400 0.099500 0.083100 0.028700 0.044100 0.044000 0.097700 0.036500 0.089900 0.090700 0.021400 0.125700 0.029000 0.043700 0.036600 0.058400 0.059200 0.067000 0.083100 0.116700 0.067700 0.090700 0.114100 0.036500 0.081800 0.044400 0.082300 0.082000 0.081700 0.090600 0.090300
Suni 0.028600 0.266700 0.067700 0.214300 0.043800 0.072900 0.014300 0.014500 0.082300 0.082700 0.021400 0.021500 0.036300 0.028900 0.000000 0.029100 0.067400 0.083600 0.036100 0.082000 0.021700 0.050200 0.083000 0.067100 0.014200 0.029000 0.029000 0.081600 0.021600 0.074000 0.074600 0.021400 0.125300 0.014300 0.028700 0.021700 0.043200 0.043800 0.051500 0.067100 0.099800 0.052000 0.074600 0.097600 0.021600 0.066000 0.036700 0.066500 0.066200 0.081500 0.074500 0.074300
Springbuck 0.028900 0.289100 0.084100 0.216200 0.059400 0.073500 0.029000 0.014400 0.098800 0.099400 0.036300 0.036400 0.036500 0.044100 0.029100 0.000000 0.083700 0.100500 0.051400 0.098600 0.021600 0.050600 0.099800 0.083300 0.028800 0.014300 0.044200 0.098100 0.007100 0.090200 0.091000 0.036300 0.143500 0.029100 0.043800 0.036700 0.043600 0.059400 0.051100 0.083400 0.117100 0.036700 0.091000 0.114500 0.036600 0.082100 0.036600 0.082600 0.082300 0.098000 0.090900 0.090600
Okapi 0.082600 0.274600 0.125100 0.205100 0.099500 0.113800 0.067300 0.068200 0.140000 0.090700 0.074800 0.074300 0.090600 0.083400 0.067400 0.083700 0.000000 0.029000 0.090900 0.139700 0.075800 0.105500 0.091000 0.074900 0.066800 0.083700 0.082900 0.139000 0.075500 0.130800 0.082400 0.074800 0.134000 0.067500 0.082800 0.074900 0.098200 0.099600 0.108100 0.074900 0.108000 0.092400 0.082400 0.121700 0.074700 0.107000 0.092400 0.124200 0.123600 0.105700 0.131800 0.131400
Giraffe 0.099100 0.296800 0.143100 0.205700 0.116700 0.130900 0.083500 0.084600 0.158100 0.106500 0.091100 0.090500 0.107100 0.083900 0.083600 0.100500 0.029000 0.000000 0.107700 0.140400 0.092400 0.122400 0.107100 0.091300 0.082800 0.100400 0.099200 0.157000 0.092000 0.148500 0.097900 0.091100 0.134800 0.083800 0.099400 0.091300 0.115100 0.116800 0.125600 0.091300 0.124900 0.109600 0.097900 0.138900 0.091100 0.124200 0.101000 0.142000 0.141300 0.106100 0.149800 0.149300
TibetanAnt 0.050700 0.296900 0.091300 0.223300 0.066500 0.095900 0.028700 0.036600 0.106000 0.090600 0.043300 0.043500 0.058700 0.051200 0.036100 0.051400 0.090900 0.107700 0.000000 0.105700 0.043900 0.072600 0.090900 0.074800 0.035800 0.051400 0.051300 0.105200 0.043700 0.097300 0.082300 0.043300 0.133600 0.036200 0.050900 0.043800 0.065600 0.066500 0.059000 0.074800 0.107800 0.059600 0.082300 0.105500 0.043800 0.089100 0.059400 0.074100 0.073800 0.105000 0.098100 0.097800
Sitatunga 0.097200 0.316000 0.074700 0.260300 0.082300 0.145100 0.081900 0.083000 0.028700 0.122500 0.089400 0.073400 0.090000 0.082200 0.082000 0.098600 0.139700 0.140400 0.105700 0.000000 0.090600 0.120100 0.139700 0.122500 0.081300 0.098500 0.082500 0.028300 0.090200 0.007000 0.113900 0.089400 0.167500 0.066600 0.081700 0.073900 0.112900 0.098400 0.106500 0.122500 0.157900 0.124100 0.113900 0.137500 0.066000 0.138300 0.099100 0.139200 0.121800 0.120800 0.021300 0.020700
Oribi 0.036200 0.279800 0.076200 0.225900 0.051700 0.081200 0.021700 0.007200 0.090900 0.091400 0.028900 0.029000 0.044000 0.036600 0.021700 0.021600 0.075800 0.092400 0.043900 0.090600 0.000000 0.058100 0.091800 0.075500 0.021500 0.020800 0.036700 0.090200 0.014300 0.082400 0.083100 0.028900 0.134900 0.021800 0.036400 0.029200 0.051100 0.051800 0.043700 0.075500 0.108900 0.044200 0.083100 0.106500 0.029200 0.074300 0.029100 0.074800 0.074500 0.090000 0.083000 0.082800
BarbaryShe 0.021000 0.303200 0.105700 0.202100 0.080700 0.049500 0.050200 0.050800 0.120400 0.121200 0.042700 0.057600 0.057800 0.065400 0.050200 0.050600 0.105500 0.122400 0.072600 0.120100 0.058100 0.000000 0.121600 0.105100 0.035300 0.050600 0.065500 0.119600 0.043100 0.111700 0.112700 0.057400 0.147900 0.050400 0.065000 0.058100 0.049900 0.080700 0.088800 0.105100 0.139000 0.073900 0.112700 0.128100 0.058000 0.103500 0.073700 0.104200 0.095800 0.119300 0.112500 0.112200
Daviddeer 0.098400 0.315200 0.125100 0.242300 0.083500 0.146900 0.083000 0.084100 0.139800 0.043600 0.090500 0.089900 0.106700 0.099500 0.083000 0.099800 0.091000 0.107100 0.090900 0.139700 0.091800 0.121600 0.000000 0.014300 0.082300 0.099700 0.098900 0.155700 0.091300 0.130800 0.036100 0.090500 0.151500 0.083300 0.098800 0.089900 0.114300 0.083600 0.124600 0.028900 0.014400 0.108800 0.036100 0.050900 0.090500 0.123300 0.108700 0.140200 0.123500 0.089300 0.131800 0.131400
Reindeer 0.082200 0.275600 0.107900 0.222800 0.067400 0.129700 0.067000 0.067900 0.122600 0.043600 0.074500 0.074000 0.074900 0.083100 0.067100 0.083300 0.074900 0.091300 0.074800 0.122500 0.075500 0.105100 0.014300 0.000000 0.066500 0.083300 0.067400 0.138300 0.075100 0.113900 0.036000 0.074500 0.133600 0.067300 0.082500 0.074600 0.097800 0.067500 0.107600 0.014200 0.029100 0.092000 0.036000 0.021500 0.074400 0.106500 0.091900 0.123700 0.106600 0.089300 0.114700 0.114400
Ibex 0.014100 0.264900 0.067000 0.194600 0.043400 0.057200 0.014100 0.014300 0.081500 0.082000 0.006800 0.021300 0.035900 0.028700 0.014200 0.028800 0.066800 0.082800 0.035800 0.081300 0.021500 0.035300 0.082300 0.066500 0.000000 0.028800 0.028700 0.080900 0.021400 0.073300 0.074000 0.021200 0.124000 0.014200 0.028500 0.021500 0.028300 0.043400 0.051000 0.066500 0.098800 0.051500 0.074000 0.096800 0.021400 0.065500 0.036400 0.065900 0.065600 0.080500 0.073900 0.073700
GyrantGaze 0.028800 0.278800 0.084000 0.216200 0.059300 0.073400 0.029000 0.014400 0.098800 0.099400 0.036200 0.036400 0.036500 0.044100 0.029000 0.014300 0.083700 0.100400 0.051400 0.098500 0.020800 0.050600 0.099700 0.083300 0.028800 0.000000 0.044200 0.098000 0.007100 0.090200 0.091000 0.036200 0.143400 0.029100 0.043800 0.036700 0.043500 0.059400 0.051100 0.083300 0.117000 0.021800 0.091000 0.114400 0.036600 0.082000 0.036500 0.082600 0.082200 0.097900 0.090900 0.090600
Hartebeest 0.043600 0.242200 0.052400 0.215400 0.059300 0.073300 0.028900 0.029300 0.082700 0.083100 0.036200 0.036300 0.006900 0.044000 0.029000 0.044200 0.082900 0.099200 0.051300 0.082500 0.036700 0.065500 0.098900 0.067400 0.028700 0.044200 0.000000 0.082000 0.036500 0.074400 0.074900 0.036200 0.160700 0.014400 0.028900 0.036600 0.058500 0.059300 0.067200 0.067400 0.099700 0.052200 0.074900 0.081800 0.036600 0.082000 0.052100 0.082500 0.066500 0.065800 0.074900 0.074700
Bongo 0.096800 0.294500 0.089900 0.259900 0.097600 0.144400 0.081500 0.082600 0.043200 0.138300 0.089000 0.073000 0.089600 0.097700 0.081600 0.098100 0.139000 0.157000 0.105200 0.028300 0.090200 0.119600 0.155700 0.138300 0.080900 0.098000 0.082000 0.000000 0.089800 0.021100 0.129600 0.089000 0.202400 0.066300 0.081300 0.073600 0.112400 0.113900 0.106000 0.138300 0.174300 0.123500 0.129600 0.153300 0.065700 0.137600 0.106800 0.138500 0.121300 0.136500 0.020600 0.035600
Gerenuk 0.021500 0.278300 0.075800 0.206100 0.051500 0.065600 0.021600 0.007100 0.090500 0.091000 0.028800 0.028900 0.029000 0.036500 0.021600 0.007100 0.075500 0.092000 0.043700 0.090200 0.014300 0.043100 0.091300 0.075100 0.021400 0.007100 0.036500 0.089800 0.000000 0.082000 0.082700 0.028800 0.134200 0.021700 0.036200 0.029100 0.036000 0.051500 0.043600 0.075100 0.108300 0.029100 0.082700 0.106000 0.029100 0.074000 0.029000 0.074500 0.074200 0.089500 0.082600 0.082400
CommonElan 0.089000 0.304500 0.066700 0.269600 0.074200 0.136300 0.073900 0.074900 0.021300 0.113900 0.081300 0.065500 0.081800 0.089900 0.074000 0.090200 0.130800 0.148500 0.097300 0.007000 0.082400 0.111700 0.130800 0.113900 0.073300 0.090200 0.074400 0.021100 0.082000 0.000000 0.105400 0.081300 0.175900 0.058800 0.073700 0.066000 0.104500 0.090100 0.098100 0.113900 0.148700 0.115400 0.105400 0.128800 0.058200 0.129500 0.098800 0.130400 0.113300 0.112300 0.013700 0.014100
MuntiacusR 0.089800 0.245400 0.115700 0.212900 0.090800 0.137500 0.074500 0.075500 0.114000 0.006800 0.082000 0.081500 0.082500 0.090700 0.074600 0.091000 0.082400 0.097900 0.082300 0.113900 0.083100 0.112700 0.036100 0.036000 0.074000 0.091000 0.074900 0.129600 0.082700 0.105400 0.000000 0.082000 0.141500 0.074800 0.090100 0.081400 0.105500 0.090800 0.115400 0.036000 0.051300 0.099700 0.000000 0.058400 0.082000 0.114300 0.099700 0.130800 0.114400 0.080900 0.122500 0.122100
HarveysDui 0.035800 0.276000 0.075100 0.223100 0.051000 0.080200 0.021300 0.021700 0.089700 0.090200 0.028500 0.028600 0.043500 0.021400 0.021400 0.036300 0.074800 0.091100 0.043300 0.089400 0.028900 0.057400 0.090500 0.074500 0.021200 0.036200 0.036200 0.089000 0.028800 0.081300 0.082000 0.000000 0.132900 0.021500 0.035800 0.028900 0.050400 0.050900 0.058800 0.074500 0.107400 0.059300 0.082000 0.105100 0.028800 0.073400 0.044000 0.073900 0.073500 0.088800 0.081900 0.081700
Pronghorn 0.141200 0.309200 0.153200 0.235700 0.125800 0.139400 0.125100 0.126900 0.168100 0.150800 0.133000 0.132100 0.168800 0.125700 0.125300 0.143500 0.134000 0.134800 0.133600 0.167500 0.134900 0.147900 0.151500 0.133600 0.124000 0.143400 0.160700 0.202400 0.134200 0.175900 0.141500 0.132900 0.000000 0.125700 0.124600 0.133200 0.158200 0.117300 0.170000 0.116500 0.170600 0.171700 0.141500 0.183900 0.133000 0.150200 0.144400 0.168700 0.186200 0.167300 0.177400 0.176800
BlueWildeb 0.028700 0.243000 0.052300 0.215200 0.043900 0.073100 0.014300 0.014500 0.066800 0.083000 0.021500 0.021600 0.021600 0.029000 0.014300 0.029100 0.067500 0.083800 0.036200 0.066600 0.021800 0.050400 0.083300 0.067300 0.014200 0.029100 0.014400 0.066300 0.021700 0.058800 0.074800 0.021500 0.125700 0.000000 0.014300 0.021700 0.043400 0.044000 0.051700 0.067300 0.100100 0.052100 0.074800 0.082000 0.021700 0.066200 0.036800 0.066600 0.051100 0.065800 0.059200 0.059000
Gemsbok 0.043200 0.246000 0.067400 0.213700 0.043600 0.072600 0.028600 0.029100 0.081900 0.098400 0.035900 0.036000 0.036100 0.043700 0.028700 0.043800 0.082800 0.099400 0.050900 0.081700 0.036400 0.065000 0.098800 0.082500 0.028500 0.043800 0.028900 0.081300 0.036200 0.073700 0.090100 0.035800 0.124600 0.014300 0.000000 0.036300 0.058000 0.043500 0.066600 0.066800 0.115800 0.067200 0.090100 0.097200 0.036200 0.065800 0.051600 0.066200 0.065900 0.081000 0.074200 0.074000
Yak 0.036200 0.275800 0.059600 0.222900 0.051600 0.081100 0.021600 0.021900 0.074100 0.089600 0.028900 0.014200 0.044000 0.036600 0.021700 0.036700 0.074900 0.091300 0.043800 0.073900 0.029200 0.058100 0.089900 0.074600 0.021500 0.036700 0.036600 0.073600 0.029100 0.066000 0.081400 0.028900 0.133200 0.021700 0.036300 0.000000 0.051000 0.051700 0.059500 0.074600 0.107000 0.060000 0.081400 0.105100 0.014300 0.074200 0.044500 0.074700 0.074400 0.088100 0.066500 0.066300
BlueSheep 0.028400 0.292700 0.098600 0.203400 0.073600 0.072400 0.043200 0.043800 0.113200 0.113900 0.035700 0.050600 0.050800 0.058400 0.043200 0.043600 0.098200 0.115100 0.065600 0.112900 0.051100 0.049900 0.114300 0.097800 0.028300 0.043500 0.058500 0.112400 0.036000 0.104500 0.105500 0.050400 0.158200 0.043400 0.058000 0.051000 0.000000 0.073700 0.081700 0.097800 0.131700 0.066800 0.105500 0.128900 0.050900 0.080800 0.066600 0.096900 0.096500 0.112300 0.105300 0.105000
BohorReedb 0.058500 0.287500 0.084000 0.233800 0.029100 0.088600 0.043600 0.044400 0.098700 0.099200 0.036100 0.051300 0.066700 0.059200 0.043800 0.059400 0.099600 0.116800 0.066500 0.098400 0.051800 0.080700 0.083600 0.067500 0.043400 0.059400 0.059300 0.113900 0.051500 0.090100 0.090800 0.050900 0.117300 0.044000 0.043500 0.051700 0.073700 0.000000 0.082800 0.051900 0.100400 0.083600 0.090800 0.098200 0.051600 0.081700 0.067600 0.082300 0.097800 0.097900 0.090800 0.090500
KirksDik 0.066400 0.320700 0.108600 0.244600 0.082700 0.112800 0.051400 0.036500 0.123400 0.124100 0.058800 0.059000 0.074700 0.067000 0.051500 0.051100 0.108100 0.125600 0.059000 0.106500 0.043700 0.088800 0.124600 0.107600 0.051000 0.051100 0.067200 0.106000 0.043600 0.098100 0.115400 0.058800 0.170000 0.051700 0.066600 0.059500 0.081700 0.082800 0.000000 0.107600 0.142600 0.059500 0.115400 0.139400 0.059400 0.105900 0.059300 0.090600 0.106200 0.122500 0.098900 0.098500
RoeDeer 0.082200 0.255200 0.107900 0.203800 0.051900 0.113200 0.067000 0.067900 0.122600 0.043600 0.074500 0.074000 0.074900 0.083100 0.067100 0.083400 0.074900 0.091300 0.074800 0.122500 0.075500 0.105100 0.028900 0.014200 0.066500 0.083300 0.067400 0.138300 0.075100 0.113900 0.036000 0.074500 0.116500 0.067300 0.066800 0.074600 0.097800 0.051900 0.107600 0.000000 0.044100 0.092000 0.036000 0.036200 0.074400 0.090300 0.091900 0.107000 0.106600 0.089400 0.114700 0.114400
WhiteLippe 0.115400 0.339300 0.126000 0.263600 0.100300 0.147700 0.099600 0.101000 0.158100 0.059100 0.107300 0.106700 0.107500 0.116700 0.099800 0.117100 0.108000 0.124900 0.107800 0.157900 0.108900 0.139000 0.014400 0.029100 0.098800 0.117000 0.099700 0.174300 0.108300 0.148700 0.051300 0.107400 0.170600 0.100100 0.115800 0.107000 0.131700 0.100400 0.142600 0.044100 0.000000 0.126500 0.051300 0.066700 0.107300 0.141000 0.126400 0.158700 0.141300 0.106300 0.149900 0.149400
ThomsonGaz 0.051600 0.290800 0.109600 0.208100 0.083500 0.097600 0.051900 0.036800 0.124500 0.108300 0.059300 0.059500 0.044400 0.067700 0.052000 0.036700 0.092400 0.109600 0.059600 0.124100 0.044200 0.073900 0.108800 0.092000 0.051500 0.021800 0.052200 0.123500 0.029100 0.115400 0.099700 0.059300 0.171700 0.052100 0.067200 0.060000 0.066800 0.083600 0.059500 0.092000 0.126500 0.000000 0.099700 0.123500 0.059900 0.106800 0.059800 0.091300 0.107100 0.106800 0.116300 0.115900
MuntiacusC 0.089800 0.245400 0.115700 0.212900 0.090800 0.137500 0.074500 0.075500 0.114000 0.007000 0.082000 0.081500 0.082500 0.090700 0.074600 0.091000 0.082400 0.097900 0.082300 0.113900 0.083100 0.112700 0.036100 0.036000 0.074000 0.091000 0.074900 0.129600 0.082700 0.105400 0.000000 0.082000 0.141500 0.074800 0.090100 0.081400 0.105500 0.090800 0.115400 0.036000 0.051300 0.099700 0.000000 0.058400 0.082000 0.114300 0.099700 0.130800 0.114400 0.080900 0.122500 0.122100
WhiteTaile 0.113000 0.290300 0.122900 0.258000 0.098100 0.145000 0.097500 0.098800 0.137700 0.066200 0.105100 0.104400 0.089300 0.114100 0.097600 0.114500 0.121700 0.138900 0.105500 0.137500 0.106500 0.128100 0.050900 0.021500 0.096800 0.114400 0.081800 0.153300 0.106000 0.128800 0.058400 0.105100 0.183900 0.082000 0.097200 0.105100 0.128900 0.098200 0.139400 0.036200 0.066700 0.123500 0.058400 0.000000 0.105000 0.138100 0.123500 0.155900 0.121600 0.104200 0.129700 0.129300
Cattle 0.036100 0.275800 0.051700 0.222800 0.043900 0.081000 0.021600 0.021900 0.066200 0.090100 0.028800 0.014200 0.043900 0.036500 0.021600 0.036600 0.074700 0.091100 0.043800 0.066000 0.029200 0.058000 0.090500 0.074400 0.021400 0.036600 0.036600 0.065700 0.029100 0.058200 0.082000 0.028800 0.133000 0.021700 0.036200 0.014300 0.050900 0.051600 0.059400 0.074400 0.107300 0.059900 0.082000 0.105000 0.000000 0.074100 0.044400 0.074500 0.074300 0.088800 0.058600 0.058400
RoyalAntel 0.081000 0.296700 0.123700 0.242100 0.081700 0.111600 0.066000 0.066800 0.138600 0.122900 0.073400 0.073700 0.089500 0.081800 0.066000 0.082100 0.107000 0.124200 0.089100 0.138300 0.074300 0.103500 0.123300 0.106500 0.065500 0.082000 0.082000 0.137600 0.074000 0.129500 0.114300 0.073400 0.150200 0.066200 0.065800 0.074200 0.080800 0.081700 0.105900 0.090300 0.141000 0.106800 0.114300 0.138100 0.074100 0.000000 0.090500 0.105400 0.121100 0.121000 0.130500 0.130100
Steenbok 0.051400 0.302000 0.092900 0.236200 0.067500 0.097400 0.036600 0.021800 0.107700 0.108300 0.044000 0.044200 0.059600 0.044400 0.036700 0.036600 0.092400 0.101000 0.059400 0.099100 0.029100 0.073700 0.108700 0.091900 0.036400 0.036500 0.052100 0.106800 0.029000 0.098800 0.099700 0.044000 0.144400 0.036800 0.051600 0.044500 0.066600 0.067600 0.059300 0.091900 0.126400 0.059800 0.099700 0.123500 0.044400 0.090500 0.000000 0.091100 0.090800 0.106800 0.099600 0.099300
Impala 0.081600 0.306900 0.124500 0.233500 0.082300 0.112300 0.066400 0.067300 0.139500 0.139700 0.073800 0.074100 0.090000 0.082300 0.066500 0.082600 0.124200 0.142000 0.074100 0.139200 0.074800 0.104200 0.140200 0.123700 0.065900 0.082600 0.082500 0.138500 0.074500 0.130400 0.130800 0.073900 0.168700 0.066600 0.066200 0.074700 0.096900 0.082300 0.090600 0.107000 0.158700 0.091300 0.130800 0.155900 0.074500 0.105400 0.091100 0.000000 0.121900 0.137500 0.131300 0.131000
Klipspring 0.081100 0.296400 0.107500 0.261700 0.097700 0.127900 0.066100 0.059300 0.122100 0.123000 0.073500 0.073800 0.074000 0.082000 0.066200 0.082300 0.123600 0.141300 0.073800 0.121800 0.074500 0.095800 0.123500 0.106600 0.065600 0.082200 0.066500 0.121300 0.074200 0.113300 0.114400 0.073500 0.186200 0.051100 0.065900 0.074400 0.096500 0.097800 0.106200 0.106600 0.141300 0.107100 0.114400 0.121600 0.074300 0.121100 0.090800 0.121900 0.000000 0.121300 0.114100 0.113800
ForestMusk 0.096400 0.292000 0.106500 0.258600 0.097600 0.144400 0.081300 0.082200 0.121100 0.089100 0.088700 0.088400 0.073300 0.081700 0.081500 0.098000 0.105700 0.106100 0.105000 0.120800 0.090000 0.119300 0.089300 0.089300 0.080500 0.097900 0.065800 0.136500 0.089500 0.112300 0.080900 0.088800 0.167300 0.065800 0.081000 0.088100 0.112300 0.097900 0.122500 0.089400 0.106300 0.106800 0.080900 0.104200 0.088800 0.121000 0.106800 0.137500 0.121300 0.000000 0.113200 0.112800
Bushbuck 0.089600 0.327300 0.067200 0.291300 0.074800 0.137200 0.074400 0.075400 0.036200 0.131300 0.081900 0.066000 0.082500 0.090600 0.074500 0.090900 0.131800 0.149800 0.098100 0.021300 0.083000 0.112500 0.131800 0.114700 0.073900 0.090900 0.074900 0.020600 0.082600 0.013700 0.122500 0.081900 0.177400 0.059200 0.074200 0.066500 0.105300 0.090800 0.098900 0.114700 0.149900 0.116300 0.122500 0.129700 0.058600 0.130500 0.099600 0.131300 0.114100 0.113200 0.000000 0.013800
GreaterKud 0.089400 0.326400 0.067000 0.290500 0.074600 0.136900 0.074200 0.075200 0.036000 0.130800 0.081700 0.065800 0.082200 0.090300 0.074300 0.090600 0.131400 0.149300 0.097800 0.020700 0.082800 0.112200 0.131400 0.114400 0.073700 0.090600 0.074700 0.035600 0.082400 0.014100 0.122100 0.081700 0.176800 0.059000 0.074000 0.066300 0.105000 0.090500 0.098500 0.114400 0.149400 0.115900 0.122100 0.129300 0.058400 0.130100 0.099300 0.131000 0.113800 0.112800 0.013800 0.000000
