1
52 1
Argali 0.000000 0.040400 0.016800 0.047300 0.007600 0.000000 0.003000 0.010700 0.015400 0.016800 0.003000 0.012300 0.004500 0.003000 0.007600 0.013700 0.007600 0.009100 0.004500 0.018400 0.009200 0.003000 0.016700 0.010500 0.003000 0.009100 0.004500 0.016800 0.012400 0.018400 0.016700 0.006000 0.013600 0.006000 0.003000 0.009100 0.003000 0.003100 0.016900 0.013600 0.013700 0.010700 0.021400 0.010500 0.009200 0.006100 0.012200 0.003000 0.007600 0.010600 0.015300 0.018400
LesserMous 0.040400 0.000000 0.040300 0.052300 0.040300 0.040300 0.040400 0.043500 0.041700 0.046400 0.038700 0.032300 0.037100 0.036900 0.043800 0.046600 0.035500 0.037100 0.041800 0.038500 0.045100 0.041700 0.041800 0.044600 0.038600 0.045000 0.037000 0.040000 0.048500 0.038400 0.043100 0.040000 0.038600 0.038600 0.040100 0.035400 0.038600 0.038600 0.048300 0.041600 0.043200 0.046700 0.043200 0.041500 0.035400 0.041900 0.048300 0.040200 0.040200 0.041800 0.038700 0.038500
LesserKudu 0.016800 0.040300 0.000000 0.043400 0.018100 0.016700 0.016500 0.021200 0.010500 0.024100 0.019700 0.013600 0.021200 0.016500 0.021200 0.021200 0.018100 0.016800 0.021200 0.007500 0.019700 0.019600 0.021000 0.021000 0.019600 0.019700 0.021100 0.006000 0.023000 0.007500 0.021000 0.019500 0.018100 0.022700 0.019600 0.010500 0.019600 0.013500 0.027400 0.018000 0.018000 0.021200 0.025600 0.017900 0.010500 0.016600 0.021500 0.016700 0.018100 0.021200 0.004500 0.007500
KillerWhal 0.047300 0.052300 0.043400 0.000000 0.046400 0.047200 0.047100 0.049600 0.048300 0.048300 0.047900 0.044700 0.046300 0.043500 0.048900 0.048600 0.043200 0.045000 0.049500 0.045200 0.050300 0.050000 0.045800 0.048100 0.047800 0.050100 0.046200 0.043500 0.050600 0.045000 0.044800 0.047500 0.046100 0.047800 0.047700 0.043600 0.047700 0.043700 0.054400 0.045700 0.044900 0.051900 0.044200 0.044800 0.043600 0.043800 0.053400 0.047100 0.046200 0.048500 0.042000 0.045100
DefassaWat 0.007600 0.040300 0.018100 0.046400 0.000000 0.007600 0.007500 0.006000 0.016700 0.018100 0.007600 0.010600 0.009100 0.007500 0.012100 0.012100 0.006000 0.007600 0.009100 0.019800 0.007600 0.010600 0.015100 0.015000 0.007500 0.007600 0.009100 0.018200 0.010700 0.019700 0.018100 0.007500 0.015100 0.010600 0.007500 0.010600 0.007500 0.004500 0.012200 0.015000 0.015100 0.009100 0.019600 0.015000 0.010600 0.007600 0.010600 0.007600 0.006000 0.015100 0.016700 0.019700
Sheep 0.000000 0.040300 0.016700 0.047200 0.007600 0.000000 0.003000 0.010700 0.015400 0.016700 0.003000 0.012300 0.004500 0.003000 0.007600 0.013700 0.007500 0.009100 0.004500 0.018400 0.009100 0.003000 0.016700 0.010500 0.003000 0.009100 0.004500 0.016800 0.012400 0.018300 0.016700 0.006000 0.013600 0.006000 0.003000 0.009100 0.003000 0.003100 0.016900 0.013500 0.013700 0.010700 0.021300 0.010500 0.009100 0.006100 0.012200 0.003000 0.007600 0.010600 0.015300 0.018400
MaxwellsDu 0.003000 0.040400 0.016500 0.047100 0.007500 0.003000 0.000000 0.010500 0.013500 0.013700 0.006000 0.012100 0.007700 0.003100 0.007500 0.013600 0.007500 0.009000 0.007500 0.018100 0.009000 0.006000 0.013400 0.007400 0.006000 0.009000 0.007700 0.016500 0.012200 0.018000 0.013700 0.006000 0.012000 0.009300 0.006000 0.009000 0.006000 0.003000 0.015100 0.013400 0.010400 0.009000 0.018300 0.007400 0.009000 0.006000 0.012100 0.003000 0.007500 0.010500 0.015100 0.018100
GazellaPrz 0.010700 0.043500 0.021200 0.049600 0.006000 0.010700 0.010500 0.000000 0.019800 0.021200 0.010600 0.013700 0.012100 0.010600 0.015200 0.012100 0.012100 0.013700 0.012100 0.022800 0.007600 0.013600 0.018100 0.018100 0.010600 0.007600 0.012100 0.021200 0.010800 0.022800 0.021100 0.010500 0.018200 0.013600 0.010600 0.013600 0.010600 0.007600 0.012200 0.018100 0.018100 0.009100 0.022700 0.018100 0.013600 0.010600 0.010600 0.010600 0.009100 0.018300 0.019800 0.022800
MountainNy 0.015400 0.041700 0.010500 0.048300 0.016700 0.015400 0.013500 0.019800 0.000000 0.024200 0.018200 0.015100 0.019700 0.015100 0.019700 0.022800 0.019700 0.018400 0.019700 0.009000 0.018200 0.018100 0.021100 0.021000 0.018200 0.018200 0.019700 0.010500 0.021600 0.009000 0.021000 0.018100 0.019700 0.021200 0.018100 0.012000 0.018100 0.012100 0.022800 0.019500 0.018000 0.016700 0.025700 0.018000 0.012000 0.015100 0.021300 0.015200 0.016600 0.022800 0.009000 0.009000
MuntiacusM 0.016800 0.046400 0.024100 0.048300 0.018100 0.016700 0.013700 0.021200 0.024200 0.000000 0.019600 0.019700 0.018100 0.013500 0.021200 0.024200 0.018100 0.019800 0.021100 0.025700 0.019700 0.019600 0.008900 0.008900 0.019600 0.019600 0.018100 0.024100 0.023000 0.025600 0.003000 0.019500 0.022600 0.019600 0.019500 0.016500 0.019600 0.013500 0.025800 0.014900 0.005900 0.019700 0.004400 0.008900 0.016500 0.016600 0.022700 0.016700 0.016600 0.018100 0.022700 0.025700
goat 0.003000 0.038700 0.019700 0.047900 0.007600 0.003000 0.006000 0.010600 0.018200 0.019600 0.000000 0.010600 0.004500 0.006000 0.010600 0.016700 0.007500 0.009100 0.004500 0.021300 0.012100 0.003000 0.016600 0.013500 0.000000 0.012100 0.004500 0.019700 0.015500 0.021200 0.019600 0.006000 0.013600 0.006000 0.003000 0.012100 0.000000 0.006000 0.016700 0.013500 0.016600 0.013700 0.021100 0.013500 0.012100 0.009100 0.015200 0.006000 0.007500 0.013600 0.018200 0.021200
AfricanBuf 0.012300 0.032300 0.013600 0.044700 0.010600 0.012300 0.012100 0.013700 0.015100 0.019700 0.010600 0.000000 0.012100 0.012100 0.016700 0.019800 0.010600 0.009200 0.013600 0.015100 0.015200 0.013600 0.013500 0.016500 0.010600 0.015200 0.012100 0.013600 0.018500 0.015100 0.016500 0.012000 0.013600 0.013600 0.012100 0.003000 0.010600 0.009100 0.019800 0.013500 0.013500 0.016800 0.018100 0.013500 0.003000 0.012100 0.018300 0.012200 0.010600 0.016700 0.012100 0.015100
Topi 0.004500 0.037100 0.021200 0.046300 0.009100 0.004500 0.007700 0.012100 0.019700 0.018100 0.004500 0.012100 0.000000 0.004500 0.012100 0.018200 0.009000 0.010600 0.006000 0.022800 0.013700 0.007500 0.018100 0.015000 0.004500 0.013600 0.000000 0.021200 0.017000 0.022700 0.018000 0.007500 0.015100 0.001500 0.004500 0.012100 0.004500 0.007500 0.018300 0.015000 0.018100 0.015200 0.019600 0.015000 0.012100 0.010600 0.016700 0.007500 0.009000 0.015100 0.019800 0.022800
CommonDuik 0.003000 0.036900 0.016500 0.043500 0.007500 0.003000 0.003100 0.010600 0.015100 0.013500 0.006000 0.012100 0.004500 0.000000 0.007500 0.013600 0.007500 0.009000 0.007500 0.018100 0.009000 0.006000 0.016500 0.010400 0.006000 0.009000 0.004500 0.016500 0.012200 0.018100 0.013400 0.006000 0.013600 0.006000 0.006000 0.009000 0.006000 0.003000 0.016700 0.013500 0.013500 0.010600 0.018000 0.010400 0.009000 0.006000 0.012100 0.003000 0.007500 0.010500 0.015100 0.018100
Suni 0.007600 0.043800 0.021200 0.048900 0.012100 0.007600 0.007500 0.015200 0.019700 0.021200 0.010600 0.016700 0.012100 0.007500 0.000000 0.018200 0.012100 0.013700 0.012100 0.022800 0.013700 0.010600 0.021200 0.015000 0.010600 0.013600 0.012100 0.021200 0.017100 0.022800 0.021100 0.010500 0.018200 0.013600 0.010500 0.013600 0.010600 0.007500 0.021400 0.018100 0.018100 0.015200 0.025800 0.015000 0.013600 0.010600 0.013700 0.004500 0.012100 0.015100 0.019800 0.022800
Springbuck 0.013700 0.046600 0.021200 0.048600 0.012100 0.013700 0.013600 0.012100 0.022800 0.024200 0.016700 0.019800 0.018200 0.013600 0.018200 0.000000 0.018200 0.019900 0.018200 0.022800 0.004500 0.016600 0.024200 0.021100 0.016700 0.004500 0.018200 0.021200 0.004600 0.022700 0.024200 0.016600 0.021300 0.019800 0.016700 0.016700 0.016600 0.010600 0.018300 0.024200 0.021200 0.006000 0.028800 0.021100 0.016700 0.010600 0.013700 0.013700 0.015200 0.021300 0.019800 0.022800
Okapi 0.007600 0.035500 0.018100 0.043200 0.006000 0.007500 0.007500 0.012100 0.019700 0.018100 0.007500 0.010600 0.009000 0.007500 0.012100 0.018200 0.000000 0.004500 0.009100 0.019700 0.013700 0.010500 0.015000 0.012000 0.007500 0.013600 0.009000 0.018100 0.016900 0.019600 0.018000 0.007500 0.012100 0.010600 0.007500 0.010500 0.007500 0.007500 0.018300 0.012000 0.015000 0.015200 0.019600 0.012000 0.010600 0.010600 0.016700 0.007500 0.009000 0.009000 0.016700 0.019700
Giraffe 0.009100 0.037100 0.016800 0.045000 0.007600 0.009100 0.009000 0.013700 0.018400 0.019800 0.009100 0.009200 0.010600 0.009000 0.013700 0.019900 0.004500 0.000000 0.010600 0.018400 0.015300 0.012100 0.013600 0.013500 0.009100 0.015200 0.010600 0.016800 0.018400 0.018300 0.016700 0.009000 0.010600 0.012100 0.009000 0.009100 0.009100 0.009100 0.019900 0.010500 0.013700 0.016800 0.018200 0.010500 0.009100 0.012200 0.018400 0.009100 0.010700 0.013600 0.015300 0.018400
TibetanAnt 0.004500 0.041800 0.021200 0.049500 0.009100 0.004500 0.007500 0.012100 0.019700 0.021100 0.004500 0.013600 0.006000 0.007500 0.012100 0.018200 0.009100 0.010600 0.000000 0.022800 0.013600 0.007500 0.018100 0.015000 0.004500 0.013600 0.006000 0.021200 0.017000 0.022700 0.021100 0.007500 0.012100 0.007500 0.004500 0.013600 0.004500 0.007500 0.018300 0.015000 0.018100 0.015200 0.022600 0.015000 0.013600 0.010600 0.016700 0.007500 0.009000 0.015100 0.019800 0.022800
Sitatunga 0.018400 0.038500 0.007500 0.045200 0.019800 0.018400 0.018100 0.022800 0.009000 0.025700 0.021300 0.015100 0.022800 0.018100 0.022800 0.022800 0.019700 0.018400 0.022800 0.000000 0.021300 0.021200 0.022600 0.019500 0.021200 0.021300 0.022800 0.004500 0.024700 0.003000 0.022600 0.021100 0.019700 0.024300 0.021200 0.012000 0.021200 0.015100 0.029100 0.019600 0.019600 0.022900 0.027200 0.019500 0.012000 0.018200 0.024400 0.018300 0.019700 0.022800 0.006000 0.003000
Oribi 0.009200 0.045100 0.019700 0.050300 0.007600 0.009100 0.009000 0.007600 0.018200 0.019700 0.012100 0.015200 0.013700 0.009000 0.013700 0.004500 0.013700 0.015300 0.013600 0.021300 0.000000 0.012100 0.019700 0.016600 0.012100 0.000000 0.013600 0.019700 0.003100 0.021200 0.019600 0.012000 0.019800 0.015200 0.012100 0.012100 0.012100 0.006000 0.013700 0.019600 0.016600 0.001500 0.024300 0.016600 0.012100 0.009100 0.009100 0.009100 0.010600 0.016700 0.018300 0.021300
BarbaryShe 0.003000 0.041700 0.019600 0.050000 0.010600 0.003000 0.006000 0.013600 0.018100 0.019600 0.003000 0.013600 0.007500 0.006000 0.010600 0.016600 0.010500 0.012100 0.007500 0.021200 0.012100 0.000000 0.019500 0.013400 0.003000 0.012100 0.007500 0.019600 0.015400 0.021100 0.019500 0.009000 0.016600 0.009000 0.006000 0.012000 0.003000 0.006000 0.019800 0.016500 0.016500 0.013600 0.024100 0.013400 0.012000 0.009000 0.015100 0.006000 0.010500 0.013600 0.018200 0.021200
Daviddeer 0.016700 0.041800 0.021000 0.045800 0.015100 0.016700 0.013400 0.018100 0.021100 0.008900 0.016600 0.013500 0.018100 0.016500 0.021200 0.024200 0.015000 0.013600 0.018100 0.022600 0.019700 0.019500 0.000000 0.008900 0.016500 0.019600 0.018000 0.021000 0.021300 0.022500 0.005900 0.016400 0.016500 0.019600 0.016500 0.013500 0.016500 0.013500 0.022700 0.008900 0.003000 0.019700 0.007400 0.005900 0.013500 0.016600 0.022700 0.016700 0.013600 0.021100 0.019600 0.022600
Reindeer 0.010500 0.044600 0.021000 0.048100 0.015000 0.010500 0.007400 0.018100 0.021000 0.008900 0.013500 0.016500 0.015000 0.010400 0.015000 0.021100 0.012000 0.013500 0.015000 0.019500 0.016600 0.013400 0.008900 0.000000 0.013500 0.016500 0.015000 0.018000 0.019800 0.019500 0.008900 0.013400 0.016500 0.016500 0.013400 0.013400 0.013400 0.010500 0.022700 0.008900 0.005900 0.016600 0.013400 0.002900 0.013500 0.013500 0.019600 0.010500 0.015000 0.015000 0.019600 0.019500
Ibex 0.003000 0.038600 0.019600 0.047800 0.007500 0.003000 0.006000 0.010600 0.018200 0.019600 0.000000 0.010600 0.004500 0.006000 0.010600 0.016700 0.007500 0.009100 0.004500 0.021200 0.012100 0.003000 0.016500 0.013500 0.000000 0.012100 0.004500 0.019600 0.015500 0.021200 0.019500 0.006000 0.013600 0.006000 0.003000 0.012000 0.000000 0.006000 0.016700 0.013500 0.016500 0.013600 0.021100 0.013500 0.012100 0.009000 0.015200 0.006000 0.007500 0.013600 0.018200 0.021200
GyrantGaze 0.009100 0.045000 0.019700 0.050100 0.007600 0.009100 0.009000 0.007600 0.018200 0.019600 0.012100 0.015200 0.013600 0.009000 0.013600 0.004500 0.013600 0.015200 0.013600 0.021300 0.000000 0.012100 0.019600 0.016500 0.012100 0.000000 0.013600 0.019700 0.003100 0.021200 0.019600 0.012000 0.019700 0.015100 0.012100 0.012100 0.012100 0.006000 0.013700 0.019600 0.016600 0.001500 0.024200 0.016500 0.012100 0.009100 0.009100 0.009100 0.010600 0.016700 0.018200 0.021200
Hartebeest 0.004500 0.037000 0.021100 0.046200 0.009100 0.004500 0.007700 0.012100 0.019700 0.018100 0.004500 0.012100 0.000000 0.004500 0.012100 0.018200 0.009000 0.010600 0.006000 0.022800 0.013600 0.007500 0.018000 0.015000 0.004500 0.013600 0.000000 0.021200 0.017000 0.022700 0.018000 0.007500 0.015100 0.001500 0.004500 0.012000 0.004500 0.007500 0.018200 0.015000 0.018100 0.015200 0.019600 0.015000 0.012100 0.010600 0.016700 0.007500 0.009000 0.015100 0.019700 0.022700
Bongo 0.016800 0.040000 0.006000 0.043500 0.018200 0.016800 0.016500 0.021200 0.010500 0.024100 0.019700 0.013600 0.021200 0.016500 0.021200 0.021200 0.018100 0.016800 0.021200 0.004500 0.019700 0.019600 0.021000 0.018000 0.019600 0.019700 0.021200 0.000000 0.023100 0.004500 0.021000 0.019500 0.018100 0.022700 0.019600 0.010500 0.019600 0.013600 0.027400 0.018000 0.018000 0.021300 0.025600 0.017900 0.010500 0.016600 0.022800 0.016700 0.018100 0.021200 0.004500 0.004500
Gerenuk 0.012400 0.048500 0.023000 0.050600 0.010700 0.012400 0.012200 0.010800 0.021600 0.023000 0.015500 0.018500 0.017000 0.012200 0.017100 0.004600 0.016900 0.018400 0.017000 0.024700 0.003100 0.015400 0.021300 0.019800 0.015500 0.003100 0.017000 0.023100 0.000000 0.024600 0.022900 0.015300 0.023000 0.018500 0.015200 0.015300 0.015400 0.009200 0.017100 0.022900 0.019900 0.004600 0.027600 0.019800 0.015300 0.009300 0.012400 0.012400 0.013700 0.019900 0.021600 0.024500
CommonElan 0.018400 0.038400 0.007500 0.045000 0.019700 0.018300 0.018000 0.022800 0.009000 0.025600 0.021200 0.015100 0.022700 0.018100 0.022800 0.022700 0.019600 0.018300 0.022700 0.003000 0.021200 0.021100 0.022500 0.019500 0.021200 0.021200 0.022700 0.004500 0.024600 0.000000 0.022500 0.021000 0.019600 0.024200 0.021100 0.012000 0.021100 0.015100 0.029000 0.019500 0.019500 0.022800 0.027100 0.019400 0.012000 0.018100 0.024300 0.018200 0.019600 0.022700 0.006000 0.003000
MuntiacusR 0.016700 0.043100 0.021000 0.044800 0.018100 0.016700 0.013700 0.021100 0.021000 0.003000 0.019600 0.016500 0.018000 0.013400 0.021100 0.024200 0.018000 0.016700 0.021100 0.022600 0.019600 0.019500 0.005900 0.008900 0.019500 0.019600 0.018000 0.021000 0.022900 0.022500 0.000000 0.019400 0.019500 0.019500 0.019500 0.013400 0.019500 0.013500 0.025800 0.011900 0.003000 0.019600 0.004400 0.005900 0.013500 0.016500 0.022700 0.016600 0.016600 0.018000 0.019600 0.022500
HarveysDui 0.006000 0.040000 0.019500 0.047500 0.007500 0.006000 0.006000 0.010500 0.018100 0.019500 0.006000 0.012000 0.007500 0.006000 0.010500 0.016600 0.007500 0.009000 0.007500 0.021100 0.012000 0.009000 0.016400 0.013400 0.006000 0.012000 0.007500 0.019500 0.015300 0.021000 0.019400 0.000000 0.013500 0.009000 0.006000 0.012000 0.006000 0.006000 0.016600 0.013400 0.016500 0.013600 0.021000 0.013400 0.012000 0.009000 0.015100 0.006000 0.007500 0.013500 0.018100 0.021100
Pronghorn 0.013600 0.038600 0.018100 0.046100 0.015100 0.013600 0.012000 0.018200 0.019700 0.022600 0.013600 0.013600 0.015100 0.013600 0.018200 0.021300 0.012100 0.010600 0.012100 0.019700 0.019800 0.016600 0.016500 0.016500 0.013600 0.019700 0.015100 0.018100 0.023000 0.019600 0.019500 0.013500 0.000000 0.016600 0.013500 0.013600 0.013600 0.013600 0.021300 0.015000 0.016500 0.018200 0.021100 0.013500 0.013600 0.016700 0.022800 0.013600 0.015100 0.018200 0.016700 0.019700
BlueWildeb 0.006000 0.038600 0.022700 0.047800 0.010600 0.006000 0.009300 0.013600 0.021200 0.019600 0.006000 0.013600 0.001500 0.006000 0.013600 0.019800 0.010600 0.012100 0.007500 0.024300 0.015200 0.009000 0.019600 0.016500 0.006000 0.015100 0.001500 0.022700 0.018500 0.024200 0.019500 0.009000 0.016600 0.000000 0.006000 0.013600 0.006000 0.009000 0.019800 0.016500 0.019600 0.016700 0.021100 0.016500 0.013600 0.012100 0.018200 0.009000 0.010600 0.016600 0.021300 0.024300
Gemsbok 0.003000 0.040100 0.019600 0.047700 0.007500 0.003000 0.006000 0.010600 0.018100 0.019500 0.003000 0.012100 0.004500 0.006000 0.010500 0.016700 0.007500 0.009000 0.004500 0.021200 0.012100 0.006000 0.016500 0.013400 0.003000 0.012100 0.004500 0.019600 0.015200 0.021100 0.019500 0.006000 0.013500 0.006000 0.000000 0.012000 0.003000 0.006000 0.016700 0.013500 0.016500 0.013600 0.021000 0.013400 0.012000 0.009000 0.015100 0.006000 0.007500 0.013500 0.018100 0.021100
Yak 0.009100 0.035400 0.010500 0.043600 0.010600 0.009100 0.009000 0.013600 0.012000 0.016500 0.012100 0.003000 0.012100 0.009000 0.013600 0.016700 0.010500 0.009100 0.013600 0.012000 0.012100 0.012000 0.013500 0.013400 0.012000 0.012100 0.012000 0.010500 0.015300 0.012000 0.013400 0.012000 0.013600 0.013600 0.012000 0.000000 0.012000 0.006000 0.019700 0.013500 0.010500 0.013600 0.018000 0.010400 0.000000 0.009000 0.015100 0.009100 0.010500 0.013600 0.009000 0.012000
BlueSheep 0.003000 0.038600 0.019600 0.047700 0.007500 0.003000 0.006000 0.010600 0.018100 0.019600 0.000000 0.010600 0.004500 0.006000 0.010600 0.016600 0.007500 0.009100 0.004500 0.021200 0.012100 0.003000 0.016500 0.013400 0.000000 0.012100 0.004500 0.019600 0.015400 0.021100 0.019500 0.006000 0.013600 0.006000 0.003000 0.012000 0.000000 0.006000 0.016700 0.013500 0.016500 0.013600 0.021100 0.013400 0.012000 0.009000 0.015100 0.006000 0.007500 0.013600 0.018200 0.021200
BohorReedb 0.003100 0.038600 0.013500 0.043700 0.004500 0.003100 0.003000 0.007600 0.012100 0.013500 0.006000 0.009100 0.007500 0.003000 0.007500 0.010600 0.007500 0.009100 0.007500 0.015100 0.006000 0.006000 0.013500 0.010500 0.006000 0.006000 0.007500 0.013600 0.009200 0.015100 0.013500 0.006000 0.013600 0.009000 0.006000 0.006000 0.006000 0.000000 0.013700 0.013500 0.010500 0.007600 0.018100 0.010500 0.006000 0.003000 0.009100 0.003000 0.004500 0.010600 0.012100 0.015100
KirksDik 0.016900 0.048300 0.027400 0.054400 0.012200 0.016900 0.015100 0.012200 0.022800 0.025800 0.016700 0.019800 0.018300 0.016700 0.021400 0.018300 0.018300 0.019900 0.018300 0.029100 0.013700 0.019800 0.022700 0.022700 0.016700 0.013700 0.018200 0.027400 0.017100 0.029000 0.025800 0.016600 0.021300 0.019800 0.016700 0.019700 0.016700 0.013700 0.000000 0.024300 0.022700 0.012200 0.027400 0.022700 0.019800 0.016700 0.016800 0.016800 0.015200 0.024500 0.026000 0.029000
RoeDeer 0.013600 0.041600 0.018000 0.045700 0.015000 0.013500 0.013400 0.018100 0.019500 0.014900 0.013500 0.013500 0.015000 0.013500 0.018100 0.024200 0.012000 0.010500 0.015000 0.019600 0.019600 0.016500 0.008900 0.008900 0.013500 0.019600 0.015000 0.018000 0.022900 0.019500 0.011900 0.013400 0.015000 0.016500 0.013500 0.013500 0.013500 0.013500 0.024300 0.000000 0.008900 0.021200 0.013400 0.005900 0.013500 0.016600 0.022700 0.013500 0.015000 0.018000 0.016600 0.019500
WhiteLippe 0.013700 0.043200 0.018000 0.044900 0.015100 0.013700 0.010400 0.018100 0.018000 0.005900 0.016600 0.013500 0.018100 0.013500 0.018100 0.021200 0.015000 0.013700 0.018100 0.019600 0.016600 0.016500 0.003000 0.005900 0.016500 0.016600 0.018100 0.018000 0.019900 0.019500 0.003000 0.016500 0.016500 0.019600 0.016500 0.010500 0.016500 0.010500 0.022700 0.008900 0.000000 0.016600 0.007400 0.003000 0.010500 0.013500 0.019700 0.013600 0.013600 0.018100 0.016600 0.019600
ThomsonGaz 0.010700 0.046700 0.021200 0.051900 0.009100 0.010700 0.009000 0.009100 0.016700 0.019700 0.013700 0.016800 0.015200 0.010600 0.015200 0.006000 0.015200 0.016800 0.015200 0.022900 0.001500 0.013600 0.019700 0.016600 0.013600 0.001500 0.015200 0.021300 0.004600 0.022800 0.019600 0.013600 0.018200 0.016700 0.013600 0.013600 0.013600 0.007600 0.012200 0.021200 0.016600 0.000000 0.024300 0.016600 0.013600 0.010600 0.010600 0.010600 0.012100 0.018300 0.019800 0.022800
MuntiacusC 0.021400 0.043200 0.025600 0.044200 0.019600 0.021300 0.018300 0.022700 0.025700 0.004400 0.021100 0.018100 0.019600 0.018000 0.025800 0.028800 0.019600 0.018200 0.022600 0.027200 0.024300 0.024100 0.007400 0.013400 0.021100 0.024200 0.019600 0.025600 0.027600 0.027100 0.004400 0.021000 0.021100 0.021100 0.021000 0.018000 0.021100 0.018100 0.027400 0.013400 0.007400 0.024300 0.000000 0.010400 0.018000 0.021100 0.027300 0.021300 0.018100 0.022600 0.024200 0.027200
WhiteTaile 0.010500 0.041500 0.017900 0.044800 0.015000 0.010500 0.007400 0.018100 0.018000 0.008900 0.013500 0.013500 0.015000 0.010400 0.015000 0.021100 0.012000 0.010500 0.015000 0.019500 0.016600 0.013400 0.005900 0.002900 0.013500 0.016500 0.015000 0.017900 0.019800 0.019400 0.005900 0.013400 0.013500 0.016500 0.013400 0.010400 0.013400 0.010500 0.022700 0.005900 0.003000 0.016600 0.010400 0.000000 0.010400 0.013500 0.019600 0.010400 0.015000 0.015000 0.016500 0.019500
Cattle 0.009200 0.035400 0.010500 0.043600 0.010600 0.009100 0.009000 0.013600 0.012000 0.016500 0.012100 0.003000 0.012100 0.009000 0.013600 0.016700 0.010600 0.009100 0.013600 0.012000 0.012100 0.012000 0.013500 0.013500 0.012100 0.012100 0.012100 0.010500 0.015300 0.012000 0.013500 0.012000 0.013600 0.013600 0.012000 0.000000 0.012000 0.006000 0.019800 0.013500 0.010500 0.013600 0.018000 0.010400 0.000000 0.009000 0.015200 0.009100 0.010500 0.013600 0.009000 0.012000
RoyalAntel 0.006100 0.041900 0.016600 0.043800 0.007600 0.006100 0.006000 0.010600 0.015100 0.016600 0.009100 0.012100 0.010600 0.006000 0.010600 0.010600 0.010600 0.012200 0.010600 0.018200 0.009100 0.009000 0.016600 0.013500 0.009000 0.009100 0.010600 0.016600 0.009300 0.018100 0.016500 0.009000 0.016700 0.012100 0.009000 0.009000 0.009000 0.003000 0.016700 0.016600 0.013500 0.010600 0.021100 0.013500 0.009000 0.000000 0.012100 0.006100 0.007500 0.013600 0.015200 0.018200
Steenbok 0.012200 0.048300 0.021500 0.053400 0.010600 0.012200 0.012100 0.010600 0.021300 0.022700 0.015200 0.018300 0.016700 0.012100 0.013700 0.013700 0.016700 0.018400 0.016700 0.024400 0.009100 0.015100 0.022700 0.019600 0.015200 0.009100 0.016700 0.022800 0.012400 0.024300 0.022700 0.015100 0.022800 0.018200 0.015100 0.015100 0.015100 0.009100 0.016800 0.022700 0.019700 0.010600 0.027300 0.019600 0.015200 0.012100 0.000000 0.009100 0.013600 0.019800 0.021300 0.024400
Impala 0.003000 0.040200 0.016700 0.047100 0.007600 0.003000 0.003000 0.010600 0.015200 0.016700 0.006000 0.012200 0.007500 0.003000 0.004500 0.013700 0.007500 0.009100 0.007500 0.018300 0.009100 0.006000 0.016700 0.010500 0.006000 0.009100 0.007500 0.016700 0.012400 0.018200 0.016600 0.006000 0.013600 0.009000 0.006000 0.009100 0.006000 0.003000 0.016800 0.013500 0.013600 0.010600 0.021300 0.010400 0.009100 0.006100 0.009100 0.000000 0.007600 0.010500 0.015200 0.018300
Klipspring 0.007600 0.040200 0.018100 0.046200 0.006000 0.007600 0.007500 0.009100 0.016600 0.016600 0.007500 0.010600 0.009000 0.007500 0.012100 0.015200 0.009000 0.010700 0.009000 0.019700 0.010600 0.010500 0.013600 0.015000 0.007500 0.010600 0.009000 0.018100 0.013700 0.019600 0.016600 0.007500 0.015100 0.010600 0.007500 0.010500 0.007500 0.004500 0.015200 0.015000 0.013600 0.012100 0.018100 0.015000 0.010500 0.007500 0.013600 0.007600 0.000000 0.015100 0.016700 0.019700
ForestMusk 0.010600 0.041800 0.021200 0.048500 0.015100 0.010600 0.010500 0.018300 0.022800 0.018100 0.013600 0.016700 0.015100 0.010500 0.015100 0.021300 0.009000 0.013600 0.015100 0.022800 0.016700 0.013600 0.021100 0.015000 0.013600 0.016700 0.015100 0.021200 0.019900 0.022700 0.018000 0.013500 0.018200 0.016600 0.013500 0.013600 0.013600 0.010600 0.024500 0.018000 0.018100 0.018300 0.022600 0.015000 0.013600 0.013600 0.019800 0.010500 0.015100 0.000000 0.019700 0.022700
Bushbuck 0.015300 0.038700 0.004500 0.042000 0.016700 0.015300 0.015100 0.019800 0.009000 0.022700 0.018200 0.012100 0.019800 0.015100 0.019800 0.019800 0.016700 0.015300 0.019800 0.006000 0.018300 0.018200 0.019600 0.019600 0.018200 0.018200 0.019700 0.004500 0.021600 0.006000 0.019600 0.018100 0.016700 0.021300 0.018100 0.009000 0.018200 0.012100 0.026000 0.016600 0.016600 0.019800 0.024200 0.016500 0.009000 0.015200 0.021300 0.015200 0.016700 0.019700 0.000000 0.006000
GreaterKud 0.018400 0.038500 0.007500 0.045100 0.019700 0.018400 0.018100 0.022800 0.009000 0.025700 0.021200 0.015100 0.022800 0.018100 0.022800 0.022800 0.019700 0.018400 0.022800 0.003000 0.021300 0.021200 0.022600 0.019500 0.021200 0.021200 0.022700 0.004500 0.024500 0.003000 0.022500 0.021100 0.019700 0.024300 0.021100 0.012000 0.021200 0.015100 0.029000 0.019500 0.019600 0.022800 0.027200 0.019500 0.012000 0.018200 0.024400 0.018300 0.019700 0.022700 0.006000 0.000000
