1
52 1
Argali 0.000000 0.105400 0.029800 0.052400 0.083700 0.000100 0.040500 0.040700 0.000500 0.082200 0.000400 0.076100 0.020200 0.020300 0.055900 0.041100 0.107000 0.098100 0.054000 0.029500 0.062400 0.000200 0.094800 0.103700 0.000200 0.020300 0.020100 0.000500 0.040500 0.000500 0.083100 0.020000 0.092500 0.000100 0.020200 0.098400 0.000300 0.061700 0.062000 0.080500 0.120000 0.020400 0.083100 0.104200 0.076100 0.048000 0.040800 0.072000 0.040400 0.094900 0.000600 0.000500
LesserMous 0.105400 0.000000 0.114500 0.097300 0.188500 0.105500 0.161200 0.146400 0.091400 0.124400 0.093100 0.160600 0.115900 0.139200 0.138600 0.140700 0.150400 0.138500 0.138000 0.068500 0.165800 0.092000 0.124200 0.101700 0.092000 0.117600 0.115900 0.090700 0.137700 0.090200 0.125700 0.137600 0.158600 0.093100 0.115800 0.137200 0.091300 0.162200 0.171400 0.164900 0.148300 0.117800 0.125700 0.102000 0.114300 0.148400 0.140000 0.139100 0.138500 0.122600 0.090900 0.090200
LesserKudu 0.029800 0.114500 0.000000 0.074600 0.060400 0.029200 0.019400 0.019600 0.019300 0.059500 0.020000 0.039000 0.039800 0.000400 0.019500 0.019700 0.082500 0.072400 0.019500 0.038900 0.040000 0.019500 0.070100 0.080000 0.019500 0.000400 0.039700 0.019100 0.019100 0.019100 0.060100 0.000400 0.059400 0.019700 0.039900 0.059100 0.019500 0.039500 0.039600 0.057500 0.094000 0.000400 0.060100 0.080300 0.038900 0.069200 0.019600 0.039200 0.019400 0.059000 0.019300 0.019100
KillerWhal 0.052400 0.097300 0.074600 0.000000 0.149000 0.052200 0.099200 0.084700 0.050800 0.097900 0.043600 0.121200 0.065600 0.076300 0.099400 0.085300 0.117000 0.101800 0.050400 0.074200 0.108300 0.052500 0.110200 0.121800 0.052500 0.063300 0.065200 0.050400 0.084500 0.050600 0.099400 0.075600 0.141100 0.053400 0.076200 0.098300 0.051600 0.123000 0.107900 0.140800 0.087700 0.063500 0.099400 0.123100 0.075000 0.086000 0.084900 0.098900 0.099700 0.097400 0.050300 0.050600
DefassaWat 0.083700 0.188500 0.060400 0.149000 0.000000 0.084200 0.082400 0.040300 0.080900 0.081800 0.084100 0.060200 0.104900 0.061500 0.082100 0.040700 0.106200 0.098800 0.082000 0.102200 0.105600 0.082200 0.095100 0.103000 0.082200 0.061600 0.104600 0.080400 0.082700 0.080100 0.082600 0.060900 0.125600 0.082800 0.099900 0.081300 0.081800 0.019900 0.104700 0.079400 0.119700 0.061700 0.082600 0.103500 0.060100 0.140900 0.082300 0.103200 0.040000 0.125400 0.080900 0.080100
Sheep 0.000100 0.105500 0.029200 0.052200 0.084200 0.000000 0.040700 0.040900 0.000600 0.082700 0.000500 0.075900 0.020300 0.020400 0.055000 0.041300 0.107700 0.097900 0.053500 0.028900 0.062900 0.000300 0.095000 0.104300 0.000300 0.020400 0.020200 0.000600 0.040700 0.000600 0.083600 0.020200 0.093000 0.000200 0.020300 0.098200 0.000400 0.062000 0.062400 0.080900 0.120100 0.020500 0.083600 0.104800 0.075800 0.047600 0.041100 0.069800 0.040600 0.095100 0.000700 0.000600
MaxwellsDu 0.040500 0.161200 0.019400 0.099200 0.082400 0.040700 0.000000 0.039700 0.039200 0.081100 0.040500 0.098600 0.061000 0.019900 0.039700 0.040100 0.105300 0.097000 0.039500 0.059500 0.061100 0.039800 0.093700 0.102100 0.039800 0.019800 0.060900 0.039000 0.000700 0.038900 0.081800 0.019600 0.079000 0.040100 0.061000 0.039600 0.039600 0.060600 0.060600 0.078800 0.118400 0.053000 0.081800 0.102500 0.059600 0.092800 0.039700 0.059900 0.039600 0.039700 0.039200 0.038900
GazellaPrz 0.040700 0.146400 0.019600 0.084700 0.040300 0.040900 0.039700 0.000000 0.039400 0.047900 0.040600 0.019500 0.060900 0.019900 0.039700 0.000100 0.076000 0.061700 0.039700 0.059700 0.061100 0.039800 0.059000 0.073200 0.039800 0.019900 0.060700 0.039200 0.039900 0.039100 0.051000 0.019600 0.078100 0.040200 0.061100 0.039300 0.039700 0.019800 0.060700 0.045400 0.081000 0.019900 0.051000 0.072500 0.019500 0.091400 0.039900 0.060100 0.000300 0.092900 0.039300 0.039100
MountainNy 0.000500 0.091400 0.019300 0.050800 0.080900 0.000600 0.039200 0.039400 0.000000 0.079900 0.000700 0.058700 0.019400 0.019600 0.039200 0.039800 0.103800 0.094100 0.039200 0.019100 0.060600 0.000400 0.091300 0.100500 0.000400 0.019700 0.019300 0.000100 0.039300 0.000100 0.080700 0.019400 0.079100 0.000400 0.019400 0.079300 0.000500 0.059600 0.060100 0.078100 0.115500 0.019700 0.080700 0.101100 0.058700 0.046200 0.039500 0.059100 0.039100 0.079300 0.000200 0.000100
MuntiacusM 0.082200 0.124400 0.059500 0.097900 0.081800 0.082700 0.081100 0.047900 0.079900 0.000000 0.082500 0.059200 0.103200 0.060700 0.080800 0.039900 0.051000 0.040200 0.080400 0.101000 0.104200 0.080700 0.000600 0.019400 0.080700 0.060700 0.102900 0.079600 0.081500 0.079200 0.000200 0.059900 0.122500 0.081400 0.103200 0.039100 0.080300 0.060200 0.070500 0.023800 0.019500 0.060800 0.000200 0.019500 0.019100 0.179900 0.081300 0.080400 0.039400 0.079900 0.080000 0.079200
goat 0.000400 0.093100 0.020000 0.043600 0.084100 0.000500 0.040500 0.040600 0.000700 0.082500 0.000000 0.060700 0.020300 0.020300 0.040600 0.041000 0.107400 0.097100 0.040700 0.019800 0.062500 0.000200 0.094100 0.103900 0.000200 0.020300 0.020200 0.000700 0.049700 0.000700 0.083300 0.020100 0.082000 0.000300 0.020200 0.081900 0.000300 0.076600 0.062000 0.080400 0.119400 0.020300 0.083300 0.104200 0.060600 0.046900 0.040700 0.051600 0.040400 0.081900 0.000800 0.000700
AfricanBuf 0.076100 0.160600 0.039000 0.121200 0.060200 0.075900 0.098600 0.019500 0.058700 0.059200 0.060700 0.000000 0.060400 0.073900 0.059400 0.019700 0.082300 0.072700 0.059600 0.079100 0.081500 0.059500 0.069400 0.079800 0.059500 0.039800 0.060300 0.058400 0.079300 0.058100 0.059900 0.076000 0.120800 0.060000 0.081300 0.058800 0.096300 0.039500 0.080800 0.058200 0.093300 0.039200 0.059900 0.080200 0.038700 0.112800 0.059900 0.079900 0.019400 0.135700 0.058700 0.058100
Topi 0.020200 0.115900 0.039800 0.065600 0.104900 0.020300 0.061000 0.060900 0.019400 0.103200 0.020300 0.060400 0.000000 0.040700 0.060700 0.061500 0.128900 0.121500 0.061000 0.039500 0.083200 0.019900 0.117400 0.124800 0.019900 0.040500 0.000100 0.019300 0.040200 0.019200 0.104300 0.040200 0.081900 0.020000 0.040700 0.102300 0.019800 0.082400 0.082800 0.101200 0.143200 0.020200 0.104300 0.125200 0.080800 0.071100 0.061100 0.076500 0.060700 0.102600 0.019300 0.019200
CommonDuik 0.020300 0.139200 0.000400 0.076300 0.061500 0.020400 0.019900 0.019900 0.019600 0.060700 0.020300 0.073900 0.040700 0.000000 0.019700 0.020100 0.084200 0.074000 0.019800 0.039600 0.040700 0.019900 0.072400 0.081600 0.019900 0.000400 0.040600 0.019500 0.022700 0.019500 0.061300 0.000100 0.051300 0.020000 0.040600 0.060300 0.019800 0.040300 0.040300 0.058800 0.096900 0.000400 0.061300 0.082000 0.039700 0.070300 0.019900 0.039900 0.019800 0.060200 0.019600 0.019500
Suni 0.055900 0.138600 0.019500 0.099400 0.082100 0.055000 0.039700 0.039700 0.039200 0.080800 0.040600 0.059400 0.060700 0.019700 0.000000 0.040100 0.104900 0.097200 0.039600 0.059300 0.061100 0.039700 0.093700 0.101800 0.039700 0.019800 0.060500 0.038900 0.039700 0.038800 0.081600 0.019600 0.080800 0.040000 0.060900 0.080300 0.039500 0.060400 0.060500 0.078600 0.118100 0.019900 0.081600 0.102200 0.059400 0.093600 0.039800 0.059800 0.039500 0.080400 0.039200 0.038800
Springbuck 0.041100 0.140700 0.019700 0.085300 0.040700 0.041300 0.040100 0.000100 0.039800 0.039900 0.041000 0.019700 0.061500 0.020100 0.040100 0.000000 0.062500 0.051500 0.040200 0.060300 0.061700 0.040200 0.049200 0.060600 0.040200 0.020000 0.061300 0.039500 0.040300 0.039400 0.040400 0.019800 0.069700 0.040500 0.061800 0.039700 0.040100 0.020000 0.061200 0.038600 0.073600 0.020100 0.040400 0.060800 0.019700 0.093800 0.040300 0.060700 0.000100 0.081400 0.039700 0.039400
Okapi 0.107000 0.150400 0.082500 0.117000 0.106200 0.107700 0.105300 0.076000 0.103800 0.051000 0.107400 0.082300 0.128900 0.084200 0.104900 0.062500 0.000000 0.000200 0.104900 0.125800 0.129700 0.104900 0.060200 0.082000 0.104900 0.084200 0.128200 0.103000 0.105900 0.102700 0.061700 0.083200 0.148500 0.105700 0.128900 0.060900 0.104500 0.083500 0.145700 0.101400 0.082600 0.084500 0.061700 0.082300 0.040100 0.159100 0.105800 0.104600 0.061500 0.103200 0.103800 0.102700
Giraffe 0.098100 0.138500 0.072400 0.101800 0.098800 0.097900 0.097000 0.061700 0.094100 0.040200 0.097100 0.072700 0.121500 0.074000 0.097200 0.051500 0.000200 0.000000 0.094900 0.117700 0.121400 0.096500 0.047800 0.073600 0.096500 0.074900 0.120000 0.093300 0.095000 0.093000 0.051400 0.073900 0.136700 0.098000 0.121200 0.049500 0.095400 0.074400 0.135100 0.090600 0.072500 0.074600 0.051400 0.072100 0.025900 0.141900 0.096400 0.097200 0.052500 0.093100 0.093800 0.093000
TibetanAnt 0.054000 0.138000 0.019500 0.050400 0.082000 0.053500 0.039500 0.039700 0.039200 0.080400 0.040700 0.059600 0.061000 0.019800 0.039600 0.040200 0.104900 0.094900 0.000000 0.059500 0.061100 0.039800 0.091500 0.101600 0.039800 0.019900 0.060900 0.039100 0.050400 0.038900 0.081300 0.019600 0.069300 0.040100 0.061000 0.079900 0.039600 0.075200 0.060700 0.078600 0.070800 0.019900 0.081300 0.102100 0.059200 0.090500 0.039900 0.052400 0.039600 0.079800 0.039200 0.038900
Sitatunga 0.029500 0.068500 0.038900 0.074200 0.102200 0.028900 0.059500 0.059700 0.019100 0.101000 0.019800 0.079100 0.039500 0.039600 0.059300 0.060300 0.125800 0.117700 0.059500 0.000000 0.081500 0.019400 0.113600 0.079400 0.019400 0.039700 0.039400 0.019000 0.059700 0.018900 0.102000 0.039200 0.079400 0.019500 0.039600 0.100100 0.019300 0.080300 0.080900 0.098800 0.138300 0.039800 0.102000 0.079800 0.079000 0.068800 0.059800 0.079700 0.059200 0.100200 0.019100 0.018900
Oribi 0.062400 0.165800 0.040000 0.108300 0.105600 0.062900 0.061100 0.061100 0.060600 0.104200 0.062500 0.081500 0.083200 0.040700 0.061100 0.061700 0.129700 0.121400 0.061100 0.081500 0.000000 0.061200 0.117600 0.125800 0.061200 0.040700 0.083000 0.060200 0.061300 0.060000 0.105100 0.040200 0.092700 0.061800 0.083600 0.103300 0.061100 0.082800 0.040600 0.101600 0.143300 0.040700 0.105100 0.126200 0.081500 0.117000 0.061300 0.082000 0.060900 0.103600 0.060500 0.060000
BarbaryShe 0.000200 0.092000 0.019500 0.052500 0.082200 0.000300 0.039800 0.039800 0.000400 0.080700 0.000200 0.059500 0.019900 0.019900 0.039700 0.040200 0.104900 0.096500 0.039800 0.019400 0.061200 0.000000 0.093800 0.101600 0.000000 0.019900 0.019800 0.000400 0.050800 0.000400 0.081500 0.019700 0.080600 0.000100 0.019900 0.080100 0.000100 0.077600 0.060900 0.078800 0.118400 0.019900 0.081500 0.102100 0.059300 0.048100 0.039900 0.053800 0.039600 0.080200 0.000500 0.000400
Daviddeer 0.094800 0.124200 0.070100 0.110200 0.095100 0.095000 0.093700 0.059000 0.091300 0.000600 0.094100 0.069400 0.117400 0.072400 0.093700 0.049200 0.060200 0.047800 0.091500 0.113600 0.117600 0.093800 0.000000 0.019200 0.093800 0.072100 0.116500 0.090800 0.090400 0.090500 0.000400 0.071400 0.120900 0.095300 0.117100 0.048400 0.092700 0.071100 0.080700 0.037500 0.019000 0.071700 0.000400 0.019300 0.025600 0.194100 0.092600 0.093700 0.050400 0.078400 0.112600 0.090500
Reindeer 0.103700 0.101700 0.080000 0.121800 0.103000 0.104300 0.102100 0.073200 0.100500 0.019400 0.103900 0.079800 0.124800 0.081600 0.101800 0.060600 0.082000 0.073600 0.101600 0.079400 0.125800 0.101600 0.019200 0.000000 0.101600 0.081700 0.124400 0.099900 0.102500 0.099500 0.019600 0.080700 0.122100 0.102400 0.125000 0.059100 0.101200 0.081000 0.095400 0.058100 0.039300 0.081800 0.019600 0.000100 0.038900 0.204300 0.102500 0.101500 0.059700 0.100200 0.100500 0.099500
Ibex 0.000200 0.092000 0.019500 0.052500 0.082200 0.000300 0.039800 0.039800 0.000400 0.080700 0.000200 0.059500 0.019900 0.019900 0.039700 0.040200 0.104900 0.096500 0.039800 0.019400 0.061200 0.000000 0.093800 0.101600 0.000000 0.019900 0.019800 0.000400 0.050800 0.000400 0.081500 0.019700 0.080600 0.000100 0.019900 0.080100 0.000100 0.077600 0.060900 0.078800 0.118400 0.019900 0.081500 0.102100 0.059300 0.048100 0.039900 0.053800 0.039600 0.080200 0.000500 0.000400
GyrantGaze 0.020300 0.117600 0.000400 0.063300 0.061600 0.020400 0.019800 0.019900 0.019700 0.060700 0.020300 0.039800 0.040500 0.000400 0.019800 0.020000 0.084200 0.074900 0.019900 0.039700 0.040700 0.019900 0.072100 0.081700 0.019900 0.000000 0.040400 0.019600 0.019800 0.019500 0.061400 0.000300 0.046800 0.020100 0.040700 0.060300 0.019800 0.040400 0.040400 0.059100 0.096800 0.000100 0.061400 0.082000 0.039700 0.071400 0.019900 0.040000 0.019800 0.060300 0.019700 0.019500
Hartebeest 0.020100 0.115900 0.039700 0.065200 0.104600 0.020200 0.060900 0.060700 0.019300 0.102900 0.020200 0.060300 0.000100 0.040600 0.060500 0.061300 0.128200 0.120000 0.060900 0.039400 0.083000 0.019800 0.116500 0.124400 0.019800 0.040400 0.000000 0.019100 0.040000 0.019100 0.104000 0.040100 0.081600 0.020000 0.040500 0.102000 0.019800 0.082100 0.082600 0.100700 0.142200 0.020100 0.104000 0.124700 0.080600 0.070100 0.060900 0.075100 0.060500 0.102100 0.019200 0.019100
Bongo 0.000500 0.090700 0.019100 0.050400 0.080400 0.000600 0.039000 0.039200 0.000100 0.079600 0.000700 0.058400 0.019300 0.019500 0.038900 0.039500 0.103000 0.093300 0.039100 0.019000 0.060200 0.000400 0.090800 0.099900 0.000400 0.019600 0.019100 0.000000 0.039000 0.000100 0.080300 0.019300 0.078800 0.000400 0.019300 0.078800 0.000500 0.059200 0.059800 0.077600 0.114800 0.019600 0.080300 0.100400 0.058400 0.046000 0.039300 0.058800 0.038900 0.078700 0.000200 0.000100
Gerenuk 0.040500 0.137700 0.019100 0.084500 0.082700 0.040700 0.000700 0.039900 0.039300 0.081500 0.049700 0.079300 0.040200 0.022700 0.039700 0.040300 0.105900 0.095000 0.050400 0.059700 0.061300 0.050800 0.090400 0.102500 0.050800 0.019800 0.040000 0.039000 0.000000 0.038900 0.082100 0.023600 0.077200 0.040100 0.061200 0.039700 0.076800 0.060200 0.060800 0.078500 0.115300 0.039600 0.082100 0.102800 0.059700 0.089800 0.040000 0.060100 0.039700 0.047200 0.039100 0.038900
CommonElan 0.000500 0.090200 0.019100 0.050600 0.080100 0.000600 0.038900 0.039100 0.000100 0.079200 0.000700 0.058100 0.019200 0.019500 0.038800 0.039400 0.102700 0.093000 0.038900 0.018900 0.060000 0.000400 0.090500 0.099500 0.000400 0.019500 0.019100 0.000100 0.038900 0.000000 0.080000 0.019300 0.078500 0.000400 0.019200 0.078500 0.000500 0.059000 0.059600 0.077300 0.114400 0.019600 0.080000 0.100100 0.058100 0.045700 0.039100 0.058500 0.038700 0.078400 0.000200 0.000000
MuntiacusR 0.083100 0.125700 0.060100 0.099400 0.082600 0.083600 0.081800 0.051000 0.080700 0.000200 0.083300 0.059900 0.104300 0.061300 0.081600 0.040400 0.061700 0.051400 0.081300 0.102000 0.105100 0.081500 0.000400 0.019600 0.081500 0.061400 0.104000 0.080300 0.082100 0.080000 0.000000 0.060600 0.123700 0.082200 0.104300 0.039500 0.081200 0.060800 0.073600 0.026000 0.019700 0.061400 0.000000 0.019700 0.019400 0.182900 0.082100 0.081200 0.039800 0.080400 0.080700 0.080000
HarveysDui 0.020000 0.137600 0.000400 0.075600 0.060900 0.020200 0.019600 0.019600 0.019400 0.059900 0.020100 0.076000 0.040200 0.000100 0.019600 0.019800 0.083200 0.073900 0.019600 0.039200 0.040200 0.019700 0.071400 0.080700 0.019700 0.000300 0.040100 0.019300 0.023600 0.019300 0.060600 0.000000 0.051500 0.019800 0.040200 0.059600 0.019600 0.039900 0.039900 0.058300 0.095700 0.000400 0.060600 0.081000 0.039200 0.070100 0.019700 0.039500 0.019600 0.059700 0.019400 0.019300
Pronghorn 0.092500 0.158600 0.059400 0.141100 0.125600 0.093000 0.079000 0.078100 0.079100 0.122500 0.082000 0.120800 0.081900 0.051300 0.080800 0.069700 0.148500 0.136700 0.069300 0.079400 0.092700 0.080600 0.120900 0.122100 0.080600 0.046800 0.081600 0.078800 0.077200 0.078500 0.123700 0.051500 0.000000 0.081300 0.103200 0.122800 0.092200 0.115200 0.101000 0.117900 0.144700 0.068300 0.123700 0.122800 0.100800 0.145800 0.068400 0.101600 0.080800 0.141800 0.079400 0.078500
BlueWildeb 0.000100 0.093100 0.019700 0.053400 0.082800 0.000200 0.040100 0.040200 0.000400 0.081400 0.000300 0.060000 0.020000 0.020000 0.040000 0.040500 0.105700 0.098000 0.040100 0.019500 0.061800 0.000100 0.095300 0.102400 0.000100 0.020100 0.020000 0.000400 0.040100 0.000400 0.082200 0.019800 0.081300 0.000000 0.020100 0.080700 0.000100 0.060900 0.061400 0.079600 0.120100 0.020100 0.082200 0.102900 0.059800 0.049500 0.040300 0.055800 0.039900 0.080900 0.000400 0.000400
Gemsbok 0.020200 0.115800 0.039900 0.076200 0.099900 0.020300 0.061000 0.061100 0.019400 0.103200 0.020200 0.081300 0.040700 0.040600 0.060900 0.061800 0.128900 0.121200 0.061000 0.039600 0.083600 0.019900 0.117100 0.125000 0.019900 0.040700 0.040500 0.019300 0.061200 0.019200 0.104300 0.040200 0.103200 0.020100 0.000000 0.102400 0.019800 0.082600 0.083000 0.101000 0.142700 0.040700 0.104300 0.125600 0.080900 0.071300 0.061200 0.076800 0.060800 0.102700 0.019300 0.019200
Yak 0.098400 0.137200 0.059100 0.098300 0.081300 0.098200 0.039600 0.039300 0.079300 0.039100 0.081900 0.058800 0.102300 0.060300 0.080300 0.039700 0.060900 0.049500 0.079900 0.100100 0.103300 0.080100 0.048400 0.059100 0.080100 0.060300 0.102000 0.078800 0.039700 0.078500 0.039500 0.059600 0.122800 0.080700 0.102400 0.000000 0.079800 0.059800 0.102500 0.078300 0.072200 0.060400 0.039500 0.059300 0.018600 0.136700 0.080600 0.079800 0.039100 0.039000 0.079300 0.078500
BlueSheep 0.000300 0.091300 0.019500 0.051600 0.081800 0.000400 0.039600 0.039700 0.000500 0.080300 0.000300 0.096300 0.019800 0.019800 0.039500 0.040100 0.104500 0.095400 0.039600 0.019300 0.061100 0.000100 0.092700 0.101200 0.000100 0.019800 0.019800 0.000500 0.076800 0.000500 0.081200 0.019600 0.092200 0.000100 0.019800 0.079800 0.000000 0.076400 0.060700 0.078400 0.117200 0.045500 0.081200 0.101700 0.059100 0.047100 0.039800 0.052200 0.039500 0.080000 0.000600 0.000500
BohorReedb 0.061700 0.162200 0.039500 0.123000 0.019900 0.062000 0.060600 0.019800 0.059600 0.060200 0.076600 0.039500 0.082400 0.040300 0.060400 0.020000 0.083500 0.074400 0.075200 0.080300 0.082800 0.077600 0.071100 0.081000 0.077600 0.040400 0.082100 0.059200 0.060200 0.059000 0.060800 0.039900 0.115200 0.060900 0.082600 0.059800 0.076400 0.000000 0.082100 0.058400 0.095300 0.040400 0.060800 0.081300 0.039300 0.115800 0.060800 0.081100 0.019700 0.102100 0.059600 0.059000
KirksDik 0.062000 0.171400 0.039600 0.107900 0.104700 0.062400 0.060600 0.060700 0.060100 0.070500 0.062000 0.080800 0.082800 0.040300 0.060500 0.061200 0.145700 0.135100 0.060700 0.080900 0.040600 0.060900 0.080700 0.095400 0.060900 0.040400 0.082600 0.059800 0.060800 0.059600 0.073600 0.039900 0.101000 0.061400 0.083000 0.102500 0.060700 0.082100 0.000000 0.067800 0.103700 0.040500 0.073600 0.094800 0.080900 0.115500 0.060800 0.081400 0.060400 0.115200 0.060000 0.059600
RoeDeer 0.080500 0.164900 0.057500 0.140800 0.079400 0.080900 0.078800 0.045400 0.078100 0.023800 0.080400 0.058200 0.101200 0.058800 0.078600 0.038600 0.101400 0.090600 0.078600 0.098800 0.101600 0.078800 0.037500 0.058100 0.078800 0.059100 0.100700 0.077600 0.078500 0.077300 0.026000 0.058300 0.117900 0.079600 0.101000 0.078300 0.078400 0.058400 0.067800 0.000000 0.058300 0.059100 0.026000 0.058300 0.058100 0.168100 0.079800 0.099200 0.038200 0.118500 0.078300 0.077300
WhiteLippe 0.120000 0.148300 0.094000 0.087700 0.119700 0.120100 0.118400 0.081000 0.115500 0.019500 0.119400 0.093300 0.143200 0.096900 0.118100 0.073600 0.082600 0.072500 0.070800 0.138300 0.143300 0.118400 0.019000 0.039300 0.118400 0.096800 0.142200 0.114800 0.115300 0.114400 0.019700 0.095700 0.144700 0.120100 0.142700 0.072200 0.117200 0.095300 0.103700 0.058300 0.000000 0.096400 0.019700 0.039600 0.049900 0.223100 0.117500 0.118300 0.074500 0.100500 0.137200 0.114400
ThomsonGaz 0.020400 0.117800 0.000400 0.063500 0.061700 0.020500 0.053000 0.019900 0.019700 0.060800 0.020300 0.039200 0.020200 0.000400 0.019900 0.020100 0.084500 0.074600 0.019900 0.039800 0.040700 0.019900 0.071700 0.081800 0.019900 0.000100 0.020100 0.019600 0.039600 0.019600 0.061400 0.000400 0.068300 0.020100 0.040700 0.060400 0.045500 0.040400 0.040500 0.059100 0.096400 0.000000 0.061400 0.082100 0.039800 0.070800 0.020000 0.040000 0.019800 0.088600 0.019700 0.019600
MuntiacusC 0.083100 0.125700 0.060100 0.099400 0.082600 0.083600 0.081800 0.051000 0.080700 0.000200 0.083300 0.059900 0.104300 0.061300 0.081600 0.040400 0.061700 0.051400 0.081300 0.102000 0.105100 0.081500 0.000400 0.019600 0.081500 0.061400 0.104000 0.080300 0.082100 0.080000 0.000000 0.060600 0.123700 0.082200 0.104300 0.039500 0.081200 0.060800 0.073600 0.026000 0.019700 0.061400 0.000000 0.019700 0.019400 0.182900 0.082100 0.081200 0.039800 0.080400 0.080700 0.080000
WhiteTaile 0.104200 0.102000 0.080300 0.123100 0.103500 0.104800 0.102500 0.072500 0.101100 0.019500 0.104200 0.080200 0.125200 0.082000 0.102200 0.060800 0.082300 0.072100 0.102100 0.079800 0.126200 0.102100 0.019300 0.000100 0.102100 0.082000 0.124700 0.100400 0.102800 0.100100 0.019700 0.081000 0.122800 0.102900 0.125600 0.059300 0.101700 0.081300 0.094800 0.058300 0.039600 0.082100 0.019700 0.000000 0.039000 0.202100 0.102900 0.102000 0.059900 0.100500 0.101000 0.100100
Cattle 0.076100 0.114300 0.038900 0.075000 0.060100 0.075800 0.059600 0.019500 0.058700 0.019100 0.060600 0.038700 0.080800 0.039700 0.059400 0.019700 0.040100 0.025900 0.059200 0.079000 0.081500 0.059300 0.025600 0.038900 0.059300 0.039700 0.080600 0.058400 0.059700 0.058100 0.019400 0.039200 0.100800 0.059800 0.080900 0.018600 0.059100 0.039300 0.080900 0.058100 0.049900 0.039800 0.019400 0.039000 0.000000 0.113800 0.059800 0.059100 0.019300 0.058700 0.058700 0.058100
RoyalAntel 0.048000 0.148400 0.069200 0.086000 0.140900 0.047600 0.092800 0.091400 0.046200 0.179900 0.046900 0.112800 0.071100 0.070300 0.093600 0.093800 0.159100 0.141900 0.090500 0.068800 0.117000 0.048100 0.194100 0.204300 0.048100 0.071400 0.070100 0.046000 0.089800 0.045700 0.182900 0.070100 0.145800 0.049500 0.071300 0.136700 0.047100 0.115800 0.115500 0.168100 0.223100 0.070800 0.182900 0.202100 0.113800 0.000000 0.092000 0.115300 0.094000 0.090300 0.045300 0.045700
Steenbok 0.040800 0.140000 0.019600 0.084900 0.082300 0.041100 0.039700 0.039900 0.039500 0.081300 0.040700 0.059900 0.061100 0.019900 0.039800 0.040300 0.105800 0.096400 0.039900 0.059800 0.061300 0.039900 0.092600 0.102500 0.039900 0.019900 0.060900 0.039300 0.040000 0.039100 0.082100 0.019700 0.068400 0.040300 0.061200 0.080600 0.039800 0.060800 0.060800 0.079800 0.117500 0.020000 0.082100 0.102900 0.059800 0.092000 0.000000 0.060200 0.039800 0.080600 0.039400 0.039100
Impala 0.072000 0.139100 0.039200 0.098900 0.103200 0.069800 0.059900 0.060100 0.059100 0.080400 0.051600 0.079900 0.076500 0.039900 0.059800 0.060700 0.104600 0.097200 0.052400 0.079700 0.082000 0.053800 0.093700 0.101500 0.053800 0.040000 0.075100 0.058800 0.060100 0.058500 0.081200 0.039500 0.101600 0.055800 0.076800 0.079800 0.052200 0.081100 0.081400 0.099200 0.118300 0.040000 0.081200 0.102000 0.059100 0.115300 0.060200 0.000000 0.059700 0.079800 0.059100 0.058500
Klipspring 0.040400 0.138500 0.019400 0.099700 0.040000 0.040600 0.039600 0.000300 0.039100 0.039400 0.040400 0.019400 0.060700 0.019800 0.039500 0.000100 0.061500 0.052500 0.039600 0.059200 0.060900 0.039600 0.050400 0.059700 0.039600 0.019800 0.060500 0.038900 0.039700 0.038700 0.039800 0.019600 0.080800 0.039900 0.060800 0.039100 0.039500 0.019700 0.060400 0.038200 0.074500 0.019800 0.039800 0.059900 0.019300 0.094000 0.039800 0.059700 0.000000 0.080200 0.039100 0.038700
ForestMusk 0.094900 0.122600 0.059000 0.097400 0.125400 0.095100 0.039700 0.092900 0.079300 0.079900 0.081900 0.135700 0.102600 0.060200 0.080400 0.081400 0.103200 0.093100 0.079800 0.100200 0.103600 0.080200 0.078400 0.100200 0.080200 0.060300 0.102100 0.078700 0.047200 0.078400 0.080400 0.059700 0.141800 0.080900 0.102700 0.039000 0.080000 0.102100 0.115200 0.118500 0.100500 0.088600 0.080400 0.100500 0.058700 0.090300 0.080600 0.079800 0.080200 0.000000 0.079200 0.078400
Bushbuck 0.000600 0.090900 0.019300 0.050300 0.080900 0.000700 0.039200 0.039300 0.000200 0.080000 0.000800 0.058700 0.019300 0.019600 0.039200 0.039700 0.103800 0.093800 0.039200 0.019100 0.060500 0.000500 0.112600 0.100500 0.000500 0.019700 0.019200 0.000200 0.039100 0.000200 0.080700 0.019400 0.079400 0.000400 0.019300 0.079300 0.000600 0.059600 0.060000 0.078300 0.137200 0.019700 0.080700 0.101000 0.058700 0.045300 0.039400 0.059100 0.039100 0.079200 0.000000 0.000200
GreaterKud 0.000500 0.090200 0.019100 0.050600 0.080100 0.000600 0.038900 0.039100 0.000100 0.079200 0.000700 0.058100 0.019200 0.019500 0.038800 0.039400 0.102700 0.093000 0.038900 0.018900 0.060000 0.000400 0.090500 0.099500 0.000400 0.019500 0.019100 0.000100 0.038900 0.000000 0.080000 0.019300 0.078500 0.000400 0.019200 0.078500 0.000500 0.059000 0.059600 0.077300 0.114400 0.019600 0.080000 0.100100 0.058100 0.045700 0.039100 0.058500 0.038700 0.078400 0.000200 0.000000
