1
52 1
Argali 0.000000 0.020400 0.010200 0.025700 0.005000 0.000000 0.010100 0.010100 0.010200 0.010100 0.005000 0.015200 0.010100 0.015200 0.005000 0.010100 0.010100 0.010100 0.005000 0.010200 0.005100 0.005000 0.015200 0.005100 0.005000 0.005000 0.005000 0.010200 0.010100 0.010200 0.015200 0.015200 0.020500 0.005000 0.005000 0.015300 0.005000 0.005000 0.005000 0.010200 0.015200 0.005000 0.010100 0.005100 0.015200 0.010100 0.005000 0.010100 0.010100 0.015100 0.015300 0.010200
LesserMous 0.020400 0.000000 0.020500 0.031100 0.015300 0.020400 0.020400 0.020500 0.020500 0.021700 0.015300 0.025600 0.020400 0.025600 0.015300 0.020500 0.021700 0.022100 0.015200 0.020500 0.015300 0.015300 0.027300 0.015400 0.015300 0.015300 0.015300 0.020600 0.020500 0.020500 0.027000 0.015300 0.031000 0.015200 0.015300 0.025700 0.015300 0.015300 0.015300 0.020500 0.027300 0.015300 0.021700 0.015400 0.025700 0.020500 0.015300 0.020400 0.010100 0.026800 0.025800 0.020500
LesserKudu 0.010200 0.020500 0.000000 0.031200 0.005100 0.010200 0.010200 0.010200 0.000000 0.010200 0.005100 0.005100 0.010200 0.015300 0.005100 0.010200 0.010100 0.010200 0.005000 0.000000 0.005100 0.005100 0.015300 0.005100 0.005100 0.005100 0.005100 0.000000 0.010200 0.000000 0.015300 0.015300 0.020500 0.005000 0.005100 0.005100 0.005100 0.005100 0.005100 0.010200 0.015300 0.005100 0.010200 0.005100 0.005100 0.000000 0.005100 0.010200 0.010200 0.015200 0.005100 0.000000
KillerWhal 0.025700 0.031100 0.031200 0.000000 0.025800 0.025700 0.031000 0.031100 0.031200 0.032700 0.025800 0.036300 0.031000 0.036300 0.025800 0.031100 0.032700 0.032800 0.025700 0.031100 0.025900 0.025800 0.027400 0.025900 0.025800 0.025800 0.025800 0.031200 0.031100 0.031200 0.038000 0.036400 0.031100 0.025700 0.025800 0.036400 0.025700 0.025800 0.025800 0.020600 0.027400 0.025800 0.032700 0.025900 0.036400 0.031100 0.025800 0.031000 0.031000 0.037700 0.036600 0.031200
DefassaWat 0.005000 0.015300 0.005100 0.025800 0.000000 0.005000 0.005000 0.005000 0.005100 0.005000 0.000000 0.010100 0.005000 0.010100 0.000000 0.005000 0.005000 0.005000 0.000100 0.005100 0.000000 0.000000 0.010100 0.000100 0.000000 0.000000 0.000000 0.005100 0.005000 0.005100 0.010100 0.010100 0.015300 0.000000 0.000000 0.010100 0.000000 0.000000 0.000000 0.005100 0.010100 0.000000 0.005000 0.000100 0.010100 0.005000 0.000000 0.005000 0.005000 0.010000 0.010200 0.005100
Sheep 0.000000 0.020400 0.010200 0.025700 0.005000 0.000000 0.010100 0.010100 0.010200 0.010100 0.005000 0.015200 0.010100 0.015200 0.005000 0.010100 0.010100 0.010100 0.005000 0.010200 0.005100 0.005000 0.015200 0.005100 0.005000 0.005000 0.005000 0.010200 0.010100 0.010200 0.015200 0.015200 0.020500 0.005000 0.005000 0.015300 0.005000 0.005000 0.005000 0.010200 0.015200 0.005000 0.010100 0.005100 0.015200 0.010100 0.005000 0.010100 0.010100 0.015100 0.015300 0.010200
MaxwellsDu 0.010100 0.020400 0.010200 0.031000 0.005000 0.010100 0.000000 0.010100 0.010200 0.010100 0.005000 0.015200 0.010100 0.005000 0.005000 0.000000 0.010100 0.010100 0.005000 0.010100 0.005100 0.005000 0.015200 0.005100 0.005000 0.005000 0.005000 0.010200 0.000000 0.010200 0.015200 0.005000 0.020400 0.005000 0.005000 0.015300 0.005000 0.005000 0.005000 0.010200 0.015200 0.005000 0.010100 0.005100 0.015200 0.010100 0.005000 0.010100 0.010100 0.015100 0.015300 0.010200
GazellaPrz 0.010100 0.020500 0.010200 0.031100 0.005000 0.010100 0.010100 0.000000 0.010200 0.010100 0.005100 0.015300 0.010100 0.015200 0.005000 0.010200 0.010100 0.010100 0.005000 0.010200 0.005100 0.005000 0.015300 0.005100 0.005100 0.005100 0.005000 0.010200 0.010100 0.010200 0.015300 0.015300 0.010200 0.005000 0.005000 0.015300 0.005000 0.005100 0.005100 0.010200 0.015300 0.005100 0.010100 0.005100 0.015300 0.010100 0.005100 0.010100 0.010100 0.015200 0.015400 0.010200
MountainNy 0.010200 0.020500 0.000000 0.031200 0.005100 0.010200 0.010200 0.010200 0.000000 0.010200 0.005100 0.005100 0.010200 0.015300 0.005100 0.010200 0.010100 0.010200 0.005000 0.000000 0.005100 0.005100 0.015300 0.005100 0.005100 0.005100 0.005100 0.000000 0.010200 0.000000 0.015300 0.015300 0.020500 0.005000 0.005100 0.005100 0.005100 0.005100 0.005100 0.010200 0.015300 0.005100 0.010200 0.005100 0.005100 0.000000 0.005100 0.010200 0.010200 0.015200 0.005100 0.000000
MuntiacusM 0.010100 0.021700 0.010200 0.032700 0.005000 0.010100 0.010100 0.010100 0.010200 0.000000 0.005000 0.017500 0.010100 0.015200 0.005000 0.010100 0.000100 0.000000 0.005000 0.011700 0.005100 0.005000 0.005000 0.005100 0.005000 0.005000 0.005000 0.010200 0.010100 0.010200 0.005000 0.015200 0.022600 0.005000 0.005000 0.015300 0.005000 0.005000 0.005700 0.010200 0.005000 0.005000 0.000000 0.005100 0.015200 0.010100 0.005000 0.010100 0.010100 0.005000 0.015300 0.010200
goat 0.005000 0.015300 0.005100 0.025800 0.000000 0.005000 0.005000 0.005100 0.005100 0.005000 0.000000 0.010100 0.005000 0.010100 0.000000 0.005100 0.005000 0.005000 0.000000 0.005100 0.000100 0.000000 0.010100 0.000100 0.000000 0.000100 0.000000 0.005100 0.005000 0.005100 0.010100 0.010100 0.015300 0.000000 0.000000 0.010200 0.000000 0.000000 0.000100 0.005100 0.010100 0.000100 0.005000 0.000100 0.010100 0.005100 0.000000 0.005000 0.005000 0.010100 0.010200 0.005100
AfricanBuf 0.015200 0.025600 0.005100 0.036300 0.010100 0.015200 0.015200 0.015300 0.005100 0.017500 0.010100 0.000000 0.015200 0.020300 0.010100 0.015300 0.018800 0.018900 0.010100 0.005100 0.010200 0.010100 0.023600 0.010200 0.010100 0.010100 0.010100 0.005100 0.015200 0.005100 0.022400 0.020300 0.025600 0.010100 0.010100 0.000000 0.010100 0.010100 0.010100 0.015300 0.023600 0.010100 0.017500 0.010200 0.000000 0.005000 0.010100 0.015200 0.015200 0.022600 0.010200 0.005100
Topi 0.010100 0.020400 0.010200 0.031000 0.005000 0.010100 0.010100 0.010100 0.010200 0.010100 0.005000 0.015200 0.000000 0.015200 0.005000 0.010100 0.010100 0.010100 0.005000 0.010200 0.005100 0.005000 0.015200 0.005100 0.005000 0.005000 0.005000 0.010200 0.010100 0.010200 0.015200 0.015200 0.020500 0.005000 0.005000 0.015300 0.005000 0.005000 0.005000 0.010200 0.015200 0.005000 0.010100 0.005100 0.015200 0.010100 0.005000 0.010100 0.010100 0.015100 0.015300 0.010200
CommonDuik 0.015200 0.025600 0.015300 0.036300 0.010100 0.015200 0.005000 0.015200 0.015300 0.015200 0.010100 0.020300 0.015200 0.000000 0.010100 0.005000 0.015100 0.015200 0.010000 0.015300 0.010100 0.010100 0.020300 0.010200 0.010100 0.010100 0.010100 0.015300 0.005000 0.015300 0.020300 0.010100 0.025600 0.010100 0.010100 0.020400 0.010100 0.010100 0.010100 0.015300 0.020300 0.010100 0.015200 0.010200 0.020300 0.015200 0.010100 0.015200 0.015200 0.020200 0.020500 0.015300
Suni 0.005000 0.015300 0.005100 0.025800 0.000000 0.005000 0.005000 0.005000 0.005100 0.005000 0.000000 0.010100 0.005000 0.010100 0.000000 0.005000 0.005000 0.005000 0.000000 0.005100 0.000000 0.000000 0.010100 0.000100 0.000000 0.000000 0.000000 0.005100 0.005000 0.005100 0.010100 0.010100 0.015300 0.000000 0.000000 0.010100 0.000000 0.000000 0.000000 0.005100 0.010100 0.000000 0.005000 0.000100 0.010100 0.005000 0.000000 0.005000 0.005000 0.010100 0.010200 0.005100
Springbuck 0.010100 0.020500 0.010200 0.031100 0.005000 0.010100 0.000000 0.010200 0.010200 0.010100 0.005100 0.015300 0.010100 0.005000 0.005000 0.000000 0.010100 0.010100 0.005000 0.010200 0.005100 0.005000 0.015300 0.005100 0.005100 0.005100 0.005000 0.010200 0.000000 0.010200 0.015300 0.005100 0.020500 0.005000 0.005000 0.015300 0.005000 0.005100 0.005100 0.010200 0.015300 0.005100 0.010100 0.005100 0.015300 0.010100 0.005100 0.010100 0.010100 0.015200 0.015400 0.010200
Okapi 0.010100 0.021700 0.010100 0.032700 0.005000 0.010100 0.010100 0.010100 0.010100 0.000100 0.005000 0.018800 0.010100 0.015100 0.005000 0.010100 0.000000 0.000000 0.005000 0.012500 0.005000 0.005000 0.005000 0.005000 0.005000 0.005000 0.005000 0.010100 0.010100 0.010100 0.005000 0.015100 0.022600 0.005000 0.005000 0.015200 0.005000 0.005000 0.006000 0.010100 0.005000 0.005000 0.000100 0.005000 0.015200 0.010100 0.005000 0.010100 0.010100 0.005000 0.015300 0.010100
Giraffe 0.010100 0.022100 0.010200 0.032800 0.005000 0.010100 0.010100 0.010100 0.010200 0.000000 0.005000 0.018900 0.010100 0.015200 0.005000 0.010100 0.000000 0.000000 0.005000 0.012600 0.005100 0.005000 0.005000 0.005100 0.005000 0.005000 0.005000 0.010200 0.010100 0.010200 0.005000 0.015200 0.023400 0.005000 0.005000 0.015300 0.005000 0.005000 0.006100 0.010200 0.005000 0.005000 0.000000 0.005100 0.015200 0.010100 0.005000 0.010100 0.010100 0.005000 0.015400 0.010200
TibetanAnt 0.005000 0.015200 0.005000 0.025700 0.000100 0.005000 0.005000 0.005000 0.005000 0.005000 0.000000 0.010100 0.005000 0.010000 0.000000 0.005000 0.005000 0.005000 0.000000 0.005000 0.000100 0.000000 0.010100 0.000100 0.000000 0.000100 0.000000 0.005000 0.005000 0.005000 0.010100 0.010000 0.015200 0.000100 0.000000 0.010100 0.000100 0.000000 0.000100 0.005000 0.010100 0.000100 0.005000 0.000100 0.010100 0.005000 0.000100 0.005000 0.005000 0.010000 0.010100 0.005000
Sitatunga 0.010200 0.020500 0.000000 0.031100 0.005100 0.010200 0.010100 0.010200 0.000000 0.011700 0.005100 0.005100 0.010200 0.015300 0.005100 0.010200 0.012500 0.012600 0.005000 0.000000 0.005100 0.005100 0.017700 0.005100 0.005100 0.005100 0.005100 0.000000 0.010200 0.000000 0.017300 0.015300 0.020500 0.005000 0.005100 0.005100 0.005000 0.005100 0.005100 0.010200 0.017700 0.005100 0.011700 0.005100 0.005100 0.000100 0.005100 0.010200 0.010100 0.017000 0.005100 0.000000
Oribi 0.005100 0.015300 0.005100 0.025900 0.000000 0.005100 0.005100 0.005100 0.005100 0.005100 0.000100 0.010200 0.005100 0.010100 0.000000 0.005100 0.005000 0.005100 0.000100 0.005100 0.000000 0.000000 0.010100 0.000100 0.000100 0.000000 0.000000 0.005100 0.005100 0.005100 0.010200 0.010100 0.015300 0.000100 0.000000 0.010200 0.000100 0.000000 0.000000 0.005100 0.010100 0.000000 0.005100 0.000100 0.010200 0.005100 0.000000 0.005100 0.005100 0.010100 0.010200 0.005100
BarbaryShe 0.005000 0.015300 0.005100 0.025800 0.000000 0.005000 0.005000 0.005000 0.005100 0.005000 0.000000 0.010100 0.005000 0.010100 0.000000 0.005000 0.005000 0.005000 0.000000 0.005100 0.000000 0.000000 0.010100 0.000100 0.000000 0.000000 0.000000 0.005100 0.005000 0.005100 0.010100 0.010100 0.015300 0.000000 0.000000 0.010100 0.000000 0.000000 0.000000 0.005100 0.010100 0.000000 0.005000 0.000100 0.010100 0.005000 0.000000 0.005000 0.005000 0.010100 0.010200 0.005100
Daviddeer 0.015200 0.027300 0.015300 0.027400 0.010100 0.015200 0.015200 0.015300 0.015300 0.005000 0.010100 0.023600 0.015200 0.020300 0.010100 0.015300 0.005000 0.005000 0.010100 0.017700 0.010100 0.010100 0.000000 0.010200 0.010100 0.010100 0.010100 0.015300 0.015200 0.015300 0.010100 0.020400 0.017400 0.010100 0.010100 0.020400 0.010100 0.010100 0.011500 0.005100 0.000000 0.010100 0.005000 0.010200 0.020400 0.015200 0.010100 0.015200 0.015200 0.010100 0.020500 0.015300
Reindeer 0.005100 0.015400 0.005100 0.025900 0.000100 0.005100 0.005100 0.005100 0.005100 0.005100 0.000100 0.010200 0.005100 0.010200 0.000100 0.005100 0.005000 0.005100 0.000100 0.005100 0.000100 0.000100 0.010200 0.000000 0.000100 0.000100 0.000100 0.005100 0.005100 0.005100 0.010200 0.010200 0.015400 0.000100 0.000100 0.010200 0.000100 0.000100 0.000100 0.005100 0.010200 0.000100 0.005100 0.000000 0.010200 0.005100 0.000100 0.005100 0.005100 0.010100 0.010300 0.005100
Ibex 0.005000 0.015300 0.005100 0.025800 0.000000 0.005000 0.005000 0.005100 0.005100 0.005000 0.000000 0.010100 0.005000 0.010100 0.000000 0.005100 0.005000 0.005000 0.000000 0.005100 0.000100 0.000000 0.010100 0.000100 0.000000 0.000100 0.000000 0.005100 0.005000 0.005100 0.010100 0.010100 0.015300 0.000000 0.000000 0.010200 0.000000 0.000000 0.000100 0.005100 0.010100 0.000100 0.005000 0.000100 0.010100 0.005100 0.000000 0.005000 0.005000 0.010100 0.010200 0.005100
GyrantGaze 0.005000 0.015300 0.005100 0.025800 0.000000 0.005000 0.005000 0.005100 0.005100 0.005000 0.000100 0.010100 0.005000 0.010100 0.000000 0.005100 0.005000 0.005000 0.000100 0.005100 0.000000 0.000000 0.010100 0.000100 0.000100 0.000000 0.000000 0.005100 0.005000 0.005100 0.010100 0.010100 0.015300 0.000100 0.000000 0.010200 0.000100 0.000000 0.000000 0.005100 0.010100 0.000000 0.005000 0.000100 0.010100 0.005100 0.000000 0.005000 0.005000 0.010100 0.010200 0.005100
Hartebeest 0.005000 0.015300 0.005100 0.025800 0.000000 0.005000 0.005000 0.005000 0.005100 0.005000 0.000000 0.010100 0.005000 0.010100 0.000000 0.005000 0.005000 0.005000 0.000000 0.005100 0.000000 0.000000 0.010100 0.000100 0.000000 0.000000 0.000000 0.005100 0.005000 0.005100 0.010100 0.010100 0.015300 0.000000 0.000000 0.010100 0.000000 0.000000 0.000000 0.005100 0.010100 0.000000 0.005000 0.000100 0.010100 0.005000 0.000000 0.005000 0.005000 0.010100 0.010200 0.005100
Bongo 0.010200 0.020600 0.000000 0.031200 0.005100 0.010200 0.010200 0.010200 0.000000 0.010200 0.005100 0.005100 0.010200 0.015300 0.005100 0.010200 0.010100 0.010200 0.005000 0.000000 0.005100 0.005100 0.015300 0.005100 0.005100 0.005100 0.005100 0.000000 0.010200 0.000000 0.015300 0.015300 0.020600 0.005100 0.005100 0.005100 0.005100 0.005100 0.005100 0.010200 0.015300 0.005100 0.010200 0.005100 0.005100 0.000100 0.005100 0.010200 0.010200 0.015300 0.005100 0.000000
Gerenuk 0.010100 0.020500 0.010200 0.031100 0.005000 0.010100 0.000000 0.010100 0.010200 0.010100 0.005000 0.015200 0.010100 0.005000 0.005000 0.000000 0.010100 0.010100 0.005000 0.010200 0.005100 0.005000 0.015200 0.005100 0.005000 0.005000 0.005000 0.010200 0.000000 0.010200 0.015200 0.005000 0.020500 0.005000 0.005000 0.015300 0.005000 0.005000 0.005000 0.010200 0.015200 0.005000 0.010100 0.005100 0.015200 0.010100 0.005000 0.010100 0.010100 0.015100 0.015300 0.010200
CommonElan 0.010200 0.020500 0.000000 0.031200 0.005100 0.010200 0.010200 0.010200 0.000000 0.010200 0.005100 0.005100 0.010200 0.015300 0.005100 0.010200 0.010100 0.010200 0.005000 0.000000 0.005100 0.005100 0.015300 0.005100 0.005100 0.005100 0.005100 0.000000 0.010200 0.000000 0.015300 0.015300 0.020500 0.005000 0.005100 0.005100 0.005100 0.005100 0.005100 0.010200 0.015300 0.005100 0.010200 0.005100 0.005100 0.000000 0.005100 0.010200 0.010200 0.015200 0.005100 0.000000
MuntiacusR 0.015200 0.027000 0.015300 0.038000 0.010100 0.015200 0.015200 0.015300 0.015300 0.005000 0.010100 0.022400 0.015200 0.020300 0.010100 0.015300 0.005000 0.005000 0.010100 0.017300 0.010200 0.010100 0.010100 0.010200 0.010100 0.010100 0.010100 0.015300 0.015200 0.015300 0.000000 0.020400 0.027700 0.010100 0.010100 0.020500 0.010100 0.010100 0.011000 0.015300 0.010100 0.010100 0.005000 0.010200 0.020400 0.015200 0.010100 0.015200 0.015200 0.010100 0.020500 0.015300
HarveysDui 0.015200 0.015300 0.015300 0.036400 0.010100 0.015200 0.005000 0.015300 0.015300 0.015200 0.010100 0.020300 0.015200 0.010100 0.010100 0.005100 0.015100 0.015200 0.010000 0.015300 0.010100 0.010100 0.020400 0.010200 0.010100 0.010100 0.010100 0.015300 0.005000 0.015300 0.020400 0.000000 0.025600 0.010100 0.010100 0.020400 0.010100 0.010100 0.010100 0.015300 0.020400 0.010100 0.015200 0.010200 0.020400 0.015200 0.010100 0.015200 0.015200 0.020200 0.020500 0.015300
Pronghorn 0.020500 0.031000 0.020500 0.031100 0.015300 0.020500 0.020400 0.010200 0.020500 0.022600 0.015300 0.025600 0.020500 0.025600 0.015300 0.020500 0.022600 0.023400 0.015200 0.020500 0.015300 0.015300 0.017400 0.015400 0.015300 0.015300 0.015300 0.020600 0.020500 0.020500 0.027700 0.025600 0.000000 0.015200 0.015300 0.025700 0.015300 0.015300 0.015300 0.010200 0.017400 0.015300 0.022600 0.015400 0.025700 0.020500 0.015300 0.020500 0.020400 0.027500 0.025900 0.020600
BlueWildeb 0.005000 0.015200 0.005000 0.025700 0.000000 0.005000 0.005000 0.005000 0.005000 0.005000 0.000000 0.010100 0.005000 0.010100 0.000000 0.005000 0.005000 0.005000 0.000100 0.005000 0.000100 0.000000 0.010100 0.000100 0.000000 0.000100 0.000000 0.005100 0.005000 0.005000 0.010100 0.010100 0.015200 0.000000 0.000000 0.010100 0.000000 0.000000 0.000100 0.005000 0.010100 0.000100 0.005000 0.000100 0.010100 0.005000 0.000000 0.005000 0.005000 0.010000 0.010200 0.005000
Gemsbok 0.005000 0.015300 0.005100 0.025800 0.000000 0.005000 0.005000 0.005000 0.005100 0.005000 0.000000 0.010100 0.005000 0.010100 0.000000 0.005000 0.005000 0.005000 0.000000 0.005100 0.000000 0.000000 0.010100 0.000100 0.000000 0.000000 0.000000 0.005100 0.005000 0.005100 0.010100 0.010100 0.015300 0.000000 0.000000 0.010100 0.000000 0.000000 0.000000 0.005100 0.010100 0.000000 0.005000 0.000100 0.010100 0.005000 0.000000 0.005000 0.005000 0.010100 0.010200 0.005100
Yak 0.015300 0.025700 0.005100 0.036400 0.010100 0.015300 0.015300 0.015300 0.005100 0.015300 0.010200 0.000000 0.015300 0.020400 0.010100 0.015300 0.015200 0.015300 0.010100 0.005100 0.010200 0.010100 0.020400 0.010200 0.010200 0.010200 0.010100 0.005100 0.015300 0.005100 0.020500 0.020400 0.025700 0.010100 0.010100 0.000000 0.010100 0.010200 0.010200 0.015400 0.020400 0.010200 0.015300 0.010200 0.000000 0.005100 0.010200 0.015300 0.015300 0.020300 0.010200 0.005100
BlueSheep 0.005000 0.015300 0.005100 0.025700 0.000000 0.005000 0.005000 0.005000 0.005100 0.005000 0.000000 0.010100 0.005000 0.010100 0.000000 0.005000 0.005000 0.005000 0.000100 0.005000 0.000100 0.000000 0.010100 0.000100 0.000000 0.000100 0.000000 0.005100 0.005000 0.005100 0.010100 0.010100 0.015300 0.000000 0.000000 0.010100 0.000000 0.000000 0.000100 0.005100 0.010100 0.000100 0.005000 0.000100 0.010100 0.005000 0.000000 0.005000 0.005000 0.010000 0.010200 0.005100
BohorReedb 0.005000 0.015300 0.005100 0.025800 0.000000 0.005000 0.005000 0.005100 0.005100 0.005000 0.000000 0.010100 0.005000 0.010100 0.000000 0.005100 0.005000 0.005000 0.000000 0.005100 0.000000 0.000000 0.010100 0.000100 0.000000 0.000000 0.000000 0.005100 0.005000 0.005100 0.010100 0.010100 0.015300 0.000000 0.000000 0.010200 0.000000 0.000000 0.000000 0.005100 0.010100 0.000000 0.005000 0.000100 0.010100 0.005000 0.000000 0.005000 0.005000 0.010100 0.010200 0.005100
KirksDik 0.005000 0.015300 0.005100 0.025800 0.000000 0.005000 0.005000 0.005100 0.005100 0.005700 0.000100 0.010100 0.005000 0.010100 0.000000 0.005100 0.006000 0.006100 0.000100 0.005100 0.000000 0.000000 0.011500 0.000100 0.000100 0.000000 0.000000 0.005100 0.005000 0.005100 0.011000 0.010100 0.015300 0.000100 0.000000 0.010200 0.000100 0.000000 0.000000 0.005100 0.011500 0.000000 0.005700 0.000100 0.010100 0.005000 0.000000 0.005000 0.005000 0.011100 0.010200 0.005100
RoeDeer 0.010200 0.020500 0.010200 0.020600 0.005100 0.010200 0.010200 0.010200 0.010200 0.010200 0.005100 0.015300 0.010200 0.015300 0.005100 0.010200 0.010100 0.010200 0.005000 0.010200 0.005100 0.005100 0.005100 0.005100 0.005100 0.005100 0.005100 0.010200 0.010200 0.010200 0.015300 0.015300 0.010200 0.005000 0.005100 0.015400 0.005100 0.005100 0.005100 0.000000 0.005100 0.005100 0.010200 0.005100 0.015300 0.010200 0.005100 0.010200 0.010200 0.015200 0.015400 0.010200
WhiteLippe 0.015200 0.027300 0.015300 0.027400 0.010100 0.015200 0.015200 0.015300 0.015300 0.005000 0.010100 0.023600 0.015200 0.020300 0.010100 0.015300 0.005000 0.005000 0.010100 0.017700 0.010100 0.010100 0.000000 0.010200 0.010100 0.010100 0.010100 0.015300 0.015200 0.015300 0.010100 0.020400 0.017400 0.010100 0.010100 0.020400 0.010100 0.010100 0.011500 0.005100 0.000000 0.010100 0.005000 0.010200 0.020400 0.015200 0.010100 0.015200 0.015200 0.010100 0.020500 0.015300
ThomsonGaz 0.005000 0.015300 0.005100 0.025800 0.000000 0.005000 0.005000 0.005100 0.005100 0.005000 0.000100 0.010100 0.005000 0.010100 0.000000 0.005100 0.005000 0.005000 0.000100 0.005100 0.000000 0.000000 0.010100 0.000100 0.000100 0.000000 0.000000 0.005100 0.005000 0.005100 0.010100 0.010100 0.015300 0.000100 0.000000 0.010200 0.000100 0.000000 0.000000 0.005100 0.010100 0.000000 0.005000 0.000100 0.010100 0.005100 0.000000 0.005000 0.005000 0.010100 0.010200 0.005100
MuntiacusC 0.010100 0.021700 0.010200 0.032700 0.005000 0.010100 0.010100 0.010100 0.010200 0.000000 0.005000 0.017500 0.010100 0.015200 0.005000 0.010100 0.000100 0.000000 0.005000 0.011700 0.005100 0.005000 0.005000 0.005100 0.005000 0.005000 0.005000 0.010200 0.010100 0.010200 0.005000 0.015200 0.022600 0.005000 0.005000 0.015300 0.005000 0.005000 0.005700 0.010200 0.005000 0.005000 0.000000 0.005100 0.015200 0.010100 0.005000 0.010100 0.010100 0.005000 0.015300 0.010200
WhiteTaile 0.005100 0.015400 0.005100 0.025900 0.000100 0.005100 0.005100 0.005100 0.005100 0.005100 0.000100 0.010200 0.005100 0.010200 0.000100 0.005100 0.005000 0.005100 0.000100 0.005100 0.000100 0.000100 0.010200 0.000000 0.000100 0.000100 0.000100 0.005100 0.005100 0.005100 0.010200 0.010200 0.015400 0.000100 0.000100 0.010200 0.000100 0.000100 0.000100 0.005100 0.010200 0.000100 0.005100 0.000000 0.010200 0.005100 0.000100 0.005100 0.005100 0.010100 0.010300 0.005100
Cattle 0.015200 0.025700 0.005100 0.036400 0.010100 0.015200 0.015200 0.015300 0.005100 0.015200 0.010100 0.000000 0.015200 0.020300 0.010100 0.015300 0.015200 0.015200 0.010100 0.005100 0.010200 0.010100 0.020400 0.010200 0.010100 0.010100 0.010100 0.005100 0.015200 0.005100 0.020400 0.020400 0.025700 0.010100 0.010100 0.000000 0.010100 0.010100 0.010100 0.015300 0.020400 0.010100 0.015200 0.010200 0.000000 0.005100 0.010100 0.015200 0.015200 0.020300 0.010200 0.005100
RoyalAntel 0.010100 0.020500 0.000000 0.031100 0.005000 0.010100 0.010100 0.010100 0.000000 0.010100 0.005100 0.005000 0.010100 0.015200 0.005000 0.010100 0.010100 0.010100 0.005000 0.000100 0.005100 0.005000 0.015200 0.005100 0.005100 0.005100 0.005000 0.000100 0.010100 0.000000 0.015200 0.015200 0.020500 0.005000 0.005000 0.005100 0.005000 0.005000 0.005000 0.010200 0.015200 0.005100 0.010100 0.005100 0.005100 0.000000 0.005000 0.010100 0.010100 0.015200 0.005100 0.000100
Steenbok 0.005000 0.015300 0.005100 0.025800 0.000000 0.005000 0.005000 0.005100 0.005100 0.005000 0.000000 0.010100 0.005000 0.010100 0.000000 0.005100 0.005000 0.005000 0.000100 0.005100 0.000000 0.000000 0.010100 0.000100 0.000000 0.000000 0.000000 0.005100 0.005000 0.005100 0.010100 0.010100 0.015300 0.000000 0.000000 0.010200 0.000000 0.000000 0.000000 0.005100 0.010100 0.000000 0.005000 0.000100 0.010100 0.005000 0.000000 0.005000 0.005000 0.010100 0.010200 0.005100
Impala 0.010100 0.020400 0.010200 0.031000 0.005000 0.010100 0.010100 0.010100 0.010200 0.010100 0.005000 0.015200 0.010100 0.015200 0.005000 0.010100 0.010100 0.010100 0.005000 0.010200 0.005100 0.005000 0.015200 0.005100 0.005000 0.005000 0.005000 0.010200 0.010100 0.010200 0.015200 0.015200 0.020500 0.005000 0.005000 0.015300 0.005000 0.005000 0.005000 0.010200 0.015200 0.005000 0.010100 0.005100 0.015200 0.010100 0.005000 0.000000 0.010100 0.015100 0.015400 0.010200
Klipspring 0.010100 0.010100 0.010200 0.031000 0.005000 0.010100 0.010100 0.010100 0.010200 0.010100 0.005000 0.015200 0.010100 0.015200 0.005000 0.010100 0.010100 0.010100 0.005000 0.010100 0.005100 0.005000 0.015200 0.005100 0.005000 0.005000 0.005000 0.010200 0.010100 0.010200 0.015200 0.015200 0.020400 0.005000 0.005000 0.015300 0.005000 0.005000 0.005000 0.010200 0.015200 0.005000 0.010100 0.005100 0.015200 0.010100 0.005000 0.010100 0.000000 0.015100 0.015300 0.010200
ForestMusk 0.015100 0.026800 0.015200 0.037700 0.010000 0.015100 0.015100 0.015200 0.015200 0.005000 0.010100 0.022600 0.015100 0.020200 0.010100 0.015200 0.005000 0.005000 0.010000 0.017000 0.010100 0.010100 0.010100 0.010100 0.010100 0.010100 0.010100 0.015300 0.015100 0.015200 0.010100 0.020200 0.027500 0.010000 0.010100 0.020300 0.010000 0.010100 0.011100 0.015200 0.010100 0.010100 0.005000 0.010100 0.020300 0.015200 0.010100 0.015100 0.015100 0.000000 0.020400 0.015200
Bushbuck 0.015300 0.025800 0.005100 0.036600 0.010200 0.015300 0.015300 0.015400 0.005100 0.015300 0.010200 0.010200 0.015300 0.020500 0.010200 0.015400 0.015300 0.015400 0.010100 0.005100 0.010200 0.010200 0.020500 0.010300 0.010200 0.010200 0.010200 0.005100 0.015300 0.005100 0.020500 0.020500 0.025900 0.010200 0.010200 0.010200 0.010200 0.010200 0.010200 0.015400 0.020500 0.010200 0.015300 0.010300 0.010200 0.005100 0.010200 0.015400 0.015300 0.020400 0.000000 0.005100
GreaterKud 0.010200 0.020500 0.000000 0.031200 0.005100 0.010200 0.010200 0.010200 0.000000 0.010200 0.005100 0.005100 0.010200 0.015300 0.005100 0.010200 0.010100 0.010200 0.005000 0.000000 0.005100 0.005100 0.015300 0.005100 0.005100 0.005100 0.005100 0.000000 0.010200 0.000000 0.015300 0.015300 0.020600 0.005000 0.005100 0.005100 0.005100 0.005100 0.005100 0.010200 0.015300 0.005100 0.010200 0.005100 0.005100 0.000100 0.005100 0.010200 0.010200 0.015200 0.005100 0.000000
