1
52 1
Argali 0.000000 0.459400 0.182500 0.307400 0.072200 0.017000 0.053300 0.072000 0.149200 0.131100 0.043800 0.121800 0.080600 0.044300 0.081600 0.126200 0.142000 0.110500 0.053100 0.149200 0.109600 0.043900 0.121400 0.101900 0.035000 0.090900 0.062100 0.139600 0.101400 0.169500 0.131100 0.062600 0.151400 0.053000 0.089400 0.082000 0.034900 0.071900 0.118700 0.162600 0.131600 0.100000 0.131100 0.082000 0.081900 0.081800 0.110500 0.110300 0.081600 0.092500 0.140500 0.129900
LesserMous 0.459400 0.000000 0.461900 0.420200 0.453000 0.472100 0.418300 0.422700 0.411500 0.394100 0.444900 0.468300 0.519000 0.433600 0.446900 0.512400 0.400600 0.424800 0.445400 0.411500 0.494500 0.490600 0.410200 0.413000 0.459000 0.463600 0.488000 0.429000 0.467200 0.439400 0.394100 0.447600 0.410600 0.474800 0.470300 0.453700 0.458600 0.449200 0.535800 0.410300 0.424000 0.446000 0.394100 0.409800 0.435100 0.421400 0.433600 0.525100 0.464900 0.453500 0.429400 0.414300
LesserKudu 0.182500 0.461900 0.000000 0.348500 0.162900 0.181600 0.140900 0.183700 0.099000 0.218500 0.171200 0.110900 0.171300 0.131400 0.184200 0.212000 0.254900 0.206400 0.140500 0.099000 0.193400 0.151000 0.208100 0.209200 0.161100 0.173100 0.150800 0.090100 0.163900 0.118100 0.218500 0.131200 0.240800 0.140900 0.180800 0.101400 0.161000 0.162200 0.213600 0.278800 0.219500 0.182600 0.218500 0.207700 0.091000 0.184800 0.205600 0.205200 0.195000 0.154500 0.090300 0.080600
KillerWhal 0.307400 0.420200 0.348500 0.000000 0.275100 0.318400 0.297000 0.347300 0.356000 0.288700 0.332400 0.271900 0.358300 0.286300 0.286200 0.366300 0.251100 0.275300 0.297100 0.356000 0.346400 0.333900 0.277700 0.279500 0.321000 0.350900 0.333700 0.347100 0.326600 0.382000 0.288700 0.310100 0.312400 0.321900 0.357400 0.288800 0.320600 0.273700 0.357100 0.289400 0.265000 0.361500 0.288700 0.276400 0.273700 0.327500 0.349800 0.336800 0.312500 0.289800 0.348200 0.333200
DefassaWat 0.072200 0.453000 0.162900 0.275100 0.000000 0.071900 0.035400 0.072800 0.129900 0.122600 0.062700 0.103000 0.081400 0.026600 0.054200 0.108100 0.092800 0.053900 0.053600 0.129900 0.072200 0.062800 0.112900 0.093500 0.053500 0.072500 0.062700 0.120900 0.082800 0.149800 0.122600 0.044600 0.142600 0.053600 0.090200 0.063700 0.053500 0.017600 0.081100 0.153900 0.123200 0.081500 0.122600 0.092800 0.063600 0.073200 0.072800 0.091800 0.082500 0.083700 0.121400 0.111000
Sheep 0.017000 0.472100 0.181600 0.318400 0.071900 0.000000 0.053000 0.071700 0.148600 0.140700 0.043600 0.101600 0.080300 0.044100 0.090800 0.125700 0.151800 0.110100 0.052900 0.148600 0.109200 0.043800 0.130900 0.111400 0.034900 0.090500 0.061900 0.139100 0.101000 0.168900 0.140700 0.062300 0.161200 0.052800 0.089000 0.081600 0.034800 0.071600 0.118200 0.172400 0.141200 0.099400 0.140700 0.091300 0.081600 0.091000 0.110000 0.090700 0.081200 0.092000 0.139900 0.129400
MaxwellsDu 0.053300 0.418300 0.140900 0.297000 0.035400 0.053000 0.000000 0.053600 0.090300 0.121500 0.044000 0.082600 0.062200 0.008700 0.053700 0.087500 0.132200 0.091400 0.035100 0.090300 0.071600 0.044100 0.111900 0.092600 0.035000 0.053400 0.044000 0.100100 0.063200 0.109300 0.121500 0.026300 0.141300 0.035100 0.070900 0.044600 0.035000 0.035300 0.080500 0.152500 0.122000 0.062200 0.121500 0.091900 0.044600 0.053800 0.072200 0.072100 0.062900 0.063900 0.100800 0.090800
GazellaPrz 0.072000 0.422700 0.183700 0.347300 0.072800 0.071700 0.053600 0.000000 0.129900 0.163500 0.062500 0.122700 0.081300 0.044600 0.092000 0.117800 0.175200 0.131500 0.053400 0.129900 0.100900 0.062600 0.153400 0.133200 0.053300 0.081900 0.062600 0.120700 0.092300 0.149900 0.163500 0.063000 0.163200 0.053400 0.090000 0.082500 0.053300 0.072500 0.109900 0.174500 0.164000 0.090900 0.163500 0.132400 0.082500 0.072900 0.101700 0.111200 0.101500 0.102900 0.121100 0.110900
MountainNy 0.149200 0.411500 0.099000 0.356000 0.129900 0.148600 0.090300 0.129900 0.000000 0.193900 0.128600 0.100100 0.138800 0.100100 0.150200 0.177800 0.217200 0.171500 0.128900 0.000000 0.159700 0.139000 0.183700 0.162800 0.118900 0.140000 0.119100 0.025700 0.151600 0.017000 0.193900 0.100200 0.193800 0.109400 0.147800 0.071700 0.118900 0.110000 0.179000 0.228200 0.194500 0.149200 0.193900 0.161900 0.062000 0.130200 0.171000 0.170500 0.160500 0.142200 0.025800 0.017000
MuntiacusM 0.131100 0.394100 0.218500 0.288700 0.122600 0.140700 0.121500 0.163500 0.193900 0.000000 0.130800 0.154800 0.172000 0.112000 0.142900 0.190700 0.134400 0.112800 0.121300 0.193900 0.152100 0.141500 0.026900 0.064400 0.121000 0.132000 0.151400 0.184100 0.143400 0.215500 0.000000 0.131800 0.092900 0.141500 0.181500 0.133200 0.120900 0.122200 0.182300 0.103000 0.036100 0.141300 0.000000 0.064000 0.133200 0.143300 0.163800 0.163200 0.153200 0.121600 0.185100 0.173700
goat 0.043800 0.444900 0.171200 0.332400 0.062700 0.043600 0.044000 0.062500 0.128600 0.130800 0.000000 0.111400 0.071100 0.035100 0.062700 0.115900 0.162700 0.120200 0.043900 0.128600 0.099700 0.034300 0.121100 0.101800 0.008600 0.081100 0.052800 0.119100 0.091400 0.148400 0.130800 0.053200 0.151100 0.043800 0.079800 0.072200 0.008500 0.062400 0.108600 0.162200 0.131200 0.090000 0.130800 0.101100 0.072200 0.081600 0.100400 0.100200 0.090900 0.092200 0.120000 0.109800
AfricanBuf 0.121800 0.468300 0.110900 0.271900 0.103000 0.101600 0.082600 0.122700 0.100100 0.154800 0.111400 0.000000 0.131400 0.073400 0.123100 0.160000 0.166400 0.143700 0.082300 0.100100 0.142000 0.111700 0.144800 0.145700 0.101800 0.122400 0.111600 0.091200 0.133900 0.119400 0.154800 0.092500 0.175700 0.101900 0.140700 0.045100 0.101700 0.102500 0.151500 0.199300 0.134200 0.131700 0.154800 0.144600 0.035600 0.123500 0.143300 0.122700 0.112800 0.094200 0.091400 0.081500
Topi 0.080600 0.519000 0.171300 0.358300 0.081400 0.080300 0.062200 0.081300 0.138800 0.172000 0.071100 0.131400 0.000000 0.053200 0.100500 0.116500 0.183700 0.140100 0.062000 0.138800 0.099900 0.071200 0.162000 0.141800 0.061900 0.081100 0.017100 0.129500 0.091500 0.158800 0.172000 0.053300 0.172100 0.026100 0.061600 0.091200 0.061900 0.081100 0.108900 0.204900 0.172500 0.090000 0.172000 0.140900 0.091200 0.100700 0.120100 0.119700 0.110100 0.111600 0.130100 0.119800
CommonDuik 0.044300 0.433600 0.131400 0.286300 0.026600 0.044100 0.008700 0.044600 0.100100 0.112000 0.035100 0.073400 0.053200 0.000000 0.044700 0.078200 0.122600 0.082100 0.026300 0.100100 0.062600 0.035200 0.102400 0.083300 0.026300 0.044500 0.035200 0.090800 0.054100 0.119400 0.112000 0.017500 0.131700 0.026300 0.062000 0.035700 0.026300 0.026500 0.071500 0.142800 0.112500 0.053300 0.112000 0.082700 0.035700 0.044900 0.063100 0.063000 0.053900 0.054700 0.091500 0.081700
Suni 0.081600 0.446900 0.184200 0.286200 0.054200 0.090800 0.053700 0.092000 0.150200 0.142900 0.062700 0.123100 0.100500 0.044700 0.000000 0.128000 0.133200 0.111700 0.072300 0.150200 0.091200 0.081600 0.133100 0.113300 0.072100 0.091600 0.081500 0.141000 0.102400 0.149600 0.142900 0.063200 0.163300 0.072200 0.109500 0.082800 0.072100 0.054000 0.100200 0.153300 0.143500 0.100600 0.142900 0.112400 0.082800 0.073200 0.092000 0.111400 0.101800 0.103400 0.141700 0.131000
Springbuck 0.126200 0.512400 0.212000 0.366300 0.108100 0.125700 0.087500 0.117800 0.177800 0.190700 0.115900 0.160000 0.116500 0.078200 0.128000 0.000000 0.160100 0.147900 0.106600 0.177800 0.061600 0.116200 0.180100 0.160400 0.106000 0.043800 0.097000 0.167500 0.052700 0.198800 0.190700 0.077900 0.202100 0.106700 0.144900 0.118000 0.106100 0.107700 0.115800 0.181500 0.191000 0.052400 0.190700 0.159400 0.118000 0.117800 0.126900 0.127200 0.137400 0.128900 0.168600 0.157800
Okapi 0.142000 0.400600 0.254900 0.251100 0.092800 0.151800 0.132200 0.175200 0.217200 0.134400 0.162700 0.166400 0.183700 0.122600 0.133200 0.160100 0.000000 0.036100 0.152700 0.217200 0.132200 0.163200 0.124500 0.104400 0.152500 0.153500 0.162700 0.207500 0.176200 0.239600 0.134400 0.142800 0.144800 0.152500 0.193200 0.144300 0.152400 0.112600 0.141600 0.134700 0.114100 0.162900 0.134400 0.103700 0.144300 0.154400 0.175100 0.174600 0.122900 0.155100 0.208200 0.196500
Giraffe 0.110500 0.424800 0.206400 0.275300 0.053900 0.110100 0.091400 0.131500 0.171500 0.112800 0.120200 0.143700 0.140100 0.082100 0.111700 0.147900 0.036100 0.000000 0.110800 0.171500 0.110600 0.120600 0.103100 0.083700 0.110600 0.111300 0.120300 0.162100 0.132400 0.192600 0.112800 0.101300 0.122700 0.110700 0.149400 0.102300 0.110500 0.072700 0.100400 0.143800 0.113200 0.120400 0.112800 0.083000 0.102300 0.132200 0.131500 0.131300 0.121600 0.112900 0.162700 0.151600
TibetanAnt 0.053100 0.445400 0.140500 0.297100 0.053600 0.052900 0.035100 0.053400 0.128900 0.121300 0.043900 0.082300 0.062000 0.026300 0.072300 0.106600 0.152700 0.110800 0.000000 0.128900 0.090300 0.044000 0.111700 0.112300 0.035000 0.071900 0.043900 0.119500 0.082100 0.148800 0.121300 0.044200 0.141000 0.035000 0.070800 0.063100 0.035000 0.053400 0.099300 0.173700 0.121800 0.080700 0.121300 0.111500 0.063100 0.072500 0.091100 0.090900 0.081700 0.063700 0.120300 0.110000
Sitatunga 0.149200 0.411500 0.099000 0.356000 0.129900 0.148600 0.090300 0.129900 0.000000 0.193900 0.128600 0.100100 0.138800 0.100100 0.150200 0.177800 0.217200 0.171500 0.128900 0.000000 0.159700 0.139000 0.183700 0.162800 0.118900 0.140000 0.119100 0.025700 0.151600 0.017000 0.193900 0.100200 0.193800 0.109400 0.147800 0.071700 0.118900 0.110000 0.179000 0.228200 0.194500 0.149200 0.193900 0.161900 0.062000 0.130200 0.171000 0.170500 0.160500 0.142200 0.025800 0.017000
Oribi 0.109600 0.494500 0.193400 0.346400 0.072200 0.109200 0.071600 0.100900 0.159700 0.152100 0.099700 0.142000 0.099900 0.062600 0.091200 0.061600 0.132200 0.110600 0.090300 0.159700 0.000000 0.099900 0.142200 0.142400 0.090200 0.035000 0.080900 0.150400 0.062700 0.180200 0.152100 0.081300 0.205200 0.090300 0.127800 0.101200 0.090200 0.071900 0.080300 0.194800 0.152600 0.043700 0.152100 0.141500 0.101200 0.110800 0.072100 0.110300 0.100800 0.122000 0.150900 0.140300
BarbaryShe 0.043900 0.490600 0.151000 0.333900 0.062800 0.043800 0.044100 0.062600 0.139000 0.141500 0.034300 0.111700 0.071200 0.035200 0.081600 0.116200 0.163200 0.120600 0.044000 0.139000 0.099900 0.000000 0.131700 0.122100 0.026100 0.081300 0.052900 0.129400 0.082100 0.159100 0.141500 0.053300 0.162000 0.043900 0.080000 0.072400 0.026000 0.062600 0.108900 0.173400 0.142000 0.090200 0.141500 0.121300 0.072400 0.081800 0.100700 0.080900 0.091200 0.092500 0.130300 0.119900
Daviddeer 0.121400 0.410200 0.208100 0.277700 0.112900 0.130900 0.111900 0.153400 0.183700 0.026900 0.121100 0.144800 0.162000 0.102400 0.133100 0.180100 0.124500 0.103100 0.111700 0.183700 0.142200 0.131700 0.000000 0.055100 0.111400 0.142800 0.141600 0.173700 0.133400 0.205100 0.026900 0.122100 0.083200 0.131700 0.171500 0.123400 0.111300 0.112500 0.172200 0.093500 0.008900 0.152200 0.026900 0.054700 0.123400 0.133500 0.153600 0.153200 0.143300 0.111100 0.175000 0.163600
Reindeer 0.101900 0.413000 0.209200 0.279500 0.093500 0.111400 0.092600 0.133200 0.162800 0.064400 0.101800 0.145700 0.141800 0.083300 0.113300 0.160400 0.104400 0.083700 0.112300 0.162800 0.142400 0.122100 0.055100 0.000000 0.092200 0.122800 0.121800 0.153500 0.134100 0.183800 0.064400 0.102600 0.103500 0.112100 0.151300 0.103700 0.092200 0.093100 0.151800 0.074100 0.064700 0.132100 0.064400 0.017900 0.103600 0.113600 0.154100 0.143400 0.123200 0.114000 0.143600 0.143100
Ibex 0.035000 0.459000 0.161100 0.321000 0.053500 0.034900 0.035000 0.053300 0.118900 0.121000 0.008600 0.101800 0.061900 0.026300 0.072100 0.106000 0.152500 0.110600 0.035000 0.118900 0.090200 0.026100 0.111400 0.092200 0.000000 0.071800 0.043800 0.109100 0.082000 0.138500 0.121000 0.044200 0.141000 0.034900 0.070600 0.063000 0.000000 0.053300 0.099200 0.152100 0.121500 0.080700 0.121000 0.091600 0.063000 0.072300 0.090900 0.090800 0.081600 0.082800 0.110300 0.100200
GyrantGaze 0.090900 0.463600 0.173100 0.350900 0.072500 0.090500 0.053400 0.081900 0.140000 0.132000 0.081100 0.122400 0.081100 0.044500 0.091600 0.043800 0.153500 0.111300 0.071900 0.140000 0.035000 0.081300 0.142800 0.122800 0.071800 0.000000 0.062500 0.130700 0.044600 0.160300 0.132000 0.062800 0.184400 0.071800 0.109000 0.082300 0.071800 0.072300 0.080600 0.174500 0.153400 0.008600 0.132000 0.122000 0.082300 0.091900 0.091200 0.091300 0.101300 0.102900 0.131200 0.120800
Hartebeest 0.062100 0.488000 0.150800 0.333700 0.062700 0.061900 0.044000 0.062600 0.119100 0.151400 0.052800 0.111600 0.017100 0.035200 0.081500 0.097000 0.162700 0.120300 0.043900 0.119100 0.080900 0.052900 0.141600 0.121800 0.043800 0.062500 0.000000 0.109800 0.072500 0.138700 0.151400 0.035200 0.151300 0.008600 0.043600 0.072300 0.043800 0.062500 0.108700 0.183600 0.152000 0.071400 0.151400 0.121000 0.072300 0.081700 0.100500 0.100300 0.091000 0.092300 0.110400 0.100300
Bongo 0.139600 0.429000 0.090100 0.347100 0.120900 0.139100 0.100100 0.120700 0.025700 0.184100 0.119100 0.091200 0.129500 0.090800 0.141000 0.167500 0.207500 0.162100 0.119500 0.025700 0.150400 0.129400 0.173700 0.153500 0.109100 0.130700 0.109800 0.000000 0.142100 0.043200 0.184100 0.090600 0.183800 0.100100 0.138500 0.062500 0.109300 0.120500 0.169800 0.218400 0.184600 0.139900 0.184100 0.152500 0.053200 0.121000 0.161700 0.161200 0.151100 0.132800 0.017200 0.008500
Gerenuk 0.101400 0.467200 0.163900 0.326600 0.082800 0.101000 0.063200 0.092300 0.151600 0.143400 0.091400 0.133900 0.091500 0.054100 0.102400 0.052700 0.176200 0.132400 0.082100 0.151600 0.062700 0.082100 0.133400 0.134100 0.082000 0.044600 0.072500 0.142100 0.000000 0.172400 0.143400 0.072800 0.164100 0.082000 0.119900 0.092900 0.081900 0.082500 0.110100 0.165100 0.144000 0.053400 0.143400 0.133100 0.092800 0.092700 0.101800 0.111900 0.112300 0.103500 0.142800 0.132000
CommonElan 0.169500 0.439400 0.118100 0.382000 0.149800 0.168900 0.109300 0.149900 0.017000 0.215500 0.148400 0.119400 0.158800 0.119400 0.149600 0.198800 0.239600 0.192600 0.148800 0.017000 0.180200 0.159100 0.205100 0.183800 0.138500 0.160300 0.138700 0.043200 0.172400 0.000000 0.215500 0.119500 0.215700 0.128900 0.168000 0.090400 0.138500 0.129500 0.199900 0.251000 0.216200 0.169600 0.215500 0.182700 0.080400 0.150100 0.191800 0.170000 0.181000 0.162800 0.043300 0.034400
MuntiacusR 0.131100 0.394100 0.218500 0.288700 0.122600 0.140700 0.121500 0.163500 0.193900 0.000000 0.130800 0.154800 0.172000 0.112000 0.142900 0.190700 0.134400 0.112800 0.121300 0.193900 0.152100 0.141500 0.026900 0.064400 0.121000 0.132000 0.151400 0.184100 0.143400 0.215500 0.000000 0.131800 0.092900 0.141500 0.181500 0.133200 0.120900 0.122200 0.182300 0.103000 0.036100 0.141300 0.000000 0.064000 0.133200 0.143300 0.163800 0.163200 0.153200 0.121600 0.185100 0.173700
HarveysDui 0.062600 0.447600 0.131200 0.310100 0.044600 0.062300 0.026300 0.063000 0.100200 0.131800 0.053200 0.092500 0.053300 0.017500 0.063200 0.077900 0.142800 0.101300 0.044200 0.100200 0.081300 0.053300 0.122100 0.102600 0.044200 0.062800 0.035200 0.090600 0.072800 0.119500 0.131800 0.000000 0.131700 0.026300 0.062000 0.054000 0.044100 0.044500 0.090200 0.163400 0.132300 0.071700 0.131800 0.101900 0.054000 0.063300 0.081900 0.081700 0.072500 0.073500 0.091500 0.081700
Pronghorn 0.151400 0.410600 0.240800 0.312400 0.142600 0.161200 0.141300 0.163200 0.193800 0.092900 0.151100 0.175700 0.172100 0.131700 0.163300 0.202100 0.144800 0.122700 0.141000 0.193800 0.205200 0.162000 0.083200 0.103500 0.141000 0.184400 0.151300 0.183800 0.164100 0.215700 0.092900 0.131700 0.000000 0.141300 0.181400 0.153600 0.141000 0.142100 0.193300 0.144100 0.093000 0.193800 0.092900 0.102900 0.153600 0.142500 0.206800 0.195100 0.173700 0.141500 0.184700 0.173400
BlueWildeb 0.053000 0.474800 0.140900 0.321900 0.053600 0.052800 0.035100 0.053400 0.109400 0.141500 0.043800 0.101900 0.026100 0.026300 0.072200 0.106700 0.152500 0.110700 0.035000 0.109400 0.090300 0.043900 0.131700 0.112100 0.034900 0.071800 0.008600 0.100100 0.082000 0.128900 0.141500 0.026300 0.141300 0.000000 0.034700 0.063000 0.034900 0.053400 0.099300 0.173400 0.142100 0.080700 0.141500 0.111300 0.063000 0.072400 0.091000 0.090800 0.081600 0.082800 0.100800 0.090800
Gemsbok 0.089400 0.470300 0.180800 0.357400 0.090200 0.089000 0.070900 0.090000 0.147800 0.181500 0.079800 0.140700 0.061600 0.062000 0.109500 0.144900 0.193200 0.149400 0.070800 0.147800 0.127800 0.080000 0.171500 0.151300 0.070600 0.109000 0.043600 0.138500 0.119900 0.168000 0.181500 0.062000 0.181400 0.034700 0.000000 0.100200 0.070600 0.089900 0.136900 0.214900 0.182300 0.118000 0.181500 0.150300 0.100200 0.109800 0.109400 0.128600 0.119200 0.121100 0.139200 0.128700
Yak 0.082000 0.453700 0.101400 0.288800 0.063700 0.081600 0.044600 0.082500 0.071700 0.133200 0.072200 0.045100 0.091200 0.035700 0.082800 0.118000 0.144300 0.102300 0.063100 0.071700 0.101200 0.072400 0.123400 0.103700 0.063000 0.082300 0.072300 0.062500 0.092900 0.090400 0.133200 0.054000 0.153600 0.063000 0.100200 0.000000 0.062900 0.063400 0.110300 0.165200 0.133800 0.091400 0.133200 0.102900 0.008600 0.083000 0.102000 0.101800 0.092400 0.074300 0.063000 0.053600
BlueSheep 0.034900 0.458600 0.161000 0.320600 0.053500 0.034800 0.035000 0.053300 0.118900 0.120900 0.008500 0.101700 0.061900 0.026300 0.072100 0.106100 0.152400 0.110500 0.035000 0.118900 0.090200 0.026000 0.111300 0.092200 0.000000 0.071800 0.043800 0.109300 0.081900 0.138500 0.120900 0.044100 0.141000 0.034900 0.070600 0.062900 0.000000 0.053300 0.099100 0.152000 0.121400 0.080600 0.120900 0.091600 0.062900 0.072200 0.090900 0.090700 0.081500 0.082700 0.110300 0.100200
BohorReedb 0.071900 0.449200 0.162200 0.273700 0.017600 0.071600 0.035300 0.072500 0.110000 0.122200 0.062400 0.102500 0.081100 0.026500 0.054000 0.107700 0.112600 0.072700 0.053400 0.110000 0.071900 0.062600 0.112500 0.093100 0.053300 0.072300 0.062500 0.120500 0.082500 0.129500 0.122200 0.044500 0.142100 0.053400 0.089900 0.063400 0.053300 0.000000 0.080800 0.153300 0.122700 0.081200 0.122200 0.092400 0.063400 0.072900 0.072500 0.091400 0.082200 0.083400 0.120900 0.110600
KirksDik 0.118700 0.535800 0.213600 0.357100 0.081100 0.118200 0.080500 0.109900 0.179000 0.182300 0.108600 0.151500 0.108900 0.071500 0.100200 0.115800 0.141600 0.100400 0.099300 0.179000 0.080300 0.108900 0.172200 0.151800 0.099200 0.080600 0.108700 0.169800 0.110100 0.199900 0.182300 0.090200 0.193300 0.099300 0.136900 0.110300 0.099100 0.080800 0.000000 0.204500 0.182900 0.089400 0.182300 0.150900 0.110400 0.120000 0.081000 0.100100 0.129500 0.131400 0.170300 0.159500
RoeDeer 0.162600 0.410300 0.278800 0.289400 0.153900 0.172400 0.152500 0.174500 0.228200 0.103000 0.162200 0.199300 0.204900 0.142800 0.153300 0.181500 0.134700 0.143800 0.173700 0.228200 0.194800 0.173400 0.093500 0.074100 0.152100 0.174500 0.183600 0.218400 0.165100 0.251000 0.103000 0.163400 0.144100 0.173400 0.214900 0.165200 0.152000 0.153300 0.204500 0.000000 0.093500 0.184000 0.103000 0.073500 0.165100 0.175400 0.207400 0.196000 0.174800 0.177300 0.219200 0.207100
WhiteLippe 0.131600 0.424000 0.219500 0.265000 0.123200 0.141200 0.122000 0.164000 0.194500 0.036100 0.131200 0.134200 0.172500 0.112500 0.143500 0.191000 0.114100 0.113200 0.121800 0.194500 0.152600 0.142000 0.008900 0.064700 0.121500 0.153400 0.152000 0.184600 0.144000 0.216200 0.036100 0.132300 0.093000 0.142100 0.182300 0.133800 0.121400 0.122700 0.182900 0.093500 0.000000 0.162800 0.036100 0.064200 0.133700 0.144000 0.164200 0.163800 0.133000 0.121700 0.185900 0.174300
ThomsonGaz 0.100000 0.446000 0.182600 0.361500 0.081500 0.099400 0.062200 0.090900 0.149200 0.141300 0.090000 0.131700 0.090000 0.053300 0.100600 0.052400 0.162900 0.120400 0.080700 0.149200 0.043700 0.090200 0.152200 0.132100 0.080700 0.008600 0.071400 0.139900 0.053400 0.169600 0.141300 0.071700 0.193800 0.080700 0.118000 0.091400 0.080600 0.081200 0.089400 0.184000 0.162800 0.000000 0.141300 0.131200 0.091400 0.100900 0.081300 0.100300 0.110400 0.112100 0.140500 0.129900
MuntiacusC 0.131100 0.394100 0.218500 0.288700 0.122600 0.140700 0.121500 0.163500 0.193900 0.000000 0.130800 0.154800 0.172000 0.112000 0.142900 0.190700 0.134400 0.112800 0.121300 0.193900 0.152100 0.141500 0.026900 0.064400 0.121000 0.132000 0.151400 0.184100 0.143400 0.215500 0.000000 0.131800 0.092900 0.141500 0.181500 0.133200 0.120900 0.122200 0.182300 0.103000 0.036100 0.141300 0.000000 0.064000 0.133200 0.143300 0.163800 0.163200 0.153200 0.121600 0.185100 0.173700
WhiteTaile 0.082000 0.409800 0.207700 0.276400 0.092800 0.091300 0.091900 0.132400 0.161900 0.064000 0.101100 0.144600 0.140900 0.082700 0.112400 0.159400 0.103700 0.083000 0.111500 0.161900 0.141500 0.121300 0.054700 0.017900 0.091600 0.122000 0.121000 0.152500 0.133100 0.182700 0.064000 0.101900 0.102900 0.111300 0.150300 0.102900 0.091600 0.092400 0.150900 0.073500 0.064200 0.131200 0.064000 0.000000 0.102900 0.112700 0.153100 0.142400 0.122300 0.112700 0.153100 0.142200
Cattle 0.081900 0.435100 0.091000 0.273700 0.063600 0.081600 0.044600 0.082500 0.062000 0.133200 0.072200 0.035600 0.091200 0.035700 0.082800 0.118000 0.144300 0.102300 0.063100 0.062000 0.101200 0.072400 0.123400 0.103600 0.063000 0.082300 0.072300 0.053200 0.092800 0.080400 0.133200 0.054000 0.153600 0.063000 0.100200 0.008600 0.062900 0.063400 0.110400 0.165100 0.133700 0.091400 0.133200 0.102900 0.000000 0.083000 0.102000 0.101800 0.092400 0.074200 0.053400 0.044100
RoyalAntel 0.081800 0.421400 0.184800 0.327500 0.073200 0.091000 0.053800 0.072900 0.130200 0.143300 0.081600 0.123500 0.100700 0.044900 0.073200 0.117800 0.154400 0.132200 0.072500 0.130200 0.110800 0.081800 0.133500 0.113600 0.072300 0.091900 0.081700 0.121000 0.092700 0.150100 0.143300 0.063300 0.142500 0.072400 0.109800 0.083000 0.072200 0.072900 0.120000 0.175400 0.144000 0.100900 0.143300 0.112700 0.083000 0.000000 0.111800 0.111600 0.102200 0.083800 0.121600 0.111200
Steenbok 0.110500 0.433600 0.205600 0.349800 0.072800 0.110000 0.072200 0.101700 0.171000 0.163800 0.100400 0.143300 0.120100 0.063100 0.092000 0.126900 0.175100 0.131500 0.091100 0.171000 0.072100 0.100700 0.153600 0.154100 0.090900 0.091200 0.100500 0.161700 0.101800 0.191800 0.163800 0.081900 0.206800 0.091000 0.109400 0.102000 0.090900 0.072500 0.081000 0.207400 0.164200 0.081300 0.163800 0.153100 0.102000 0.111800 0.000000 0.111400 0.121300 0.123000 0.162300 0.151400
Impala 0.110300 0.525100 0.205200 0.336800 0.091800 0.090700 0.072100 0.111200 0.170500 0.163200 0.100200 0.122700 0.119700 0.063000 0.111400 0.127200 0.174600 0.131300 0.090900 0.170500 0.110300 0.080900 0.153200 0.143400 0.090800 0.091300 0.100300 0.161200 0.111900 0.170000 0.163200 0.081700 0.195100 0.090800 0.128600 0.101800 0.090700 0.091400 0.100100 0.196000 0.163800 0.100300 0.163200 0.142400 0.101800 0.111600 0.111400 0.000000 0.121200 0.123000 0.161800 0.151000
Klipspring 0.081600 0.464900 0.195000 0.312500 0.082500 0.081200 0.062900 0.101500 0.160500 0.153200 0.090900 0.112800 0.110100 0.053900 0.101800 0.137400 0.122900 0.121600 0.081700 0.160500 0.100800 0.091200 0.143300 0.123200 0.081600 0.101300 0.091000 0.151100 0.112300 0.181000 0.153200 0.072500 0.173700 0.081600 0.119200 0.092400 0.081500 0.082200 0.129500 0.174800 0.133000 0.110400 0.153200 0.122300 0.092400 0.102200 0.121300 0.121200 0.000000 0.103500 0.151900 0.141100
ForestMusk 0.092500 0.453500 0.154500 0.289800 0.083700 0.092000 0.063900 0.102900 0.142200 0.121600 0.092200 0.094200 0.111600 0.054700 0.103400 0.128900 0.155100 0.112900 0.063700 0.142200 0.122000 0.092500 0.111100 0.114000 0.082800 0.102900 0.092300 0.132800 0.103500 0.162800 0.121600 0.073500 0.141500 0.082800 0.121100 0.074300 0.082700 0.083400 0.131400 0.177300 0.121700 0.112100 0.121600 0.112700 0.074200 0.083800 0.123000 0.123000 0.103500 0.000000 0.133500 0.122700
Bushbuck 0.140500 0.429400 0.090300 0.348200 0.121400 0.139900 0.100800 0.121100 0.025800 0.185100 0.120000 0.091400 0.130100 0.091500 0.141700 0.168600 0.208200 0.162700 0.120300 0.025800 0.150900 0.130300 0.175000 0.143600 0.110300 0.131200 0.110400 0.017200 0.142800 0.043300 0.185100 0.091500 0.184700 0.100800 0.139200 0.063000 0.110300 0.120900 0.170300 0.219200 0.185900 0.140500 0.185100 0.153100 0.053400 0.121600 0.162300 0.161800 0.151900 0.133500 0.000000 0.008500
GreaterKud 0.129900 0.414300 0.080600 0.333200 0.111000 0.129400 0.090800 0.110900 0.017000 0.173700 0.109800 0.081500 0.119800 0.081700 0.131000 0.157800 0.196500 0.151600 0.110000 0.017000 0.140300 0.119900 0.163600 0.143100 0.100200 0.120800 0.100300 0.008500 0.132000 0.034400 0.173700 0.081700 0.173400 0.090800 0.128700 0.053600 0.100200 0.110600 0.159500 0.207100 0.174300 0.129900 0.173700 0.142200 0.044100 0.111200 0.151400 0.151000 0.141100 0.122700 0.008500 0.000000
