1
52 1
Argali 0.000000 0.057400 0.006600 0.036000 0.004900 0.009800 0.004900 0.003300 0.004900 0.011500 0.001600 0.003300 0.006500 0.014800 0.003300 0.009900 0.008200 0.008200 0.000000 0.004900 0.003300 0.003200 0.008200 0.009800 0.000000 0.006600 0.006600 0.004900 0.005000 0.004900 0.008200 0.003300 0.015000 0.004900 0.006500 0.005000 0.000000 0.004900 0.004900 0.009800 0.008200 0.004900 0.009900 0.009800 0.004900 0.006500 0.006500 0.004900 0.004900 0.008300 0.004900 0.006600
LesserMous 0.057400 0.000000 0.056400 0.056100 0.056200 0.068000 0.055900 0.054500 0.054400 0.062000 0.059200 0.054600 0.057500 0.067000 0.054100 0.058200 0.054300 0.054100 0.057600 0.054500 0.054200 0.060900 0.057100 0.059200 0.057400 0.057400 0.057700 0.054500 0.053000 0.054600 0.057800 0.054100 0.058200 0.055700 0.057600 0.056400 0.057500 0.055700 0.056200 0.059100 0.057900 0.056200 0.059700 0.059600 0.056400 0.057500 0.054200 0.052200 0.055800 0.058000 0.054500 0.056200
LesserKudu 0.006600 0.056400 0.000000 0.036400 0.004900 0.016600 0.004900 0.003300 0.001700 0.011600 0.008200 0.003300 0.006600 0.014900 0.003300 0.010000 0.008300 0.008300 0.006600 0.001700 0.003300 0.009900 0.008300 0.009900 0.006600 0.006600 0.006600 0.001700 0.005000 0.001700 0.008300 0.003300 0.015200 0.004900 0.009900 0.005000 0.006600 0.004900 0.005000 0.009900 0.008300 0.005000 0.010000 0.009900 0.005000 0.006600 0.006600 0.004900 0.004900 0.008300 0.001700 0.003300
KillerWhal 0.036000 0.056100 0.036400 0.000000 0.034600 0.046200 0.031100 0.033100 0.034700 0.040100 0.034400 0.033200 0.036100 0.045200 0.032700 0.039900 0.032900 0.032800 0.036100 0.034800 0.032900 0.036000 0.036200 0.037700 0.036000 0.036400 0.036200 0.034800 0.034900 0.034800 0.036200 0.032800 0.040100 0.034400 0.039500 0.034900 0.036100 0.034400 0.034700 0.034300 0.036800 0.034700 0.038000 0.037800 0.034800 0.036100 0.032800 0.034400 0.034500 0.036400 0.034600 0.036400
DefassaWat 0.004900 0.056200 0.004900 0.034600 0.000000 0.014800 0.003300 0.001600 0.003300 0.009900 0.006500 0.001700 0.004900 0.013200 0.001600 0.004900 0.006600 0.006600 0.004900 0.003300 0.001600 0.008200 0.006600 0.008200 0.004900 0.005000 0.004900 0.003300 0.003300 0.003300 0.006600 0.001600 0.013400 0.003300 0.008200 0.003300 0.004900 0.003300 0.003300 0.008200 0.006600 0.003300 0.008200 0.004900 0.003300 0.004900 0.004900 0.003300 0.003300 0.006600 0.003300 0.004900
Sheep 0.009800 0.068000 0.016600 0.046200 0.014800 0.000000 0.014800 0.013300 0.014900 0.021500 0.011500 0.013300 0.016400 0.024800 0.013100 0.019900 0.018200 0.018200 0.009800 0.014900 0.013200 0.013100 0.018100 0.020200 0.009800 0.016600 0.016500 0.014900 0.015000 0.014900 0.018200 0.013200 0.025200 0.014800 0.016500 0.015000 0.009800 0.014800 0.014900 0.020200 0.018200 0.014900 0.019900 0.020200 0.014900 0.016400 0.016500 0.014800 0.014800 0.018300 0.014900 0.016500
MaxwellsDu 0.004900 0.055900 0.004900 0.031100 0.003300 0.014800 0.000000 0.001600 0.003300 0.009900 0.006500 0.001700 0.004900 0.013200 0.001600 0.008300 0.006600 0.006600 0.004900 0.003300 0.001600 0.008200 0.006600 0.008200 0.004900 0.005000 0.004900 0.003300 0.003300 0.003300 0.006600 0.001600 0.013400 0.003300 0.008200 0.003300 0.004900 0.003300 0.003300 0.008200 0.006600 0.003300 0.008200 0.008200 0.003300 0.004900 0.004900 0.003300 0.003300 0.006600 0.003300 0.004900
GazellaPrz 0.003300 0.054500 0.003300 0.033100 0.001600 0.013300 0.001600 0.000000 0.001700 0.008300 0.004900 0.000100 0.003300 0.011600 0.000100 0.006700 0.005000 0.005000 0.003300 0.001700 0.000100 0.006600 0.005000 0.006600 0.003300 0.003300 0.003300 0.001700 0.001700 0.001700 0.005000 0.000100 0.011800 0.001600 0.006600 0.001700 0.003300 0.001600 0.001700 0.006600 0.005000 0.001700 0.006600 0.006600 0.001700 0.003300 0.003300 0.001600 0.001600 0.005000 0.001700 0.003300
MountainNy 0.004900 0.054400 0.001700 0.034700 0.003300 0.014900 0.003300 0.001700 0.000000 0.009900 0.006600 0.001700 0.004900 0.013200 0.001600 0.008300 0.006600 0.006600 0.004900 0.000000 0.001600 0.008200 0.006600 0.008200 0.004900 0.005000 0.004900 0.000000 0.003300 0.000000 0.006600 0.001600 0.013400 0.003300 0.008200 0.003300 0.004900 0.003300 0.003300 0.008200 0.006600 0.003300 0.008300 0.008200 0.003300 0.004900 0.004900 0.003300 0.003300 0.006600 0.000000 0.001600
MuntiacusM 0.011500 0.062000 0.011600 0.040100 0.009900 0.021500 0.009900 0.008300 0.009900 0.000000 0.013100 0.008300 0.011500 0.016500 0.008200 0.014900 0.009900 0.009900 0.011500 0.009900 0.008200 0.014800 0.006600 0.008200 0.011500 0.011600 0.011500 0.009900 0.010000 0.009900 0.003300 0.008200 0.013400 0.009800 0.014800 0.010000 0.011500 0.009800 0.009900 0.008200 0.006600 0.009900 0.001600 0.008200 0.010000 0.011500 0.009900 0.009800 0.006600 0.009900 0.009900 0.011600
goat 0.001600 0.059200 0.008200 0.034400 0.006500 0.011500 0.006500 0.004900 0.006600 0.013100 0.000000 0.005000 0.008200 0.016400 0.004900 0.011500 0.009900 0.009800 0.001600 0.006600 0.004900 0.001600 0.009800 0.011400 0.001600 0.008200 0.008200 0.006600 0.006600 0.006600 0.009800 0.004900 0.016700 0.006500 0.008200 0.006600 0.001600 0.006500 0.006600 0.011400 0.009800 0.006600 0.011500 0.011400 0.006600 0.008200 0.008200 0.006500 0.006600 0.009900 0.006600 0.008200
AfricanBuf 0.003300 0.054600 0.003300 0.033200 0.001700 0.013300 0.001700 0.000100 0.001700 0.008300 0.005000 0.000000 0.003300 0.011600 0.000100 0.006700 0.005000 0.005000 0.003300 0.001700 0.000200 0.006600 0.005000 0.006600 0.003300 0.003300 0.003300 0.001700 0.001700 0.001700 0.005000 0.000100 0.011800 0.001700 0.006600 0.001700 0.003300 0.001700 0.001700 0.006600 0.005000 0.001700 0.006700 0.006600 0.001700 0.003300 0.003300 0.001600 0.001700 0.005000 0.001700 0.003300
Topi 0.006500 0.057500 0.006600 0.036100 0.004900 0.016400 0.004900 0.003300 0.004900 0.011500 0.008200 0.003300 0.000000 0.013200 0.003300 0.009900 0.008200 0.008200 0.006500 0.004900 0.003300 0.009800 0.008200 0.009800 0.006500 0.006600 0.000000 0.004900 0.005000 0.004900 0.008200 0.003300 0.015100 0.001600 0.009900 0.005000 0.006500 0.004900 0.004900 0.009800 0.008200 0.004900 0.009900 0.009800 0.005000 0.006500 0.006600 0.004900 0.004900 0.008300 0.004900 0.006600
CommonDuik 0.014800 0.067000 0.014900 0.045200 0.013200 0.024800 0.013200 0.011600 0.013200 0.016500 0.016400 0.011600 0.013200 0.000000 0.011500 0.018300 0.016600 0.016500 0.014800 0.013300 0.011500 0.018100 0.016500 0.018100 0.014800 0.015000 0.013200 0.013300 0.013300 0.013300 0.016500 0.011500 0.023600 0.011500 0.018200 0.013300 0.014800 0.013100 0.013300 0.018100 0.013200 0.013300 0.018300 0.018100 0.013300 0.014800 0.014800 0.013100 0.013200 0.016600 0.013200 0.014900
Suni 0.003300 0.054100 0.003300 0.032700 0.001600 0.013100 0.001600 0.000100 0.001600 0.008200 0.004900 0.000100 0.003300 0.011500 0.000000 0.006600 0.004900 0.004900 0.003300 0.001600 0.000100 0.006500 0.004900 0.006500 0.003300 0.003300 0.003300 0.001600 0.001700 0.001600 0.004900 0.000100 0.011700 0.001600 0.006500 0.001600 0.003300 0.001600 0.001600 0.006500 0.004900 0.001600 0.006600 0.006500 0.001600 0.003300 0.003300 0.001600 0.001600 0.004900 0.001600 0.003300
Springbuck 0.009900 0.058200 0.010000 0.039900 0.004900 0.019900 0.008300 0.006700 0.008300 0.014900 0.011500 0.006700 0.009900 0.018300 0.006600 0.000000 0.008300 0.008300 0.009900 0.008300 0.006600 0.013200 0.011600 0.013200 0.009900 0.010000 0.009900 0.008300 0.005000 0.008300 0.011600 0.006600 0.015200 0.008200 0.013300 0.008300 0.009900 0.008200 0.008300 0.013200 0.011600 0.008300 0.013300 0.009900 0.008300 0.006600 0.009900 0.008200 0.008300 0.011800 0.008300 0.010000
Okapi 0.008200 0.054300 0.008300 0.032900 0.006600 0.018200 0.006600 0.005000 0.006600 0.009900 0.009900 0.005000 0.008200 0.016600 0.004900 0.008300 0.000000 0.000000 0.008200 0.006600 0.005000 0.011500 0.006600 0.008200 0.008200 0.008300 0.008300 0.006600 0.006700 0.006600 0.006600 0.004900 0.006700 0.006600 0.011600 0.006700 0.008200 0.006600 0.006600 0.008200 0.006600 0.006600 0.008300 0.008300 0.006700 0.004900 0.006600 0.006600 0.006600 0.006600 0.006600 0.008300
Giraffe 0.008200 0.054100 0.008300 0.032800 0.006600 0.018200 0.006600 0.005000 0.006600 0.009900 0.009800 0.005000 0.008200 0.016500 0.004900 0.008300 0.000000 0.000000 0.008200 0.006600 0.004900 0.011500 0.006600 0.008200 0.008200 0.008300 0.008200 0.006600 0.006700 0.006600 0.006600 0.004900 0.006700 0.006600 0.011500 0.006600 0.008200 0.006600 0.006600 0.008200 0.006600 0.006600 0.008300 0.008200 0.006600 0.004900 0.006600 0.006600 0.006600 0.006600 0.006600 0.008300
TibetanAnt 0.000000 0.057600 0.006600 0.036100 0.004900 0.009800 0.004900 0.003300 0.004900 0.011500 0.001600 0.003300 0.006500 0.014800 0.003300 0.009900 0.008200 0.008200 0.000000 0.004900 0.003300 0.003300 0.008200 0.009800 0.000000 0.006600 0.006600 0.004900 0.005000 0.004900 0.008200 0.003300 0.015100 0.004900 0.006600 0.005000 0.000000 0.004900 0.004900 0.009800 0.008200 0.004900 0.009900 0.009800 0.005000 0.006500 0.006600 0.004900 0.004900 0.008300 0.004900 0.006600
Sitatunga 0.004900 0.054500 0.001700 0.034800 0.003300 0.014900 0.003300 0.001700 0.000000 0.009900 0.006600 0.001700 0.004900 0.013300 0.001600 0.008300 0.006600 0.006600 0.004900 0.000000 0.001600 0.008200 0.006600 0.008200 0.004900 0.005000 0.005000 0.000000 0.003300 0.000000 0.006600 0.001600 0.013500 0.003300 0.008300 0.003300 0.004900 0.003300 0.003300 0.008200 0.006600 0.003300 0.008300 0.008200 0.003300 0.004900 0.004900 0.003300 0.003300 0.006700 0.000000 0.001700
Oribi 0.003300 0.054200 0.003300 0.032900 0.001600 0.013200 0.001600 0.000100 0.001600 0.008200 0.004900 0.000200 0.003300 0.011500 0.000100 0.006600 0.005000 0.004900 0.003300 0.001600 0.000000 0.006600 0.004900 0.006600 0.003300 0.003300 0.003300 0.001700 0.001700 0.001600 0.004900 0.000100 0.011700 0.001600 0.006600 0.001700 0.003300 0.001600 0.001700 0.006600 0.004900 0.001600 0.006600 0.006600 0.001700 0.003300 0.003300 0.001600 0.001600 0.005000 0.001600 0.003300
BarbaryShe 0.003200 0.060900 0.009900 0.036000 0.008200 0.013100 0.008200 0.006600 0.008200 0.014800 0.001600 0.006600 0.009800 0.018100 0.006500 0.013200 0.011500 0.011500 0.003300 0.008200 0.006600 0.000000 0.011500 0.013100 0.003300 0.009900 0.009800 0.008200 0.008300 0.008200 0.011500 0.006500 0.018400 0.008200 0.006500 0.008300 0.003300 0.008200 0.008200 0.013100 0.011500 0.008200 0.013200 0.013100 0.008300 0.009800 0.009800 0.008200 0.008200 0.011600 0.008200 0.009900
Daviddeer 0.008200 0.057100 0.008300 0.036200 0.006600 0.018100 0.006600 0.005000 0.006600 0.006600 0.009800 0.005000 0.008200 0.016500 0.004900 0.011600 0.006600 0.006600 0.008200 0.006600 0.004900 0.011500 0.000000 0.004900 0.008200 0.005000 0.008200 0.006600 0.006700 0.006600 0.003300 0.004900 0.010000 0.006600 0.011500 0.006600 0.008200 0.006600 0.006600 0.004900 0.003300 0.006600 0.004900 0.004900 0.006600 0.008200 0.006600 0.005100 0.006600 0.006600 0.006600 0.008200
Reindeer 0.009800 0.059200 0.009900 0.037700 0.008200 0.020200 0.008200 0.006600 0.008200 0.008200 0.011400 0.006600 0.009800 0.018100 0.006500 0.013200 0.008200 0.008200 0.009800 0.008200 0.006600 0.013100 0.004900 0.000000 0.009800 0.009900 0.009900 0.008200 0.008300 0.008200 0.004900 0.006500 0.011600 0.008200 0.009800 0.008300 0.009800 0.008200 0.008200 0.006500 0.008200 0.008200 0.006600 0.003300 0.008300 0.009800 0.008200 0.008200 0.008200 0.008300 0.008200 0.009900
Ibex 0.000000 0.057400 0.006600 0.036000 0.004900 0.009800 0.004900 0.003300 0.004900 0.011500 0.001600 0.003300 0.006500 0.014800 0.003300 0.009900 0.008200 0.008200 0.000000 0.004900 0.003300 0.003300 0.008200 0.009800 0.000000 0.006600 0.006500 0.004900 0.005000 0.004900 0.008200 0.003300 0.015000 0.004900 0.006500 0.005000 0.000000 0.004900 0.004900 0.009800 0.008200 0.004900 0.009900 0.009800 0.004900 0.006500 0.006500 0.004900 0.004900 0.008200 0.004900 0.006600
GyrantGaze 0.006600 0.057400 0.006600 0.036400 0.005000 0.016600 0.005000 0.003300 0.005000 0.011600 0.008200 0.003300 0.006600 0.015000 0.003300 0.010000 0.008300 0.008300 0.006600 0.005000 0.003300 0.009900 0.005000 0.009900 0.006600 0.000000 0.006600 0.005000 0.005000 0.005000 0.008300 0.003300 0.015200 0.004900 0.009900 0.005000 0.006600 0.004900 0.005000 0.009900 0.005000 0.001700 0.010000 0.009900 0.005000 0.006600 0.006600 0.003500 0.004900 0.008300 0.005000 0.006600
Hartebeest 0.006600 0.057700 0.006600 0.036200 0.004900 0.016500 0.004900 0.003300 0.004900 0.011500 0.008200 0.003300 0.000000 0.013200 0.003300 0.009900 0.008300 0.008200 0.006600 0.005000 0.003300 0.009800 0.008200 0.009900 0.006500 0.006600 0.000000 0.005000 0.005000 0.005000 0.008200 0.003300 0.015100 0.001600 0.009900 0.005000 0.006600 0.004900 0.005000 0.009800 0.008200 0.005000 0.009900 0.009900 0.005000 0.006600 0.006600 0.004900 0.004900 0.008300 0.004900 0.006600
Bongo 0.004900 0.054500 0.001700 0.034800 0.003300 0.014900 0.003300 0.001700 0.000000 0.009900 0.006600 0.001700 0.004900 0.013300 0.001600 0.008300 0.006600 0.006600 0.004900 0.000000 0.001700 0.008200 0.006600 0.008200 0.004900 0.005000 0.005000 0.000000 0.003300 0.000000 0.006600 0.001600 0.013500 0.003300 0.008300 0.003300 0.004900 0.003300 0.003300 0.008200 0.006600 0.003300 0.008300 0.008200 0.003300 0.004900 0.005000 0.003300 0.003300 0.006700 0.000000 0.001700
Gerenuk 0.005000 0.053000 0.005000 0.034900 0.003300 0.015000 0.003300 0.001700 0.003300 0.010000 0.006600 0.001700 0.005000 0.013300 0.001700 0.005000 0.006700 0.006700 0.005000 0.003300 0.001700 0.008300 0.006700 0.008300 0.005000 0.005000 0.005000 0.003300 0.000000 0.003300 0.006700 0.001700 0.013500 0.003300 0.008300 0.003300 0.005000 0.003300 0.003300 0.008300 0.006700 0.003300 0.008300 0.008300 0.003300 0.005000 0.005000 0.003300 0.003300 0.006700 0.003300 0.005000
CommonElan 0.004900 0.054600 0.001700 0.034800 0.003300 0.014900 0.003300 0.001700 0.000000 0.009900 0.006600 0.001700 0.004900 0.013300 0.001600 0.008300 0.006600 0.006600 0.004900 0.000000 0.001600 0.008200 0.006600 0.008200 0.004900 0.005000 0.005000 0.000000 0.003300 0.000000 0.006600 0.001600 0.013500 0.003300 0.008300 0.003300 0.004900 0.003300 0.003300 0.008200 0.006600 0.003300 0.008300 0.008200 0.003300 0.004900 0.004900 0.003300 0.003300 0.006700 0.000000 0.001700
MuntiacusR 0.008200 0.057800 0.008300 0.036200 0.006600 0.018200 0.006600 0.005000 0.006600 0.003300 0.009800 0.005000 0.008200 0.016500 0.004900 0.011600 0.006600 0.006600 0.008200 0.006600 0.004900 0.011500 0.003300 0.004900 0.008200 0.008300 0.008200 0.006600 0.006700 0.006600 0.000000 0.004900 0.010000 0.006600 0.011500 0.006600 0.008200 0.006600 0.006600 0.004900 0.006600 0.006600 0.001600 0.004900 0.006600 0.008200 0.006600 0.006600 0.006600 0.006600 0.006600 0.008300
HarveysDui 0.003300 0.054100 0.003300 0.032800 0.001600 0.013200 0.001600 0.000100 0.001600 0.008200 0.004900 0.000100 0.003300 0.011500 0.000100 0.006600 0.004900 0.004900 0.003300 0.001600 0.000100 0.006500 0.004900 0.006500 0.003300 0.003300 0.003300 0.001600 0.001700 0.001600 0.004900 0.000000 0.011700 0.001600 0.006600 0.001700 0.003300 0.001600 0.001600 0.006500 0.004900 0.001600 0.006600 0.006600 0.001700 0.003300 0.003300 0.001600 0.001600 0.005000 0.001600 0.003300
Pronghorn 0.015000 0.058200 0.015200 0.040100 0.013400 0.025200 0.013400 0.011800 0.013400 0.013400 0.016700 0.011800 0.015100 0.023600 0.011700 0.015200 0.006700 0.006700 0.015100 0.013500 0.011700 0.018400 0.010000 0.011600 0.015000 0.015200 0.015100 0.013500 0.013500 0.013500 0.010000 0.011700 0.000000 0.013400 0.018500 0.013500 0.015000 0.013400 0.013500 0.011600 0.013400 0.013500 0.011700 0.011700 0.013500 0.011700 0.013400 0.013300 0.013400 0.013500 0.013400 0.015100
BlueWildeb 0.004900 0.055700 0.004900 0.034400 0.003300 0.014800 0.003300 0.001600 0.003300 0.009800 0.006500 0.001700 0.001600 0.011500 0.001600 0.008200 0.006600 0.006600 0.004900 0.003300 0.001600 0.008200 0.006600 0.008200 0.004900 0.004900 0.001600 0.003300 0.003300 0.003300 0.006600 0.001600 0.013400 0.000000 0.008200 0.003300 0.004900 0.003300 0.003300 0.008200 0.006600 0.003300 0.008200 0.008200 0.003300 0.004900 0.004900 0.003300 0.003300 0.006600 0.003300 0.004900
Gemsbok 0.006500 0.057600 0.009900 0.039500 0.008200 0.016500 0.008200 0.006600 0.008200 0.014800 0.008200 0.006600 0.009900 0.018200 0.006500 0.013300 0.011600 0.011500 0.006600 0.008300 0.006600 0.006500 0.011500 0.009800 0.006500 0.009900 0.009900 0.008300 0.008300 0.008300 0.011500 0.006600 0.018500 0.008200 0.000000 0.008300 0.006600 0.008200 0.008300 0.013100 0.011500 0.008300 0.013200 0.009800 0.008300 0.009900 0.009900 0.008200 0.008200 0.011600 0.008200 0.009900
Yak 0.005000 0.056400 0.005000 0.034900 0.003300 0.015000 0.003300 0.001700 0.003300 0.010000 0.006600 0.001700 0.005000 0.013300 0.001600 0.008300 0.006700 0.006600 0.005000 0.003300 0.001700 0.008300 0.006600 0.008300 0.005000 0.005000 0.005000 0.003300 0.003300 0.003300 0.006600 0.001700 0.013500 0.003300 0.008300 0.000000 0.005000 0.003300 0.003300 0.008300 0.006600 0.003300 0.008300 0.008300 0.000000 0.005000 0.005000 0.003300 0.003300 0.006700 0.003300 0.005000
BlueSheep 0.000000 0.057500 0.006600 0.036100 0.004900 0.009800 0.004900 0.003300 0.004900 0.011500 0.001600 0.003300 0.006500 0.014800 0.003300 0.009900 0.008200 0.008200 0.000000 0.004900 0.003300 0.003300 0.008200 0.009800 0.000000 0.006600 0.006600 0.004900 0.005000 0.004900 0.008200 0.003300 0.015000 0.004900 0.006600 0.005000 0.000000 0.004900 0.004900 0.009800 0.008200 0.004900 0.009900 0.009800 0.004900 0.006500 0.006500 0.004900 0.004900 0.008300 0.004900 0.006600
BohorReedb 0.004900 0.055700 0.004900 0.034400 0.003300 0.014800 0.003300 0.001600 0.003300 0.009800 0.006500 0.001700 0.004900 0.013100 0.001600 0.008200 0.006600 0.006600 0.004900 0.003300 0.001600 0.008200 0.006600 0.008200 0.004900 0.004900 0.004900 0.003300 0.003300 0.003300 0.006600 0.001600 0.013400 0.003300 0.008200 0.003300 0.004900 0.000000 0.003300 0.008200 0.006600 0.003300 0.008200 0.008200 0.003300 0.004900 0.004900 0.003300 0.003300 0.006600 0.003300 0.004900
KirksDik 0.004900 0.056200 0.005000 0.034700 0.003300 0.014900 0.003300 0.001700 0.003300 0.009900 0.006600 0.001700 0.004900 0.013300 0.001600 0.008300 0.006600 0.006600 0.004900 0.003300 0.001700 0.008200 0.006600 0.008200 0.004900 0.005000 0.005000 0.003300 0.003300 0.003300 0.006600 0.001600 0.013500 0.003300 0.008300 0.003300 0.004900 0.003300 0.000000 0.008200 0.006600 0.003300 0.008300 0.008300 0.003300 0.004900 0.005000 0.003300 0.003300 0.006700 0.003300 0.005000
RoeDeer 0.009800 0.059100 0.009900 0.034300 0.008200 0.020200 0.008200 0.006600 0.008200 0.008200 0.011400 0.006600 0.009800 0.018100 0.006500 0.013200 0.008200 0.008200 0.009800 0.008200 0.006600 0.013100 0.004900 0.006500 0.009800 0.009900 0.009800 0.008200 0.008300 0.008200 0.004900 0.006500 0.011600 0.008200 0.013100 0.008300 0.009800 0.008200 0.008200 0.000000 0.008200 0.008200 0.006600 0.006500 0.008300 0.009800 0.008200 0.008200 0.008200 0.008200 0.008200 0.009900
WhiteLippe 0.008200 0.057900 0.008300 0.036800 0.006600 0.018200 0.006600 0.005000 0.006600 0.006600 0.009800 0.005000 0.008200 0.013200 0.004900 0.011600 0.006600 0.006600 0.008200 0.006600 0.004900 0.011500 0.003300 0.008200 0.008200 0.005000 0.008200 0.006600 0.006700 0.006600 0.006600 0.004900 0.013400 0.006600 0.011500 0.006600 0.008200 0.006600 0.006600 0.008200 0.000000 0.006600 0.008300 0.008200 0.006600 0.008200 0.006600 0.005300 0.006600 0.006600 0.006600 0.008300
ThomsonGaz 0.004900 0.056200 0.005000 0.034700 0.003300 0.014900 0.003300 0.001700 0.003300 0.009900 0.006600 0.001700 0.004900 0.013300 0.001600 0.008300 0.006600 0.006600 0.004900 0.003300 0.001600 0.008200 0.006600 0.008200 0.004900 0.001700 0.005000 0.003300 0.003300 0.003300 0.006600 0.001600 0.013500 0.003300 0.008300 0.003300 0.004900 0.003300 0.003300 0.008200 0.006600 0.000000 0.008300 0.008200 0.003300 0.004900 0.004900 0.003300 0.003300 0.006600 0.003300 0.005000
MuntiacusC 0.009900 0.059700 0.010000 0.038000 0.008200 0.019900 0.008200 0.006600 0.008300 0.001600 0.011500 0.006700 0.009900 0.018300 0.006600 0.013300 0.008300 0.008300 0.009900 0.008300 0.006600 0.013200 0.004900 0.006600 0.009900 0.010000 0.009900 0.008300 0.008300 0.008300 0.001600 0.006600 0.011700 0.008200 0.013200 0.008300 0.009900 0.008200 0.008300 0.006600 0.008300 0.008300 0.000000 0.006600 0.008300 0.009900 0.008200 0.008200 0.004900 0.008300 0.008300 0.009900
WhiteTaile 0.009800 0.059600 0.009900 0.037800 0.004900 0.020200 0.008200 0.006600 0.008200 0.008200 0.011400 0.006600 0.009800 0.018100 0.006500 0.009900 0.008300 0.008200 0.009800 0.008200 0.006600 0.013100 0.004900 0.003300 0.009800 0.009900 0.009900 0.008200 0.008300 0.008200 0.004900 0.006600 0.011700 0.008200 0.009800 0.008300 0.009800 0.008200 0.008300 0.006500 0.008200 0.008200 0.006600 0.000000 0.008300 0.009800 0.008200 0.008200 0.008200 0.008300 0.008200 0.009900
Cattle 0.004900 0.056400 0.005000 0.034800 0.003300 0.014900 0.003300 0.001700 0.003300 0.010000 0.006600 0.001700 0.005000 0.013300 0.001600 0.008300 0.006700 0.006600 0.005000 0.003300 0.001700 0.008300 0.006600 0.008300 0.004900 0.005000 0.005000 0.003300 0.003300 0.003300 0.006600 0.001700 0.013500 0.003300 0.008300 0.000000 0.004900 0.003300 0.003300 0.008300 0.006600 0.003300 0.008300 0.008300 0.000000 0.005000 0.005000 0.003300 0.003300 0.006700 0.003300 0.005000
RoyalAntel 0.006500 0.057500 0.006600 0.036100 0.004900 0.016400 0.004900 0.003300 0.004900 0.011500 0.008200 0.003300 0.006500 0.014800 0.003300 0.006600 0.004900 0.004900 0.006500 0.004900 0.003300 0.009800 0.008200 0.009800 0.006500 0.006600 0.006600 0.004900 0.005000 0.004900 0.008200 0.003300 0.011700 0.004900 0.009900 0.005000 0.006500 0.004900 0.004900 0.009800 0.008200 0.004900 0.009900 0.009800 0.005000 0.000000 0.006600 0.004900 0.004900 0.008300 0.004900 0.006600
Steenbok 0.006500 0.054200 0.006600 0.032800 0.004900 0.016500 0.004900 0.003300 0.004900 0.009900 0.008200 0.003300 0.006600 0.014800 0.003300 0.009900 0.006600 0.006600 0.006600 0.004900 0.003300 0.009800 0.006600 0.008200 0.006500 0.006600 0.006600 0.005000 0.005000 0.004900 0.006600 0.003300 0.013400 0.004900 0.009900 0.005000 0.006500 0.004900 0.005000 0.008200 0.006600 0.004900 0.008200 0.008200 0.005000 0.006600 0.000000 0.004900 0.004900 0.006600 0.004900 0.006600
Impala 0.004900 0.052200 0.004900 0.034400 0.003300 0.014800 0.003300 0.001600 0.003300 0.009800 0.006500 0.001600 0.004900 0.013100 0.001600 0.008200 0.006600 0.006600 0.004900 0.003300 0.001600 0.008200 0.005100 0.008200 0.004900 0.003500 0.004900 0.003300 0.003300 0.003300 0.006600 0.001600 0.013300 0.003300 0.008200 0.003300 0.004900 0.003300 0.003300 0.008200 0.005300 0.003300 0.008200 0.008200 0.003300 0.004900 0.004900 0.000000 0.003300 0.006600 0.003300 0.004900
Klipspring 0.004900 0.055800 0.004900 0.034500 0.003300 0.014800 0.003300 0.001600 0.003300 0.006600 0.006600 0.001700 0.004900 0.013200 0.001600 0.008300 0.006600 0.006600 0.004900 0.003300 0.001600 0.008200 0.006600 0.008200 0.004900 0.004900 0.004900 0.003300 0.003300 0.003300 0.006600 0.001600 0.013400 0.003300 0.008200 0.003300 0.004900 0.003300 0.003300 0.008200 0.006600 0.003300 0.004900 0.008200 0.003300 0.004900 0.004900 0.003300 0.000000 0.006600 0.003300 0.004900
ForestMusk 0.008300 0.058000 0.008300 0.036400 0.006600 0.018300 0.006600 0.005000 0.006600 0.009900 0.009900 0.005000 0.008300 0.016600 0.004900 0.011800 0.006600 0.006600 0.008300 0.006700 0.005000 0.011600 0.006600 0.008300 0.008200 0.008300 0.008300 0.006700 0.006700 0.006700 0.006600 0.005000 0.013500 0.006600 0.011600 0.006700 0.008300 0.006600 0.006700 0.008200 0.006600 0.006600 0.008300 0.008300 0.006700 0.008300 0.006600 0.006600 0.006600 0.000000 0.006600 0.008300
Bushbuck 0.004900 0.054500 0.001700 0.034600 0.003300 0.014900 0.003300 0.001700 0.000000 0.009900 0.006600 0.001700 0.004900 0.013200 0.001600 0.008300 0.006600 0.006600 0.004900 0.000000 0.001600 0.008200 0.006600 0.008200 0.004900 0.005000 0.004900 0.000000 0.003300 0.000000 0.006600 0.001600 0.013400 0.003300 0.008200 0.003300 0.004900 0.003300 0.003300 0.008200 0.006600 0.003300 0.008300 0.008200 0.003300 0.004900 0.004900 0.003300 0.003300 0.006600 0.000000 0.001600
GreaterKud 0.006600 0.056200 0.003300 0.036400 0.004900 0.016500 0.004900 0.003300 0.001600 0.011600 0.008200 0.003300 0.006600 0.014900 0.003300 0.010000 0.008300 0.008300 0.006600 0.001700 0.003300 0.009900 0.008200 0.009900 0.006600 0.006600 0.006600 0.001700 0.005000 0.001700 0.008300 0.003300 0.015100 0.004900 0.009900 0.005000 0.006600 0.004900 0.005000 0.009900 0.008300 0.005000 0.009900 0.009900 0.005000 0.006600 0.006600 0.004900 0.004900 0.008300 0.001600 0.000000
