1
52 1
Argali 0.000000 0.004900 0.000100 0.005000 0.000100 0.000000 0.000000 0.000100 0.000200 0.000200 0.000000 0.000100 0.004900 0.000000 0.000100 0.004900 0.009900 0.009900 0.000100 0.000100 0.000100 0.000100 0.000100 0.000200 0.000000 0.004900 0.004900 0.000200 0.004900 0.000100 0.000200 0.000000 0.000200 0.004900 0.000100 0.000100 0.000000 0.014500 0.000200 0.000200 0.000100 0.004900 0.000200 0.000200 0.000100 0.004900 0.000100 0.000200 0.004900 0.011000 0.000100 0.000200
LesserMous 0.004900 0.000000 0.004900 0.010000 0.004900 0.004900 0.004900 0.004900 0.004900 0.004900 0.004900 0.004800 0.009800 0.004900 0.004800 0.009800 0.014900 0.014800 0.004900 0.004900 0.004900 0.004900 0.004900 0.004800 0.004900 0.009800 0.009900 0.005000 0.009800 0.004900 0.004800 0.004900 0.004800 0.009900 0.004900 0.004900 0.004900 0.019400 0.004900 0.004900 0.004900 0.009800 0.004900 0.004900 0.004900 0.009900 0.004900 0.004900 0.000300 0.015000 0.004900 0.004900
LesserKudu 0.000100 0.004900 0.000000 0.005000 0.000200 0.000100 0.000100 0.000200 0.000100 0.000300 0.000100 0.000100 0.004900 0.000100 0.000200 0.004900 0.010000 0.009900 0.000100 0.000000 0.000100 0.000200 0.000200 0.000300 0.000100 0.004900 0.005000 0.000100 0.004900 0.000000 0.000300 0.000100 0.000200 0.005000 0.000100 0.000200 0.000100 0.014600 0.000200 0.000300 0.000200 0.004900 0.000300 0.000300 0.000200 0.005000 0.000200 0.000300 0.004900 0.010300 0.000000 0.000100
KillerWhal 0.005000 0.010000 0.005000 0.000000 0.005000 0.005000 0.005000 0.005000 0.005000 0.005000 0.005000 0.005000 0.010000 0.005000 0.004900 0.000600 0.005100 0.005000 0.005000 0.005000 0.005000 0.005000 0.005000 0.004900 0.005000 0.000600 0.010100 0.005100 0.000600 0.005000 0.004900 0.005000 0.004900 0.010100 0.005000 0.005000 0.005000 0.014900 0.005000 0.005000 0.005000 0.000600 0.005000 0.005000 0.005000 0.000700 0.005000 0.005000 0.009900 0.015300 0.005000 0.005000
DefassaWat 0.000100 0.004900 0.000200 0.005000 0.000000 0.000100 0.000100 0.000100 0.000100 0.000200 0.000100 0.000100 0.004900 0.000100 0.000100 0.004900 0.009900 0.009800 0.000100 0.000200 0.000100 0.000200 0.000100 0.000200 0.000100 0.004900 0.004900 0.000200 0.004900 0.000200 0.000200 0.000100 0.000200 0.004900 0.000000 0.000100 0.000100 0.014500 0.000200 0.000300 0.000100 0.004900 0.000100 0.000200 0.000200 0.004900 0.000100 0.000100 0.004800 0.010400 0.000100 0.000200
Sheep 0.000000 0.004900 0.000100 0.005000 0.000100 0.000000 0.000000 0.000100 0.000200 0.000200 0.000000 0.000100 0.004900 0.000000 0.000100 0.004900 0.009900 0.009900 0.000100 0.000100 0.000100 0.000100 0.000100 0.000200 0.000000 0.004900 0.004900 0.000200 0.004900 0.000100 0.000200 0.000000 0.000200 0.004900 0.000100 0.000100 0.000000 0.014500 0.000200 0.000200 0.000100 0.004900 0.000200 0.000200 0.000100 0.004900 0.000100 0.000200 0.004900 0.010200 0.000100 0.000200
MaxwellsDu 0.000000 0.004900 0.000100 0.005000 0.000100 0.000000 0.000000 0.000100 0.000200 0.000200 0.000000 0.000100 0.004900 0.000000 0.000100 0.004900 0.009900 0.009900 0.000100 0.000100 0.000100 0.000100 0.000100 0.000200 0.000000 0.004900 0.004900 0.000100 0.004900 0.000100 0.000200 0.000000 0.000200 0.004900 0.000100 0.000100 0.000000 0.014600 0.000100 0.000200 0.000100 0.004900 0.000200 0.000200 0.000100 0.004900 0.000100 0.000200 0.004900 0.010300 0.000100 0.000200
GazellaPrz 0.000100 0.004900 0.000200 0.005000 0.000100 0.000100 0.000100 0.000000 0.000200 0.000200 0.000100 0.000100 0.004900 0.000100 0.000100 0.004900 0.009900 0.009900 0.000100 0.000200 0.000000 0.000200 0.000100 0.000200 0.000100 0.004900 0.004900 0.000200 0.004900 0.000200 0.000200 0.000100 0.000200 0.004900 0.000100 0.000200 0.000100 0.014600 0.000100 0.000200 0.000100 0.004900 0.000200 0.000200 0.000200 0.004900 0.000100 0.000200 0.004900 0.010200 0.000200 0.000200
MountainNy 0.000200 0.004900 0.000100 0.005000 0.000100 0.000200 0.000200 0.000200 0.000000 0.000300 0.000100 0.000100 0.005000 0.000100 0.000200 0.004900 0.010000 0.010000 0.000100 0.000100 0.000200 0.000200 0.000200 0.000200 0.000200 0.004900 0.005000 0.000100 0.004900 0.000000 0.000400 0.000100 0.000300 0.005000 0.000100 0.000200 0.000100 0.014700 0.000300 0.000300 0.000200 0.004900 0.000300 0.000200 0.000200 0.005000 0.000200 0.000200 0.004900 0.010300 0.000000 0.000100
MuntiacusM 0.000200 0.004900 0.000300 0.005000 0.000200 0.000200 0.000200 0.000200 0.000300 0.000000 0.000200 0.000200 0.004900 0.000200 0.000200 0.004900 0.009900 0.009900 0.000200 0.000300 0.000200 0.000200 0.000100 0.000200 0.000200 0.004900 0.004900 0.000200 0.004900 0.000300 0.000100 0.000200 0.000300 0.004900 0.000200 0.000200 0.000200 0.014600 0.000300 0.000200 0.000100 0.004900 0.000000 0.000200 0.000200 0.004900 0.000200 0.000200 0.004900 0.010100 0.000300 0.000300
goat 0.000000 0.004900 0.000100 0.005000 0.000100 0.000000 0.000000 0.000100 0.000100 0.000200 0.000000 0.000000 0.004900 0.000000 0.000100 0.004900 0.009900 0.009800 0.000000 0.000100 0.000100 0.000100 0.000100 0.000100 0.000000 0.004900 0.004900 0.000100 0.004900 0.000100 0.000200 0.000000 0.000200 0.004900 0.000000 0.000100 0.000000 0.014500 0.000200 0.000200 0.000100 0.004900 0.000100 0.000200 0.000100 0.004900 0.000100 0.000100 0.004800 0.010200 0.000100 0.000100
AfricanBuf 0.000100 0.004800 0.000100 0.005000 0.000100 0.000100 0.000100 0.000100 0.000100 0.000200 0.000000 0.000000 0.004900 0.000100 0.000100 0.004800 0.009900 0.009800 0.000100 0.000100 0.000100 0.000100 0.000100 0.000100 0.000100 0.004900 0.004900 0.000100 0.004800 0.000100 0.000200 0.000100 0.000200 0.004900 0.000000 0.000000 0.000000 0.014500 0.000200 0.000200 0.000100 0.004800 0.000100 0.000200 0.000100 0.004900 0.000100 0.000100 0.004800 0.010300 0.000100 0.000100
Topi 0.004900 0.009800 0.004900 0.010000 0.004900 0.004900 0.004900 0.004900 0.005000 0.004900 0.004900 0.004900 0.000000 0.004900 0.004900 0.009800 0.015000 0.014900 0.004900 0.004900 0.004900 0.004900 0.004900 0.004900 0.004900 0.009900 0.000000 0.005000 0.009800 0.004900 0.004900 0.004900 0.004800 0.000000 0.004900 0.004900 0.004900 0.019600 0.004900 0.004900 0.004900 0.009800 0.004900 0.004900 0.004900 0.009900 0.004900 0.004900 0.009800 0.015300 0.004900 0.004900
CommonDuik 0.000000 0.004900 0.000100 0.005000 0.000100 0.000000 0.000000 0.000100 0.000100 0.000200 0.000000 0.000100 0.004900 0.000000 0.000100 0.004900 0.009900 0.009900 0.000100 0.000100 0.000100 0.000100 0.000100 0.000200 0.000000 0.004900 0.004900 0.000100 0.004900 0.000100 0.000200 0.000000 0.000200 0.004900 0.000100 0.000100 0.000000 0.014600 0.000200 0.000200 0.000100 0.004900 0.000200 0.000200 0.000100 0.004900 0.000100 0.000200 0.004900 0.010200 0.000100 0.000100
Suni 0.000100 0.004800 0.000200 0.004900 0.000100 0.000100 0.000100 0.000100 0.000200 0.000200 0.000100 0.000100 0.004900 0.000100 0.000000 0.004800 0.009800 0.009800 0.000100 0.000200 0.000100 0.000200 0.000100 0.000200 0.000100 0.004900 0.004900 0.000200 0.004800 0.000200 0.000200 0.000100 0.000200 0.004900 0.000100 0.000100 0.000100 0.014400 0.000200 0.000200 0.000100 0.004800 0.000100 0.000200 0.000200 0.004900 0.000100 0.000100 0.004800 0.010200 0.000200 0.000200
Springbuck 0.004900 0.009800 0.004900 0.000600 0.004900 0.004900 0.004900 0.004900 0.004900 0.004900 0.004900 0.004800 0.009800 0.004900 0.004800 0.000000 0.005000 0.004900 0.004900 0.004900 0.004900 0.004900 0.004900 0.004800 0.004900 0.000000 0.009900 0.005000 0.000000 0.004900 0.004800 0.004900 0.004800 0.009900 0.004900 0.004900 0.004900 0.014600 0.004900 0.004900 0.004900 0.000000 0.004900 0.004900 0.004900 0.000200 0.004900 0.004900 0.009700 0.015400 0.004900 0.004900
Okapi 0.009900 0.014900 0.010000 0.005100 0.009900 0.009900 0.009900 0.009900 0.010000 0.009900 0.009900 0.009900 0.015000 0.009900 0.009800 0.005000 0.000000 0.000200 0.010000 0.010000 0.009900 0.010000 0.009900 0.009800 0.009900 0.005000 0.015100 0.010100 0.005000 0.010000 0.009800 0.009900 0.009800 0.015100 0.009900 0.009900 0.009900 0.019700 0.010000 0.010000 0.009900 0.005000 0.009900 0.009900 0.010000 0.005000 0.010000 0.009900 0.014900 0.020600 0.010000 0.010000
Giraffe 0.009900 0.014800 0.009900 0.005000 0.009800 0.009900 0.009900 0.009900 0.010000 0.009900 0.009800 0.009800 0.014900 0.009900 0.009800 0.004900 0.000200 0.000000 0.009900 0.009900 0.009900 0.009900 0.009900 0.009800 0.009900 0.004900 0.015000 0.010000 0.004900 0.009900 0.009800 0.009900 0.009700 0.015000 0.009800 0.009900 0.009800 0.019600 0.009900 0.009900 0.009800 0.004900 0.009800 0.009900 0.009900 0.005000 0.009900 0.009900 0.014800 0.020500 0.009900 0.009900
TibetanAnt 0.000100 0.004900 0.000100 0.005000 0.000100 0.000100 0.000100 0.000100 0.000100 0.000200 0.000000 0.000100 0.004900 0.000100 0.000100 0.004900 0.010000 0.009900 0.000000 0.000100 0.000100 0.000100 0.000200 0.000200 0.000100 0.004900 0.005000 0.000100 0.004900 0.000100 0.000200 0.000100 0.000200 0.005000 0.000000 0.000100 0.000000 0.014600 0.000200 0.000300 0.000100 0.004900 0.000200 0.000200 0.000200 0.004900 0.000100 0.000100 0.004900 0.010300 0.000100 0.000100
Sitatunga 0.000100 0.004900 0.000000 0.005000 0.000200 0.000100 0.000100 0.000200 0.000100 0.000300 0.000100 0.000100 0.004900 0.000100 0.000200 0.004900 0.010000 0.009900 0.000100 0.000000 0.000100 0.000200 0.000200 0.000300 0.000100 0.004900 0.005000 0.000100 0.004900 0.000000 0.000300 0.000100 0.000200 0.005000 0.000100 0.000200 0.000100 0.014700 0.000200 0.000300 0.000200 0.004900 0.000300 0.000200 0.000200 0.005000 0.000200 0.000300 0.004900 0.010300 0.000000 0.000000
Oribi 0.000100 0.004900 0.000100 0.005000 0.000100 0.000100 0.000100 0.000000 0.000200 0.000200 0.000100 0.000100 0.004900 0.000100 0.000100 0.004900 0.009900 0.009900 0.000100 0.000100 0.000000 0.000100 0.000100 0.000200 0.000100 0.004900 0.004900 0.000200 0.004900 0.000100 0.000200 0.000100 0.000200 0.004900 0.000000 0.000100 0.000100 0.014600 0.000100 0.000200 0.000100 0.004900 0.000200 0.000200 0.000100 0.004900 0.000000 0.000200 0.004900 0.010200 0.000100 0.000200
BarbaryShe 0.000100 0.004900 0.000200 0.005000 0.000200 0.000100 0.000100 0.000200 0.000200 0.000200 0.000100 0.000100 0.004900 0.000100 0.000200 0.004900 0.010000 0.009900 0.000100 0.000200 0.000100 0.000000 0.000200 0.000200 0.000100 0.004900 0.004900 0.000200 0.004900 0.000200 0.000300 0.000100 0.000300 0.004900 0.000100 0.000200 0.000100 0.014600 0.000200 0.000200 0.000200 0.004900 0.000200 0.000300 0.000200 0.004900 0.000200 0.000200 0.004900 0.010200 0.000200 0.000200
Daviddeer 0.000100 0.004900 0.000200 0.005000 0.000100 0.000100 0.000100 0.000100 0.000200 0.000100 0.000100 0.000100 0.004900 0.000100 0.000100 0.004900 0.009900 0.009900 0.000200 0.000200 0.000100 0.000200 0.000000 0.000100 0.000100 0.004900 0.004900 0.000200 0.004900 0.000200 0.000100 0.000100 0.000200 0.004900 0.000100 0.000200 0.000100 0.014600 0.000200 0.000200 0.000000 0.004900 0.000100 0.000200 0.000200 0.004900 0.000200 0.000200 0.004900 0.010200 0.000200 0.000300
Reindeer 0.000200 0.004800 0.000300 0.004900 0.000200 0.000200 0.000200 0.000200 0.000200 0.000200 0.000100 0.000100 0.004900 0.000200 0.000200 0.004800 0.009800 0.009800 0.000200 0.000300 0.000200 0.000200 0.000100 0.000000 0.000200 0.004800 0.004900 0.000200 0.004800 0.000200 0.000200 0.000200 0.000300 0.004900 0.000100 0.000200 0.000100 0.014400 0.000200 0.000100 0.000100 0.004800 0.000100 0.000100 0.000200 0.004900 0.000200 0.000200 0.004800 0.010000 0.000300 0.000200
Ibex 0.000000 0.004900 0.000100 0.005000 0.000100 0.000000 0.000000 0.000100 0.000200 0.000200 0.000000 0.000100 0.004900 0.000000 0.000100 0.004900 0.009900 0.009900 0.000100 0.000100 0.000100 0.000100 0.000100 0.000200 0.000000 0.004900 0.004900 0.000200 0.004900 0.000100 0.000200 0.000000 0.000200 0.004900 0.000100 0.000100 0.000000 0.014600 0.000200 0.000200 0.000100 0.004900 0.000200 0.000200 0.000100 0.004900 0.000100 0.000200 0.004900 0.010200 0.000100 0.000200
GyrantGaze 0.004900 0.009800 0.004900 0.000600 0.004900 0.004900 0.004900 0.004900 0.004900 0.004900 0.004900 0.004900 0.009900 0.004900 0.004900 0.000000 0.005000 0.004900 0.004900 0.004900 0.004900 0.004900 0.004900 0.004800 0.004900 0.000000 0.009900 0.005000 0.000000 0.004900 0.004800 0.004900 0.004800 0.009900 0.004900 0.004900 0.004900 0.014600 0.004900 0.004900 0.004900 0.000000 0.004900 0.004900 0.004900 0.000200 0.004900 0.004900 0.009800 0.015400 0.004900 0.004900
Hartebeest 0.004900 0.009900 0.005000 0.010100 0.004900 0.004900 0.004900 0.004900 0.005000 0.004900 0.004900 0.004900 0.000000 0.004900 0.004900 0.009900 0.015100 0.015000 0.005000 0.005000 0.004900 0.004900 0.004900 0.004900 0.004900 0.009900 0.000000 0.005000 0.009900 0.005000 0.004900 0.004900 0.004900 0.000000 0.004900 0.004900 0.004900 0.019700 0.005000 0.004900 0.004900 0.009900 0.004900 0.004900 0.005000 0.010000 0.005000 0.004900 0.009900 0.015300 0.004900 0.005000
Bongo 0.000200 0.005000 0.000100 0.005100 0.000200 0.000200 0.000100 0.000200 0.000100 0.000200 0.000100 0.000100 0.005000 0.000100 0.000200 0.005000 0.010100 0.010000 0.000100 0.000100 0.000200 0.000200 0.000200 0.000200 0.000200 0.005000 0.005000 0.000000 0.005000 0.000100 0.000300 0.000200 0.000300 0.005000 0.000100 0.000200 0.000100 0.014800 0.000200 0.000200 0.000200 0.005000 0.000300 0.000200 0.000200 0.005000 0.000200 0.000200 0.004900 0.010300 0.000100 0.000100
Gerenuk 0.004900 0.009800 0.004900 0.000600 0.004900 0.004900 0.004900 0.004900 0.004900 0.004900 0.004900 0.004800 0.009800 0.004900 0.004800 0.000000 0.005000 0.004900 0.004900 0.004900 0.004900 0.004900 0.004900 0.004800 0.004900 0.000000 0.009900 0.005000 0.000000 0.004900 0.004800 0.004900 0.004800 0.009900 0.004900 0.004900 0.004900 0.014600 0.004900 0.004900 0.004900 0.000000 0.004900 0.004900 0.004900 0.000200 0.004900 0.004900 0.009700 0.015400 0.004900 0.004900
CommonElan 0.000100 0.004900 0.000000 0.005000 0.000200 0.000100 0.000100 0.000200 0.000000 0.000300 0.000100 0.000100 0.004900 0.000100 0.000200 0.004900 0.010000 0.009900 0.000100 0.000000 0.000100 0.000200 0.000200 0.000200 0.000100 0.004900 0.005000 0.000100 0.004900 0.000000 0.000300 0.000100 0.000200 0.005000 0.000100 0.000200 0.000100 0.014600 0.000200 0.000300 0.000200 0.004900 0.000300 0.000200 0.000200 0.004900 0.000200 0.000300 0.004900 0.010200 0.000000 0.000100
MuntiacusR 0.000200 0.004800 0.000300 0.004900 0.000200 0.000200 0.000200 0.000200 0.000400 0.000100 0.000200 0.000200 0.004900 0.000200 0.000200 0.004800 0.009800 0.009800 0.000200 0.000300 0.000200 0.000300 0.000100 0.000200 0.000200 0.004800 0.004900 0.000300 0.004800 0.000300 0.000000 0.000200 0.000300 0.004900 0.000200 0.000300 0.000200 0.014400 0.000300 0.000300 0.000100 0.004800 0.000100 0.000300 0.000300 0.004900 0.000200 0.000300 0.004800 0.010000 0.000300 0.000400
HarveysDui 0.000000 0.004900 0.000100 0.005000 0.000100 0.000000 0.000000 0.000100 0.000100 0.000200 0.000000 0.000100 0.004900 0.000000 0.000100 0.004900 0.009900 0.009900 0.000100 0.000100 0.000100 0.000100 0.000100 0.000200 0.000000 0.004900 0.004900 0.000200 0.004900 0.000100 0.000200 0.000000 0.000200 0.004900 0.000100 0.000100 0.000000 0.014600 0.000200 0.000200 0.000100 0.004900 0.000200 0.000200 0.000100 0.004900 0.000100 0.000100 0.004900 0.010400 0.000100 0.000200
Pronghorn 0.000200 0.004800 0.000200 0.004900 0.000200 0.000200 0.000200 0.000200 0.000300 0.000300 0.000200 0.000200 0.004800 0.000200 0.000200 0.004800 0.009800 0.009700 0.000200 0.000200 0.000200 0.000300 0.000200 0.000300 0.000200 0.004800 0.004900 0.000300 0.004800 0.000200 0.000300 0.000200 0.000000 0.004900 0.000200 0.000300 0.000200 0.014300 0.000300 0.000300 0.000200 0.004800 0.000300 0.000300 0.000300 0.004800 0.000200 0.000300 0.004800 0.009900 0.000200 0.000300
BlueWildeb 0.004900 0.009900 0.005000 0.010100 0.004900 0.004900 0.004900 0.004900 0.005000 0.004900 0.004900 0.004900 0.000000 0.004900 0.004900 0.009900 0.015100 0.015000 0.005000 0.005000 0.004900 0.004900 0.004900 0.004900 0.004900 0.009900 0.000000 0.005000 0.009900 0.005000 0.004900 0.004900 0.004900 0.000000 0.004900 0.004900 0.004900 0.019700 0.005000 0.004900 0.004900 0.009900 0.004900 0.004900 0.005000 0.010000 0.005000 0.004900 0.009900 0.015300 0.004900 0.005000
Gemsbok 0.000100 0.004900 0.000100 0.005000 0.000000 0.000100 0.000100 0.000100 0.000100 0.000200 0.000000 0.000000 0.004900 0.000100 0.000100 0.004900 0.009900 0.009800 0.000000 0.000100 0.000000 0.000100 0.000100 0.000100 0.000100 0.004900 0.004900 0.000100 0.004900 0.000100 0.000200 0.000100 0.000200 0.004900 0.000000 0.000100 0.000000 0.014500 0.000100 0.000200 0.000100 0.004900 0.000100 0.000100 0.000100 0.004900 0.000000 0.000100 0.004800 0.010200 0.000100 0.000100
Yak 0.000100 0.004900 0.000200 0.005000 0.000100 0.000100 0.000100 0.000200 0.000200 0.000200 0.000100 0.000000 0.004900 0.000100 0.000100 0.004900 0.009900 0.009900 0.000100 0.000200 0.000100 0.000200 0.000200 0.000200 0.000100 0.004900 0.004900 0.000200 0.004900 0.000200 0.000300 0.000100 0.000300 0.004900 0.000100 0.000000 0.000100 0.014600 0.000200 0.000300 0.000100 0.004900 0.000200 0.000200 0.000000 0.004900 0.000100 0.000200 0.004900 0.010300 0.000100 0.000200
BlueSheep 0.000000 0.004900 0.000100 0.005000 0.000100 0.000000 0.000000 0.000100 0.000100 0.000200 0.000000 0.000000 0.004900 0.000000 0.000100 0.004900 0.009900 0.009800 0.000000 0.000100 0.000100 0.000100 0.000100 0.000100 0.000000 0.004900 0.004900 0.000100 0.004900 0.000100 0.000200 0.000000 0.000200 0.004900 0.000000 0.000100 0.000000 0.014500 0.000200 0.000200 0.000100 0.004900 0.000100 0.000200 0.000100 0.004900 0.000100 0.000100 0.004800 0.010200 0.000100 0.000100
BohorReedb 0.014500 0.019400 0.014600 0.014900 0.014500 0.014500 0.014600 0.014600 0.014700 0.014600 0.014500 0.014500 0.019600 0.014600 0.014400 0.014600 0.019700 0.019600 0.014600 0.014700 0.014600 0.014600 0.014600 0.014400 0.014600 0.014600 0.019700 0.014800 0.014600 0.014600 0.014400 0.014600 0.014300 0.019700 0.014500 0.014600 0.014500 0.000000 0.014600 0.014600 0.014500 0.014600 0.014500 0.014600 0.014600 0.014700 0.014600 0.014600 0.019400 0.025200 0.014600 0.014600
KirksDik 0.000200 0.004900 0.000200 0.005000 0.000200 0.000200 0.000100 0.000100 0.000300 0.000300 0.000200 0.000200 0.004900 0.000200 0.000200 0.004900 0.010000 0.009900 0.000200 0.000200 0.000100 0.000200 0.000200 0.000200 0.000200 0.004900 0.005000 0.000200 0.004900 0.000200 0.000300 0.000200 0.000300 0.005000 0.000100 0.000200 0.000200 0.014600 0.000000 0.000300 0.000200 0.004900 0.000300 0.000300 0.000200 0.004900 0.000100 0.000200 0.004900 0.010200 0.000200 0.000300
RoeDeer 0.000200 0.004900 0.000300 0.005000 0.000300 0.000200 0.000200 0.000200 0.000300 0.000200 0.000200 0.000200 0.004900 0.000200 0.000200 0.004900 0.010000 0.009900 0.000300 0.000300 0.000200 0.000200 0.000200 0.000100 0.000200 0.004900 0.004900 0.000200 0.004900 0.000300 0.000300 0.000200 0.000300 0.004900 0.000200 0.000300 0.000200 0.014600 0.000300 0.000000 0.000200 0.004900 0.000200 0.000100 0.000300 0.004900 0.000300 0.000300 0.004900 0.010100 0.000300 0.000300
WhiteLippe 0.000100 0.004900 0.000200 0.005000 0.000100 0.000100 0.000100 0.000100 0.000200 0.000100 0.000100 0.000100 0.004900 0.000100 0.000100 0.004900 0.009900 0.009800 0.000100 0.000200 0.000100 0.000200 0.000000 0.000100 0.000100 0.004900 0.004900 0.000200 0.004900 0.000200 0.000100 0.000100 0.000200 0.004900 0.000100 0.000100 0.000100 0.014500 0.000200 0.000200 0.000000 0.004900 0.000000 0.000100 0.000200 0.004900 0.000100 0.000200 0.004800 0.010100 0.000200 0.000200
ThomsonGaz 0.004900 0.009800 0.004900 0.000600 0.004900 0.004900 0.004900 0.004900 0.004900 0.004900 0.004900 0.004800 0.009800 0.004900 0.004800 0.000000 0.005000 0.004900 0.004900 0.004900 0.004900 0.004900 0.004900 0.004800 0.004900 0.000000 0.009900 0.005000 0.000000 0.004900 0.004800 0.004900 0.004800 0.009900 0.004900 0.004900 0.004900 0.014600 0.004900 0.004900 0.004900 0.000000 0.004900 0.004900 0.004900 0.000200 0.004900 0.004900 0.009700 0.015400 0.004900 0.004900
MuntiacusC 0.000200 0.004900 0.000300 0.005000 0.000100 0.000200 0.000200 0.000200 0.000300 0.000000 0.000100 0.000100 0.004900 0.000200 0.000100 0.004900 0.009900 0.009800 0.000200 0.000300 0.000200 0.000200 0.000100 0.000100 0.000200 0.004900 0.004900 0.000300 0.004900 0.000300 0.000100 0.000200 0.000300 0.004900 0.000100 0.000200 0.000100 0.014500 0.000300 0.000200 0.000000 0.004900 0.000000 0.000200 0.000200 0.004900 0.000200 0.000200 0.004800 0.010100 0.000200 0.000300
WhiteTaile 0.000200 0.004900 0.000300 0.005000 0.000200 0.000200 0.000200 0.000200 0.000200 0.000200 0.000200 0.000200 0.004900 0.000200 0.000200 0.004900 0.009900 0.009900 0.000200 0.000200 0.000200 0.000300 0.000200 0.000100 0.000200 0.004900 0.004900 0.000200 0.004900 0.000200 0.000300 0.000200 0.000300 0.004900 0.000100 0.000200 0.000200 0.014600 0.000300 0.000100 0.000100 0.004900 0.000200 0.000000 0.000300 0.004900 0.000200 0.000300 0.004900 0.010100 0.000200 0.000200
Cattle 0.000100 0.004900 0.000200 0.005000 0.000200 0.000100 0.000100 0.000200 0.000200 0.000200 0.000100 0.000100 0.004900 0.000100 0.000200 0.004900 0.010000 0.009900 0.000200 0.000200 0.000100 0.000200 0.000200 0.000200 0.000100 0.004900 0.005000 0.000200 0.004900 0.000200 0.000300 0.000100 0.000300 0.005000 0.000100 0.000000 0.000100 0.014600 0.000200 0.000300 0.000200 0.004900 0.000200 0.000300 0.000000 0.005000 0.000200 0.000200 0.004900 0.010300 0.000200 0.000200
RoyalAntel 0.004900 0.009900 0.005000 0.000700 0.004900 0.004900 0.004900 0.004900 0.005000 0.004900 0.004900 0.004900 0.009900 0.004900 0.004900 0.000200 0.005000 0.005000 0.004900 0.005000 0.004900 0.004900 0.004900 0.004900 0.004900 0.000200 0.010000 0.005000 0.000200 0.004900 0.004900 0.004900 0.004800 0.010000 0.004900 0.004900 0.004900 0.014700 0.004900 0.004900 0.004900 0.000200 0.004900 0.004900 0.005000 0.000000 0.004900 0.004900 0.009800 0.015300 0.004900 0.005000
Steenbok 0.000100 0.004900 0.000200 0.005000 0.000100 0.000100 0.000100 0.000100 0.000200 0.000200 0.000100 0.000100 0.004900 0.000100 0.000100 0.004900 0.010000 0.009900 0.000100 0.000200 0.000000 0.000200 0.000200 0.000200 0.000100 0.004900 0.005000 0.000200 0.004900 0.000200 0.000200 0.000100 0.000200 0.005000 0.000000 0.000100 0.000100 0.014600 0.000100 0.000300 0.000100 0.004900 0.000200 0.000200 0.000200 0.004900 0.000000 0.000200 0.004900 0.010200 0.000100 0.000200
Impala 0.000200 0.004900 0.000300 0.005000 0.000100 0.000200 0.000200 0.000200 0.000200 0.000200 0.000100 0.000100 0.004900 0.000200 0.000100 0.004900 0.009900 0.009900 0.000100 0.000300 0.000200 0.000200 0.000200 0.000200 0.000200 0.004900 0.004900 0.000200 0.004900 0.000300 0.000300 0.000100 0.000300 0.004900 0.000100 0.000200 0.000100 0.014600 0.000200 0.000300 0.000200 0.004900 0.000200 0.000300 0.000200 0.004900 0.000200 0.000000 0.004900 0.010200 0.000200 0.000300
Klipspring 0.004900 0.000300 0.004900 0.009900 0.004800 0.004900 0.004900 0.004900 0.004900 0.004900 0.004800 0.004800 0.009800 0.004900 0.004800 0.009700 0.014900 0.014800 0.004900 0.004900 0.004900 0.004900 0.004900 0.004800 0.004900 0.009800 0.009900 0.004900 0.009700 0.004900 0.004800 0.004900 0.004800 0.009900 0.004800 0.004900 0.004800 0.019400 0.004900 0.004900 0.004800 0.009700 0.004800 0.004900 0.004900 0.009800 0.004900 0.004900 0.000000 0.015300 0.004900 0.004900
ForestMusk 0.011000 0.015000 0.010300 0.015300 0.010400 0.010200 0.010300 0.010200 0.010300 0.010100 0.010200 0.010300 0.015300 0.010200 0.010200 0.015400 0.020600 0.020500 0.010300 0.010300 0.010200 0.010200 0.010200 0.010000 0.010200 0.015400 0.015300 0.010300 0.015400 0.010200 0.010000 0.010400 0.009900 0.015300 0.010200 0.010300 0.010200 0.025200 0.010200 0.010100 0.010100 0.015400 0.010100 0.010100 0.010300 0.015300 0.010200 0.010200 0.015300 0.000000 0.010200 0.010200
Bushbuck 0.000100 0.004900 0.000000 0.005000 0.000100 0.000100 0.000100 0.000200 0.000000 0.000300 0.000100 0.000100 0.004900 0.000100 0.000200 0.004900 0.010000 0.009900 0.000100 0.000000 0.000100 0.000200 0.000200 0.000300 0.000100 0.004900 0.004900 0.000100 0.004900 0.000000 0.000300 0.000100 0.000200 0.004900 0.000100 0.000100 0.000100 0.014600 0.000200 0.000300 0.000200 0.004900 0.000200 0.000200 0.000200 0.004900 0.000100 0.000200 0.004900 0.010200 0.000000 0.000000
GreaterKud 0.000200 0.004900 0.000100 0.005000 0.000200 0.000200 0.000200 0.000200 0.000100 0.000300 0.000100 0.000100 0.004900 0.000100 0.000200 0.004900 0.010000 0.009900 0.000100 0.000000 0.000200 0.000200 0.000300 0.000200 0.000200 0.004900 0.005000 0.000100 0.004900 0.000100 0.000400 0.000200 0.000300 0.005000 0.000100 0.000200 0.000100 0.014600 0.000300 0.000300 0.000200 0.004900 0.000300 0.000200 0.000200 0.005000 0.000200 0.000300 0.004900 0.010200 0.000000 0.000000
