1
52 1
Argali 0.000000 0.187500 0.076900 0.086600 0.040900 0.000000 0.076600 0.141000 0.039800 0.037200 0.037000 0.000000 0.085200 0.037100 0.037800 0.085400 0.037800 0.073500 0.000100 0.081600 0.084300 0.000100 0.038300 0.038300 0.037800 0.084300 0.085200 0.040300 0.084300 0.039800 0.074400 0.037100 0.038900 0.085200 0.039700 0.000000 0.000000 0.040800 0.087300 0.038300 0.038300 0.084300 0.038300 0.038300 0.000000 0.040900 0.084300 0.000000 0.083700 0.000100 0.040100 0.039800
LesserMous 0.187500 0.000000 0.275000 0.255000 0.247800 0.187500 0.172700 0.381700 0.240400 0.232700 0.135900 0.187500 0.306500 0.131300 0.230000 0.302800 0.230000 0.264500 0.186800 0.291600 0.300200 0.185500 0.232700 0.232700 0.135900 0.300200 0.306500 0.240400 0.300200 0.240400 0.264300 0.131300 0.232800 0.306500 0.238300 0.187500 0.187500 0.242500 0.308600 0.232700 0.232700 0.300200 0.232700 0.232700 0.187500 0.247800 0.300200 0.187500 0.296800 0.186200 0.240400 0.240400
LesserKudu 0.076900 0.275000 0.000000 0.175600 0.124500 0.076900 0.156200 0.240600 0.038000 0.116900 0.114800 0.076900 0.172800 0.113100 0.115500 0.174400 0.115500 0.071000 0.077900 0.077800 0.171900 0.077300 0.116900 0.116900 0.114800 0.171900 0.172800 0.038000 0.171900 0.038000 0.151400 0.113100 0.118300 0.172800 0.119900 0.076900 0.076900 0.124100 0.178700 0.116900 0.116900 0.171900 0.116900 0.116900 0.076900 0.123400 0.171900 0.076900 0.170400 0.077700 0.038000 0.038000
KillerWhal 0.086600 0.255000 0.175600 0.000000 0.089200 0.086600 0.128600 0.208200 0.137200 0.129900 0.084000 0.086600 0.140000 0.082500 0.130200 0.139700 0.130200 0.167700 0.087600 0.188900 0.137500 0.086700 0.129900 0.129900 0.084000 0.137500 0.140000 0.137200 0.137500 0.137200 0.166400 0.082500 0.133400 0.140000 0.135900 0.086600 0.086600 0.088900 0.143500 0.129900 0.129900 0.137500 0.129900 0.129900 0.086600 0.089200 0.137500 0.086600 0.136200 0.087200 0.137200 0.137200
DefassaWat 0.040900 0.247800 0.124500 0.089200 0.000000 0.040900 0.124000 0.090200 0.086100 0.082700 0.081100 0.040900 0.040900 0.079900 0.081600 0.041200 0.081600 0.118600 0.041500 0.132900 0.040700 0.041100 0.082700 0.082700 0.081100 0.040700 0.040900 0.086100 0.040700 0.086100 0.119900 0.079900 0.084100 0.040900 0.085200 0.039800 0.040900 0.000200 0.042000 0.082700 0.082700 0.040700 0.082700 0.082700 0.040900 0.000000 0.040700 0.040900 0.040200 0.041400 0.086100 0.086100
Sheep 0.000000 0.187500 0.076900 0.086600 0.040900 0.000000 0.076600 0.141000 0.039800 0.038300 0.037600 0.000000 0.085200 0.037100 0.037300 0.085400 0.037800 0.073500 0.000100 0.081600 0.084300 0.000100 0.038300 0.038300 0.037600 0.084300 0.085000 0.039800 0.084300 0.039800 0.074400 0.037100 0.038900 0.085200 0.039400 0.000000 0.000000 0.040800 0.087300 0.038000 0.038300 0.084300 0.037100 0.038000 0.000000 0.040900 0.084300 0.000000 0.083700 0.000100 0.039800 0.040100
MaxwellsDu 0.076600 0.172700 0.156200 0.128600 0.124000 0.076600 0.000000 0.222100 0.120900 0.116600 0.035800 0.076600 0.172300 0.035200 0.115000 0.156500 0.115000 0.149500 0.077200 0.165700 0.157400 0.076600 0.116600 0.116600 0.035800 0.157400 0.172300 0.120900 0.157400 0.120900 0.150300 0.035200 0.117200 0.172300 0.119500 0.076600 0.076600 0.123400 0.159900 0.116600 0.116600 0.157400 0.116600 0.116600 0.076600 0.124000 0.157400 0.076600 0.168700 0.077100 0.120900 0.120900
GazellaPrz 0.141000 0.381700 0.240600 0.208200 0.090200 0.141000 0.222100 0.000000 0.201300 0.191300 0.186800 0.141000 0.140600 0.182000 0.188500 0.044500 0.188500 0.226900 0.142400 0.261400 0.043900 0.140600 0.191300 0.191300 0.186800 0.043900 0.140600 0.201300 0.043900 0.201300 0.227100 0.182000 0.191900 0.140600 0.196700 0.141000 0.141000 0.089300 0.045400 0.191300 0.191300 0.043900 0.191300 0.191300 0.141000 0.090200 0.043900 0.141000 0.137500 0.141500 0.201300 0.201300
MountainNy 0.039800 0.240400 0.038000 0.137200 0.086100 0.039800 0.120900 0.201300 0.000000 0.078700 0.078400 0.039800 0.134700 0.077700 0.079500 0.136100 0.079500 0.115500 0.040300 0.040300 0.134200 0.040000 0.080500 0.080500 0.079000 0.134200 0.135600 0.000000 0.134200 0.000000 0.116900 0.077700 0.081700 0.134700 0.082800 0.039800 0.039800 0.086000 0.139600 0.080500 0.080500 0.134200 0.080500 0.080500 0.040100 0.086100 0.134200 0.039800 0.132400 0.040300 0.000000 0.000000
MuntiacusM 0.037200 0.232700 0.116900 0.129900 0.082700 0.038300 0.116600 0.191300 0.078700 0.000000 0.076200 0.038300 0.129600 0.075000 0.076600 0.130000 0.076600 0.111900 0.038800 0.124400 0.128200 0.038500 0.000000 0.000000 0.076200 0.128200 0.129600 0.080500 0.128200 0.080500 0.035500 0.075000 0.078700 0.129600 0.079700 0.038300 0.038300 0.082600 0.132900 0.000000 0.000000 0.128200 0.000000 0.000000 0.038300 0.082700 0.128200 0.038300 0.127600 0.038700 0.080500 0.080500
goat 0.037000 0.135900 0.114800 0.084000 0.081100 0.037600 0.035800 0.186800 0.078400 0.076200 0.000000 0.037500 0.127000 0.000100 0.075300 0.127200 0.075300 0.110200 0.038100 0.122400 0.125500 0.037800 0.076200 0.076200 0.000000 0.125500 0.127000 0.079000 0.125500 0.079000 0.111300 0.000100 0.077300 0.127000 0.078300 0.037600 0.037600 0.081200 0.130000 0.076200 0.076200 0.125500 0.076200 0.076100 0.037600 0.081100 0.125500 0.037200 0.125000 0.038100 0.079000 0.079000
AfricanBuf 0.000000 0.187500 0.076900 0.086600 0.040900 0.000000 0.076600 0.141000 0.039800 0.038300 0.037500 0.000000 0.085200 0.037100 0.037100 0.085400 0.037100 0.073500 0.000100 0.081600 0.084300 0.000100 0.038300 0.038300 0.037600 0.084300 0.085200 0.040000 0.084300 0.039800 0.074400 0.037100 0.038900 0.085200 0.039400 0.000000 0.000000 0.040800 0.087300 0.038300 0.038300 0.084300 0.038300 0.037200 0.000000 0.040900 0.084300 0.000000 0.083700 0.000100 0.039800 0.039800
Topi 0.085200 0.306500 0.172800 0.140000 0.040900 0.085200 0.172300 0.140600 0.134700 0.129600 0.127000 0.085200 0.000000 0.124900 0.127900 0.085300 0.127900 0.165100 0.086400 0.185500 0.084200 0.085600 0.129600 0.129600 0.127000 0.084200 0.000000 0.134700 0.084200 0.134700 0.166900 0.124900 0.132000 0.000000 0.041700 0.085200 0.085100 0.040900 0.087200 0.129600 0.129600 0.084200 0.129600 0.129600 0.085200 0.040900 0.084200 0.085200 0.083600 0.086100 0.134700 0.134700
CommonDuik 0.037100 0.131300 0.113100 0.082500 0.079900 0.037100 0.035200 0.182000 0.077700 0.075000 0.000100 0.037100 0.124900 0.000000 0.074200 0.124700 0.074200 0.108600 0.037400 0.119700 0.123100 0.037100 0.075000 0.075000 0.000100 0.123100 0.124900 0.077700 0.123100 0.077700 0.109200 0.000000 0.075600 0.124900 0.077100 0.037100 0.037100 0.079500 0.127200 0.075000 0.075000 0.123100 0.075000 0.075000 0.037100 0.079900 0.123100 0.037100 0.122500 0.037400 0.077700 0.077700
Suni 0.037800 0.230000 0.115500 0.130200 0.081600 0.037300 0.115000 0.188500 0.079500 0.076600 0.075300 0.037100 0.127900 0.074200 0.000000 0.128200 0.000000 0.034700 0.038300 0.038200 0.126500 0.038000 0.076600 0.076600 0.075300 0.126500 0.127900 0.079500 0.126500 0.079500 0.111800 0.074200 0.077700 0.127900 0.078800 0.037300 0.037800 0.081500 0.131100 0.076600 0.076600 0.126500 0.076600 0.076600 0.037400 0.080800 0.126500 0.037800 0.125800 0.038300 0.079500 0.079500
Springbuck 0.085400 0.302800 0.174400 0.139700 0.041200 0.085400 0.156500 0.044500 0.136100 0.130000 0.127200 0.085400 0.085300 0.124700 0.128200 0.000000 0.128200 0.165400 0.086300 0.187400 0.000100 0.085500 0.130000 0.130000 0.127200 0.000100 0.085300 0.136100 0.000100 0.136100 0.166300 0.124700 0.130900 0.085300 0.133300 0.085400 0.085400 0.040600 0.000200 0.130000 0.130000 0.000100 0.130000 0.130000 0.085400 0.041200 0.000100 0.085400 0.083600 0.085900 0.136100 0.136100
Okapi 0.037800 0.230000 0.115500 0.130200 0.081600 0.037800 0.115000 0.188500 0.079500 0.076600 0.075300 0.037100 0.127900 0.074200 0.000000 0.128200 0.000000 0.034500 0.038300 0.038200 0.126500 0.038000 0.076600 0.076600 0.075300 0.126500 0.127900 0.079500 0.126500 0.079500 0.111800 0.074200 0.077700 0.127900 0.078800 0.037200 0.037800 0.081500 0.131100 0.076600 0.076600 0.126500 0.076600 0.076600 0.037800 0.081600 0.126500 0.037800 0.125800 0.038300 0.079500 0.079500
Giraffe 0.073500 0.264500 0.071000 0.167700 0.118600 0.073500 0.149500 0.226900 0.115500 0.111900 0.110200 0.073500 0.165100 0.108600 0.034700 0.165400 0.034500 0.000000 0.074500 0.074200 0.163200 0.073900 0.111900 0.111900 0.110200 0.163200 0.165100 0.115500 0.163200 0.115500 0.145600 0.108600 0.113200 0.165100 0.114800 0.073500 0.073500 0.118300 0.168800 0.111900 0.111900 0.163200 0.111900 0.111900 0.073500 0.118600 0.163200 0.073500 0.162800 0.074400 0.115500 0.115500
TibetanAnt 0.000100 0.186800 0.077900 0.087600 0.041500 0.000100 0.077200 0.142400 0.040300 0.038800 0.038100 0.000100 0.086400 0.037400 0.038300 0.086300 0.038300 0.074500 0.000000 0.082400 0.085200 0.000200 0.038800 0.038800 0.038100 0.085200 0.086400 0.040300 0.085200 0.040300 0.075000 0.037400 0.039300 0.086400 0.039900 0.000100 0.000100 0.041300 0.088000 0.038800 0.038800 0.085200 0.038800 0.038800 0.000100 0.041500 0.085200 0.000100 0.084500 0.000200 0.040300 0.040300
Sitatunga 0.081600 0.291600 0.077800 0.188900 0.132900 0.081600 0.165700 0.261400 0.040300 0.124400 0.122400 0.081600 0.185500 0.119700 0.038200 0.187400 0.038200 0.074200 0.082400 0.000000 0.184500 0.081200 0.124400 0.124400 0.122400 0.184500 0.185500 0.040300 0.184500 0.040300 0.159700 0.119700 0.125000 0.185500 0.127700 0.081600 0.081600 0.131100 0.192700 0.124400 0.124400 0.184500 0.124400 0.124400 0.081600 0.132900 0.184500 0.081600 0.182300 0.082200 0.040300 0.040300
Oribi 0.084300 0.300200 0.171900 0.137500 0.040700 0.084300 0.157400 0.043900 0.134200 0.128200 0.125500 0.084300 0.084200 0.123100 0.126500 0.000100 0.126500 0.163200 0.085200 0.184500 0.000000 0.084400 0.128200 0.128200 0.125500 0.000000 0.084200 0.134200 0.000000 0.134200 0.164200 0.123100 0.129200 0.084200 0.131500 0.084300 0.084300 0.040300 0.000100 0.128200 0.128200 0.000000 0.128200 0.128200 0.084300 0.040700 0.000000 0.084300 0.082600 0.084800 0.134200 0.134200
BarbaryShe 0.000100 0.185500 0.077300 0.086700 0.041100 0.000100 0.076600 0.140600 0.040000 0.038500 0.037800 0.000100 0.085600 0.037100 0.038000 0.085500 0.038000 0.073900 0.000200 0.081200 0.084400 0.000000 0.038500 0.038500 0.037800 0.084400 0.085600 0.040000 0.084400 0.040000 0.074400 0.037100 0.038900 0.085600 0.039600 0.000100 0.000100 0.040900 0.087300 0.038500 0.038500 0.084400 0.038500 0.038500 0.000100 0.041100 0.084400 0.000100 0.083800 0.000200 0.040000 0.040000
Daviddeer 0.038300 0.232700 0.116900 0.129900 0.082700 0.038300 0.116600 0.191300 0.080500 0.000000 0.076200 0.038300 0.129600 0.075000 0.076600 0.130000 0.076600 0.111900 0.038800 0.124400 0.128200 0.038500 0.000000 0.000000 0.076200 0.128200 0.129600 0.080500 0.128200 0.080500 0.035500 0.075000 0.078700 0.129600 0.079700 0.038300 0.038300 0.082600 0.132900 0.000000 0.000000 0.128200 0.000000 0.000000 0.038300 0.082700 0.128200 0.038300 0.127600 0.038700 0.080500 0.080500
Reindeer 0.038300 0.232700 0.116900 0.129900 0.082700 0.038300 0.116600 0.191300 0.080500 0.000000 0.076200 0.038300 0.129600 0.075000 0.076600 0.130000 0.076600 0.111900 0.038800 0.124400 0.128200 0.038500 0.000000 0.000000 0.076200 0.128200 0.129600 0.080500 0.128200 0.080400 0.035500 0.075000 0.078700 0.129600 0.079700 0.038300 0.037100 0.082600 0.132900 0.000000 0.000000 0.128200 0.000000 0.000000 0.038300 0.082700 0.128200 0.038300 0.127600 0.038700 0.080500 0.080500
Ibex 0.037800 0.135900 0.114800 0.084000 0.081100 0.037600 0.035800 0.186800 0.079000 0.076200 0.000000 0.037600 0.127000 0.000100 0.075300 0.127200 0.075300 0.110200 0.038100 0.122400 0.125500 0.037800 0.076200 0.076200 0.000000 0.125500 0.127000 0.079000 0.125500 0.079000 0.111300 0.000100 0.077300 0.126800 0.078300 0.037600 0.037600 0.081200 0.130000 0.076200 0.076200 0.125500 0.076200 0.076200 0.037600 0.081100 0.125500 0.037600 0.125000 0.038100 0.079000 0.079000
GyrantGaze 0.084300 0.300200 0.171900 0.137500 0.040700 0.084300 0.157400 0.043900 0.134200 0.128200 0.125500 0.084300 0.084200 0.123100 0.126500 0.000100 0.126500 0.163200 0.085200 0.184500 0.000000 0.084400 0.128200 0.128200 0.125500 0.000000 0.084200 0.134200 0.000000 0.134200 0.164200 0.123100 0.129200 0.084200 0.131500 0.084300 0.084300 0.040300 0.000100 0.128200 0.128200 0.000000 0.128200 0.128200 0.084300 0.040700 0.000000 0.084300 0.082600 0.084800 0.134200 0.134200
Hartebeest 0.085200 0.306500 0.172800 0.140000 0.040900 0.085000 0.172300 0.140600 0.135600 0.129600 0.127000 0.085200 0.000000 0.124900 0.127900 0.085300 0.127900 0.165100 0.086400 0.185500 0.084200 0.085600 0.129600 0.129600 0.127000 0.084200 0.000000 0.134700 0.084200 0.134700 0.166900 0.124900 0.132000 0.000000 0.041700 0.085200 0.085200 0.040900 0.087200 0.129600 0.129600 0.084200 0.129600 0.129600 0.085200 0.040900 0.084200 0.085200 0.083600 0.086100 0.134700 0.134700
Bongo 0.040300 0.240400 0.038000 0.137200 0.086100 0.039800 0.120900 0.201300 0.000000 0.080500 0.079000 0.040000 0.134700 0.077700 0.079500 0.136100 0.079500 0.115500 0.040300 0.040300 0.134200 0.040000 0.080500 0.080500 0.079000 0.134200 0.134700 0.000000 0.134200 0.000000 0.116900 0.077700 0.081700 0.134700 0.082800 0.040100 0.039800 0.086000 0.139600 0.080500 0.078900 0.134200 0.080500 0.080600 0.039800 0.086100 0.134200 0.039800 0.132400 0.040300 0.000000 0.000000
Gerenuk 0.084300 0.300200 0.171900 0.137500 0.040700 0.084300 0.157400 0.043900 0.134200 0.128200 0.125500 0.084300 0.084200 0.123100 0.126500 0.000100 0.126500 0.163200 0.085200 0.184500 0.000000 0.084400 0.128200 0.128200 0.125500 0.000000 0.084200 0.134200 0.000000 0.134200 0.164200 0.123100 0.129200 0.084200 0.131500 0.084300 0.084300 0.040300 0.000100 0.128200 0.128200 0.000000 0.128200 0.128200 0.084300 0.040700 0.000000 0.084300 0.082600 0.084800 0.134200 0.134200
CommonElan 0.039800 0.240400 0.038000 0.137200 0.086100 0.039800 0.120900 0.201300 0.000000 0.080500 0.079000 0.039800 0.134700 0.077700 0.079500 0.136100 0.079500 0.115500 0.040300 0.040300 0.134200 0.040000 0.080500 0.080400 0.079000 0.134200 0.134700 0.000000 0.134200 0.000000 0.116900 0.077700 0.081700 0.134700 0.082800 0.039800 0.039800 0.086000 0.139600 0.080500 0.080500 0.134200 0.080500 0.080500 0.039800 0.086100 0.134200 0.039800 0.132400 0.040300 0.000000 0.000000
MuntiacusR 0.074400 0.264300 0.151400 0.166400 0.119900 0.074400 0.150300 0.227100 0.116900 0.035500 0.111300 0.074400 0.166900 0.109200 0.111800 0.166300 0.111800 0.145600 0.075000 0.159700 0.164200 0.074400 0.035500 0.035500 0.111300 0.164200 0.166900 0.116900 0.164200 0.116900 0.000000 0.109200 0.114000 0.166900 0.116100 0.074400 0.074400 0.119200 0.169600 0.035500 0.035500 0.164200 0.035500 0.035500 0.074400 0.119900 0.164200 0.074400 0.164000 0.074900 0.116900 0.116900
HarveysDui 0.037100 0.131300 0.113100 0.082500 0.079900 0.037100 0.035200 0.182000 0.077700 0.075000 0.000100 0.037100 0.124900 0.000000 0.074200 0.124700 0.074200 0.108600 0.037400 0.119700 0.123100 0.037100 0.075000 0.075000 0.000100 0.123100 0.124900 0.077700 0.123100 0.077700 0.109200 0.000000 0.075600 0.124900 0.077100 0.037100 0.037100 0.079500 0.127200 0.075000 0.075000 0.123100 0.075000 0.075000 0.037100 0.079900 0.123100 0.037100 0.122500 0.037400 0.077700 0.077700
Pronghorn 0.038900 0.232800 0.118300 0.133400 0.084100 0.038900 0.117200 0.191900 0.081700 0.078700 0.077300 0.038900 0.132000 0.075600 0.077700 0.130900 0.077700 0.113200 0.039300 0.125000 0.129200 0.038900 0.078700 0.078700 0.077300 0.129200 0.132000 0.081700 0.129200 0.081700 0.114000 0.075600 0.000000 0.132000 0.081100 0.038900 0.038900 0.083400 0.133900 0.078700 0.078700 0.129200 0.078700 0.078700 0.038900 0.084100 0.129200 0.038900 0.128800 0.039100 0.081700 0.081700
BlueWildeb 0.085200 0.306500 0.172800 0.140000 0.040900 0.085200 0.172300 0.140600 0.134700 0.129600 0.127000 0.085200 0.000000 0.124900 0.127900 0.085300 0.127900 0.165100 0.086400 0.185500 0.084200 0.085600 0.129600 0.129600 0.126800 0.084200 0.000000 0.134700 0.084200 0.134700 0.166900 0.124900 0.132000 0.000000 0.041700 0.085200 0.085200 0.040900 0.087200 0.129600 0.129600 0.084200 0.129600 0.129600 0.085200 0.040900 0.084200 0.085200 0.083600 0.086100 0.134700 0.134700
Gemsbok 0.039700 0.238300 0.119900 0.135900 0.085200 0.039400 0.119500 0.196700 0.082800 0.079700 0.078300 0.039400 0.041700 0.077100 0.078800 0.133300 0.078800 0.114800 0.039900 0.127700 0.131500 0.039600 0.079700 0.079700 0.078300 0.131500 0.041700 0.082800 0.131500 0.082800 0.116100 0.077100 0.081100 0.041700 0.000000 0.039400 0.039200 0.085000 0.136600 0.079700 0.079700 0.131500 0.079700 0.079700 0.039400 0.085200 0.131500 0.039400 0.131300 0.039900 0.082800 0.082800
Yak 0.000000 0.187500 0.076900 0.086600 0.039800 0.000000 0.076600 0.141000 0.039800 0.038300 0.037600 0.000000 0.085200 0.037100 0.037300 0.085400 0.037200 0.073500 0.000100 0.081600 0.084300 0.000100 0.038300 0.038300 0.037600 0.084300 0.085200 0.040100 0.084300 0.039800 0.074400 0.037100 0.038900 0.085200 0.039400 0.000000 0.000000 0.040800 0.087300 0.038300 0.038300 0.084300 0.038300 0.038300 0.000000 0.040900 0.084300 0.000000 0.083700 0.000100 0.040200 0.039800
BlueSheep 0.000000 0.187500 0.076900 0.086600 0.040900 0.000000 0.076600 0.141000 0.039800 0.038300 0.037600 0.000000 0.085100 0.037100 0.037800 0.085400 0.037800 0.073500 0.000100 0.081600 0.084300 0.000100 0.038300 0.037100 0.037600 0.084300 0.085200 0.039800 0.084300 0.039800 0.074400 0.037100 0.038900 0.085200 0.039200 0.000000 0.000000 0.040800 0.087300 0.038300 0.038300 0.084300 0.038300 0.038300 0.000000 0.040900 0.084300 0.000000 0.083700 0.000100 0.039800 0.039800
BohorReedb 0.040800 0.242500 0.124100 0.088900 0.000200 0.040800 0.123400 0.089300 0.086000 0.082600 0.081200 0.040800 0.040900 0.079500 0.081500 0.040600 0.081500 0.118300 0.041300 0.131100 0.040300 0.040900 0.082600 0.082600 0.081200 0.040300 0.040900 0.086000 0.040300 0.086000 0.119200 0.079500 0.083400 0.040900 0.085000 0.040800 0.040800 0.000000 0.041400 0.082600 0.082600 0.040300 0.082600 0.082600 0.040800 0.000200 0.040300 0.040800 0.040100 0.041100 0.086000 0.086000
KirksDik 0.087300 0.308600 0.178700 0.143500 0.042000 0.087300 0.159900 0.045400 0.139600 0.132900 0.130000 0.087300 0.087200 0.127200 0.131100 0.000200 0.131100 0.168800 0.088000 0.192700 0.000100 0.087300 0.132900 0.132900 0.130000 0.000100 0.087200 0.139600 0.000100 0.139600 0.169600 0.127200 0.133900 0.087200 0.136600 0.087300 0.087300 0.041400 0.000000 0.132900 0.132900 0.000100 0.132900 0.132900 0.087300 0.042000 0.000100 0.087300 0.085200 0.087700 0.139600 0.139600
RoeDeer 0.038300 0.232700 0.116900 0.129900 0.082700 0.038000 0.116600 0.191300 0.080500 0.000000 0.076200 0.038300 0.129600 0.075000 0.076600 0.130000 0.076600 0.111900 0.038800 0.124400 0.128200 0.038500 0.000000 0.000000 0.076200 0.128200 0.129600 0.080500 0.128200 0.080500 0.035500 0.075000 0.078700 0.129600 0.079700 0.038300 0.038300 0.082600 0.132900 0.000000 0.000000 0.128200 0.000000 0.000000 0.038300 0.082700 0.128200 0.038300 0.127600 0.038700 0.080500 0.080500
WhiteLippe 0.038300 0.232700 0.116900 0.129900 0.082700 0.038300 0.116600 0.191300 0.080500 0.000000 0.076200 0.038300 0.129600 0.075000 0.076600 0.130000 0.076600 0.111900 0.038800 0.124400 0.128200 0.038500 0.000000 0.000000 0.076200 0.128200 0.129600 0.078900 0.128200 0.080500 0.035500 0.075000 0.078700 0.129600 0.079700 0.038300 0.038300 0.082600 0.132900 0.000000 0.000000 0.128200 0.000000 0.000000 0.038300 0.082700 0.128200 0.038300 0.127600 0.038700 0.080500 0.080500
ThomsonGaz 0.084300 0.300200 0.171900 0.137500 0.040700 0.084300 0.157400 0.043900 0.134200 0.128200 0.125500 0.084300 0.084200 0.123100 0.126500 0.000100 0.126500 0.163200 0.085200 0.184500 0.000000 0.084400 0.128200 0.128200 0.125500 0.000000 0.084200 0.134200 0.000000 0.134200 0.164200 0.123100 0.129200 0.084200 0.131500 0.084300 0.084300 0.040300 0.000100 0.128200 0.128200 0.000000 0.128200 0.128200 0.084300 0.040700 0.000000 0.084300 0.082600 0.084800 0.134200 0.134200
MuntiacusC 0.038300 0.232700 0.116900 0.129900 0.082700 0.037100 0.116600 0.191300 0.080500 0.000000 0.076200 0.038300 0.129600 0.075000 0.076600 0.130000 0.076600 0.111900 0.038800 0.124400 0.128200 0.038500 0.000000 0.000000 0.076200 0.128200 0.129600 0.080500 0.128200 0.080500 0.035500 0.075000 0.078700 0.129600 0.079700 0.038300 0.038300 0.082600 0.132900 0.000000 0.000000 0.128200 0.000000 0.000000 0.038300 0.082700 0.128200 0.038300 0.127600 0.038700 0.080500 0.080500
WhiteTaile 0.038300 0.232700 0.116900 0.129900 0.082700 0.038000 0.116600 0.191300 0.080500 0.000000 0.076100 0.037200 0.129600 0.075000 0.076600 0.130000 0.076600 0.111900 0.038800 0.124400 0.128200 0.038500 0.000000 0.000000 0.076200 0.128200 0.129600 0.080600 0.128200 0.080500 0.035500 0.075000 0.078700 0.129600 0.079700 0.038300 0.038300 0.082600 0.132900 0.000000 0.000000 0.128200 0.000000 0.000000 0.038300 0.082700 0.128200 0.038300 0.127600 0.038700 0.080500 0.080500
Cattle 0.000000 0.187500 0.076900 0.086600 0.040900 0.000000 0.076600 0.141000 0.040100 0.038300 0.037600 0.000000 0.085200 0.037100 0.037400 0.085400 0.037800 0.073500 0.000100 0.081600 0.084300 0.000100 0.038300 0.038300 0.037600 0.084300 0.085200 0.039800 0.084300 0.039800 0.074400 0.037100 0.038900 0.085200 0.039400 0.000000 0.000000 0.040800 0.087300 0.038300 0.038300 0.084300 0.038300 0.038300 0.000000 0.040900 0.084300 0.000000 0.083700 0.000100 0.039800 0.039800
RoyalAntel 0.040900 0.247800 0.123400 0.089200 0.000000 0.040900 0.124000 0.090200 0.086100 0.082700 0.081100 0.040900 0.040900 0.079900 0.080800 0.041200 0.081600 0.118600 0.041500 0.132900 0.040700 0.041100 0.082700 0.082700 0.081100 0.040700 0.040900 0.086100 0.040700 0.086100 0.119900 0.079900 0.084100 0.040900 0.085200 0.040900 0.040900 0.000200 0.042000 0.082700 0.082700 0.040700 0.082700 0.082700 0.040900 0.000000 0.040700 0.040900 0.040200 0.041400 0.085800 0.086100
Steenbok 0.084300 0.300200 0.171900 0.137500 0.040700 0.084300 0.157400 0.043900 0.134200 0.128200 0.125500 0.084300 0.084200 0.123100 0.126500 0.000100 0.126500 0.163200 0.085200 0.184500 0.000000 0.084400 0.128200 0.128200 0.125500 0.000000 0.084200 0.134200 0.000000 0.134200 0.164200 0.123100 0.129200 0.084200 0.131500 0.084300 0.084300 0.040300 0.000100 0.128200 0.128200 0.000000 0.128200 0.128200 0.084300 0.040700 0.000000 0.084300 0.082600 0.084800 0.134200 0.134200
Impala 0.000000 0.187500 0.076900 0.086600 0.040900 0.000000 0.076600 0.141000 0.039800 0.038300 0.037200 0.000000 0.085200 0.037100 0.037800 0.085400 0.037800 0.073500 0.000100 0.081600 0.084300 0.000100 0.038300 0.038300 0.037600 0.084300 0.085200 0.039800 0.084300 0.039800 0.074400 0.037100 0.038900 0.085200 0.039400 0.000000 0.000000 0.040800 0.087300 0.038300 0.038300 0.084300 0.038300 0.038300 0.000000 0.040900 0.084300 0.000000 0.083700 0.000100 0.039800 0.039800
Klipspring 0.083700 0.296800 0.170400 0.136200 0.040200 0.083700 0.168700 0.137500 0.132400 0.127600 0.125000 0.083700 0.083600 0.122500 0.125800 0.083600 0.125800 0.162800 0.084500 0.182300 0.082600 0.083800 0.127600 0.127600 0.125000 0.082600 0.083600 0.132400 0.082600 0.132400 0.164000 0.122500 0.128800 0.083600 0.131300 0.083700 0.083700 0.040100 0.085200 0.127600 0.127600 0.082600 0.127600 0.127600 0.083700 0.040200 0.082600 0.083700 0.000000 0.084300 0.132400 0.132400
ForestMusk 0.000100 0.186200 0.077700 0.087200 0.041400 0.000100 0.077100 0.141500 0.040300 0.038700 0.038100 0.000100 0.086100 0.037400 0.038300 0.085900 0.038300 0.074400 0.000200 0.082200 0.084800 0.000200 0.038700 0.038700 0.038100 0.084800 0.086100 0.040300 0.084800 0.040300 0.074900 0.037400 0.039100 0.086100 0.039900 0.000100 0.000100 0.041100 0.087700 0.038700 0.038700 0.084800 0.038700 0.038700 0.000100 0.041400 0.084800 0.000100 0.084300 0.000000 0.040300 0.040300
Bushbuck 0.040100 0.240400 0.038000 0.137200 0.086100 0.039800 0.120900 0.201300 0.000000 0.080500 0.079000 0.039800 0.134700 0.077700 0.079500 0.136100 0.079500 0.115500 0.040300 0.040300 0.134200 0.040000 0.080500 0.080500 0.079000 0.134200 0.134700 0.000000 0.134200 0.000000 0.116900 0.077700 0.081700 0.134700 0.082800 0.040200 0.039800 0.086000 0.139600 0.080500 0.080500 0.134200 0.080500 0.080500 0.039800 0.085800 0.134200 0.039800 0.132400 0.040300 0.000000 0.000000
GreaterKud 0.039800 0.240400 0.038000 0.137200 0.086100 0.040100 0.120900 0.201300 0.000000 0.080500 0.079000 0.039800 0.134700 0.077700 0.079500 0.136100 0.079500 0.115500 0.040300 0.040300 0.134200 0.040000 0.080500 0.080500 0.079000 0.134200 0.134700 0.000000 0.134200 0.000000 0.116900 0.077700 0.081700 0.134700 0.082800 0.039800 0.039800 0.086000 0.139600 0.080500 0.080500 0.134200 0.080500 0.080500 0.039800 0.086100 0.134200 0.039800 0.132400 0.040300 0.000000 0.000000
