1
52 1
Argali 0.000000 0.004100 0.008200 0.008200 0.004100 0.000000 0.000100 0.000100 0.004100 0.004100 0.000000 0.000100 0.004100 0.000100 0.000100 0.000100 0.004100 0.012300 0.000100 0.004100 0.004100 0.000000 0.004100 0.004100 0.000000 0.000000 0.004100 0.004100 0.000100 0.004100 0.004100 0.000100 0.000200 0.004100 0.004100 0.004100 0.000100 0.004100 0.004100 0.004100 0.004100 0.004100 0.004100 0.004100 0.004100 0.004100 0.000100 0.000100 0.000100 0.000100 0.004100 0.004100
LesserMous 0.004100 0.000000 0.004100 0.004100 0.000400 0.004100 0.004100 0.004100 0.000300 0.000400 0.004100 0.004100 0.000300 0.004100 0.004100 0.004100 0.000300 0.008200 0.004100 0.000400 0.008200 0.004100 0.000400 0.000400 0.004100 0.004100 0.000300 0.000300 0.004100 0.000300 0.000400 0.004100 0.004100 0.000300 0.000300 0.000300 0.004100 0.000400 0.008200 0.000300 0.000400 0.008200 0.000400 0.000400 0.000300 0.008200 0.004100 0.004100 0.004100 0.004100 0.000300 0.000400
LesserKudu 0.008200 0.004100 0.000000 0.008200 0.004100 0.008200 0.008200 0.008200 0.004100 0.004100 0.008200 0.008200 0.004100 0.008200 0.008200 0.008200 0.004100 0.012300 0.008200 0.004100 0.012300 0.008200 0.004100 0.004100 0.008200 0.008200 0.004100 0.004100 0.008200 0.004100 0.004100 0.008200 0.008200 0.004100 0.004100 0.004100 0.008200 0.004100 0.012300 0.004100 0.004100 0.012300 0.004100 0.004100 0.004100 0.012300 0.008200 0.008200 0.008200 0.008200 0.004100 0.004100
KillerWhal 0.008200 0.004100 0.008200 0.000000 0.004100 0.008200 0.008200 0.008200 0.004100 0.004100 0.008200 0.008200 0.004100 0.008200 0.008200 0.008200 0.004100 0.012300 0.008200 0.004100 0.012300 0.008200 0.004100 0.004100 0.008200 0.008200 0.004100 0.004100 0.008200 0.004100 0.004100 0.008200 0.008200 0.004100 0.004100 0.004100 0.008200 0.004100 0.012300 0.004100 0.004100 0.012300 0.004100 0.004100 0.004100 0.012300 0.008200 0.008200 0.008200 0.008200 0.004100 0.004100
DefassaWat 0.004100 0.000400 0.004100 0.004100 0.000000 0.004100 0.004100 0.004100 0.000100 0.000200 0.004100 0.004100 0.000100 0.004100 0.004100 0.004100 0.000100 0.008200 0.004100 0.000100 0.008200 0.004100 0.000200 0.000200 0.004100 0.004100 0.000100 0.000100 0.004100 0.000100 0.000200 0.004100 0.004100 0.000100 0.000100 0.000100 0.004100 0.000100 0.008200 0.000200 0.000200 0.008200 0.000200 0.000100 0.000100 0.008200 0.004100 0.004100 0.004100 0.004100 0.000200 0.000100
Sheep 0.000000 0.004100 0.008200 0.008200 0.004100 0.000000 0.000100 0.000100 0.004100 0.004100 0.000000 0.000100 0.004100 0.000100 0.000100 0.000100 0.004100 0.012400 0.000100 0.004100 0.004100 0.000100 0.004100 0.004100 0.000000 0.000100 0.004100 0.004100 0.000100 0.004100 0.004100 0.000100 0.000200 0.004100 0.004100 0.004100 0.000100 0.004100 0.004100 0.004100 0.004100 0.004100 0.004100 0.004100 0.004100 0.004100 0.000100 0.000100 0.000100 0.000100 0.004100 0.004100
MaxwellsDu 0.000100 0.004100 0.008200 0.008200 0.004100 0.000100 0.000000 0.000100 0.004100 0.004100 0.000100 0.000100 0.004100 0.000000 0.000100 0.000100 0.004100 0.012300 0.000100 0.004100 0.004100 0.000100 0.004100 0.004100 0.000100 0.000000 0.004100 0.004100 0.000100 0.004100 0.004100 0.000100 0.000100 0.004100 0.004100 0.004100 0.000100 0.004100 0.004100 0.004100 0.004100 0.004100 0.004100 0.004100 0.004100 0.004100 0.000100 0.000100 0.000100 0.000100 0.004100 0.004100
GazellaPrz 0.000100 0.004100 0.008200 0.008200 0.004100 0.000100 0.000100 0.000000 0.004100 0.004100 0.000100 0.000100 0.004100 0.000100 0.000100 0.000100 0.004100 0.012400 0.000100 0.004100 0.004100 0.000100 0.004100 0.004100 0.000100 0.000100 0.004100 0.004100 0.000100 0.004100 0.004100 0.000100 0.000200 0.004100 0.004100 0.004100 0.000100 0.004100 0.004100 0.004100 0.004100 0.004100 0.004100 0.004100 0.004100 0.004100 0.000100 0.000100 0.000100 0.000100 0.004100 0.004100
MountainNy 0.004100 0.000300 0.004100 0.004100 0.000100 0.004100 0.004100 0.004100 0.000000 0.000200 0.004100 0.004100 0.000100 0.004100 0.004100 0.004100 0.000100 0.008200 0.004100 0.000000 0.008200 0.004100 0.000200 0.000200 0.004100 0.004100 0.000100 0.000000 0.004100 0.000000 0.000200 0.004100 0.004100 0.000100 0.000200 0.000100 0.004100 0.000100 0.008200 0.000100 0.000200 0.008200 0.000200 0.000200 0.000100 0.008200 0.004100 0.004100 0.004100 0.004100 0.000000 0.000000
MuntiacusM 0.004100 0.000400 0.004100 0.004100 0.000200 0.004100 0.004100 0.004100 0.000200 0.000000 0.004100 0.004100 0.000200 0.004100 0.004100 0.004100 0.000200 0.008200 0.004100 0.000200 0.008200 0.004100 0.000100 0.000000 0.004100 0.004100 0.000200 0.000200 0.004100 0.000200 0.000000 0.004100 0.004100 0.000200 0.000200 0.000100 0.004100 0.000200 0.008200 0.000100 0.000100 0.008200 0.000000 0.000000 0.000100 0.008200 0.004100 0.004100 0.004100 0.004100 0.000200 0.000200
goat 0.000000 0.004100 0.008200 0.008200 0.004100 0.000000 0.000100 0.000100 0.004100 0.004100 0.000000 0.000100 0.004100 0.000100 0.000100 0.000100 0.004100 0.012300 0.000100 0.004100 0.004100 0.000000 0.004100 0.004100 0.000000 0.000000 0.004100 0.004100 0.000100 0.004100 0.004100 0.000100 0.000200 0.004100 0.004100 0.004100 0.000000 0.004100 0.004100 0.004100 0.004100 0.004100 0.004100 0.004100 0.004100 0.004100 0.000100 0.000100 0.000100 0.000100 0.004100 0.004100
AfricanBuf 0.000100 0.004100 0.008200 0.008200 0.004100 0.000100 0.000100 0.000100 0.004100 0.004100 0.000100 0.000000 0.004100 0.000100 0.000100 0.000100 0.004100 0.012300 0.000100 0.004100 0.004100 0.000100 0.004100 0.004100 0.000100 0.000100 0.004100 0.004100 0.000100 0.004100 0.004100 0.000100 0.000100 0.004100 0.004100 0.004100 0.000100 0.004100 0.004100 0.004100 0.004100 0.004100 0.004100 0.004100 0.004100 0.004100 0.000100 0.000100 0.000100 0.000100 0.004100 0.004100
Topi 0.004100 0.000300 0.004100 0.004100 0.000100 0.004100 0.004100 0.004100 0.000100 0.000200 0.004100 0.004100 0.000000 0.004100 0.004100 0.004100 0.000100 0.008200 0.004100 0.000100 0.008200 0.004100 0.000200 0.000200 0.004100 0.004100 0.000000 0.000200 0.004100 0.000100 0.000200 0.004100 0.004100 0.000000 0.000000 0.000100 0.004100 0.000100 0.008200 0.000200 0.000200 0.008200 0.000200 0.000200 0.000100 0.008200 0.004100 0.004100 0.004100 0.004100 0.000200 0.000100
CommonDuik 0.000100 0.004100 0.008200 0.008200 0.004100 0.000100 0.000000 0.000100 0.004100 0.004100 0.000100 0.000100 0.004100 0.000000 0.000100 0.000100 0.004100 0.012300 0.000100 0.004100 0.004100 0.000100 0.004100 0.004100 0.000100 0.000000 0.004100 0.004100 0.000100 0.004100 0.004100 0.000000 0.000100 0.004100 0.004100 0.004100 0.000100 0.004100 0.004100 0.004100 0.004100 0.004100 0.004100 0.004100 0.004100 0.004100 0.000000 0.000100 0.000000 0.000100 0.004100 0.004100
Suni 0.000100 0.004100 0.008200 0.008200 0.004100 0.000100 0.000100 0.000100 0.004100 0.004100 0.000100 0.000100 0.004100 0.000100 0.000000 0.000100 0.004100 0.012300 0.000100 0.004100 0.004100 0.000100 0.004100 0.004100 0.000100 0.000100 0.004100 0.004100 0.000100 0.004100 0.004100 0.000100 0.000200 0.004100 0.004100 0.004100 0.000100 0.004100 0.004100 0.004100 0.004100 0.004100 0.004100 0.004100 0.004100 0.004100 0.000100 0.000100 0.000100 0.000200 0.004100 0.004100
Springbuck 0.000100 0.004100 0.008200 0.008200 0.004100 0.000100 0.000100 0.000100 0.004100 0.004100 0.000100 0.000100 0.004100 0.000100 0.000100 0.000000 0.004100 0.012300 0.000100 0.004100 0.004100 0.000100 0.004100 0.004100 0.000100 0.000000 0.004100 0.004100 0.000000 0.004100 0.004000 0.000100 0.000200 0.004100 0.004100 0.004100 0.000100 0.004100 0.004100 0.004100 0.004100 0.004100 0.004000 0.004100 0.004100 0.004100 0.000100 0.000100 0.000100 0.000100 0.004100 0.004100
Okapi 0.004100 0.000300 0.004100 0.004100 0.000100 0.004100 0.004100 0.004100 0.000100 0.000200 0.004100 0.004100 0.000100 0.004100 0.004100 0.004100 0.000000 0.008200 0.004100 0.000100 0.008200 0.004100 0.000100 0.000100 0.004100 0.004100 0.000100 0.000100 0.004100 0.000100 0.000100 0.004100 0.004100 0.000100 0.000100 0.000000 0.004100 0.000100 0.008200 0.000100 0.000100 0.008200 0.000100 0.000100 0.000000 0.008200 0.004100 0.004100 0.004100 0.004100 0.000100 0.000100
Giraffe 0.012300 0.008200 0.012300 0.012300 0.008200 0.012400 0.012300 0.012400 0.008200 0.008200 0.012300 0.012300 0.008200 0.012300 0.012300 0.012300 0.008200 0.000000 0.012400 0.008200 0.016500 0.012300 0.008200 0.008200 0.012300 0.012300 0.008200 0.008200 0.012300 0.008200 0.008100 0.012300 0.012400 0.008200 0.008200 0.008200 0.012300 0.008200 0.016500 0.008200 0.008200 0.016500 0.008100 0.008200 0.008200 0.016500 0.012300 0.012300 0.012300 0.012300 0.008200 0.008200
TibetanAnt 0.000100 0.004100 0.008200 0.008200 0.004100 0.000100 0.000100 0.000100 0.004100 0.004100 0.000100 0.000100 0.004100 0.000100 0.000100 0.000100 0.004100 0.012400 0.000000 0.004100 0.004100 0.000100 0.004100 0.004100 0.000100 0.000100 0.004100 0.004100 0.000100 0.004100 0.004100 0.000100 0.000200 0.004100 0.004100 0.004100 0.000100 0.004100 0.004100 0.004100 0.004100 0.004100 0.004100 0.004100 0.004100 0.004100 0.000100 0.000100 0.000100 0.000100 0.004100 0.004100
Sitatunga 0.004100 0.000400 0.004100 0.004100 0.000100 0.004100 0.004100 0.004100 0.000000 0.000200 0.004100 0.004100 0.000100 0.004100 0.004100 0.004100 0.000100 0.008200 0.004100 0.000000 0.008200 0.004100 0.000200 0.000200 0.004100 0.004100 0.000100 0.000000 0.004100 0.000000 0.000200 0.004100 0.004100 0.000100 0.000200 0.000100 0.004100 0.000100 0.008200 0.000100 0.000200 0.008200 0.000200 0.000200 0.000100 0.008200 0.004100 0.004100 0.004100 0.004100 0.000000 0.000000
Oribi 0.004100 0.008200 0.012300 0.012300 0.008200 0.004100 0.004100 0.004100 0.008200 0.008200 0.004100 0.004100 0.008200 0.004100 0.004100 0.004100 0.008200 0.016500 0.004100 0.008200 0.000000 0.004100 0.008200 0.008200 0.004100 0.004100 0.008200 0.008200 0.004100 0.008200 0.008200 0.004100 0.004100 0.008200 0.008200 0.008200 0.004100 0.008200 0.008200 0.008200 0.008200 0.008200 0.008200 0.008200 0.008200 0.008200 0.004100 0.004100 0.004100 0.004100 0.008200 0.008200
BarbaryShe 0.000000 0.004100 0.008200 0.008200 0.004100 0.000100 0.000100 0.000100 0.004100 0.004100 0.000000 0.000100 0.004100 0.000100 0.000100 0.000100 0.004100 0.012300 0.000100 0.004100 0.004100 0.000000 0.004100 0.004100 0.000000 0.000000 0.004100 0.004100 0.000100 0.004100 0.004100 0.000100 0.000100 0.004100 0.004100 0.004100 0.000000 0.004100 0.004100 0.004100 0.004100 0.004100 0.004100 0.004100 0.004100 0.004100 0.000100 0.000100 0.000100 0.000100 0.004100 0.004100
Daviddeer 0.004100 0.000400 0.004100 0.004100 0.000200 0.004100 0.004100 0.004100 0.000200 0.000100 0.004100 0.004100 0.000200 0.004100 0.004100 0.004100 0.000100 0.008200 0.004100 0.000200 0.008200 0.004100 0.000000 0.000000 0.004100 0.004100 0.000200 0.000200 0.004100 0.000100 0.000100 0.004100 0.004100 0.000200 0.000200 0.000100 0.004100 0.000200 0.008200 0.000100 0.000000 0.008200 0.000100 0.000000 0.000100 0.008200 0.004100 0.004100 0.004100 0.004100 0.000200 0.000200
Reindeer 0.004100 0.000400 0.004100 0.004100 0.000200 0.004100 0.004100 0.004100 0.000200 0.000000 0.004100 0.004100 0.000200 0.004100 0.004100 0.004100 0.000100 0.008200 0.004100 0.000200 0.008200 0.004100 0.000000 0.000000 0.004100 0.004100 0.000200 0.000200 0.004100 0.000100 0.000000 0.004100 0.004100 0.000200 0.000200 0.000100 0.004100 0.000200 0.008200 0.000000 0.000100 0.008200 0.000000 0.000000 0.000100 0.008200 0.004100 0.004100 0.004100 0.004100 0.000200 0.000200
Ibex 0.000000 0.004100 0.008200 0.008200 0.004100 0.000000 0.000100 0.000100 0.004100 0.004100 0.000000 0.000100 0.004100 0.000100 0.000100 0.000100 0.004100 0.012300 0.000100 0.004100 0.004100 0.000000 0.004100 0.004100 0.000000 0.000000 0.004100 0.004100 0.000100 0.004100 0.004100 0.000100 0.000200 0.004100 0.004100 0.004100 0.000000 0.004100 0.004100 0.004100 0.004100 0.004100 0.004100 0.004100 0.004100 0.004100 0.000100 0.000100 0.000100 0.000100 0.004100 0.004100
GyrantGaze 0.000000 0.004100 0.008200 0.008200 0.004100 0.000100 0.000000 0.000100 0.004100 0.004100 0.000000 0.000100 0.004100 0.000000 0.000100 0.000000 0.004100 0.012300 0.000100 0.004100 0.004100 0.000000 0.004100 0.004100 0.000000 0.000000 0.004100 0.004100 0.000000 0.004100 0.004000 0.000000 0.000100 0.004100 0.004100 0.004100 0.000100 0.004100 0.004100 0.004100 0.004100 0.004100 0.004000 0.004100 0.004100 0.004100 0.000000 0.000100 0.000000 0.000100 0.004100 0.004100
Hartebeest 0.004100 0.000300 0.004100 0.004100 0.000100 0.004100 0.004100 0.004100 0.000100 0.000200 0.004100 0.004100 0.000000 0.004100 0.004100 0.004100 0.000100 0.008200 0.004100 0.000100 0.008200 0.004100 0.000200 0.000200 0.004100 0.004100 0.000000 0.000200 0.004100 0.000100 0.000200 0.004100 0.004100 0.000000 0.000000 0.000100 0.004100 0.000100 0.008200 0.000200 0.000200 0.008200 0.000200 0.000200 0.000100 0.008200 0.004100 0.004100 0.004100 0.004100 0.000200 0.000100
Bongo 0.004100 0.000300 0.004100 0.004100 0.000100 0.004100 0.004100 0.004100 0.000000 0.000200 0.004100 0.004100 0.000200 0.004100 0.004100 0.004100 0.000100 0.008200 0.004100 0.000000 0.008200 0.004100 0.000200 0.000200 0.004100 0.004100 0.000200 0.000000 0.004100 0.000100 0.000200 0.004100 0.004100 0.000200 0.000200 0.000100 0.004100 0.000200 0.008200 0.000100 0.000200 0.008200 0.000200 0.000200 0.000100 0.008200 0.004100 0.004100 0.004100 0.004100 0.000100 0.000100
Gerenuk 0.000100 0.004100 0.008200 0.008200 0.004100 0.000100 0.000100 0.000100 0.004100 0.004100 0.000100 0.000100 0.004100 0.000100 0.000100 0.000000 0.004100 0.012300 0.000100 0.004100 0.004100 0.000100 0.004100 0.004100 0.000100 0.000000 0.004100 0.004100 0.000000 0.004100 0.004100 0.000100 0.000200 0.004100 0.004100 0.004100 0.000100 0.004100 0.004100 0.004100 0.004100 0.004100 0.004100 0.004100 0.004100 0.004100 0.000100 0.000100 0.000100 0.000100 0.004100 0.004100
CommonElan 0.004100 0.000300 0.004100 0.004100 0.000100 0.004100 0.004100 0.004100 0.000000 0.000200 0.004100 0.004100 0.000100 0.004100 0.004100 0.004100 0.000100 0.008200 0.004100 0.000000 0.008200 0.004100 0.000100 0.000100 0.004100 0.004100 0.000100 0.000100 0.004100 0.000000 0.000200 0.004100 0.004100 0.000100 0.000100 0.000100 0.004100 0.000100 0.008200 0.000100 0.000100 0.008200 0.000200 0.000100 0.000100 0.008200 0.004100 0.004100 0.004100 0.004100 0.000000 0.000000
MuntiacusR 0.004100 0.000400 0.004100 0.004100 0.000200 0.004100 0.004100 0.004100 0.000200 0.000000 0.004100 0.004100 0.000200 0.004100 0.004100 0.004000 0.000100 0.008100 0.004100 0.000200 0.008200 0.004100 0.000100 0.000000 0.004100 0.004000 0.000200 0.000200 0.004100 0.000200 0.000000 0.004100 0.004100 0.000200 0.000200 0.000100 0.004100 0.000200 0.008200 0.000100 0.000100 0.008100 0.000000 0.000000 0.000100 0.008200 0.004100 0.004100 0.004100 0.004100 0.000200 0.000200
HarveysDui 0.000100 0.004100 0.008200 0.008200 0.004100 0.000100 0.000100 0.000100 0.004100 0.004100 0.000100 0.000100 0.004100 0.000000 0.000100 0.000100 0.004100 0.012300 0.000100 0.004100 0.004100 0.000100 0.004100 0.004100 0.000100 0.000000 0.004100 0.004100 0.000100 0.004100 0.004100 0.000000 0.000200 0.004100 0.004100 0.004100 0.000100 0.004100 0.004100 0.004100 0.004100 0.004100 0.004100 0.004100 0.004100 0.004100 0.000100 0.000100 0.000000 0.000100 0.004100 0.004100
Pronghorn 0.000200 0.004100 0.008200 0.008200 0.004100 0.000200 0.000100 0.000200 0.004100 0.004100 0.000200 0.000100 0.004100 0.000100 0.000200 0.000200 0.004100 0.012400 0.000200 0.004100 0.004100 0.000100 0.004100 0.004100 0.000200 0.000100 0.004100 0.004100 0.000200 0.004100 0.004100 0.000200 0.000000 0.004100 0.004100 0.004100 0.000200 0.004100 0.004100 0.004100 0.004100 0.004100 0.004100 0.004100 0.004100 0.004100 0.000200 0.000200 0.000200 0.000200 0.004100 0.004100
BlueWildeb 0.004100 0.000300 0.004100 0.004100 0.000100 0.004100 0.004100 0.004100 0.000100 0.000200 0.004100 0.004100 0.000000 0.004100 0.004100 0.004100 0.000100 0.008200 0.004100 0.000100 0.008200 0.004100 0.000200 0.000200 0.004100 0.004100 0.000000 0.000200 0.004100 0.000100 0.000200 0.004100 0.004100 0.000000 0.000000 0.000100 0.004100 0.000100 0.008200 0.000200 0.000200 0.008200 0.000200 0.000200 0.000100 0.008200 0.004100 0.004100 0.004100 0.004100 0.000200 0.000100
Gemsbok 0.004100 0.000300 0.004100 0.004100 0.000100 0.004100 0.004100 0.004100 0.000200 0.000200 0.004100 0.004100 0.000000 0.004100 0.004100 0.004100 0.000100 0.008200 0.004100 0.000200 0.008200 0.004100 0.000200 0.000200 0.004100 0.004100 0.000000 0.000200 0.004100 0.000100 0.000200 0.004100 0.004100 0.000000 0.000000 0.000100 0.004100 0.000100 0.008200 0.000200 0.000200 0.008200 0.000200 0.000200 0.000100 0.008200 0.004100 0.004100 0.004100 0.004100 0.000200 0.000200
Yak 0.004100 0.000300 0.004100 0.004100 0.000100 0.004100 0.004100 0.004100 0.000100 0.000100 0.004100 0.004100 0.000100 0.004100 0.004100 0.004100 0.000000 0.008200 0.004100 0.000100 0.008200 0.004100 0.000100 0.000100 0.004100 0.004100 0.000100 0.000100 0.004100 0.000100 0.000100 0.004100 0.004100 0.000100 0.000100 0.000000 0.004100 0.000100 0.008200 0.000200 0.000100 0.008200 0.000100 0.000100 0.000000 0.008200 0.004100 0.004100 0.004100 0.004100 0.000100 0.000100
BlueSheep 0.000100 0.004100 0.008200 0.008200 0.004100 0.000100 0.000100 0.000100 0.004100 0.004100 0.000000 0.000100 0.004100 0.000100 0.000100 0.000100 0.004100 0.012300 0.000100 0.004100 0.004100 0.000000 0.004100 0.004100 0.000000 0.000100 0.004100 0.004100 0.000100 0.004100 0.004100 0.000100 0.000200 0.004100 0.004100 0.004100 0.000000 0.004100 0.004100 0.004100 0.004100 0.004100 0.004100 0.004100 0.004100 0.004100 0.000100 0.000100 0.000100 0.000100 0.004100 0.004100
BohorReedb 0.004100 0.000400 0.004100 0.004100 0.000100 0.004100 0.004100 0.004100 0.000100 0.000200 0.004100 0.004100 0.000100 0.004100 0.004100 0.004100 0.000100 0.008200 0.004100 0.000100 0.008200 0.004100 0.000200 0.000200 0.004100 0.004100 0.000100 0.000200 0.004100 0.000100 0.000200 0.004100 0.004100 0.000100 0.000100 0.000100 0.004100 0.000000 0.008200 0.000200 0.000200 0.008200 0.000200 0.000200 0.000100 0.008200 0.004100 0.004100 0.004100 0.004100 0.000200 0.000100
KirksDik 0.004100 0.008200 0.012300 0.012300 0.008200 0.004100 0.004100 0.004100 0.008200 0.008200 0.004100 0.004100 0.008200 0.004100 0.004100 0.004100 0.008200 0.016500 0.004100 0.008200 0.008200 0.004100 0.008200 0.008200 0.004100 0.004100 0.008200 0.008200 0.004100 0.008200 0.008200 0.004100 0.004100 0.008200 0.008200 0.008200 0.004100 0.008200 0.000000 0.008200 0.008200 0.008200 0.008200 0.008200 0.008200 0.008200 0.004100 0.004100 0.004100 0.004100 0.008200 0.008200
RoeDeer 0.004100 0.000300 0.004100 0.004100 0.000200 0.004100 0.004100 0.004100 0.000100 0.000100 0.004100 0.004100 0.000200 0.004100 0.004100 0.004100 0.000100 0.008200 0.004100 0.000100 0.008200 0.004100 0.000100 0.000000 0.004100 0.004100 0.000200 0.000100 0.004100 0.000100 0.000100 0.004100 0.004100 0.000200 0.000200 0.000200 0.004100 0.000200 0.008200 0.000000 0.000100 0.008200 0.000100 0.000000 0.000200 0.008200 0.004100 0.004100 0.004100 0.004100 0.000100 0.000200
WhiteLippe 0.004100 0.000400 0.004100 0.004100 0.000200 0.004100 0.004100 0.004100 0.000200 0.000100 0.004100 0.004100 0.000200 0.004100 0.004100 0.004100 0.000100 0.008200 0.004100 0.000200 0.008200 0.004100 0.000000 0.000100 0.004100 0.004100 0.000200 0.000200 0.004100 0.000100 0.000100 0.004100 0.004100 0.000200 0.000200 0.000100 0.004100 0.000200 0.008200 0.000100 0.000000 0.008200 0.000100 0.000100 0.000100 0.008200 0.004100 0.004100 0.004100 0.004100 0.000200 0.000200
ThomsonGaz 0.004100 0.008200 0.012300 0.012300 0.008200 0.004100 0.004100 0.004100 0.008200 0.008200 0.004100 0.004100 0.008200 0.004100 0.004100 0.004100 0.008200 0.016500 0.004100 0.008200 0.008200 0.004100 0.008200 0.008200 0.004100 0.004100 0.008200 0.008200 0.004100 0.008200 0.008100 0.004100 0.004100 0.008200 0.008200 0.008200 0.004100 0.008200 0.008200 0.008200 0.008200 0.000000 0.008100 0.008200 0.008200 0.000100 0.004100 0.004100 0.004100 0.004100 0.008200 0.008200
MuntiacusC 0.004100 0.000400 0.004100 0.004100 0.000200 0.004100 0.004100 0.004100 0.000200 0.000000 0.004100 0.004100 0.000200 0.004100 0.004100 0.004000 0.000100 0.008100 0.004100 0.000200 0.008200 0.004100 0.000100 0.000000 0.004100 0.004000 0.000200 0.000200 0.004100 0.000200 0.000000 0.004100 0.004100 0.000200 0.000200 0.000100 0.004100 0.000200 0.008200 0.000100 0.000100 0.008100 0.000000 0.000000 0.000100 0.008200 0.004100 0.004100 0.004100 0.004100 0.000200 0.000200
WhiteTaile 0.004100 0.000400 0.004100 0.004100 0.000100 0.004100 0.004100 0.004100 0.000200 0.000000 0.004100 0.004100 0.000200 0.004100 0.004100 0.004100 0.000100 0.008200 0.004100 0.000200 0.008200 0.004100 0.000000 0.000000 0.004100 0.004100 0.000200 0.000200 0.004100 0.000100 0.000000 0.004100 0.004100 0.000200 0.000200 0.000100 0.004100 0.000200 0.008200 0.000000 0.000100 0.008200 0.000000 0.000000 0.000100 0.008200 0.004100 0.004100 0.004100 0.004100 0.000200 0.000200
Cattle 0.004100 0.000300 0.004100 0.004100 0.000100 0.004100 0.004100 0.004100 0.000100 0.000100 0.004100 0.004100 0.000100 0.004100 0.004100 0.004100 0.000000 0.008200 0.004100 0.000100 0.008200 0.004100 0.000100 0.000100 0.004100 0.004100 0.000100 0.000100 0.004100 0.000100 0.000100 0.004100 0.004100 0.000100 0.000100 0.000000 0.004100 0.000100 0.008200 0.000200 0.000100 0.008200 0.000100 0.000100 0.000000 0.008200 0.004100 0.004100 0.004100 0.004100 0.000100 0.000100
RoyalAntel 0.004100 0.008200 0.012300 0.012300 0.008200 0.004100 0.004100 0.004100 0.008200 0.008200 0.004100 0.004100 0.008200 0.004100 0.004100 0.004100 0.008200 0.016500 0.004100 0.008200 0.008200 0.004100 0.008200 0.008200 0.004100 0.004100 0.008200 0.008200 0.004100 0.008200 0.008200 0.004100 0.004100 0.008200 0.008200 0.008200 0.004100 0.008200 0.008200 0.008200 0.008200 0.000100 0.008200 0.008200 0.008200 0.000000 0.004100 0.004100 0.004100 0.004100 0.008200 0.008200
Steenbok 0.000100 0.004100 0.008200 0.008200 0.004100 0.000100 0.000100 0.000100 0.004100 0.004100 0.000100 0.000100 0.004100 0.000000 0.000100 0.000100 0.004100 0.012300 0.000100 0.004100 0.004100 0.000100 0.004100 0.004100 0.000100 0.000000 0.004100 0.004100 0.000100 0.004100 0.004100 0.000100 0.000200 0.004100 0.004100 0.004100 0.000100 0.004100 0.004100 0.004100 0.004100 0.004100 0.004100 0.004100 0.004100 0.004100 0.000000 0.000100 0.000000 0.000100 0.004100 0.004100
Impala 0.000100 0.004100 0.008200 0.008200 0.004100 0.000100 0.000100 0.000100 0.004100 0.004100 0.000100 0.000100 0.004100 0.000100 0.000100 0.000100 0.004100 0.012300 0.000100 0.004100 0.004100 0.000100 0.004100 0.004100 0.000100 0.000100 0.004100 0.004100 0.000100 0.004100 0.004100 0.000100 0.000200 0.004100 0.004100 0.004100 0.000100 0.004100 0.004100 0.004100 0.004100 0.004100 0.004100 0.004100 0.004100 0.004100 0.000100 0.000000 0.000100 0.000100 0.004100 0.004100
Klipspring 0.000100 0.004100 0.008200 0.008200 0.004100 0.000100 0.000100 0.000100 0.004100 0.004100 0.000100 0.000100 0.004100 0.000000 0.000100 0.000100 0.004100 0.012300 0.000100 0.004100 0.004100 0.000100 0.004100 0.004100 0.000100 0.000000 0.004100 0.004100 0.000100 0.004100 0.004100 0.000000 0.000200 0.004100 0.004100 0.004100 0.000100 0.004100 0.004100 0.004100 0.004100 0.004100 0.004100 0.004100 0.004100 0.004100 0.000000 0.000100 0.000000 0.000100 0.004100 0.004100
ForestMusk 0.000100 0.004100 0.008200 0.008200 0.004100 0.000100 0.000100 0.000100 0.004100 0.004100 0.000100 0.000100 0.004100 0.000100 0.000200 0.000100 0.004100 0.012300 0.000100 0.004100 0.004100 0.000100 0.004100 0.004100 0.000100 0.000100 0.004100 0.004100 0.000100 0.004100 0.004100 0.000100 0.000200 0.004100 0.004100 0.004100 0.000100 0.004100 0.004100 0.004100 0.004100 0.004100 0.004100 0.004100 0.004100 0.004100 0.000100 0.000100 0.000100 0.000000 0.004100 0.004100
Bushbuck 0.004100 0.000300 0.004100 0.004100 0.000200 0.004100 0.004100 0.004100 0.000000 0.000200 0.004100 0.004100 0.000200 0.004100 0.004100 0.004100 0.000100 0.008200 0.004100 0.000000 0.008200 0.004100 0.000200 0.000200 0.004100 0.004100 0.000200 0.000100 0.004100 0.000000 0.000200 0.004100 0.004100 0.000200 0.000200 0.000100 0.004100 0.000200 0.008200 0.000100 0.000200 0.008200 0.000200 0.000200 0.000100 0.008200 0.004100 0.004100 0.004100 0.004100 0.000000 0.000000
GreaterKud 0.004100 0.000400 0.004100 0.004100 0.000100 0.004100 0.004100 0.004100 0.000000 0.000200 0.004100 0.004100 0.000100 0.004100 0.004100 0.004100 0.000100 0.008200 0.004100 0.000000 0.008200 0.004100 0.000200 0.000200 0.004100 0.004100 0.000100 0.000100 0.004100 0.000000 0.000200 0.004100 0.004100 0.000100 0.000200 0.000100 0.004100 0.000100 0.008200 0.000200 0.000200 0.008200 0.000200 0.000200 0.000100 0.008200 0.004100 0.004100 0.004100 0.004100 0.000000 0.000000
