1
52 1
Argali 0.000000 0.194100 0.036200 0.126700 0.012100 0.024300 0.036800 0.024500 0.024400 0.062900 0.000000 0.050700 0.000100 0.024200 0.050300 0.012100 0.012100 0.037400 0.036800 0.024400 0.024500 0.012000 0.048900 0.024600 0.000000 0.036200 0.000100 0.037100 0.012100 0.024200 0.062900 0.023400 0.049600 0.000100 0.000000 0.037400 0.011700 0.012100 0.012100 0.037200 0.048900 0.012100 0.062900 0.024500 0.037400 0.024200 0.036900 0.049200 0.024200 0.037000 0.037100 0.024200
LesserMous 0.194100 0.000000 0.178200 0.193000 0.180700 0.210500 0.181000 0.196900 0.165500 0.246100 0.194100 0.199900 0.192400 0.194600 0.200000 0.180300 0.180700 0.215300 0.226600 0.165600 0.166900 0.207600 0.224400 0.181500 0.194100 0.207300 0.193900 0.182000 0.180300 0.164600 0.245800 0.194900 0.227900 0.193900 0.194300 0.182400 0.207500 0.180700 0.180300 0.207000 0.224300 0.180300 0.245800 0.181200 0.182400 0.194100 0.188800 0.136100 0.194200 0.212100 0.182000 0.165000
LesserKudu 0.036200 0.178200 0.000000 0.140000 0.024200 0.061500 0.049200 0.036800 0.012000 0.075700 0.036200 0.037600 0.036000 0.036300 0.062900 0.024100 0.024100 0.049900 0.074500 0.012000 0.012000 0.048300 0.061200 0.036900 0.036200 0.048300 0.036300 0.024500 0.024100 0.012000 0.075600 0.036300 0.036800 0.036300 0.036300 0.024600 0.048300 0.024200 0.024100 0.049700 0.061200 0.024100 0.075700 0.036800 0.024600 0.036200 0.049100 0.061500 0.036200 0.049400 0.024500 0.012000
KillerWhal 0.126700 0.193000 0.140000 0.000000 0.114200 0.141200 0.142000 0.128600 0.127700 0.171800 0.126700 0.144700 0.126100 0.126900 0.143700 0.114000 0.114200 0.129700 0.155500 0.127600 0.128500 0.139500 0.153900 0.123000 0.126700 0.139100 0.126700 0.142900 0.114000 0.127600 0.171600 0.127200 0.156900 0.126700 0.127000 0.129100 0.139200 0.114200 0.114000 0.145200 0.153600 0.114000 0.171800 0.122800 0.129100 0.126700 0.141900 0.155200 0.126900 0.142200 0.142900 0.127000
DefassaWat 0.012100 0.180700 0.024200 0.114200 0.000000 0.037000 0.024600 0.012300 0.012200 0.050500 0.011800 0.038100 0.012000 0.012100 0.037800 0.000000 0.000100 0.025000 0.049800 0.012200 0.012300 0.024200 0.036800 0.012300 0.011800 0.024200 0.012100 0.024800 0.000000 0.012100 0.050400 0.012100 0.037300 0.012100 0.012100 0.025000 0.024100 0.000000 0.000000 0.024900 0.036700 0.000000 0.050500 0.012300 0.025000 0.012100 0.024600 0.037000 0.012100 0.024700 0.024800 0.012100
Sheep 0.024300 0.210500 0.061500 0.141200 0.037000 0.000000 0.062600 0.050000 0.049700 0.089700 0.024300 0.077400 0.024200 0.049300 0.076700 0.036900 0.037000 0.063500 0.037000 0.049600 0.049900 0.036500 0.074700 0.050000 0.024300 0.061400 0.024400 0.063000 0.036900 0.049400 0.089600 0.049400 0.075800 0.024400 0.024400 0.063400 0.036500 0.037000 0.036900 0.063200 0.074600 0.036900 0.089700 0.049900 0.063400 0.049300 0.062600 0.075100 0.049300 0.062900 0.063000 0.049400
MaxwellsDu 0.036800 0.181000 0.049200 0.142000 0.024600 0.062600 0.000000 0.037500 0.037300 0.077000 0.036800 0.064600 0.036700 0.012200 0.064100 0.024600 0.024700 0.050900 0.075900 0.037200 0.037500 0.049200 0.062300 0.024800 0.036600 0.049100 0.037000 0.050400 0.024600 0.037000 0.076900 0.011800 0.063100 0.037000 0.037000 0.050800 0.049000 0.024600 0.024600 0.037500 0.062200 0.024600 0.077000 0.024700 0.050800 0.036900 0.050000 0.062600 0.036900 0.050200 0.050400 0.037100
GazellaPrz 0.024500 0.196900 0.036800 0.128600 0.012300 0.050000 0.037500 0.000000 0.024700 0.063900 0.024500 0.051500 0.024400 0.024600 0.051100 0.012200 0.012300 0.038000 0.063000 0.024700 0.024100 0.036800 0.049600 0.024900 0.024500 0.035600 0.024600 0.037700 0.011800 0.024600 0.063900 0.024600 0.050300 0.024600 0.024600 0.037900 0.036700 0.012300 0.011900 0.037800 0.049600 0.012200 0.063900 0.024900 0.037900 0.024500 0.037400 0.049900 0.024500 0.037600 0.037700 0.024600
MountainNy 0.024400 0.165500 0.012000 0.127700 0.012200 0.049700 0.037300 0.024700 0.000000 0.063700 0.024400 0.025300 0.024200 0.024400 0.050800 0.012100 0.012100 0.037800 0.062600 0.000100 0.000300 0.036600 0.049400 0.024800 0.024400 0.036500 0.024400 0.012400 0.012100 0.000100 0.063600 0.024400 0.050100 0.024400 0.024400 0.012500 0.036500 0.012200 0.012100 0.037600 0.049300 0.012100 0.063600 0.024800 0.012500 0.024400 0.037200 0.049600 0.024300 0.037300 0.012400 0.000100
MuntiacusM 0.062900 0.246100 0.075700 0.171800 0.050500 0.089700 0.077000 0.063900 0.063700 0.000000 0.062900 0.092900 0.062600 0.063100 0.092100 0.050400 0.050500 0.078200 0.103600 0.063600 0.064000 0.075500 0.037400 0.063900 0.062900 0.075400 0.063000 0.077500 0.050400 0.063300 0.000000 0.063100 0.090400 0.063000 0.063200 0.078200 0.075400 0.050500 0.050400 0.077800 0.037300 0.050400 0.000000 0.064100 0.078200 0.063000 0.076800 0.089800 0.063000 0.077100 0.077500 0.063400
goat 0.000000 0.194100 0.036200 0.126700 0.011800 0.024300 0.036800 0.024500 0.024400 0.062900 0.000000 0.050700 0.000100 0.024200 0.050300 0.012100 0.012100 0.037400 0.036800 0.024400 0.024500 0.012000 0.048900 0.024600 0.000000 0.036200 0.000100 0.037100 0.012100 0.024200 0.062900 0.024200 0.049600 0.000100 0.000000 0.037400 0.011700 0.012100 0.012100 0.037200 0.048900 0.012100 0.062900 0.024500 0.037400 0.024200 0.036900 0.049200 0.024200 0.037000 0.037100 0.024200
AfricanBuf 0.050700 0.199900 0.037600 0.144700 0.038100 0.077400 0.064600 0.051500 0.025300 0.092900 0.050700 0.000000 0.050400 0.050800 0.052100 0.038100 0.038100 0.038700 0.091300 0.025300 0.025400 0.063300 0.077000 0.051600 0.050700 0.063200 0.050800 0.038500 0.038100 0.025100 0.092700 0.050800 0.078100 0.050800 0.050800 0.012700 0.063200 0.038100 0.038100 0.065200 0.077000 0.038100 0.092800 0.051600 0.012300 0.050700 0.064400 0.077500 0.050700 0.051100 0.038500 0.025200
Topi 0.000100 0.192400 0.036000 0.126100 0.012000 0.024200 0.036700 0.024400 0.024200 0.062600 0.000100 0.050400 0.000000 0.024100 0.050000 0.012000 0.012000 0.037300 0.036600 0.024200 0.024400 0.011900 0.048600 0.024400 0.000100 0.036000 0.000000 0.036900 0.012000 0.024100 0.062500 0.024100 0.049300 0.000000 0.000100 0.037200 0.011900 0.012000 0.012000 0.037000 0.048600 0.012000 0.062600 0.024400 0.037200 0.024100 0.036700 0.048900 0.024000 0.036800 0.036900 0.024100
CommonDuik 0.024200 0.194600 0.036300 0.126900 0.012100 0.049300 0.012200 0.024600 0.024400 0.063100 0.024200 0.050800 0.024100 0.000000 0.050400 0.012100 0.012100 0.037500 0.062200 0.024400 0.024600 0.036400 0.049000 0.024700 0.024200 0.036300 0.024300 0.037200 0.012100 0.024300 0.063000 0.000000 0.049700 0.024300 0.024300 0.037400 0.036300 0.012100 0.012100 0.037400 0.049000 0.012100 0.063100 0.024700 0.037400 0.024200 0.036900 0.049300 0.024200 0.037100 0.037200 0.024300
Suni 0.050300 0.200000 0.062900 0.143700 0.037800 0.076700 0.064100 0.051100 0.050800 0.092100 0.050300 0.052100 0.050000 0.050400 0.000000 0.037800 0.037800 0.038400 0.090500 0.050800 0.051100 0.062800 0.076400 0.051200 0.050300 0.062700 0.050300 0.064500 0.037800 0.050500 0.092000 0.050400 0.077400 0.050300 0.050400 0.038400 0.062700 0.037800 0.037800 0.064700 0.076400 0.037800 0.092100 0.051200 0.038400 0.050300 0.063900 0.050600 0.050300 0.064100 0.064500 0.050600
Springbuck 0.012100 0.180300 0.024100 0.114000 0.000000 0.036900 0.024600 0.012200 0.012100 0.050400 0.012100 0.038100 0.012000 0.012100 0.037800 0.000000 0.000200 0.025000 0.049700 0.012200 0.012200 0.024200 0.036700 0.012300 0.012100 0.024100 0.012100 0.024800 0.000000 0.012100 0.050400 0.012100 0.037200 0.012100 0.012100 0.024900 0.024200 0.000000 0.000000 0.024800 0.036700 0.000000 0.050400 0.012300 0.024900 0.012100 0.024600 0.036900 0.012100 0.024700 0.024800 0.012100
Okapi 0.012100 0.180700 0.024100 0.114200 0.000100 0.037000 0.024700 0.012300 0.012100 0.050500 0.012100 0.038100 0.012000 0.012100 0.037800 0.000200 0.000000 0.024900 0.049800 0.012100 0.012300 0.024200 0.036700 0.012300 0.012100 0.024200 0.012100 0.024800 0.000200 0.012100 0.050400 0.012100 0.037200 0.012100 0.012100 0.025000 0.024200 0.000100 0.000200 0.030700 0.036700 0.000200 0.050400 0.012300 0.025000 0.012100 0.024600 0.037000 0.012100 0.024700 0.024800 0.012000
Giraffe 0.037400 0.215300 0.049900 0.129700 0.025000 0.063500 0.050900 0.038000 0.037800 0.078200 0.037400 0.038700 0.037300 0.037500 0.038400 0.025000 0.024900 0.000000 0.077000 0.037800 0.038000 0.049900 0.063100 0.038100 0.037400 0.049800 0.037500 0.051200 0.025000 0.037600 0.078100 0.037500 0.064000 0.037500 0.037600 0.025400 0.049800 0.025000 0.025000 0.059600 0.063100 0.025000 0.078100 0.038100 0.025400 0.037500 0.050700 0.063600 0.037500 0.051000 0.051200 0.037600
TibetanAnt 0.036800 0.226600 0.074500 0.155500 0.049800 0.037000 0.075900 0.063000 0.062600 0.103600 0.036800 0.091300 0.036600 0.062200 0.090500 0.049700 0.049800 0.077000 0.000000 0.062600 0.063000 0.049100 0.088000 0.063100 0.036800 0.074300 0.036900 0.076300 0.049700 0.062300 0.103500 0.062300 0.089300 0.036900 0.036900 0.076900 0.049000 0.049800 0.049700 0.076500 0.087900 0.049700 0.103600 0.063000 0.076900 0.062100 0.075800 0.088500 0.062200 0.076100 0.076300 0.062300
Sitatunga 0.024400 0.165600 0.012000 0.127600 0.012200 0.049600 0.037200 0.024700 0.000100 0.063600 0.024400 0.025300 0.024200 0.024400 0.050800 0.012200 0.012100 0.037800 0.062600 0.000000 0.000200 0.036500 0.049300 0.024800 0.024400 0.036500 0.024400 0.012300 0.012200 0.000000 0.063500 0.024400 0.050000 0.024400 0.024400 0.012400 0.036500 0.012200 0.012200 0.037500 0.049300 0.012200 0.063500 0.024700 0.012400 0.024300 0.037100 0.049600 0.024300 0.037300 0.012300 0.000100
Oribi 0.024500 0.166900 0.012000 0.128500 0.012300 0.049900 0.037500 0.024100 0.000300 0.064000 0.024500 0.025400 0.024400 0.024600 0.051100 0.012200 0.012300 0.038000 0.063000 0.000200 0.000000 0.036800 0.049600 0.024900 0.024500 0.036600 0.024600 0.012400 0.012200 0.000200 0.063900 0.024600 0.050300 0.024600 0.024600 0.012500 0.036700 0.012300 0.011900 0.037800 0.049600 0.012200 0.064000 0.024900 0.012500 0.024500 0.037300 0.050000 0.024500 0.037500 0.012400 0.000300
BarbaryShe 0.012000 0.207600 0.048300 0.139500 0.024200 0.036500 0.049200 0.036800 0.036600 0.075500 0.012000 0.063300 0.011900 0.036400 0.062800 0.024200 0.024200 0.049900 0.049100 0.036500 0.036800 0.000000 0.061100 0.036800 0.012000 0.048300 0.012000 0.049500 0.024200 0.036400 0.075400 0.036400 0.062000 0.012000 0.012000 0.049800 0.023900 0.024200 0.024200 0.049700 0.061100 0.024200 0.075400 0.036800 0.049800 0.036300 0.049200 0.061500 0.036300 0.049400 0.049500 0.036400
Daviddeer 0.048900 0.224400 0.061200 0.153900 0.036800 0.074700 0.062300 0.049600 0.049400 0.037400 0.048900 0.077000 0.048600 0.049000 0.076400 0.036700 0.036700 0.063100 0.088000 0.049300 0.049600 0.061100 0.000000 0.049800 0.048900 0.061000 0.049000 0.062700 0.036700 0.049100 0.037300 0.049000 0.075200 0.049000 0.049100 0.063100 0.061000 0.036800 0.036700 0.062900 0.000000 0.036700 0.037300 0.049700 0.063100 0.048900 0.062100 0.074700 0.048900 0.062400 0.062700 0.049200
Reindeer 0.024600 0.181500 0.036900 0.123000 0.012300 0.050000 0.024800 0.024900 0.024800 0.063900 0.024600 0.051600 0.024400 0.024700 0.051200 0.012300 0.012300 0.038100 0.063100 0.024800 0.024900 0.036800 0.049800 0.000000 0.024600 0.036800 0.024600 0.037700 0.012300 0.024700 0.064100 0.024600 0.050400 0.024600 0.024600 0.038100 0.036800 0.012300 0.012300 0.012300 0.049900 0.012300 0.064100 0.000000 0.038100 0.024600 0.037500 0.050000 0.024600 0.037600 0.037700 0.024700
Ibex 0.000000 0.194100 0.036200 0.126700 0.011800 0.024300 0.036600 0.024500 0.024400 0.062900 0.000000 0.050700 0.000100 0.024200 0.050300 0.012100 0.012100 0.037400 0.036800 0.024400 0.024500 0.012000 0.048900 0.024600 0.000000 0.036200 0.000100 0.037100 0.012100 0.024200 0.062900 0.024200 0.049600 0.000100 0.000000 0.037400 0.011900 0.011800 0.012100 0.037200 0.048900 0.012100 0.062900 0.024500 0.037400 0.024200 0.036900 0.049200 0.024200 0.037000 0.037100 0.024200
GyrantGaze 0.036200 0.207300 0.048300 0.139100 0.024200 0.061400 0.049100 0.035600 0.036500 0.075400 0.036200 0.063200 0.036000 0.036300 0.062700 0.024100 0.024200 0.049800 0.074300 0.036500 0.036600 0.048300 0.061000 0.036800 0.036200 0.000000 0.036200 0.049400 0.024100 0.036300 0.075300 0.036300 0.061800 0.036200 0.036300 0.049700 0.048200 0.024200 0.024100 0.049600 0.061000 0.024100 0.075400 0.036800 0.049700 0.036200 0.049000 0.061400 0.036200 0.049300 0.049400 0.036300
Hartebeest 0.000100 0.193900 0.036300 0.126700 0.012100 0.024400 0.037000 0.024600 0.024400 0.063000 0.000100 0.050800 0.000000 0.024300 0.050300 0.012100 0.012100 0.037500 0.036900 0.024400 0.024600 0.012000 0.049000 0.024600 0.000100 0.036200 0.000000 0.037200 0.012100 0.024200 0.063000 0.024300 0.049600 0.000000 0.000000 0.037400 0.011900 0.012100 0.012100 0.037300 0.048900 0.012100 0.063000 0.024600 0.037400 0.024200 0.036900 0.049300 0.024200 0.037100 0.037200 0.024200
Bongo 0.037100 0.182000 0.024500 0.142900 0.024800 0.063000 0.050400 0.037700 0.012400 0.077500 0.037100 0.038500 0.036900 0.037200 0.064500 0.024800 0.024800 0.051200 0.076300 0.012300 0.012400 0.049500 0.062700 0.037700 0.037100 0.049400 0.037200 0.000000 0.024800 0.012300 0.077400 0.037200 0.063600 0.037200 0.037200 0.025300 0.049400 0.024800 0.024800 0.050900 0.062600 0.024800 0.077500 0.037700 0.025300 0.037100 0.050300 0.062900 0.037100 0.050500 0.000000 0.012300
Gerenuk 0.012100 0.180300 0.024100 0.114000 0.000000 0.036900 0.024600 0.011800 0.012100 0.050400 0.012100 0.038100 0.012000 0.012100 0.037800 0.000000 0.000200 0.025000 0.049700 0.012200 0.012200 0.024200 0.036700 0.012300 0.012100 0.024100 0.012100 0.024800 0.000000 0.012100 0.050400 0.012100 0.037200 0.012100 0.012100 0.024900 0.024200 0.000000 0.000000 0.024800 0.036700 0.000000 0.050400 0.012300 0.024900 0.012100 0.024600 0.036900 0.012100 0.024700 0.024800 0.012100
CommonElan 0.024200 0.164600 0.012000 0.127600 0.012100 0.049400 0.037000 0.024600 0.000100 0.063300 0.024200 0.025100 0.024100 0.024300 0.050500 0.012100 0.012100 0.037600 0.062300 0.000000 0.000200 0.036400 0.049100 0.024700 0.024200 0.036300 0.024200 0.012300 0.012100 0.000000 0.063200 0.024300 0.049800 0.024200 0.024300 0.012400 0.036300 0.012100 0.012100 0.037400 0.049100 0.012100 0.063300 0.024600 0.012400 0.024200 0.037000 0.049300 0.024200 0.037100 0.012300 0.000100
MuntiacusR 0.062900 0.245800 0.075600 0.171600 0.050400 0.089600 0.076900 0.063900 0.063600 0.000000 0.062900 0.092700 0.062500 0.063000 0.092000 0.050400 0.050400 0.078100 0.103500 0.063500 0.063900 0.075400 0.037300 0.064100 0.062900 0.075300 0.063000 0.077400 0.050400 0.063200 0.000000 0.063100 0.090300 0.063000 0.063100 0.078100 0.075300 0.050400 0.050400 0.077700 0.037300 0.050400 0.000100 0.063900 0.078100 0.062900 0.076700 0.089700 0.062900 0.077100 0.077400 0.063300
HarveysDui 0.023400 0.194900 0.036300 0.127200 0.012100 0.049400 0.011800 0.024600 0.024400 0.063100 0.024200 0.050800 0.024100 0.000000 0.050400 0.012100 0.012100 0.037500 0.062300 0.024400 0.024600 0.036400 0.049000 0.024600 0.024200 0.036300 0.024300 0.037200 0.012100 0.024300 0.063100 0.000000 0.049700 0.024300 0.024300 0.037500 0.036200 0.012100 0.012100 0.037300 0.049000 0.012100 0.063100 0.024600 0.037500 0.024200 0.037000 0.049300 0.024300 0.037100 0.037200 0.024300
Pronghorn 0.049600 0.227900 0.036800 0.156900 0.037300 0.075800 0.063100 0.050300 0.050100 0.090400 0.049600 0.078100 0.049300 0.049700 0.077400 0.037200 0.037200 0.064000 0.089300 0.050000 0.050300 0.062000 0.075200 0.050400 0.049600 0.061800 0.049600 0.063600 0.037200 0.049800 0.090300 0.049700 0.000000 0.049600 0.049700 0.063900 0.061900 0.037300 0.037200 0.063700 0.075200 0.037200 0.090400 0.050400 0.063900 0.049600 0.063100 0.075600 0.049600 0.063300 0.063600 0.049800
BlueWildeb 0.000100 0.193900 0.036300 0.126700 0.012100 0.024400 0.037000 0.024600 0.024400 0.063000 0.000100 0.050800 0.000000 0.024300 0.050300 0.012100 0.012100 0.037500 0.036900 0.024400 0.024600 0.012000 0.049000 0.024600 0.000100 0.036200 0.000000 0.037200 0.012100 0.024200 0.063000 0.024300 0.049600 0.000000 0.000000 0.037400 0.011900 0.012100 0.012100 0.037300 0.048900 0.012100 0.063000 0.024600 0.037400 0.024200 0.036900 0.049300 0.024200 0.037100 0.037200 0.024200
Gemsbok 0.000000 0.194300 0.036300 0.127000 0.012100 0.024400 0.037000 0.024600 0.024400 0.063200 0.000000 0.050800 0.000100 0.024300 0.050400 0.012100 0.012100 0.037600 0.036900 0.024400 0.024600 0.012000 0.049100 0.024600 0.000000 0.036300 0.000000 0.037200 0.012100 0.024300 0.063100 0.024300 0.049700 0.000000 0.000000 0.037500 0.012000 0.012100 0.012100 0.037300 0.049000 0.012100 0.063200 0.024600 0.037500 0.024300 0.037000 0.049400 0.024300 0.037100 0.037200 0.024300
Yak 0.037400 0.182400 0.024600 0.129100 0.025000 0.063400 0.050800 0.037900 0.012500 0.078200 0.037400 0.012700 0.037200 0.037400 0.038400 0.024900 0.025000 0.025400 0.076900 0.012400 0.012500 0.049800 0.063100 0.038100 0.037400 0.049700 0.037400 0.025300 0.024900 0.012400 0.078100 0.037500 0.063900 0.037400 0.037500 0.000000 0.049700 0.025000 0.024900 0.051300 0.063100 0.024900 0.078200 0.038000 0.000000 0.037400 0.050600 0.063500 0.037400 0.050800 0.025300 0.012400
BlueSheep 0.011700 0.207500 0.048300 0.139200 0.024100 0.036500 0.049000 0.036700 0.036500 0.075400 0.011700 0.063200 0.011900 0.036300 0.062700 0.024200 0.024200 0.049800 0.049000 0.036500 0.036700 0.023900 0.061000 0.036800 0.011900 0.048200 0.011900 0.049400 0.024200 0.036300 0.075300 0.036200 0.061900 0.011900 0.012000 0.049700 0.000000 0.024100 0.024200 0.049600 0.061000 0.024200 0.075400 0.036700 0.049700 0.036300 0.049100 0.061400 0.036300 0.049300 0.049400 0.036300
BohorReedb 0.012100 0.180700 0.024200 0.114200 0.000000 0.037000 0.024600 0.012300 0.012200 0.050500 0.012100 0.038100 0.012000 0.012100 0.037800 0.000000 0.000100 0.025000 0.049800 0.012200 0.012300 0.024200 0.036800 0.012300 0.011800 0.024200 0.012100 0.024800 0.000000 0.012100 0.050400 0.012100 0.037300 0.012100 0.012100 0.025000 0.024100 0.000000 0.000000 0.024900 0.036700 0.000000 0.050500 0.012300 0.025000 0.012100 0.024600 0.037000 0.012100 0.024700 0.024800 0.012100
KirksDik 0.012100 0.180300 0.024100 0.114000 0.000000 0.036900 0.024600 0.011900 0.012100 0.050400 0.012100 0.038100 0.012000 0.012100 0.037800 0.000000 0.000200 0.025000 0.049700 0.012200 0.011900 0.024200 0.036700 0.012300 0.012100 0.024100 0.012100 0.024800 0.000000 0.012100 0.050400 0.012100 0.037200 0.012100 0.012100 0.024900 0.024200 0.000000 0.000000 0.024800 0.036700 0.000000 0.050400 0.012300 0.024900 0.012100 0.024600 0.036900 0.012100 0.024700 0.024800 0.012100
RoeDeer 0.037200 0.207000 0.049700 0.145200 0.024900 0.063200 0.037500 0.037800 0.037600 0.077800 0.037200 0.065200 0.037000 0.037400 0.064700 0.024800 0.030700 0.059600 0.076500 0.037500 0.037800 0.049700 0.062900 0.012300 0.037200 0.049600 0.037300 0.050900 0.024800 0.037400 0.077700 0.037300 0.063700 0.037300 0.037300 0.051300 0.049600 0.024900 0.024800 0.000000 0.063100 0.024800 0.077800 0.012200 0.051300 0.037300 0.050500 0.063200 0.037200 0.050700 0.050900 0.037400
WhiteLippe 0.048900 0.224300 0.061200 0.153600 0.036700 0.074600 0.062200 0.049600 0.049300 0.037300 0.048900 0.077000 0.048600 0.049000 0.076400 0.036700 0.036700 0.063100 0.087900 0.049300 0.049600 0.061100 0.000000 0.049900 0.048900 0.061000 0.048900 0.062600 0.036700 0.049100 0.037300 0.049000 0.075200 0.048900 0.049000 0.063100 0.061000 0.036700 0.036700 0.063100 0.000000 0.036700 0.037300 0.049900 0.063100 0.048900 0.062000 0.074600 0.048900 0.062400 0.062600 0.049100
ThomsonGaz 0.012100 0.180300 0.024100 0.114000 0.000000 0.036900 0.024600 0.012200 0.012100 0.050400 0.012100 0.038100 0.012000 0.012100 0.037800 0.000000 0.000200 0.025000 0.049700 0.012200 0.012200 0.024200 0.036700 0.012300 0.012100 0.024100 0.012100 0.024800 0.000000 0.012100 0.050400 0.012100 0.037200 0.012100 0.012100 0.024900 0.024200 0.000000 0.000000 0.024800 0.036700 0.000000 0.050400 0.012300 0.024900 0.012100 0.024600 0.036900 0.012100 0.024700 0.024800 0.012100
MuntiacusC 0.062900 0.245800 0.075700 0.171800 0.050500 0.089700 0.077000 0.063900 0.063600 0.000000 0.062900 0.092800 0.062600 0.063100 0.092100 0.050400 0.050400 0.078100 0.103600 0.063500 0.064000 0.075400 0.037300 0.064100 0.062900 0.075400 0.063000 0.077500 0.050400 0.063300 0.000100 0.063100 0.090400 0.063000 0.063200 0.078200 0.075400 0.050500 0.050400 0.077800 0.037300 0.050400 0.000000 0.064100 0.078200 0.063000 0.076700 0.089800 0.062900 0.077100 0.077500 0.063300
WhiteTaile 0.024500 0.181200 0.036800 0.122800 0.012300 0.049900 0.024700 0.024900 0.024800 0.064100 0.024500 0.051600 0.024400 0.024700 0.051200 0.012300 0.012300 0.038100 0.063000 0.024700 0.024900 0.036800 0.049700 0.000000 0.024500 0.036800 0.024600 0.037700 0.012300 0.024600 0.063900 0.024600 0.050400 0.024600 0.024600 0.038000 0.036700 0.012300 0.012300 0.012200 0.049900 0.012300 0.064100 0.000000 0.038000 0.024600 0.037500 0.050000 0.024500 0.037600 0.037700 0.024700
Cattle 0.037400 0.182400 0.024600 0.129100 0.025000 0.063400 0.050800 0.037900 0.012500 0.078200 0.037400 0.012300 0.037200 0.037400 0.038400 0.024900 0.025000 0.025400 0.076900 0.012400 0.012500 0.049800 0.063100 0.038100 0.037400 0.049700 0.037400 0.025300 0.024900 0.012400 0.078100 0.037500 0.063900 0.037400 0.037500 0.000000 0.049700 0.025000 0.024900 0.051300 0.063100 0.024900 0.078200 0.038000 0.000000 0.037400 0.050600 0.063500 0.037400 0.050800 0.025300 0.012400
RoyalAntel 0.024200 0.194100 0.036200 0.126700 0.012100 0.049300 0.036900 0.024500 0.024400 0.063000 0.024200 0.050700 0.024100 0.024200 0.050300 0.012100 0.012100 0.037500 0.062100 0.024300 0.024500 0.036300 0.048900 0.024600 0.024200 0.036200 0.024200 0.037100 0.012100 0.024200 0.062900 0.024200 0.049600 0.024200 0.024300 0.037400 0.036300 0.012100 0.012100 0.037300 0.048900 0.012100 0.063000 0.024600 0.037400 0.000000 0.036900 0.049200 0.024200 0.037000 0.037100 0.024200
Steenbok 0.036900 0.188800 0.049100 0.141900 0.024600 0.062600 0.050000 0.037400 0.037200 0.076800 0.036900 0.064400 0.036700 0.036900 0.063900 0.024600 0.024600 0.050700 0.075800 0.037100 0.037300 0.049200 0.062100 0.037500 0.036900 0.049000 0.036900 0.050300 0.024600 0.037000 0.076700 0.037000 0.063100 0.036900 0.037000 0.050600 0.049100 0.024600 0.024600 0.050500 0.062000 0.024600 0.076700 0.037500 0.050600 0.036900 0.000000 0.062600 0.036900 0.050200 0.050300 0.037000
Impala 0.049200 0.136100 0.061500 0.155200 0.037000 0.075100 0.062600 0.049900 0.049600 0.089800 0.049200 0.077500 0.048900 0.049300 0.050600 0.036900 0.037000 0.063600 0.088500 0.049600 0.050000 0.061500 0.074700 0.050000 0.049200 0.061400 0.049300 0.062900 0.036900 0.049300 0.089700 0.049300 0.075600 0.049300 0.049400 0.063500 0.061400 0.037000 0.036900 0.063200 0.074600 0.036900 0.089800 0.050000 0.063500 0.049200 0.062600 0.000000 0.049200 0.062800 0.062900 0.049300
Klipspring 0.024200 0.194200 0.036200 0.126900 0.012100 0.049300 0.036900 0.024500 0.024300 0.063000 0.024200 0.050700 0.024000 0.024200 0.050300 0.012100 0.012100 0.037500 0.062200 0.024300 0.024500 0.036300 0.048900 0.024600 0.024200 0.036200 0.024200 0.037100 0.012100 0.024200 0.062900 0.024300 0.049600 0.024200 0.024300 0.037400 0.036300 0.012100 0.012100 0.037200 0.048900 0.012100 0.062900 0.024500 0.037400 0.024200 0.036900 0.049200 0.000000 0.012200 0.037100 0.024200
ForestMusk 0.037000 0.212100 0.049400 0.142200 0.024700 0.062900 0.050200 0.037600 0.037300 0.077100 0.037000 0.051100 0.036800 0.037100 0.064100 0.024700 0.024700 0.051000 0.076100 0.037300 0.037500 0.049400 0.062400 0.037600 0.037000 0.049300 0.037100 0.050500 0.024700 0.037100 0.077100 0.037100 0.063300 0.037100 0.037100 0.050800 0.049300 0.024700 0.024700 0.050700 0.062400 0.024700 0.077100 0.037600 0.050800 0.037000 0.050200 0.062800 0.012200 0.000000 0.050500 0.037100
Bushbuck 0.037100 0.182000 0.024500 0.142900 0.024800 0.063000 0.050400 0.037700 0.012400 0.077500 0.037100 0.038500 0.036900 0.037200 0.064500 0.024800 0.024800 0.051200 0.076300 0.012300 0.012400 0.049500 0.062700 0.037700 0.037100 0.049400 0.037200 0.000000 0.024800 0.012300 0.077400 0.037200 0.063600 0.037200 0.037200 0.025300 0.049400 0.024800 0.024800 0.050900 0.062600 0.024800 0.077500 0.037700 0.025300 0.037100 0.050300 0.062900 0.037100 0.050500 0.000000 0.012300
GreaterKud 0.024200 0.165000 0.012000 0.127000 0.012100 0.049400 0.037100 0.024600 0.000100 0.063400 0.024200 0.025200 0.024100 0.024300 0.050600 0.012100 0.012000 0.037600 0.062300 0.000100 0.000300 0.036400 0.049200 0.024700 0.024200 0.036300 0.024200 0.012300 0.012100 0.000100 0.063300 0.024300 0.049800 0.024200 0.024300 0.012400 0.036300 0.012100 0.012100 0.037400 0.049100 0.012100 0.063300 0.024700 0.012400 0.024200 0.037000 0.049300 0.024200 0.037100 0.012300 0.000000
