1
52 1
Argali 0.000000 0.007400 0.000000 0.000100 0.000000 0.000000 0.000000 0.000100 0.000000 0.007400 0.000000 0.000000 0.000000 0.000000 0.000100 0.000100 0.000100 0.000000 0.000000 0.000000 0.000000 0.000000 0.007300 0.007400 0.000000 0.000000 0.000000 0.000000 0.000000 0.000000 0.007400 0.000000 0.000100 0.000000 0.000000 0.000000 0.000000 0.000000 0.000100 0.007300 0.007300 0.000000 0.007400 0.007300 0.000000 0.000100 0.000100 0.000000 0.000000 0.000000 0.000000 0.000100
LesserMous 0.007400 0.000000 0.007400 0.007400 0.007400 0.007400 0.007400 0.007400 0.007400 0.014800 0.007400 0.007400 0.007400 0.007400 0.007400 0.007400 0.007400 0.007400 0.007400 0.007400 0.007400 0.007400 0.014800 0.014800 0.007400 0.007400 0.007400 0.007400 0.007400 0.007400 0.014800 0.007400 0.007400 0.007400 0.007400 0.007400 0.007400 0.007400 0.007400 0.014800 0.014800 0.007400 0.014800 0.014800 0.007400 0.007400 0.007400 0.007400 0.007400 0.007400 0.007400 0.007400
LesserKudu 0.000000 0.007400 0.000000 0.000000 0.000000 0.000000 0.000000 0.000100 0.000000 0.007400 0.000000 0.000000 0.000000 0.000000 0.000100 0.000100 0.000000 0.000000 0.000000 0.000000 0.000000 0.000000 0.007300 0.007400 0.000000 0.000000 0.000100 0.000000 0.000000 0.000000 0.007400 0.000000 0.000100 0.000000 0.000100 0.000000 0.000000 0.000000 0.000100 0.007300 0.007300 0.000000 0.007400 0.007300 0.000000 0.000100 0.000100 0.000000 0.000000 0.000000 0.000000 0.000000
KillerWhal 0.000100 0.007400 0.000000 0.000000 0.000000 0.000100 0.000100 0.000100 0.000100 0.007400 0.000100 0.000000 0.000100 0.000100 0.000100 0.000100 0.000100 0.000000 0.000100 0.000000 0.000100 0.000100 0.007300 0.007400 0.000100 0.000100 0.000100 0.000100 0.000100 0.000100 0.007400 0.000100 0.000100 0.000100 0.000100 0.000000 0.000100 0.000000 0.000100 0.007300 0.007300 0.000100 0.007400 0.007300 0.000000 0.000100 0.000100 0.000000 0.000100 0.000000 0.000100 0.000100
DefassaWat 0.000000 0.007400 0.000000 0.000000 0.000000 0.000000 0.000000 0.000100 0.000000 0.007400 0.000000 0.000000 0.000000 0.000000 0.000100 0.000100 0.000000 0.000000 0.000000 0.000000 0.000000 0.000000 0.007300 0.007400 0.000000 0.000000 0.000100 0.000000 0.000000 0.000000 0.007400 0.000000 0.000100 0.000000 0.000100 0.000000 0.000000 0.000000 0.000100 0.007300 0.007300 0.000000 0.007400 0.007300 0.000000 0.000100 0.000100 0.000000 0.000000 0.000000 0.000000 0.000000
Sheep 0.000000 0.007400 0.000000 0.000100 0.000000 0.000000 0.000000 0.000100 0.000000 0.007400 0.000000 0.000000 0.000000 0.000000 0.000100 0.000100 0.000100 0.000000 0.000000 0.000000 0.000000 0.000000 0.007300 0.007400 0.000000 0.000000 0.000000 0.000000 0.000000 0.000000 0.007400 0.000000 0.000100 0.000000 0.000000 0.000000 0.000000 0.000000 0.000100 0.007300 0.007300 0.000000 0.007400 0.007300 0.000000 0.000100 0.000100 0.000000 0.000000 0.000000 0.000000 0.000100
MaxwellsDu 0.000000 0.007400 0.000000 0.000100 0.000000 0.000000 0.000000 0.000000 0.000100 0.007400 0.000000 0.000000 0.000100 0.000000 0.000100 0.000000 0.000100 0.000000 0.000000 0.000000 0.000000 0.000000 0.007400 0.007400 0.000000 0.000000 0.000100 0.000100 0.000000 0.000100 0.007400 0.000000 0.000100 0.000100 0.000100 0.000000 0.000000 0.000000 0.000000 0.007400 0.007400 0.000000 0.007400 0.007400 0.000000 0.000100 0.000100 0.000000 0.000000 0.000000 0.000100 0.000100
GazellaPrz 0.000100 0.007400 0.000100 0.000100 0.000100 0.000100 0.000000 0.000000 0.000100 0.007400 0.000100 0.000100 0.000100 0.000100 0.000200 0.000100 0.000100 0.000100 0.000100 0.000100 0.000000 0.000100 0.007300 0.007400 0.000100 0.000000 0.000100 0.000100 0.000000 0.000100 0.007400 0.000100 0.000200 0.000100 0.000100 0.000100 0.000100 0.000100 0.000100 0.007300 0.007300 0.000000 0.007400 0.007300 0.000100 0.000100 0.000100 0.000100 0.000100 0.000100 0.000100 0.000100
MountainNy 0.000000 0.007400 0.000000 0.000100 0.000000 0.000000 0.000100 0.000100 0.000000 0.007300 0.000000 0.000000 0.000100 0.000000 0.000100 0.000100 0.000100 0.000000 0.000000 0.000000 0.000100 0.000000 0.007300 0.007400 0.000000 0.000100 0.000100 0.000000 0.000100 0.000000 0.007300 0.000000 0.000100 0.000100 0.000100 0.000000 0.000000 0.000000 0.000100 0.007300 0.007300 0.000100 0.007300 0.007300 0.000000 0.000100 0.000100 0.000000 0.000000 0.000000 0.000000 0.000100
MuntiacusM 0.007400 0.014800 0.007400 0.007400 0.007400 0.007400 0.007400 0.007400 0.007300 0.000000 0.007400 0.007400 0.007300 0.007400 0.007300 0.007400 0.007300 0.007400 0.007400 0.007400 0.007400 0.007400 0.000000 0.000100 0.007400 0.007400 0.007300 0.007300 0.007400 0.007300 0.000000 0.007400 0.007300 0.007300 0.007300 0.007400 0.007400 0.007400 0.007400 0.000000 0.000000 0.007400 0.000000 0.000000 0.007400 0.007400 0.007400 0.007400 0.007400 0.007400 0.007300 0.007300
goat 0.000000 0.007400 0.000000 0.000100 0.000000 0.000000 0.000000 0.000100 0.000000 0.007400 0.000000 0.000000 0.000000 0.000000 0.000100 0.000100 0.000100 0.000000 0.000000 0.000000 0.000000 0.000000 0.007300 0.007400 0.000000 0.000000 0.000000 0.000000 0.000000 0.000000 0.007400 0.000000 0.000100 0.000000 0.000000 0.000000 0.000000 0.000000 0.000100 0.007300 0.007300 0.000000 0.007400 0.007300 0.000000 0.000100 0.000100 0.000000 0.000000 0.000000 0.000000 0.000100
AfricanBuf 0.000000 0.007400 0.000000 0.000000 0.000000 0.000000 0.000000 0.000100 0.000000 0.007400 0.000000 0.000000 0.000000 0.000000 0.000100 0.000100 0.000000 0.000000 0.000000 0.000000 0.000000 0.000000 0.007300 0.007400 0.000000 0.000000 0.000100 0.000000 0.000000 0.000000 0.007400 0.000000 0.000100 0.000000 0.000100 0.000000 0.000000 0.000000 0.000100 0.007300 0.007300 0.000000 0.007400 0.007300 0.000000 0.000100 0.000100 0.000000 0.000000 0.000000 0.000000 0.000000
Topi 0.000000 0.007400 0.000000 0.000100 0.000000 0.000000 0.000100 0.000100 0.000100 0.007300 0.000000 0.000000 0.000000 0.000000 0.000100 0.000100 0.000100 0.000000 0.000000 0.000000 0.000100 0.000000 0.007300 0.007400 0.000000 0.000100 0.000000 0.000100 0.000100 0.000100 0.007300 0.000000 0.000100 0.000000 0.000000 0.000000 0.000000 0.000000 0.000100 0.007300 0.007300 0.000100 0.007300 0.007300 0.000000 0.000100 0.000100 0.000000 0.000000 0.000000 0.000100 0.000100
CommonDuik 0.000000 0.007400 0.000000 0.000100 0.000000 0.000000 0.000000 0.000100 0.000000 0.007400 0.000000 0.000000 0.000000 0.000000 0.000100 0.000000 0.000100 0.000000 0.000000 0.000000 0.000000 0.000000 0.007400 0.007400 0.000000 0.000000 0.000100 0.000000 0.000000 0.000000 0.007400 0.000000 0.000100 0.000000 0.000100 0.000000 0.000000 0.000000 0.000000 0.007400 0.007400 0.000000 0.007400 0.007400 0.000000 0.000100 0.000100 0.000000 0.000000 0.000000 0.000000 0.000100
Suni 0.000100 0.007400 0.000100 0.000100 0.000100 0.000100 0.000100 0.000200 0.000100 0.007300 0.000100 0.000100 0.000100 0.000100 0.000000 0.000100 0.000100 0.000100 0.000100 0.000100 0.000100 0.000100 0.007300 0.007300 0.000100 0.000100 0.000100 0.000100 0.000100 0.000100 0.007300 0.000100 0.000100 0.000100 0.000100 0.000100 0.000100 0.000100 0.000100 0.007300 0.007300 0.000100 0.007300 0.007300 0.000100 0.000200 0.000200 0.000100 0.000100 0.000100 0.000100 0.000100
Springbuck 0.000100 0.007400 0.000100 0.000100 0.000100 0.000100 0.000000 0.000100 0.000100 0.007400 0.000100 0.000100 0.000100 0.000000 0.000100 0.000000 0.000100 0.000100 0.000100 0.000100 0.000000 0.000100 0.007400 0.007400 0.000100 0.000000 0.000100 0.000100 0.000000 0.000100 0.007400 0.000000 0.000100 0.000100 0.000100 0.000100 0.000100 0.000100 0.000000 0.007400 0.007400 0.000000 0.007400 0.007400 0.000100 0.000100 0.000100 0.000100 0.000000 0.000100 0.000100 0.000100
Okapi 0.000100 0.007400 0.000000 0.000100 0.000000 0.000100 0.000100 0.000100 0.000100 0.007300 0.000100 0.000000 0.000100 0.000100 0.000100 0.000100 0.000000 0.000000 0.000100 0.000000 0.000100 0.000100 0.007300 0.007400 0.000100 0.000100 0.000100 0.000100 0.000100 0.000100 0.007300 0.000100 0.000100 0.000100 0.000100 0.000000 0.000100 0.000000 0.000100 0.007300 0.007300 0.000100 0.007300 0.007300 0.000000 0.000100 0.000100 0.000000 0.000100 0.000000 0.000100 0.000100
Giraffe 0.000000 0.007400 0.000000 0.000000 0.000000 0.000000 0.000000 0.000100 0.000000 0.007400 0.000000 0.000000 0.000000 0.000000 0.000100 0.000100 0.000000 0.000000 0.000000 0.000000 0.000000 0.000000 0.007300 0.007400 0.000000 0.000000 0.000100 0.000000 0.000000 0.000000 0.007400 0.000000 0.000100 0.000000 0.000100 0.000000 0.000000 0.000000 0.000100 0.007300 0.007300 0.000000 0.007400 0.007300 0.000000 0.000100 0.000100 0.000000 0.000000 0.000000 0.000000 0.000000
TibetanAnt 0.000000 0.007400 0.000000 0.000100 0.000000 0.000000 0.000000 0.000100 0.000000 0.007400 0.000000 0.000000 0.000000 0.000000 0.000100 0.000100 0.000100 0.000000 0.000000 0.000000 0.000000 0.000000 0.007300 0.007400 0.000000 0.000000 0.000000 0.000000 0.000000 0.000000 0.007400 0.000000 0.000100 0.000000 0.000000 0.000000 0.000000 0.000000 0.000100 0.007300 0.007300 0.000000 0.007400 0.007300 0.000000 0.000100 0.000100 0.000000 0.000000 0.000000 0.000000 0.000100
Sitatunga 0.000000 0.007400 0.000000 0.000000 0.000000 0.000000 0.000000 0.000100 0.000000 0.007400 0.000000 0.000000 0.000000 0.000000 0.000100 0.000100 0.000000 0.000000 0.000000 0.000000 0.000000 0.000000 0.007300 0.007400 0.000000 0.000000 0.000100 0.000000 0.000000 0.000000 0.007400 0.000000 0.000100 0.000000 0.000100 0.000000 0.000000 0.000000 0.000100 0.007300 0.007300 0.000000 0.007400 0.007300 0.000000 0.000100 0.000100 0.000000 0.000000 0.000000 0.000000 0.000000
Oribi 0.000000 0.007400 0.000000 0.000100 0.000000 0.000000 0.000000 0.000000 0.000100 0.007400 0.000000 0.000000 0.000100 0.000000 0.000100 0.000000 0.000100 0.000000 0.000000 0.000000 0.000000 0.000000 0.007400 0.007400 0.000000 0.000000 0.000100 0.000100 0.000000 0.000100 0.007400 0.000000 0.000100 0.000100 0.000100 0.000000 0.000000 0.000000 0.000000 0.007400 0.007400 0.000000 0.007400 0.007400 0.000000 0.000100 0.000100 0.000000 0.000000 0.000000 0.000100 0.000100
BarbaryShe 0.000000 0.007400 0.000000 0.000100 0.000000 0.000000 0.000000 0.000100 0.000000 0.007400 0.000000 0.000000 0.000000 0.000000 0.000100 0.000100 0.000100 0.000000 0.000000 0.000000 0.000000 0.000000 0.007300 0.007400 0.000000 0.000000 0.000000 0.000000 0.000000 0.000000 0.007400 0.000000 0.000100 0.000000 0.000000 0.000000 0.000000 0.000000 0.000100 0.007300 0.007300 0.000000 0.007400 0.007300 0.000000 0.000100 0.000100 0.000000 0.000000 0.000000 0.000000 0.000100
Daviddeer 0.007300 0.014800 0.007300 0.007300 0.007300 0.007300 0.007400 0.007300 0.007300 0.000000 0.007300 0.007300 0.007300 0.007400 0.007300 0.007400 0.007300 0.007300 0.007300 0.007300 0.007400 0.007300 0.000000 0.000000 0.007300 0.007400 0.007300 0.007300 0.007400 0.007300 0.000000 0.007400 0.007300 0.007300 0.007300 0.007300 0.007300 0.007300 0.007400 0.000000 0.000000 0.007400 0.000000 0.000000 0.007300 0.007400 0.007400 0.007300 0.007400 0.007300 0.007300 0.007300
Reindeer 0.007400 0.014800 0.007400 0.007400 0.007400 0.007400 0.007400 0.007400 0.007400 0.000100 0.007400 0.007400 0.007400 0.007400 0.007300 0.007400 0.007400 0.007400 0.007400 0.007400 0.007400 0.007400 0.000000 0.000000 0.007400 0.007400 0.007300 0.007400 0.007400 0.007400 0.000100 0.007400 0.007300 0.007400 0.007300 0.007400 0.007400 0.007400 0.007400 0.000000 0.000000 0.007400 0.000100 0.000000 0.007400 0.007400 0.007400 0.007400 0.007400 0.007400 0.007400 0.007300
Ibex 0.000000 0.007400 0.000000 0.000100 0.000000 0.000000 0.000000 0.000100 0.000000 0.007400 0.000000 0.000000 0.000000 0.000000 0.000100 0.000100 0.000100 0.000000 0.000000 0.000000 0.000000 0.000000 0.007300 0.007400 0.000000 0.000000 0.000000 0.000000 0.000000 0.000000 0.007400 0.000000 0.000100 0.000000 0.000000 0.000000 0.000000 0.000000 0.000100 0.007300 0.007300 0.000000 0.007400 0.007300 0.000000 0.000100 0.000100 0.000000 0.000000 0.000000 0.000000 0.000100
GyrantGaze 0.000000 0.007400 0.000000 0.000100 0.000000 0.000000 0.000000 0.000000 0.000100 0.007400 0.000000 0.000000 0.000100 0.000000 0.000100 0.000000 0.000100 0.000000 0.000000 0.000000 0.000000 0.000000 0.007400 0.007400 0.000000 0.000000 0.000100 0.000100 0.000000 0.000100 0.007400 0.000000 0.000100 0.000100 0.000100 0.000000 0.000000 0.000000 0.000000 0.007400 0.007400 0.000000 0.007400 0.007400 0.000000 0.000100 0.000100 0.000000 0.000000 0.000000 0.000100 0.000100
Hartebeest 0.000000 0.007400 0.000100 0.000100 0.000100 0.000000 0.000100 0.000100 0.000100 0.007300 0.000000 0.000100 0.000000 0.000100 0.000100 0.000100 0.000100 0.000100 0.000000 0.000100 0.000100 0.000000 0.007300 0.007300 0.000000 0.000100 0.000000 0.000100 0.000100 0.000100 0.007300 0.000100 0.000200 0.000000 0.000000 0.000100 0.000000 0.000100 0.000100 0.007300 0.007300 0.000100 0.007300 0.007300 0.000100 0.000100 0.000100 0.000100 0.000100 0.000100 0.000100 0.000100
Bongo 0.000000 0.007400 0.000000 0.000100 0.000000 0.000000 0.000100 0.000100 0.000000 0.007300 0.000000 0.000000 0.000100 0.000000 0.000100 0.000100 0.000100 0.000000 0.000000 0.000000 0.000100 0.000000 0.007300 0.007400 0.000000 0.000100 0.000100 0.000000 0.000100 0.000000 0.007300 0.000000 0.000100 0.000100 0.000100 0.000000 0.000000 0.000000 0.000000 0.007300 0.007300 0.000100 0.007300 0.007300 0.000000 0.000100 0.000100 0.000000 0.000000 0.000000 0.000000 0.000000
Gerenuk 0.000000 0.007400 0.000000 0.000100 0.000000 0.000000 0.000000 0.000000 0.000100 0.007400 0.000000 0.000000 0.000100 0.000000 0.000100 0.000000 0.000100 0.000000 0.000000 0.000000 0.000000 0.000000 0.007400 0.007400 0.000000 0.000000 0.000100 0.000100 0.000000 0.000100 0.007400 0.000000 0.000100 0.000100 0.000100 0.000000 0.000000 0.000000 0.000000 0.007400 0.007400 0.000000 0.007400 0.007400 0.000000 0.000100 0.000100 0.000000 0.000000 0.000000 0.000100 0.000100
CommonElan 0.000000 0.007400 0.000000 0.000100 0.000000 0.000000 0.000100 0.000100 0.000000 0.007300 0.000000 0.000000 0.000100 0.000000 0.000100 0.000100 0.000100 0.000000 0.000000 0.000000 0.000100 0.000000 0.007300 0.007400 0.000000 0.000100 0.000100 0.000000 0.000100 0.000000 0.007300 0.000000 0.000100 0.000100 0.000100 0.000000 0.000000 0.000000 0.000000 0.007300 0.007300 0.000100 0.007300 0.007300 0.000000 0.000100 0.000100 0.000000 0.000000 0.000000 0.000000 0.000000
MuntiacusR 0.007400 0.014800 0.007400 0.007400 0.007400 0.007400 0.007400 0.007400 0.007300 0.000000 0.007400 0.007400 0.007300 0.007400 0.007300 0.007400 0.007300 0.007400 0.007400 0.007400 0.007400 0.007400 0.000000 0.000100 0.007400 0.007400 0.007300 0.007300 0.007400 0.007300 0.000000 0.007400 0.007300 0.007300 0.007300 0.007400 0.007400 0.007400 0.007400 0.000000 0.000000 0.007400 0.000000 0.000000 0.007400 0.007400 0.007400 0.007400 0.007400 0.007400 0.007300 0.007300
HarveysDui 0.000000 0.007400 0.000000 0.000100 0.000000 0.000000 0.000000 0.000100 0.000000 0.007400 0.000000 0.000000 0.000000 0.000000 0.000100 0.000000 0.000100 0.000000 0.000000 0.000000 0.000000 0.000000 0.007400 0.007400 0.000000 0.000000 0.000100 0.000000 0.000000 0.000000 0.007400 0.000000 0.000100 0.000000 0.000100 0.000000 0.000000 0.000000 0.000000 0.007400 0.007400 0.000000 0.007400 0.007400 0.000000 0.000100 0.000100 0.000000 0.000000 0.000000 0.000000 0.000100
Pronghorn 0.000100 0.007400 0.000100 0.000100 0.000100 0.000100 0.000100 0.000200 0.000100 0.007300 0.000100 0.000100 0.000100 0.000100 0.000100 0.000100 0.000100 0.000100 0.000100 0.000100 0.000100 0.000100 0.007300 0.007300 0.000100 0.000100 0.000200 0.000100 0.000100 0.000100 0.007300 0.000100 0.000000 0.000100 0.000100 0.000100 0.000100 0.000100 0.000200 0.007300 0.007300 0.000100 0.007300 0.007300 0.000100 0.000100 0.000200 0.000100 0.000100 0.000100 0.000100 0.000100
BlueWildeb 0.000000 0.007400 0.000000 0.000100 0.000000 0.000000 0.000100 0.000100 0.000100 0.007300 0.000000 0.000000 0.000000 0.000000 0.000100 0.000100 0.000100 0.000000 0.000000 0.000000 0.000100 0.000000 0.007300 0.007400 0.000000 0.000100 0.000000 0.000100 0.000100 0.000100 0.007300 0.000000 0.000100 0.000000 0.000000 0.000000 0.000000 0.000000 0.000100 0.007300 0.007300 0.000100 0.007300 0.007300 0.000000 0.000100 0.000100 0.000000 0.000000 0.000000 0.000100 0.000100
Gemsbok 0.000000 0.007400 0.000100 0.000100 0.000100 0.000000 0.000100 0.000100 0.000100 0.007300 0.000000 0.000100 0.000000 0.000100 0.000100 0.000100 0.000100 0.000100 0.000000 0.000100 0.000100 0.000000 0.007300 0.007300 0.000000 0.000100 0.000000 0.000100 0.000100 0.000100 0.007300 0.000100 0.000100 0.000000 0.000000 0.000100 0.000000 0.000100 0.000100 0.007300 0.007300 0.000100 0.007300 0.007300 0.000100 0.000100 0.000100 0.000100 0.000100 0.000100 0.000100 0.000100
Yak 0.000000 0.007400 0.000000 0.000000 0.000000 0.000000 0.000000 0.000100 0.000000 0.007400 0.000000 0.000000 0.000000 0.000000 0.000100 0.000100 0.000000 0.000000 0.000000 0.000000 0.000000 0.000000 0.007300 0.007400 0.000000 0.000000 0.000100 0.000000 0.000000 0.000000 0.007400 0.000000 0.000100 0.000000 0.000100 0.000000 0.000000 0.000000 0.000100 0.007300 0.007300 0.000000 0.007400 0.007300 0.000000 0.000100 0.000100 0.000000 0.000000 0.000000 0.000000 0.000000
BlueSheep 0.000000 0.007400 0.000000 0.000100 0.000000 0.000000 0.000000 0.000100 0.000000 0.007400 0.000000 0.000000 0.000000 0.000000 0.000100 0.000100 0.000100 0.000000 0.000000 0.000000 0.000000 0.000000 0.007300 0.007400 0.000000 0.000000 0.000000 0.000000 0.000000 0.000000 0.007400 0.000000 0.000100 0.000000 0.000000 0.000000 0.000000 0.000000 0.000100 0.007300 0.007300 0.000000 0.007400 0.007300 0.000000 0.000100 0.000100 0.000000 0.000000 0.000000 0.000000 0.000100
BohorReedb 0.000000 0.007400 0.000000 0.000000 0.000000 0.000000 0.000000 0.000100 0.000000 0.007400 0.000000 0.000000 0.000000 0.000000 0.000100 0.000100 0.000000 0.000000 0.000000 0.000000 0.000000 0.000000 0.007300 0.007400 0.000000 0.000000 0.000100 0.000000 0.000000 0.000000 0.007400 0.000000 0.000100 0.000000 0.000100 0.000000 0.000000 0.000000 0.000100 0.007300 0.007300 0.000000 0.007400 0.007300 0.000000 0.000100 0.000100 0.000000 0.000000 0.000000 0.000000 0.000000
KirksDik 0.000100 0.007400 0.000100 0.000100 0.000100 0.000100 0.000000 0.000100 0.000100 0.007400 0.000100 0.000100 0.000100 0.000000 0.000100 0.000000 0.000100 0.000100 0.000100 0.000100 0.000000 0.000100 0.007400 0.007400 0.000100 0.000000 0.000100 0.000000 0.000000 0.000000 0.007400 0.000000 0.000200 0.000100 0.000100 0.000100 0.000100 0.000100 0.000000 0.007400 0.007400 0.000000 0.007400 0.007400 0.000100 0.000100 0.000000 0.000100 0.000000 0.000100 0.000000 0.000100
RoeDeer 0.007300 0.014800 0.007300 0.007300 0.007300 0.007300 0.007400 0.007300 0.007300 0.000000 0.007300 0.007300 0.007300 0.007400 0.007300 0.007400 0.007300 0.007300 0.007300 0.007300 0.007400 0.007300 0.000000 0.000000 0.007300 0.007400 0.007300 0.007300 0.007400 0.007300 0.000000 0.007400 0.007300 0.007300 0.007300 0.007300 0.007300 0.007300 0.007400 0.000000 0.000000 0.007400 0.000000 0.000000 0.007300 0.007400 0.007400 0.007300 0.007400 0.007300 0.007300 0.007300
WhiteLippe 0.007300 0.014800 0.007300 0.007300 0.007300 0.007300 0.007400 0.007300 0.007300 0.000000 0.007300 0.007300 0.007300 0.007400 0.007300 0.007400 0.007300 0.007300 0.007300 0.007300 0.007400 0.007300 0.000000 0.000000 0.007300 0.007400 0.007300 0.007300 0.007400 0.007300 0.000000 0.007400 0.007300 0.007300 0.007300 0.007300 0.007300 0.007300 0.007400 0.000000 0.000000 0.007400 0.000000 0.000000 0.007300 0.007400 0.007400 0.007300 0.007400 0.007300 0.007300 0.007300
ThomsonGaz 0.000000 0.007400 0.000000 0.000100 0.000000 0.000000 0.000000 0.000000 0.000100 0.007400 0.000000 0.000000 0.000100 0.000000 0.000100 0.000000 0.000100 0.000000 0.000000 0.000000 0.000000 0.000000 0.007400 0.007400 0.000000 0.000000 0.000100 0.000100 0.000000 0.000100 0.007400 0.000000 0.000100 0.000100 0.000100 0.000000 0.000000 0.000000 0.000000 0.007400 0.007400 0.000000 0.007400 0.007400 0.000000 0.000100 0.000100 0.000000 0.000000 0.000000 0.000100 0.000100
MuntiacusC 0.007400 0.014800 0.007400 0.007400 0.007400 0.007400 0.007400 0.007400 0.007300 0.000000 0.007400 0.007400 0.007300 0.007400 0.007300 0.007400 0.007300 0.007400 0.007400 0.007400 0.007400 0.007400 0.000000 0.000100 0.007400 0.007400 0.007300 0.007300 0.007400 0.007300 0.000000 0.007400 0.007300 0.007300 0.007300 0.007400 0.007400 0.007400 0.007400 0.000000 0.000000 0.007400 0.000000 0.000000 0.007400 0.007400 0.007400 0.007400 0.007400 0.007400 0.007300 0.007300
WhiteTaile 0.007300 0.014800 0.007300 0.007300 0.007300 0.007300 0.007400 0.007300 0.007300 0.000000 0.007300 0.007300 0.007300 0.007400 0.007300 0.007400 0.007300 0.007300 0.007300 0.007300 0.007400 0.007300 0.000000 0.000000 0.007300 0.007400 0.007300 0.007300 0.007400 0.007300 0.000000 0.007400 0.007300 0.007300 0.007300 0.007300 0.007300 0.007300 0.007400 0.000000 0.000000 0.007400 0.000000 0.000000 0.007300 0.007400 0.007400 0.007300 0.007400 0.007300 0.007300 0.007300
Cattle 0.000000 0.007400 0.000000 0.000000 0.000000 0.000000 0.000000 0.000100 0.000000 0.007400 0.000000 0.000000 0.000000 0.000000 0.000100 0.000100 0.000000 0.000000 0.000000 0.000000 0.000000 0.000000 0.007300 0.007400 0.000000 0.000000 0.000100 0.000000 0.000000 0.000000 0.007400 0.000000 0.000100 0.000000 0.000100 0.000000 0.000000 0.000000 0.000100 0.007300 0.007300 0.000000 0.007400 0.007300 0.000000 0.000100 0.000100 0.000000 0.000000 0.000000 0.000000 0.000000
RoyalAntel 0.000100 0.007400 0.000100 0.000100 0.000100 0.000100 0.000100 0.000100 0.000100 0.007400 0.000100 0.000100 0.000100 0.000100 0.000200 0.000100 0.000100 0.000100 0.000100 0.000100 0.000100 0.000100 0.007400 0.007400 0.000100 0.000100 0.000100 0.000100 0.000100 0.000100 0.007400 0.000100 0.000100 0.000100 0.000100 0.000100 0.000100 0.000100 0.000100 0.007400 0.007400 0.000100 0.007400 0.007400 0.000100 0.000000 0.000100 0.000100 0.000100 0.000100 0.000100 0.000100
Steenbok 0.000100 0.007400 0.000100 0.000100 0.000100 0.000100 0.000100 0.000100 0.000100 0.007400 0.000100 0.000100 0.000100 0.000100 0.000200 0.000100 0.000100 0.000100 0.000100 0.000100 0.000100 0.000100 0.007400 0.007400 0.000100 0.000100 0.000100 0.000100 0.000100 0.000100 0.007400 0.000100 0.000200 0.000100 0.000100 0.000100 0.000100 0.000100 0.000000 0.007400 0.007400 0.000100 0.007400 0.007400 0.000100 0.000100 0.000000 0.000100 0.000100 0.000100 0.000100 0.000100
Impala 0.000000 0.007400 0.000000 0.000000 0.000000 0.000000 0.000000 0.000100 0.000000 0.007400 0.000000 0.000000 0.000000 0.000000 0.000100 0.000100 0.000000 0.000000 0.000000 0.000000 0.000000 0.000000 0.007300 0.007400 0.000000 0.000000 0.000100 0.000000 0.000000 0.000000 0.007400 0.000000 0.000100 0.000000 0.000100 0.000000 0.000000 0.000000 0.000100 0.007300 0.007300 0.000000 0.007400 0.007300 0.000000 0.000100 0.000100 0.000000 0.000000 0.000000 0.000000 0.000000
Klipspring 0.000000 0.007400 0.000000 0.000100 0.000000 0.000000 0.000000 0.000100 0.000000 0.007400 0.000000 0.000000 0.000000 0.000000 0.000100 0.000000 0.000100 0.000000 0.000000 0.000000 0.000000 0.000000 0.007400 0.007400 0.000000 0.000000 0.000100 0.000000 0.000000 0.000000 0.007400 0.000000 0.000100 0.000000 0.000100 0.000000 0.000000 0.000000 0.000000 0.007400 0.007400 0.000000 0.007400 0.007400 0.000000 0.000100 0.000100 0.000000 0.000000 0.000000 0.000000 0.000100
ForestMusk 0.000000 0.007400 0.000000 0.000000 0.000000 0.000000 0.000000 0.000100 0.000000 0.007400 0.000000 0.000000 0.000000 0.000000 0.000100 0.000100 0.000000 0.000000 0.000000 0.000000 0.000000 0.000000 0.007300 0.007400 0.000000 0.000000 0.000100 0.000000 0.000000 0.000000 0.007400 0.000000 0.000100 0.000000 0.000100 0.000000 0.000000 0.000000 0.000100 0.007300 0.007300 0.000000 0.007400 0.007300 0.000000 0.000100 0.000100 0.000000 0.000000 0.000000 0.000000 0.000000
Bushbuck 0.000000 0.007400 0.000000 0.000100 0.000000 0.000000 0.000100 0.000100 0.000000 0.007300 0.000000 0.000000 0.000100 0.000000 0.000100 0.000100 0.000100 0.000000 0.000000 0.000000 0.000100 0.000000 0.007300 0.007400 0.000000 0.000100 0.000100 0.000000 0.000100 0.000000 0.007300 0.000000 0.000100 0.000100 0.000100 0.000000 0.000000 0.000000 0.000000 0.007300 0.007300 0.000100 0.007300 0.007300 0.000000 0.000100 0.000100 0.000000 0.000000 0.000000 0.000000 0.000000
GreaterKud 0.000100 0.007400 0.000000 0.000100 0.000000 0.000100 0.000100 0.000100 0.000100 0.007300 0.000100 0.000000 0.000100 0.000100 0.000100 0.000100 0.000100 0.000000 0.000100 0.000000 0.000100 0.000100 0.007300 0.007300 0.000100 0.000100 0.000100 0.000000 0.000100 0.000000 0.007300 0.000100 0.000100 0.000100 0.000100 0.000000 0.000100 0.000000 0.000100 0.007300 0.007300 0.000100 0.007300 0.007300 0.000000 0.000100 0.000100 0.000000 0.000100 0.000000 0.000000 0.000000
