1
52 1
Argali 0.000000 0.081700 0.026200 0.039300 0.026300 0.012900 0.026500 0.012900 0.026200 0.039300 0.013000 0.026500 0.025600 0.012900 0.012900 0.026200 0.039600 0.013000 0.038800 0.026200 0.026000 0.012900 0.069400 0.039100 0.013000 0.012800 0.025600 0.026300 0.013000 0.026300 0.039300 0.012800 0.053500 0.025600 0.025900 0.013100 0.012900 0.026300 0.012800 0.053300 0.068200 0.012800 0.039300 0.039100 0.013100 0.012700 0.012700 0.026000 0.000000 0.012900 0.039700 0.026200
LesserMous 0.081700 0.000000 0.083800 0.081700 0.083000 0.068300 0.069800 0.068300 0.083800 0.096600 0.066600 0.083100 0.064500 0.068300 0.068300 0.082000 0.093200 0.066700 0.096600 0.083800 0.083000 0.068300 0.134200 0.097000 0.066600 0.091500 0.064500 0.084100 0.053500 0.084100 0.096600 0.064500 0.127500 0.064500 0.082300 0.057400 0.053900 0.083000 0.064500 0.113600 0.131500 0.091500 0.096600 0.097000 0.057400 0.095900 0.095700 0.083100 0.081700 0.068300 0.098800 0.083800
LesserKudu 0.026200 0.083800 0.000000 0.068400 0.026700 0.013100 0.027000 0.013100 0.000000 0.040000 0.013300 0.026900 0.013000 0.013100 0.013100 0.026600 0.040300 0.013200 0.012900 0.000000 0.026400 0.013100 0.070500 0.039900 0.013300 0.045400 0.013000 0.000000 0.013200 0.000000 0.040000 0.013000 0.083100 0.013000 0.026400 0.013400 0.013100 0.026700 0.013000 0.054500 0.069800 0.045400 0.040000 0.039900 0.013400 0.039500 0.039500 0.026600 0.026200 0.013100 0.013100 0.000000
KillerWhal 0.039300 0.081700 0.068400 0.000000 0.068200 0.053700 0.054600 0.053700 0.068400 0.081900 0.054200 0.069100 0.060800 0.053700 0.053700 0.068100 0.082600 0.054100 0.080800 0.068400 0.068000 0.053700 0.115500 0.081600 0.054200 0.059000 0.060800 0.068500 0.054100 0.068500 0.081900 0.053000 0.082000 0.060800 0.067600 0.054700 0.053800 0.068200 0.053000 0.097600 0.114200 0.059000 0.081900 0.081600 0.054700 0.052800 0.052700 0.068000 0.039300 0.053700 0.082800 0.068400
DefassaWat 0.026300 0.083000 0.026700 0.068200 0.000000 0.013200 0.027000 0.013200 0.026700 0.040100 0.013300 0.027000 0.013000 0.013200 0.013200 0.026700 0.040300 0.013200 0.039600 0.026700 0.026700 0.013200 0.070600 0.040100 0.013300 0.039800 0.013000 0.026800 0.013200 0.026800 0.040100 0.013000 0.082000 0.013000 0.026500 0.013400 0.013100 0.000000 0.013000 0.054800 0.070300 0.039800 0.040100 0.040100 0.013400 0.039700 0.039600 0.026600 0.026300 0.013200 0.040300 0.026700
Sheep 0.012900 0.068300 0.013100 0.053700 0.013200 0.000000 0.013300 0.000000 0.013100 0.026300 0.000000 0.013300 0.000000 0.000000 0.000000 0.013100 0.026500 0.000000 0.026000 0.013100 0.013100 0.000000 0.055600 0.026100 0.000000 0.026200 0.000000 0.013200 0.000100 0.013200 0.026300 0.000000 0.068600 0.000000 0.013000 0.000100 0.000100 0.013200 0.000000 0.040100 0.054700 0.026200 0.026300 0.026100 0.000100 0.025900 0.025900 0.013000 0.012900 0.000000 0.026500 0.013100
MaxwellsDu 0.026500 0.069800 0.027000 0.054600 0.027000 0.013300 0.000000 0.013300 0.027000 0.040500 0.013400 0.027200 0.013100 0.013300 0.013300 0.026900 0.040800 0.013300 0.040100 0.027000 0.026900 0.013300 0.071400 0.040400 0.013400 0.040300 0.013100 0.027000 0.013300 0.027000 0.040500 0.013100 0.054700 0.013100 0.026700 0.013500 0.013300 0.027000 0.013100 0.055300 0.070800 0.040300 0.040500 0.040400 0.013500 0.040100 0.040000 0.026900 0.026500 0.013300 0.040900 0.027000
GazellaPrz 0.012900 0.068300 0.013100 0.053700 0.013200 0.000000 0.013300 0.000000 0.013100 0.026300 0.000000 0.013300 0.000000 0.000000 0.000000 0.013100 0.026500 0.000000 0.026000 0.013100 0.013100 0.000000 0.055600 0.026100 0.000000 0.026200 0.000000 0.013200 0.000100 0.013200 0.026300 0.000000 0.068600 0.000000 0.013000 0.000100 0.000100 0.013200 0.000000 0.040100 0.054700 0.026200 0.026300 0.026100 0.000100 0.025900 0.025900 0.013000 0.012900 0.000000 0.026500 0.013100
MountainNy 0.026200 0.083800 0.000000 0.068400 0.026700 0.013100 0.027000 0.013100 0.000000 0.040000 0.013300 0.026900 0.013000 0.013100 0.013100 0.026600 0.040300 0.013200 0.012900 0.000000 0.026400 0.013100 0.070500 0.039900 0.013300 0.045400 0.013000 0.000000 0.013200 0.000000 0.040000 0.013000 0.083100 0.013000 0.026400 0.013400 0.013100 0.026700 0.013000 0.054500 0.069800 0.045400 0.040000 0.039900 0.013400 0.039500 0.039500 0.026600 0.026200 0.013100 0.013100 0.000000
MuntiacusM 0.039300 0.096600 0.040000 0.081900 0.040100 0.026300 0.040500 0.026300 0.040000 0.000000 0.026500 0.040400 0.026000 0.026300 0.026300 0.040000 0.053800 0.026500 0.052800 0.040000 0.039900 0.026300 0.027000 0.000000 0.026500 0.053200 0.026000 0.040100 0.026400 0.040100 0.000000 0.026000 0.097200 0.026000 0.039600 0.026700 0.026300 0.040100 0.026000 0.013100 0.026700 0.053200 0.000000 0.000000 0.026700 0.052800 0.052700 0.039900 0.039300 0.026300 0.053900 0.040000
goat 0.013000 0.066600 0.013300 0.054200 0.013300 0.000000 0.013400 0.000000 0.013300 0.026500 0.000000 0.013400 0.000100 0.000000 0.000000 0.013200 0.026700 0.000100 0.026200 0.013300 0.013200 0.000000 0.056000 0.026400 0.000000 0.026400 0.000100 0.013300 0.000200 0.013300 0.026500 0.000100 0.068700 0.000100 0.013100 0.000100 0.000100 0.013300 0.000100 0.040600 0.055400 0.026400 0.026500 0.026400 0.000100 0.026200 0.026200 0.013200 0.013000 0.000000 0.026600 0.013300
AfricanBuf 0.026500 0.083100 0.026900 0.069100 0.027000 0.013300 0.027200 0.013300 0.026900 0.040400 0.013400 0.000000 0.013100 0.013300 0.013300 0.026700 0.040700 0.013300 0.040000 0.026900 0.026700 0.013300 0.071200 0.040300 0.013400 0.040300 0.013100 0.026800 0.013300 0.026800 0.040400 0.013100 0.083800 0.013100 0.026700 0.013500 0.013300 0.027000 0.013100 0.046500 0.070400 0.040300 0.040400 0.040300 0.013500 0.039900 0.039900 0.026800 0.026500 0.013300 0.040700 0.026900
Topi 0.025600 0.064500 0.013000 0.060800 0.013000 0.000000 0.013100 0.000000 0.013000 0.026000 0.000100 0.013100 0.000000 0.000000 0.000000 0.013000 0.026200 0.000100 0.025600 0.013000 0.012900 0.000000 0.054800 0.025900 0.000100 0.030200 0.000000 0.013000 0.000200 0.013000 0.026000 0.000100 0.078400 0.000000 0.012900 0.000100 0.000200 0.013000 0.000100 0.039700 0.054200 0.030200 0.026000 0.025900 0.000100 0.038700 0.038600 0.012900 0.025600 0.000000 0.026200 0.013000
CommonDuik 0.012900 0.068300 0.013100 0.053700 0.013200 0.000000 0.013300 0.000000 0.013100 0.026300 0.000000 0.013300 0.000000 0.000000 0.000000 0.013100 0.026500 0.000000 0.026000 0.013100 0.013100 0.000000 0.055600 0.026100 0.000000 0.026200 0.000000 0.013200 0.000100 0.013200 0.026300 0.000000 0.068600 0.000000 0.013000 0.000100 0.000100 0.013200 0.000000 0.040100 0.054700 0.026200 0.026300 0.026100 0.000100 0.025900 0.025900 0.013000 0.012900 0.000000 0.026500 0.013100
Suni 0.012900 0.068300 0.013100 0.053700 0.013200 0.000000 0.013300 0.000000 0.013100 0.026300 0.000000 0.013300 0.000000 0.000000 0.000000 0.013100 0.026500 0.000000 0.026000 0.013100 0.013100 0.000000 0.055600 0.026100 0.000000 0.026200 0.000000 0.013200 0.000100 0.013200 0.026300 0.000000 0.068600 0.000000 0.013000 0.000100 0.000100 0.013200 0.000000 0.040100 0.054700 0.026200 0.026300 0.026100 0.000100 0.025900 0.025900 0.013000 0.012900 0.000000 0.026500 0.013100
Springbuck 0.026200 0.082000 0.026600 0.068100 0.026700 0.013100 0.026900 0.013100 0.026600 0.040000 0.013200 0.026700 0.013000 0.013100 0.013100 0.000000 0.040200 0.013200 0.039500 0.026600 0.026400 0.013100 0.070400 0.039900 0.013200 0.039900 0.013000 0.026500 0.013200 0.026500 0.040000 0.013000 0.083100 0.013000 0.026400 0.013300 0.013100 0.026700 0.013000 0.054400 0.069600 0.039900 0.040000 0.039900 0.013300 0.039500 0.039500 0.026500 0.026200 0.013100 0.040200 0.026600
Okapi 0.039600 0.093200 0.040300 0.082600 0.040300 0.026500 0.040800 0.026500 0.040300 0.053800 0.026700 0.040700 0.026200 0.026500 0.026500 0.040200 0.000000 0.026600 0.053200 0.040300 0.040200 0.026500 0.085200 0.053700 0.026700 0.053500 0.026200 0.040400 0.026700 0.040400 0.053800 0.026200 0.097200 0.026200 0.040000 0.026900 0.026500 0.040300 0.026200 0.068600 0.084400 0.053500 0.053800 0.053700 0.026900 0.053200 0.026100 0.040200 0.039600 0.026500 0.054200 0.040300
Giraffe 0.013000 0.066700 0.013200 0.054100 0.013200 0.000000 0.013300 0.000000 0.013200 0.026500 0.000100 0.013300 0.000100 0.000000 0.000000 0.013200 0.026600 0.000000 0.026100 0.013200 0.013200 0.000000 0.055900 0.026400 0.000100 0.026300 0.000100 0.013200 0.000100 0.013200 0.026500 0.000100 0.068600 0.000100 0.013100 0.000100 0.000100 0.013200 0.000100 0.040500 0.055200 0.026300 0.026500 0.026400 0.000100 0.026200 0.026100 0.013200 0.013000 0.000000 0.026700 0.013200
TibetanAnt 0.038800 0.096600 0.012900 0.080800 0.039600 0.026000 0.040100 0.026000 0.012900 0.052800 0.026200 0.040000 0.025600 0.026000 0.026000 0.039500 0.053200 0.026100 0.000000 0.012900 0.039400 0.026000 0.083700 0.052600 0.026200 0.059200 0.025600 0.012900 0.026100 0.012900 0.052800 0.025500 0.096000 0.025600 0.039200 0.026400 0.025900 0.039600 0.025500 0.067200 0.082700 0.059200 0.052800 0.052600 0.026400 0.052100 0.052000 0.039300 0.038800 0.026000 0.026000 0.012900
Sitatunga 0.026200 0.083800 0.000000 0.068400 0.026700 0.013100 0.027000 0.013100 0.000000 0.040000 0.013300 0.026900 0.013000 0.013100 0.013100 0.026600 0.040300 0.013200 0.012900 0.000000 0.026400 0.013100 0.070500 0.039900 0.013300 0.045400 0.013000 0.000000 0.013200 0.000000 0.040000 0.013000 0.083100 0.013000 0.026400 0.013400 0.013100 0.026700 0.013000 0.054500 0.069800 0.045400 0.040000 0.039900 0.013400 0.039500 0.039500 0.026600 0.026200 0.013100 0.013100 0.000000
Oribi 0.026000 0.083000 0.026400 0.068000 0.026700 0.013100 0.026900 0.013100 0.026400 0.039900 0.013200 0.026700 0.012900 0.013100 0.013100 0.026400 0.040200 0.013200 0.039400 0.026400 0.000000 0.013100 0.070400 0.039600 0.013200 0.039600 0.012900 0.026500 0.013100 0.026500 0.039900 0.012900 0.083400 0.012900 0.026200 0.013300 0.013100 0.026700 0.012900 0.054100 0.069200 0.039600 0.039900 0.039600 0.013300 0.039300 0.039300 0.026400 0.026000 0.013100 0.040000 0.026400
BarbaryShe 0.012900 0.068300 0.013100 0.053700 0.013200 0.000000 0.013300 0.000000 0.013100 0.026300 0.000000 0.013300 0.000000 0.000000 0.000000 0.013100 0.026500 0.000000 0.026000 0.013100 0.013100 0.000000 0.055600 0.026100 0.000000 0.026200 0.000000 0.013200 0.000100 0.013200 0.026300 0.000000 0.068600 0.000000 0.013000 0.000100 0.000100 0.013200 0.000000 0.040100 0.054700 0.026200 0.026300 0.026100 0.000100 0.025900 0.025900 0.013000 0.012900 0.000000 0.026500 0.013100
Daviddeer 0.069400 0.134200 0.070500 0.115500 0.070600 0.055600 0.071400 0.055600 0.070500 0.027000 0.056000 0.071200 0.054800 0.055600 0.055600 0.070400 0.085200 0.055900 0.083700 0.070500 0.070400 0.055600 0.000000 0.026900 0.056000 0.084300 0.054800 0.070800 0.055700 0.070800 0.027000 0.054800 0.132400 0.054800 0.070100 0.056400 0.055400 0.070600 0.054800 0.041400 0.000000 0.084300 0.027000 0.026900 0.056400 0.083900 0.083800 0.070500 0.069400 0.055600 0.085500 0.070500
Reindeer 0.039100 0.097000 0.039900 0.081600 0.040100 0.026100 0.040400 0.026100 0.039900 0.000000 0.026400 0.040300 0.025900 0.026100 0.026100 0.039900 0.053700 0.026400 0.052600 0.039900 0.039600 0.026100 0.026900 0.000000 0.026400 0.053100 0.025900 0.040000 0.026400 0.040000 0.000000 0.025900 0.097700 0.025900 0.039400 0.026700 0.026200 0.040100 0.025900 0.013000 0.026600 0.053100 0.000000 0.000000 0.026700 0.052500 0.052400 0.039600 0.039100 0.026100 0.053700 0.039900
Ibex 0.013000 0.066600 0.013300 0.054200 0.013300 0.000000 0.013400 0.000000 0.013300 0.026500 0.000000 0.013400 0.000100 0.000000 0.000000 0.013200 0.026700 0.000100 0.026200 0.013300 0.013200 0.000000 0.056000 0.026400 0.000000 0.026400 0.000100 0.013300 0.000200 0.013300 0.026500 0.000100 0.068700 0.000100 0.013100 0.000100 0.000100 0.013300 0.000100 0.040600 0.055400 0.026400 0.026500 0.026400 0.000100 0.026200 0.026200 0.013200 0.013000 0.000000 0.026600 0.013300
GyrantGaze 0.012800 0.091500 0.045400 0.059000 0.039800 0.026200 0.040300 0.026200 0.045400 0.053200 0.026400 0.040300 0.030200 0.026200 0.026200 0.039900 0.053500 0.026300 0.059200 0.045400 0.039600 0.026200 0.084300 0.053100 0.026400 0.000000 0.030200 0.040100 0.030200 0.040100 0.053200 0.030200 0.067300 0.030200 0.039500 0.026600 0.026200 0.039800 0.030200 0.068000 0.083700 0.000000 0.053200 0.053100 0.026600 0.025700 0.025700 0.039800 0.012800 0.026200 0.061100 0.045400
Hartebeest 0.025600 0.064500 0.013000 0.060800 0.013000 0.000000 0.013100 0.000000 0.013000 0.026000 0.000100 0.013100 0.000000 0.000000 0.000000 0.013000 0.026200 0.000100 0.025600 0.013000 0.012900 0.000000 0.054800 0.025900 0.000100 0.030200 0.000000 0.013000 0.000200 0.013000 0.026000 0.000100 0.078400 0.000000 0.012900 0.000100 0.000200 0.013000 0.000100 0.039700 0.054200 0.030200 0.026000 0.025900 0.000100 0.038700 0.038600 0.012900 0.025600 0.000000 0.026200 0.013000
Bongo 0.026300 0.084100 0.000000 0.068500 0.026800 0.013200 0.027000 0.013200 0.000000 0.040100 0.013300 0.026800 0.013000 0.013200 0.013200 0.026500 0.040400 0.013200 0.012900 0.000000 0.026500 0.013200 0.070800 0.040000 0.013300 0.040100 0.013000 0.000000 0.013200 0.000000 0.040100 0.013000 0.083600 0.013000 0.026500 0.013400 0.013100 0.026800 0.013000 0.054600 0.070000 0.040100 0.040100 0.040000 0.013400 0.039700 0.039600 0.026600 0.026300 0.013200 0.013200 0.000000
Gerenuk 0.013000 0.053500 0.013200 0.054100 0.013200 0.000100 0.013300 0.000100 0.013200 0.026400 0.000200 0.013300 0.000200 0.000100 0.000100 0.013200 0.026700 0.000100 0.026100 0.013200 0.013100 0.000100 0.055700 0.026400 0.000200 0.030200 0.000200 0.013200 0.000000 0.013200 0.026400 0.000100 0.068400 0.000200 0.013100 0.000100 0.000200 0.013200 0.000100 0.040500 0.055200 0.030200 0.026400 0.026400 0.000100 0.026100 0.026100 0.013200 0.013000 0.000100 0.026600 0.013200
CommonElan 0.026300 0.084100 0.000000 0.068500 0.026800 0.013200 0.027000 0.013200 0.000000 0.040100 0.013300 0.026800 0.013000 0.013200 0.013200 0.026500 0.040400 0.013200 0.012900 0.000000 0.026500 0.013200 0.070800 0.040000 0.013300 0.040100 0.013000 0.000000 0.013200 0.000000 0.040100 0.013000 0.083600 0.013000 0.026500 0.013400 0.013100 0.026800 0.013000 0.054600 0.070000 0.040100 0.040100 0.040000 0.013400 0.039700 0.039600 0.026600 0.026300 0.013200 0.013200 0.000000
MuntiacusR 0.039300 0.096600 0.040000 0.081900 0.040100 0.026300 0.040500 0.026300 0.040000 0.000000 0.026500 0.040400 0.026000 0.026300 0.026300 0.040000 0.053800 0.026500 0.052800 0.040000 0.039900 0.026300 0.027000 0.000000 0.026500 0.053200 0.026000 0.040100 0.026400 0.040100 0.000000 0.026000 0.097200 0.026000 0.039600 0.026700 0.026300 0.040100 0.026000 0.013100 0.026700 0.053200 0.000000 0.000000 0.026700 0.052800 0.052700 0.039900 0.039300 0.026300 0.053900 0.040000
HarveysDui 0.012800 0.064500 0.013000 0.053000 0.013000 0.000000 0.013100 0.000000 0.013000 0.026000 0.000100 0.013100 0.000100 0.000000 0.000000 0.013000 0.026200 0.000100 0.025500 0.013000 0.012900 0.000000 0.054800 0.025900 0.000100 0.030200 0.000100 0.013000 0.000100 0.013000 0.026000 0.000000 0.067400 0.000100 0.012900 0.000100 0.000200 0.013000 0.000000 0.039700 0.054200 0.030200 0.026000 0.025900 0.000100 0.025700 0.025600 0.012900 0.012800 0.000000 0.026200 0.013000
Pronghorn 0.053500 0.127500 0.083100 0.082000 0.082000 0.068600 0.054700 0.068600 0.083100 0.097200 0.068700 0.083800 0.078400 0.068600 0.068600 0.083100 0.097200 0.068600 0.096000 0.083100 0.083400 0.068600 0.132400 0.097700 0.068700 0.067300 0.078400 0.083600 0.068400 0.083600 0.097200 0.067400 0.000000 0.078400 0.082800 0.069200 0.068200 0.082000 0.067400 0.114400 0.132400 0.067300 0.097200 0.097700 0.069200 0.067300 0.067000 0.083500 0.053500 0.068600 0.098000 0.083100
BlueWildeb 0.025600 0.064500 0.013000 0.060800 0.013000 0.000000 0.013100 0.000000 0.013000 0.026000 0.000100 0.013100 0.000000 0.000000 0.000000 0.013000 0.026200 0.000100 0.025600 0.013000 0.012900 0.000000 0.054800 0.025900 0.000100 0.030200 0.000000 0.013000 0.000200 0.013000 0.026000 0.000100 0.078400 0.000000 0.012900 0.000100 0.000200 0.013000 0.000100 0.039700 0.054200 0.030200 0.026000 0.025900 0.000100 0.038700 0.038600 0.012900 0.025600 0.000000 0.026200 0.013000
Gemsbok 0.025900 0.082300 0.026400 0.067600 0.026500 0.013000 0.026700 0.013000 0.026400 0.039600 0.013100 0.026700 0.012900 0.013000 0.013000 0.026400 0.040000 0.013100 0.039200 0.026400 0.026200 0.013000 0.070100 0.039400 0.013100 0.039500 0.012900 0.026500 0.013100 0.026500 0.039600 0.012900 0.082800 0.012900 0.000000 0.013300 0.013000 0.026500 0.012900 0.053800 0.068800 0.039500 0.039600 0.039400 0.013300 0.039100 0.039000 0.026200 0.025900 0.013000 0.040000 0.026400
Yak 0.013100 0.057400 0.013400 0.054700 0.013400 0.000100 0.013500 0.000100 0.013400 0.026700 0.000100 0.013500 0.000100 0.000100 0.000100 0.013300 0.026900 0.000100 0.026400 0.013400 0.013300 0.000100 0.056400 0.026700 0.000100 0.026600 0.000100 0.013400 0.000100 0.013400 0.026700 0.000100 0.069200 0.000100 0.013300 0.000000 0.000200 0.013400 0.000100 0.041000 0.056000 0.026600 0.026700 0.026700 0.000000 0.026500 0.026400 0.013300 0.013100 0.000100 0.026900 0.013400
BlueSheep 0.012900 0.053900 0.013100 0.053800 0.013100 0.000100 0.013300 0.000100 0.013100 0.026300 0.000100 0.013300 0.000200 0.000100 0.000100 0.013100 0.026500 0.000100 0.025900 0.013100 0.013100 0.000100 0.055400 0.026200 0.000100 0.026200 0.000200 0.013100 0.000200 0.013100 0.026300 0.000200 0.068200 0.000200 0.013000 0.000200 0.000000 0.013100 0.000200 0.040300 0.054900 0.026200 0.026300 0.026200 0.000200 0.026000 0.026000 0.013100 0.012900 0.000100 0.026500 0.013100
BohorReedb 0.026300 0.083000 0.026700 0.068200 0.000000 0.013200 0.027000 0.013200 0.026700 0.040100 0.013300 0.027000 0.013000 0.013200 0.013200 0.026700 0.040300 0.013200 0.039600 0.026700 0.026700 0.013200 0.070600 0.040100 0.013300 0.039800 0.013000 0.026800 0.013200 0.026800 0.040100 0.013000 0.082000 0.013000 0.026500 0.013400 0.013100 0.000000 0.013000 0.054800 0.070300 0.039800 0.040100 0.040100 0.013400 0.039700 0.039600 0.026600 0.026300 0.013200 0.040300 0.026700
KirksDik 0.012800 0.064500 0.013000 0.053000 0.013000 0.000000 0.013100 0.000000 0.013000 0.026000 0.000100 0.013100 0.000100 0.000000 0.000000 0.013000 0.026200 0.000100 0.025500 0.013000 0.012900 0.000000 0.054800 0.025900 0.000100 0.030200 0.000100 0.013000 0.000100 0.013000 0.026000 0.000000 0.067400 0.000100 0.012900 0.000100 0.000200 0.013000 0.000000 0.039700 0.054200 0.030200 0.026000 0.025900 0.000100 0.025700 0.025600 0.012900 0.012800 0.000000 0.026200 0.013000
RoeDeer 0.053300 0.113600 0.054500 0.097600 0.054800 0.040100 0.055300 0.040100 0.054500 0.013100 0.040600 0.046500 0.039700 0.040100 0.040100 0.054400 0.068600 0.040500 0.067200 0.054500 0.054100 0.040100 0.041400 0.013000 0.040600 0.068000 0.039700 0.054600 0.040500 0.054600 0.013100 0.039700 0.114400 0.039700 0.053800 0.041000 0.040300 0.054800 0.039700 0.000000 0.040700 0.068000 0.013100 0.013000 0.041000 0.067000 0.067000 0.054000 0.053300 0.040100 0.068700 0.054500
WhiteLippe 0.068200 0.131500 0.069800 0.114200 0.070300 0.054700 0.070800 0.054700 0.069800 0.026700 0.055400 0.070400 0.054200 0.054700 0.054700 0.069600 0.084400 0.055200 0.082700 0.069800 0.069200 0.054700 0.000000 0.026600 0.055400 0.083700 0.054200 0.070000 0.055200 0.070000 0.026700 0.054200 0.132400 0.054200 0.068800 0.056000 0.054900 0.070300 0.054200 0.040700 0.000000 0.083700 0.026700 0.026600 0.056000 0.082400 0.082300 0.069200 0.068200 0.054700 0.084600 0.069800
ThomsonGaz 0.012800 0.091500 0.045400 0.059000 0.039800 0.026200 0.040300 0.026200 0.045400 0.053200 0.026400 0.040300 0.030200 0.026200 0.026200 0.039900 0.053500 0.026300 0.059200 0.045400 0.039600 0.026200 0.084300 0.053100 0.026400 0.000000 0.030200 0.040100 0.030200 0.040100 0.053200 0.030200 0.067300 0.030200 0.039500 0.026600 0.026200 0.039800 0.030200 0.068000 0.083700 0.000000 0.053200 0.053100 0.026600 0.025700 0.025700 0.039800 0.012800 0.026200 0.061100 0.045400
MuntiacusC 0.039300 0.096600 0.040000 0.081900 0.040100 0.026300 0.040500 0.026300 0.040000 0.000000 0.026500 0.040400 0.026000 0.026300 0.026300 0.040000 0.053800 0.026500 0.052800 0.040000 0.039900 0.026300 0.027000 0.000000 0.026500 0.053200 0.026000 0.040100 0.026400 0.040100 0.000000 0.026000 0.097200 0.026000 0.039600 0.026700 0.026300 0.040100 0.026000 0.013100 0.026700 0.053200 0.000000 0.000000 0.026700 0.052800 0.052700 0.039900 0.039300 0.026300 0.053900 0.040000
WhiteTaile 0.039100 0.097000 0.039900 0.081600 0.040100 0.026100 0.040400 0.026100 0.039900 0.000000 0.026400 0.040300 0.025900 0.026100 0.026100 0.039900 0.053700 0.026400 0.052600 0.039900 0.039600 0.026100 0.026900 0.000000 0.026400 0.053100 0.025900 0.040000 0.026400 0.040000 0.000000 0.025900 0.097700 0.025900 0.039400 0.026700 0.026200 0.040100 0.025900 0.013000 0.026600 0.053100 0.000000 0.000000 0.026700 0.052500 0.052400 0.039600 0.039100 0.026100 0.053700 0.039900
Cattle 0.013100 0.057400 0.013400 0.054700 0.013400 0.000100 0.013500 0.000100 0.013400 0.026700 0.000100 0.013500 0.000100 0.000100 0.000100 0.013300 0.026900 0.000100 0.026400 0.013400 0.013300 0.000100 0.056400 0.026700 0.000100 0.026600 0.000100 0.013400 0.000100 0.013400 0.026700 0.000100 0.069200 0.000100 0.013300 0.000000 0.000200 0.013400 0.000100 0.041000 0.056000 0.026600 0.026700 0.026700 0.000000 0.026500 0.026400 0.013300 0.013100 0.000100 0.026900 0.013400
RoyalAntel 0.012700 0.095900 0.039500 0.052800 0.039700 0.025900 0.040100 0.025900 0.039500 0.052800 0.026200 0.039900 0.038700 0.025900 0.025900 0.039500 0.053200 0.026200 0.052100 0.039500 0.039300 0.025900 0.083900 0.052500 0.026200 0.025700 0.038700 0.039700 0.026100 0.039700 0.052800 0.025700 0.067300 0.038700 0.039100 0.026500 0.026000 0.039700 0.025700 0.067000 0.082400 0.025700 0.052800 0.052500 0.026500 0.000000 0.025500 0.039300 0.012700 0.025900 0.053200 0.039500
Steenbok 0.012700 0.095700 0.039500 0.052700 0.039600 0.025900 0.040000 0.025900 0.039500 0.052700 0.026200 0.039900 0.038600 0.025900 0.025900 0.039500 0.026100 0.026100 0.052000 0.039500 0.039300 0.025900 0.083800 0.052400 0.026200 0.025700 0.038600 0.039600 0.026100 0.039600 0.052700 0.025600 0.067000 0.038600 0.039000 0.026400 0.026000 0.039600 0.025600 0.067000 0.082300 0.025700 0.052700 0.052400 0.026400 0.025500 0.000000 0.039300 0.012700 0.025900 0.053100 0.039500
Impala 0.026000 0.083100 0.026600 0.068000 0.026600 0.013000 0.026900 0.013000 0.026600 0.039900 0.013200 0.026800 0.012900 0.013000 0.013000 0.026500 0.040200 0.013200 0.039300 0.026600 0.026400 0.013000 0.070500 0.039600 0.013200 0.039800 0.012900 0.026600 0.013200 0.026600 0.039900 0.012900 0.083500 0.012900 0.026200 0.013300 0.013100 0.026600 0.012900 0.054000 0.069200 0.039800 0.039900 0.039600 0.013300 0.039300 0.039300 0.000000 0.026000 0.013000 0.040200 0.026600
Klipspring 0.000000 0.081700 0.026200 0.039300 0.026300 0.012900 0.026500 0.012900 0.026200 0.039300 0.013000 0.026500 0.025600 0.012900 0.012900 0.026200 0.039600 0.013000 0.038800 0.026200 0.026000 0.012900 0.069400 0.039100 0.013000 0.012800 0.025600 0.026300 0.013000 0.026300 0.039300 0.012800 0.053500 0.025600 0.025900 0.013100 0.012900 0.026300 0.012800 0.053300 0.068200 0.012800 0.039300 0.039100 0.013100 0.012700 0.012700 0.026000 0.000000 0.012900 0.039700 0.026200
ForestMusk 0.012900 0.068300 0.013100 0.053700 0.013200 0.000000 0.013300 0.000000 0.013100 0.026300 0.000000 0.013300 0.000000 0.000000 0.000000 0.013100 0.026500 0.000000 0.026000 0.013100 0.013100 0.000000 0.055600 0.026100 0.000000 0.026200 0.000000 0.013200 0.000100 0.013200 0.026300 0.000000 0.068600 0.000000 0.013000 0.000100 0.000100 0.013200 0.000000 0.040100 0.054700 0.026200 0.026300 0.026100 0.000100 0.025900 0.025900 0.013000 0.012900 0.000000 0.026500 0.013100
Bushbuck 0.039700 0.098800 0.013100 0.082800 0.040300 0.026500 0.040900 0.026500 0.013100 0.053900 0.026600 0.040700 0.026200 0.026500 0.026500 0.040200 0.054200 0.026700 0.026000 0.013100 0.040000 0.026500 0.085500 0.053700 0.026600 0.061100 0.026200 0.013200 0.026600 0.013200 0.053900 0.026200 0.098000 0.026200 0.040000 0.026900 0.026500 0.040300 0.026200 0.068700 0.084600 0.061100 0.053900 0.053700 0.026900 0.053200 0.053100 0.040200 0.039700 0.026500 0.000000 0.013100
GreaterKud 0.026200 0.083800 0.000000 0.068400 0.026700 0.013100 0.027000 0.013100 0.000000 0.040000 0.013300 0.026900 0.013000 0.013100 0.013100 0.026600 0.040300 0.013200 0.012900 0.000000 0.026400 0.013100 0.070500 0.039900 0.013300 0.045400 0.013000 0.000000 0.013200 0.000000 0.040000 0.013000 0.083100 0.013000 0.026400 0.013400 0.013100 0.026700 0.013000 0.054500 0.069800 0.045400 0.040000 0.039900 0.013400 0.039500 0.039500 0.026600 0.026200 0.013100 0.013100 0.000000
