1
52 1
Argali 0.000000 0.147600 0.023400 0.110600 0.000100 0.000100 0.031800 0.023300 0.022700 0.023800 0.000100 0.023400 0.023600 0.034100 0.047900 0.000100 0.073000 0.023400 0.023400 0.023400 0.000100 0.049400 0.000100 0.000100 0.000100 0.000100 0.023600 0.023400 0.023800 0.022800 0.023800 0.031200 0.047400 0.023600 0.023400 0.000000 0.000000 0.000100 0.023900 0.000000 0.000100 0.048300 0.048000 0.000100 0.000000 0.023500 0.000000 0.048300 0.000100 0.046000 0.047200 0.023600
LesserMous 0.147600 0.000000 0.173800 0.259100 0.147600 0.149000 0.198300 0.173800 0.174000 0.176200 0.147600 0.173900 0.174800 0.198400 0.204100 0.147400 0.175600 0.120000 0.174100 0.174000 0.149000 0.210700 0.147400 0.147400 0.147600 0.147400 0.174800 0.174000 0.175600 0.174000 0.176200 0.202600 0.145600 0.174800 0.120000 0.147600 0.147600 0.124000 0.176700 0.147600 0.147400 0.147300 0.202700 0.146500 0.147600 0.174900 0.147600 0.205200 0.146700 0.195900 0.145600 0.174300
LesserKudu 0.023400 0.173800 0.000000 0.138200 0.023400 0.023700 0.024300 0.000100 0.000100 0.039900 0.023500 0.047300 0.047700 0.024300 0.072500 0.023300 0.098200 0.047200 0.047200 0.000100 0.023700 0.074700 0.023500 0.023500 0.023500 0.022600 0.047700 0.000100 0.047900 0.000100 0.039900 0.024700 0.071500 0.047700 0.047200 0.023400 0.023400 0.024100 0.048100 0.023400 0.023500 0.072700 0.072400 0.023400 0.023400 0.047400 0.023400 0.073100 0.023200 0.069400 0.022900 0.000100
KillerWhal 0.110600 0.259100 0.138200 0.000000 0.109800 0.112600 0.124900 0.139000 0.139200 0.140700 0.112600 0.139100 0.139100 0.126300 0.171400 0.109800 0.109300 0.139000 0.102300 0.139200 0.112600 0.113100 0.110000 0.110000 0.112600 0.109800 0.139100 0.139200 0.139900 0.139200 0.140700 0.129300 0.170200 0.139100 0.139000 0.110600 0.110600 0.115600 0.142100 0.110600 0.110000 0.172300 0.169500 0.108400 0.110600 0.110200 0.110600 0.173400 0.110300 0.161500 0.168200 0.138800
DefassaWat 0.000100 0.147600 0.023400 0.109800 0.000000 0.000100 0.030000 0.023300 0.023400 0.023800 0.000100 0.023500 0.023500 0.031400 0.047900 0.000100 0.073100 0.023500 0.023400 0.023400 0.000100 0.049500 0.000100 0.000100 0.000100 0.000100 0.023500 0.023400 0.023700 0.023400 0.023800 0.029800 0.047300 0.023500 0.023500 0.000100 0.000100 0.000100 0.023900 0.000100 0.000100 0.048200 0.047900 0.000200 0.000100 0.023500 0.000100 0.048400 0.000100 0.045800 0.047200 0.023600
Sheep 0.000100 0.149000 0.023700 0.112600 0.000100 0.000000 0.030900 0.023600 0.023800 0.024100 0.000100 0.023800 0.023900 0.032300 0.048600 0.000100 0.074100 0.023800 0.023800 0.023800 0.000000 0.050300 0.000100 0.000100 0.000100 0.000100 0.023900 0.023800 0.024100 0.023800 0.024100 0.030700 0.047900 0.023900 0.023800 0.000100 0.000100 0.000200 0.024300 0.000100 0.000100 0.049000 0.048500 0.000200 0.000100 0.023900 0.000100 0.049100 0.000100 0.046500 0.047900 0.023900
MaxwellsDu 0.031800 0.198300 0.024300 0.124900 0.030000 0.030900 0.000000 0.024200 0.024300 0.035600 0.030700 0.061200 0.059700 0.000100 0.091600 0.030000 0.120700 0.061000 0.061600 0.024300 0.030900 0.093900 0.030700 0.030700 0.030700 0.030000 0.059700 0.024300 0.058700 0.024300 0.035600 0.000200 0.085400 0.059700 0.061000 0.031800 0.031800 0.030400 0.062500 0.031800 0.030700 0.059700 0.076700 0.029600 0.031800 0.061600 0.031800 0.062100 0.030000 0.082800 0.049100 0.024500
GazellaPrz 0.023300 0.173800 0.000100 0.139000 0.023300 0.023600 0.024200 0.000000 0.000100 0.040000 0.023400 0.047100 0.047200 0.024200 0.072100 0.023300 0.097800 0.047000 0.047000 0.000100 0.023600 0.074400 0.023400 0.023400 0.023400 0.023300 0.047200 0.000100 0.047700 0.000100 0.040000 0.024500 0.071200 0.047200 0.047000 0.023300 0.023300 0.024000 0.047900 0.023300 0.023400 0.072600 0.072000 0.023300 0.023300 0.047200 0.023300 0.072800 0.023100 0.069200 0.022800 0.000100
MountainNy 0.022700 0.174000 0.000100 0.139200 0.023400 0.023800 0.024300 0.000100 0.000000 0.042500 0.023500 0.047200 0.047500 0.024300 0.072300 0.023400 0.098000 0.047100 0.047100 0.000000 0.023800 0.074600 0.023500 0.023500 0.023500 0.023400 0.047500 0.000000 0.048000 0.000000 0.042500 0.024700 0.071600 0.047500 0.047100 0.023400 0.023400 0.024200 0.048000 0.022500 0.023500 0.073100 0.072500 0.023400 0.022500 0.047300 0.023400 0.073000 0.023300 0.069700 0.022900 0.000100
MuntiacusM 0.023800 0.176200 0.039900 0.140700 0.023800 0.024100 0.035600 0.040000 0.042500 0.000000 0.023900 0.048100 0.048200 0.050600 0.073600 0.023800 0.099900 0.048000 0.048000 0.042500 0.024100 0.076000 0.023900 0.023900 0.023900 0.023800 0.048200 0.042500 0.048600 0.042500 0.000000 0.051500 0.072700 0.048200 0.048000 0.023800 0.023800 0.024500 0.048900 0.023800 0.023900 0.074100 0.023300 0.023700 0.023800 0.048200 0.023800 0.074300 0.023600 0.070500 0.069000 0.040600
goat 0.000100 0.147600 0.023500 0.112600 0.000100 0.000100 0.030700 0.023400 0.023500 0.023900 0.000000 0.023600 0.023600 0.032200 0.048100 0.000100 0.073400 0.023500 0.023500 0.023500 0.000100 0.049700 0.000100 0.000100 0.000000 0.000100 0.023600 0.023500 0.023800 0.023500 0.023900 0.030500 0.047500 0.023600 0.023500 0.000100 0.000100 0.000200 0.024000 0.000100 0.000100 0.048400 0.048000 0.000200 0.000100 0.023600 0.000100 0.048600 0.000100 0.046000 0.047400 0.023600
AfricanBuf 0.023400 0.173900 0.047300 0.139100 0.023500 0.023800 0.061200 0.047100 0.047200 0.048100 0.023600 0.000000 0.000100 0.063800 0.072600 0.023500 0.098400 0.046800 0.047300 0.044700 0.023800 0.074900 0.023600 0.023600 0.023600 0.023500 0.000100 0.047200 0.048100 0.047200 0.048100 0.060600 0.071800 0.000100 0.047300 0.023500 0.023500 0.024200 0.048200 0.023500 0.023600 0.073200 0.023500 0.023400 0.023500 0.047500 0.022600 0.073300 0.023400 0.069700 0.071500 0.047600
Topi 0.023600 0.174800 0.047700 0.139100 0.023500 0.023900 0.059700 0.047200 0.047500 0.048200 0.023600 0.000100 0.000000 0.061500 0.073100 0.023700 0.099200 0.047600 0.047600 0.047500 0.023900 0.075400 0.023600 0.023600 0.023600 0.023700 0.000000 0.047500 0.048400 0.047500 0.048200 0.059600 0.072000 0.000000 0.047600 0.023600 0.023600 0.024200 0.048500 0.023600 0.023600 0.073700 0.023600 0.023400 0.023600 0.047800 0.023600 0.073700 0.023400 0.069800 0.072000 0.047700
CommonDuik 0.034100 0.198400 0.024300 0.126300 0.031400 0.032300 0.000100 0.024200 0.024300 0.050600 0.032200 0.063800 0.061500 0.000000 0.094100 0.031400 0.123000 0.063600 0.064200 0.024300 0.032300 0.096500 0.032200 0.032200 0.032200 0.031400 0.061500 0.024300 0.060000 0.024300 0.050600 0.000100 0.086400 0.061500 0.063600 0.034100 0.034100 0.031400 0.065200 0.034100 0.032200 0.061500 0.091300 0.030600 0.034100 0.064200 0.034100 0.064700 0.031400 0.084000 0.049000 0.024500
Suni 0.047900 0.204100 0.072500 0.171400 0.047900 0.048600 0.091600 0.072100 0.072300 0.073600 0.048100 0.072600 0.073100 0.094100 0.000000 0.047900 0.125400 0.072300 0.072300 0.072300 0.048600 0.102400 0.048100 0.048100 0.048100 0.047900 0.073100 0.072300 0.073700 0.072300 0.073600 0.091300 0.097700 0.073100 0.072300 0.047900 0.047900 0.049400 0.073800 0.047900 0.048100 0.099800 0.099200 0.047800 0.047900 0.072600 0.047900 0.048200 0.047600 0.095000 0.097300 0.072900
Springbuck 0.000100 0.147400 0.023300 0.109800 0.000100 0.000100 0.030000 0.023300 0.023400 0.023800 0.000100 0.023500 0.023700 0.031400 0.047900 0.000000 0.073200 0.023500 0.023400 0.023400 0.000100 0.049500 0.000100 0.000100 0.000100 0.000000 0.023700 0.023400 0.023800 0.023400 0.023800 0.029800 0.047300 0.023700 0.023500 0.000100 0.000100 0.000200 0.023900 0.000100 0.000100 0.048100 0.047900 0.000200 0.000100 0.023500 0.000100 0.048400 0.000100 0.045800 0.047200 0.023600
Okapi 0.073000 0.175600 0.098200 0.109300 0.073100 0.074100 0.120700 0.097800 0.098000 0.099900 0.073400 0.098400 0.099200 0.123000 0.125400 0.073200 0.000000 0.047600 0.098100 0.098000 0.074100 0.074200 0.073300 0.073300 0.073400 0.073200 0.099200 0.098000 0.099800 0.098000 0.099900 0.121300 0.072200 0.099200 0.047600 0.073000 0.073000 0.075300 0.099900 0.073000 0.073300 0.126800 0.126000 0.072900 0.073000 0.047200 0.073000 0.126600 0.072700 0.120400 0.124000 0.098800
Giraffe 0.023400 0.120000 0.047200 0.139000 0.023500 0.023800 0.061000 0.047000 0.047100 0.048000 0.023500 0.046800 0.047600 0.063600 0.072300 0.023500 0.047600 0.000000 0.047100 0.047100 0.023800 0.074800 0.023500 0.023500 0.023500 0.023500 0.047600 0.047100 0.047900 0.047100 0.048000 0.060500 0.023200 0.047600 0.000000 0.023400 0.023400 0.024100 0.048000 0.023400 0.023500 0.073000 0.072500 0.023400 0.023400 0.047400 0.023400 0.072900 0.023300 0.069500 0.071400 0.047500
TibetanAnt 0.023400 0.174100 0.047200 0.102300 0.023400 0.023800 0.061600 0.047000 0.047100 0.048000 0.023500 0.047300 0.047600 0.064200 0.072300 0.023400 0.098100 0.047100 0.000000 0.047100 0.023800 0.074600 0.023500 0.023500 0.023500 0.023400 0.047600 0.047100 0.048000 0.047100 0.048000 0.061000 0.071600 0.047600 0.047100 0.023400 0.023400 0.024200 0.048100 0.023400 0.023500 0.073100 0.072500 0.023400 0.023400 0.047300 0.023400 0.073000 0.023300 0.069700 0.071300 0.047500
Sitatunga 0.023400 0.174000 0.000100 0.139200 0.023400 0.023800 0.024300 0.000100 0.000000 0.042500 0.023500 0.044700 0.047500 0.024300 0.072300 0.023400 0.098000 0.047100 0.047100 0.000000 0.023800 0.074600 0.023500 0.023500 0.023500 0.023400 0.047500 0.000000 0.048000 0.000000 0.042500 0.024700 0.071600 0.047500 0.047100 0.023400 0.023400 0.024200 0.048000 0.023400 0.023500 0.073100 0.072500 0.023400 0.023400 0.047300 0.023400 0.073000 0.023300 0.069700 0.022900 0.000100
Oribi 0.000100 0.149000 0.023700 0.112600 0.000100 0.000000 0.030900 0.023600 0.023800 0.024100 0.000100 0.023800 0.023900 0.032300 0.048600 0.000100 0.074100 0.023800 0.023800 0.023800 0.000000 0.050300 0.000100 0.000100 0.000100 0.000100 0.023900 0.023800 0.024100 0.023800 0.024100 0.030700 0.047900 0.023900 0.023800 0.000100 0.000100 0.000200 0.024300 0.000100 0.000100 0.049000 0.048500 0.000200 0.000100 0.023900 0.000100 0.049100 0.000100 0.046500 0.047900 0.023900
BarbaryShe 0.049400 0.210700 0.074700 0.113100 0.049500 0.050300 0.093900 0.074400 0.074600 0.076000 0.049700 0.074900 0.075400 0.096500 0.102400 0.049500 0.074200 0.074800 0.074600 0.074600 0.050300 0.000000 0.049700 0.049700 0.049700 0.049500 0.075400 0.074600 0.076100 0.074600 0.076000 0.093800 0.101000 0.075400 0.074800 0.049400 0.049400 0.051100 0.076200 0.049400 0.049700 0.103000 0.102200 0.049400 0.049400 0.048800 0.049400 0.103000 0.049200 0.097700 0.100400 0.075200
Daviddeer 0.000100 0.147400 0.023500 0.110000 0.000100 0.000100 0.030700 0.023400 0.023500 0.023900 0.000100 0.023600 0.023600 0.032200 0.048100 0.000100 0.073300 0.023500 0.023500 0.023500 0.000100 0.049700 0.000000 0.000000 0.000100 0.000100 0.023600 0.023500 0.023900 0.023500 0.023900 0.030500 0.047400 0.023600 0.023500 0.000100 0.000100 0.000200 0.024000 0.000100 0.000000 0.048400 0.047900 0.000100 0.000100 0.023600 0.000100 0.048600 0.000100 0.046000 0.047400 0.023600
Reindeer 0.000100 0.147400 0.023500 0.110000 0.000100 0.000100 0.030700 0.023400 0.023500 0.023900 0.000100 0.023600 0.023600 0.032200 0.048100 0.000100 0.073300 0.023500 0.023500 0.023500 0.000100 0.049700 0.000000 0.000000 0.000100 0.000100 0.023600 0.023500 0.023900 0.023500 0.023900 0.030500 0.047400 0.023600 0.023500 0.000100 0.000100 0.000200 0.024000 0.000100 0.000000 0.048400 0.047900 0.000100 0.000100 0.023600 0.000100 0.048600 0.000100 0.046000 0.047400 0.023600
Ibex 0.000100 0.147600 0.023500 0.112600 0.000100 0.000100 0.030700 0.023400 0.023500 0.023900 0.000000 0.023600 0.023600 0.032200 0.048100 0.000100 0.073400 0.023500 0.023500 0.023500 0.000100 0.049700 0.000100 0.000100 0.000000 0.000100 0.023600 0.023500 0.023800 0.023500 0.023900 0.030500 0.047500 0.023600 0.023500 0.000100 0.000100 0.000200 0.024000 0.000100 0.000100 0.048400 0.048000 0.000200 0.000100 0.023600 0.000100 0.048600 0.000100 0.046000 0.047400 0.023600
GyrantGaze 0.000100 0.147400 0.022600 0.109800 0.000100 0.000100 0.030000 0.023300 0.023400 0.023800 0.000100 0.023500 0.023700 0.031400 0.047900 0.000000 0.073200 0.023500 0.023400 0.023400 0.000100 0.049500 0.000100 0.000100 0.000100 0.000000 0.023700 0.023400 0.023800 0.023400 0.023800 0.029800 0.047300 0.023700 0.023500 0.000100 0.000100 0.000200 0.023900 0.000100 0.000100 0.048100 0.047900 0.000200 0.000100 0.023500 0.000100 0.048400 0.000100 0.045800 0.047200 0.023600
Hartebeest 0.023600 0.174800 0.047700 0.139100 0.023500 0.023900 0.059700 0.047200 0.047500 0.048200 0.023600 0.000100 0.000000 0.061500 0.073100 0.023700 0.099200 0.047600 0.047600 0.047500 0.023900 0.075400 0.023600 0.023600 0.023600 0.023700 0.000000 0.047500 0.048400 0.047500 0.048200 0.059600 0.072000 0.000000 0.047600 0.023600 0.023600 0.024200 0.048500 0.023600 0.023600 0.073700 0.023600 0.023400 0.023600 0.047800 0.023600 0.073700 0.023400 0.069800 0.072000 0.047700
Bongo 0.023400 0.174000 0.000100 0.139200 0.023400 0.023800 0.024300 0.000100 0.000000 0.042500 0.023500 0.047200 0.047500 0.024300 0.072300 0.023400 0.098000 0.047100 0.047100 0.000000 0.023800 0.074600 0.023500 0.023500 0.023500 0.023400 0.047500 0.000000 0.048000 0.000000 0.042500 0.024700 0.071600 0.047500 0.047100 0.023400 0.023400 0.024200 0.048000 0.022700 0.023500 0.073100 0.072500 0.023400 0.023400 0.047300 0.023400 0.073000 0.023300 0.069700 0.022900 0.000100
Gerenuk 0.023800 0.175600 0.047900 0.139900 0.023700 0.024100 0.058700 0.047700 0.048000 0.048600 0.023800 0.048100 0.048400 0.060000 0.073700 0.023800 0.099800 0.047900 0.048000 0.048000 0.024100 0.076100 0.023900 0.023900 0.023800 0.023800 0.048400 0.048000 0.000000 0.048000 0.048600 0.058800 0.072500 0.048400 0.047900 0.023800 0.023800 0.024500 0.049000 0.023800 0.023900 0.074300 0.073500 0.023700 0.023800 0.048200 0.023800 0.074500 0.023600 0.070300 0.072500 0.048200
CommonElan 0.022800 0.174000 0.000100 0.139200 0.023400 0.023800 0.024300 0.000100 0.000000 0.042500 0.023500 0.047200 0.047500 0.024300 0.072300 0.023400 0.098000 0.047100 0.047100 0.000000 0.023800 0.074600 0.023500 0.023500 0.023500 0.023400 0.047500 0.000000 0.048000 0.000000 0.042500 0.024700 0.071600 0.047500 0.047100 0.023400 0.023400 0.024200 0.048000 0.023400 0.023500 0.073100 0.072500 0.023400 0.022500 0.047300 0.023400 0.073000 0.023300 0.069700 0.022900 0.000100
MuntiacusR 0.023800 0.176200 0.039900 0.140700 0.023800 0.024100 0.035600 0.040000 0.042500 0.000000 0.023900 0.048100 0.048200 0.050600 0.073600 0.023800 0.099900 0.048000 0.048000 0.042500 0.024100 0.076000 0.023900 0.023900 0.023900 0.023800 0.048200 0.042500 0.048600 0.042500 0.000000 0.051500 0.072700 0.048200 0.048000 0.023800 0.023800 0.024500 0.048900 0.023800 0.023900 0.074100 0.023300 0.023700 0.023800 0.048200 0.023800 0.074300 0.023600 0.070500 0.069000 0.040600
HarveysDui 0.031200 0.202600 0.024700 0.129300 0.029800 0.030700 0.000200 0.024500 0.024700 0.051500 0.030500 0.060600 0.059600 0.000100 0.091300 0.029800 0.121300 0.060500 0.061000 0.024700 0.030700 0.093800 0.030500 0.030500 0.030500 0.029800 0.059600 0.024700 0.058800 0.024700 0.051500 0.000000 0.088200 0.059600 0.060500 0.031200 0.031200 0.030400 0.061800 0.031200 0.030500 0.059600 0.089700 0.029600 0.031200 0.061100 0.031200 0.061400 0.032300 0.083300 0.049800 0.024900
Pronghorn 0.047400 0.145600 0.071500 0.170200 0.047300 0.047900 0.085400 0.071200 0.071600 0.072700 0.047500 0.071800 0.072000 0.086400 0.097700 0.047300 0.072200 0.023200 0.071600 0.071600 0.047900 0.101000 0.047400 0.047400 0.047500 0.047300 0.072000 0.071600 0.072500 0.071600 0.072700 0.088200 0.000000 0.072000 0.023200 0.047400 0.047400 0.048700 0.072900 0.047400 0.047400 0.098300 0.097600 0.047200 0.047400 0.071900 0.047400 0.098500 0.047000 0.093500 0.096300 0.071900
BlueWildeb 0.023600 0.174800 0.047700 0.139100 0.023500 0.023900 0.059700 0.047200 0.047500 0.048200 0.023600 0.000100 0.000000 0.061500 0.073100 0.023700 0.099200 0.047600 0.047600 0.047500 0.023900 0.075400 0.023600 0.023600 0.023600 0.023700 0.000000 0.047500 0.048400 0.047500 0.048200 0.059600 0.072000 0.000000 0.047600 0.023600 0.023600 0.024200 0.048500 0.023600 0.023600 0.073700 0.023600 0.023400 0.023600 0.047800 0.023600 0.073700 0.023400 0.069800 0.072000 0.047700
Gemsbok 0.023400 0.120000 0.047200 0.139000 0.023500 0.023800 0.061000 0.047000 0.047100 0.048000 0.023500 0.047300 0.047600 0.063600 0.072300 0.023500 0.047600 0.000000 0.047100 0.047100 0.023800 0.074800 0.023500 0.023500 0.023500 0.023500 0.047600 0.047100 0.047900 0.047100 0.048000 0.060500 0.023200 0.047600 0.000000 0.023400 0.023400 0.024100 0.048000 0.023400 0.023500 0.073000 0.072500 0.023400 0.023400 0.047400 0.023400 0.072900 0.023300 0.069500 0.071400 0.047500
Yak 0.000000 0.147600 0.023400 0.110600 0.000100 0.000100 0.031800 0.023300 0.023400 0.023800 0.000100 0.023500 0.023600 0.034100 0.047900 0.000100 0.073000 0.023400 0.023400 0.023400 0.000100 0.049400 0.000100 0.000100 0.000100 0.000100 0.023600 0.023400 0.023800 0.023400 0.023800 0.031200 0.047400 0.023600 0.023400 0.000000 0.000000 0.000100 0.023900 0.000000 0.000100 0.048300 0.048000 0.000100 0.000000 0.023500 0.000000 0.048300 0.000100 0.046000 0.047200 0.023600
BlueSheep 0.000000 0.147600 0.023400 0.110600 0.000100 0.000100 0.031800 0.023300 0.023400 0.023800 0.000100 0.023500 0.023600 0.034100 0.047900 0.000100 0.073000 0.023400 0.023400 0.023400 0.000100 0.049400 0.000100 0.000100 0.000100 0.000100 0.023600 0.023400 0.023800 0.023400 0.023800 0.031200 0.047400 0.023600 0.023400 0.000000 0.000000 0.000100 0.023900 0.000000 0.000100 0.048300 0.048000 0.000100 0.000000 0.023500 0.000000 0.048300 0.000100 0.046000 0.047200 0.023600
BohorReedb 0.000100 0.124000 0.024100 0.115600 0.000100 0.000200 0.030400 0.024000 0.024200 0.024500 0.000200 0.024200 0.024200 0.031400 0.049400 0.000200 0.075300 0.024100 0.024200 0.024200 0.000200 0.051100 0.000200 0.000200 0.000200 0.000200 0.024200 0.024200 0.024500 0.024200 0.024500 0.030400 0.048700 0.024200 0.024100 0.000100 0.000100 0.000000 0.024600 0.000100 0.000200 0.049800 0.049300 0.000300 0.000100 0.024200 0.000100 0.050000 0.000200 0.047000 0.048600 0.024300
KirksDik 0.023900 0.176700 0.048100 0.142100 0.023900 0.024300 0.062500 0.047900 0.048000 0.048900 0.024000 0.048200 0.048500 0.065200 0.073800 0.023900 0.099900 0.048000 0.048100 0.048000 0.024300 0.076200 0.024000 0.024000 0.024000 0.023900 0.048500 0.048000 0.049000 0.048000 0.048900 0.061800 0.072900 0.048500 0.048000 0.023900 0.023900 0.024600 0.000000 0.023900 0.024000 0.074600 0.073900 0.023900 0.023900 0.048200 0.022900 0.074600 0.023800 0.070900 0.072600 0.048400
RoeDeer 0.000000 0.147600 0.023400 0.110600 0.000100 0.000100 0.031800 0.023300 0.022500 0.023800 0.000100 0.023500 0.023600 0.034100 0.047900 0.000100 0.073000 0.023400 0.023400 0.023400 0.000100 0.049400 0.000100 0.000100 0.000100 0.000100 0.023600 0.022700 0.023800 0.023400 0.023800 0.031200 0.047400 0.023600 0.023400 0.000000 0.000000 0.000100 0.023900 0.000000 0.000100 0.048300 0.048000 0.000100 0.000000 0.023500 0.000000 0.048300 0.000100 0.046000 0.047200 0.023600
WhiteLippe 0.000100 0.147400 0.023500 0.110000 0.000100 0.000100 0.030700 0.023400 0.023500 0.023900 0.000100 0.023600 0.023600 0.032200 0.048100 0.000100 0.073300 0.023500 0.023500 0.023500 0.000100 0.049700 0.000000 0.000000 0.000100 0.000100 0.023600 0.023500 0.023900 0.023500 0.023900 0.030500 0.047400 0.023600 0.023500 0.000100 0.000100 0.000200 0.024000 0.000100 0.000000 0.048400 0.047900 0.000100 0.000100 0.023600 0.000100 0.048600 0.000100 0.046000 0.047400 0.023600
ThomsonGaz 0.048300 0.147300 0.072700 0.172300 0.048200 0.049000 0.059700 0.072600 0.073100 0.074100 0.048400 0.073200 0.073700 0.061500 0.099800 0.048100 0.126800 0.073000 0.073100 0.073100 0.049000 0.103000 0.048400 0.048400 0.048400 0.048100 0.073700 0.073100 0.074300 0.073100 0.074100 0.059600 0.098300 0.073700 0.073000 0.048300 0.048300 0.049800 0.074600 0.048300 0.048400 0.000000 0.099600 0.048200 0.048300 0.073300 0.048300 0.048500 0.047900 0.095600 0.098200 0.073400
MuntiacusC 0.048000 0.202700 0.072400 0.169500 0.047900 0.048500 0.076700 0.072000 0.072500 0.023300 0.048000 0.023500 0.023600 0.091300 0.099200 0.047900 0.126000 0.072500 0.072500 0.072500 0.048500 0.102200 0.047900 0.047900 0.048000 0.047900 0.023600 0.072500 0.073500 0.072500 0.023300 0.089700 0.097600 0.023600 0.072500 0.048000 0.048000 0.049300 0.073900 0.048000 0.047900 0.099600 0.000000 0.047800 0.048000 0.072800 0.048000 0.100000 0.047600 0.094800 0.097500 0.072800
WhiteTaile 0.000100 0.146500 0.023400 0.108400 0.000200 0.000200 0.029600 0.023300 0.023400 0.023700 0.000200 0.023400 0.023400 0.030600 0.047800 0.000200 0.072900 0.023400 0.023400 0.023400 0.000200 0.049400 0.000100 0.000100 0.000200 0.000200 0.023400 0.023400 0.023700 0.023400 0.023700 0.029600 0.047200 0.023400 0.023400 0.000100 0.000100 0.000300 0.023900 0.000100 0.000100 0.048200 0.047800 0.000000 0.000100 0.023500 0.000100 0.048300 0.000200 0.045700 0.047100 0.023500
Cattle 0.000000 0.147600 0.023400 0.110600 0.000100 0.000100 0.031800 0.023300 0.022500 0.023800 0.000100 0.023500 0.023600 0.034100 0.047900 0.000100 0.073000 0.023400 0.023400 0.023400 0.000100 0.049400 0.000100 0.000100 0.000100 0.000100 0.023600 0.023400 0.023800 0.022500 0.023800 0.031200 0.047400 0.023600 0.023400 0.000000 0.000000 0.000100 0.023900 0.000000 0.000100 0.048300 0.048000 0.000100 0.000000 0.023500 0.000000 0.048300 0.000100 0.046000 0.044100 0.023600
RoyalAntel 0.023500 0.174900 0.047400 0.110200 0.023500 0.023900 0.061600 0.047200 0.047300 0.048200 0.023600 0.047500 0.047800 0.064200 0.072600 0.023500 0.047200 0.047400 0.047300 0.047300 0.023900 0.048800 0.023600 0.023600 0.023600 0.023500 0.047800 0.047300 0.048200 0.047300 0.048200 0.061100 0.071900 0.047800 0.047400 0.023500 0.023500 0.024200 0.048200 0.023500 0.023600 0.073300 0.072800 0.023500 0.023500 0.000000 0.023500 0.073200 0.023400 0.069800 0.071600 0.047700
Steenbok 0.000000 0.147600 0.023400 0.110600 0.000100 0.000100 0.031800 0.023300 0.023400 0.023800 0.000100 0.022600 0.023600 0.034100 0.047900 0.000100 0.073000 0.023400 0.023400 0.023400 0.000100 0.049400 0.000100 0.000100 0.000100 0.000100 0.023600 0.023400 0.023800 0.023400 0.023800 0.031200 0.047400 0.023600 0.023400 0.000000 0.000000 0.000100 0.022900 0.000000 0.000100 0.048300 0.048000 0.000100 0.000000 0.023500 0.000000 0.048300 0.000100 0.046000 0.047200 0.023600
Impala 0.048300 0.205200 0.073100 0.173400 0.048400 0.049100 0.062100 0.072800 0.073000 0.074300 0.048600 0.073300 0.073700 0.064700 0.048200 0.048400 0.126600 0.072900 0.073000 0.073000 0.049100 0.103000 0.048600 0.048600 0.048600 0.048400 0.073700 0.073000 0.074500 0.073000 0.074300 0.061400 0.098500 0.073700 0.072900 0.048300 0.048300 0.050000 0.074600 0.048300 0.048600 0.048500 0.100000 0.048300 0.048300 0.073200 0.048300 0.000000 0.048100 0.095900 0.098000 0.073600
Klipspring 0.000100 0.146700 0.023200 0.110300 0.000100 0.000100 0.030000 0.023100 0.023300 0.023600 0.000100 0.023400 0.023400 0.031400 0.047600 0.000100 0.072700 0.023300 0.023300 0.023300 0.000100 0.049200 0.000100 0.000100 0.000100 0.000100 0.023400 0.023300 0.023600 0.023300 0.023600 0.032300 0.047000 0.023400 0.023300 0.000100 0.000100 0.000200 0.023800 0.000100 0.000100 0.047900 0.047600 0.000200 0.000100 0.023400 0.000100 0.048100 0.000000 0.045500 0.046900 0.023400
ForestMusk 0.046000 0.195900 0.069400 0.161500 0.045800 0.046500 0.082800 0.069200 0.069700 0.070500 0.046000 0.069700 0.069800 0.084000 0.095000 0.045800 0.120400 0.069500 0.069700 0.069700 0.046500 0.097700 0.046000 0.046000 0.046000 0.045800 0.069800 0.069700 0.070300 0.069700 0.070500 0.083300 0.093500 0.069800 0.069500 0.046000 0.046000 0.047000 0.070900 0.046000 0.046000 0.095600 0.094800 0.045700 0.046000 0.069800 0.046000 0.095900 0.045500 0.000000 0.093900 0.070000
Bushbuck 0.047200 0.145600 0.022900 0.168200 0.047200 0.047900 0.049100 0.022800 0.022900 0.069000 0.047400 0.071500 0.072000 0.049000 0.097300 0.047200 0.124000 0.071400 0.071300 0.022900 0.047900 0.100400 0.047400 0.047400 0.047400 0.047200 0.072000 0.022900 0.072500 0.022900 0.069000 0.049800 0.096300 0.072000 0.071400 0.047200 0.047200 0.048600 0.072600 0.047200 0.047400 0.098200 0.097500 0.047100 0.044100 0.071600 0.047200 0.098000 0.046900 0.093900 0.000000 0.023100
GreaterKud 0.023600 0.174300 0.000100 0.138800 0.023600 0.023900 0.024500 0.000100 0.000100 0.040600 0.023600 0.047600 0.047700 0.024500 0.072900 0.023600 0.098800 0.047500 0.047500 0.000100 0.023900 0.075200 0.023600 0.023600 0.023600 0.023600 0.047700 0.000100 0.048200 0.000100 0.040600 0.024900 0.071900 0.047700 0.047500 0.023600 0.023600 0.024300 0.048400 0.023600 0.023600 0.073400 0.072800 0.023500 0.023600 0.047700 0.023600 0.073600 0.023400 0.070000 0.023100 0.000000
