1
52 1
Argali 0.000000 0.019500 0.005500 0.022300 0.002700 0.000000 0.005500 0.002800 0.002800 0.005500 0.000100 0.002800 0.000000 0.002800 0.002800 0.005500 0.005500 0.002700 0.000000 0.002800 0.002800 0.000000 0.002700 0.008200 0.000000 0.005500 0.000000 0.002700 0.005600 0.002800 0.005500 0.002700 0.002800 0.000100 0.000000 0.005500 0.000000 0.002700 0.002800 0.008200 0.000100 0.005600 0.005500 0.002700 0.005500 0.000100 0.002800 0.005500 0.000000 0.005500 0.002700 0.002700
LesserMous 0.019500 0.000000 0.019500 0.028000 0.016600 0.019500 0.019500 0.016800 0.016700 0.019300 0.019600 0.016800 0.019500 0.022500 0.016800 0.019700 0.019600 0.016600 0.019500 0.016700 0.016800 0.019500 0.016700 0.022100 0.019600 0.013900 0.019600 0.016700 0.014000 0.016700 0.019300 0.016700 0.016700 0.019600 0.019600 0.019500 0.019500 0.016700 0.016900 0.022200 0.019600 0.014000 0.019400 0.016600 0.019500 0.019500 0.016800 0.013900 0.019500 0.019600 0.016700 0.016700
LesserKudu 0.005500 0.019500 0.000000 0.022300 0.008300 0.005500 0.011100 0.008300 0.002800 0.005500 0.005500 0.002800 0.005500 0.002800 0.008300 0.011200 0.005600 0.002700 0.005500 0.002800 0.008300 0.005500 0.002700 0.008200 0.005500 0.011100 0.005500 0.002800 0.011200 0.002800 0.005500 0.008300 0.002800 0.005500 0.005500 0.005500 0.005500 0.008300 0.008400 0.008200 0.005500 0.011200 0.005500 0.002700 0.005500 0.005500 0.008400 0.011100 0.005500 0.005500 0.002800 0.002800
KillerWhal 0.022300 0.028000 0.022300 0.000000 0.022300 0.022300 0.028000 0.022500 0.019500 0.022100 0.022400 0.019600 0.022400 0.025400 0.022400 0.025400 0.022400 0.019400 0.022400 0.019500 0.022500 0.022400 0.019400 0.025000 0.022400 0.025300 0.022400 0.019500 0.025400 0.019500 0.022100 0.025200 0.019500 0.022400 0.022400 0.022300 0.022300 0.022300 0.022600 0.025000 0.022400 0.025400 0.022100 0.019400 0.022300 0.022400 0.022500 0.025300 0.022300 0.022400 0.019500 0.019500
DefassaWat 0.002700 0.016600 0.008300 0.022300 0.000000 0.002700 0.008300 0.000200 0.005500 0.008200 0.002800 0.005500 0.002800 0.005500 0.000100 0.002800 0.008300 0.005500 0.002800 0.005500 0.000100 0.002700 0.005500 0.010900 0.002800 0.002800 0.002800 0.005500 0.002800 0.005500 0.008200 0.005500 0.005500 0.002800 0.002800 0.008300 0.002700 0.000000 0.000100 0.011000 0.002800 0.002800 0.008200 0.005500 0.008300 0.002800 0.000100 0.002800 0.002700 0.008300 0.005500 0.005500
Sheep 0.000000 0.019500 0.005500 0.022300 0.002700 0.000000 0.005500 0.002800 0.002800 0.005500 0.000100 0.002800 0.000000 0.002800 0.002800 0.005500 0.005500 0.002700 0.000000 0.002800 0.002800 0.000000 0.002700 0.008200 0.000000 0.005500 0.000000 0.002700 0.005600 0.002800 0.005500 0.002700 0.002800 0.000100 0.000000 0.005500 0.000000 0.002700 0.002800 0.008200 0.000100 0.005600 0.005500 0.002700 0.005500 0.000100 0.002800 0.005500 0.000000 0.005500 0.002700 0.002700
MaxwellsDu 0.005500 0.019500 0.011100 0.028000 0.008300 0.005500 0.000000 0.008300 0.008300 0.011000 0.005500 0.008300 0.005500 0.008300 0.008300 0.011200 0.011100 0.008200 0.005500 0.008300 0.008300 0.005500 0.008300 0.008200 0.005500 0.011100 0.005500 0.008300 0.011200 0.008300 0.011000 0.008300 0.008300 0.005500 0.005500 0.011100 0.005500 0.008300 0.008400 0.013800 0.005500 0.011200 0.011000 0.008300 0.011100 0.005500 0.008400 0.005500 0.005500 0.011100 0.008300 0.008300
GazellaPrz 0.002800 0.016800 0.008300 0.022500 0.000200 0.002800 0.008300 0.000000 0.005600 0.008300 0.002800 0.005600 0.002800 0.005600 0.000100 0.002800 0.008400 0.005500 0.002800 0.005600 0.000000 0.002800 0.005500 0.011000 0.002800 0.002800 0.002800 0.005600 0.002800 0.005600 0.008300 0.005600 0.005600 0.002800 0.002800 0.008300 0.002800 0.000200 0.000100 0.011100 0.002800 0.002800 0.008300 0.005500 0.008300 0.002800 0.000000 0.002800 0.002800 0.008400 0.005600 0.005600
MountainNy 0.002800 0.016700 0.002800 0.019500 0.005500 0.002800 0.008300 0.005600 0.000000 0.002700 0.002800 0.000100 0.002800 0.005600 0.005600 0.008400 0.002800 0.000100 0.002800 0.000000 0.005600 0.002800 0.000100 0.005500 0.002800 0.008400 0.002800 0.000000 0.008400 0.000000 0.002700 0.005500 0.000100 0.002800 0.002800 0.002800 0.002800 0.005500 0.005600 0.005500 0.002800 0.008400 0.002700 0.000100 0.002800 0.002800 0.005600 0.008300 0.002800 0.002800 0.000000 0.000000
MuntiacusM 0.005500 0.019300 0.005500 0.022100 0.008200 0.005500 0.011000 0.008300 0.002700 0.000000 0.005500 0.002700 0.005500 0.008300 0.008300 0.011100 0.005500 0.002700 0.005500 0.002700 0.008300 0.005500 0.002700 0.008100 0.005500 0.011000 0.005500 0.002700 0.011100 0.002700 0.000000 0.008200 0.002700 0.005500 0.005500 0.005500 0.005500 0.008200 0.008300 0.008200 0.005500 0.011100 0.000000 0.002700 0.005500 0.005500 0.008300 0.011000 0.005500 0.005500 0.002700 0.002700
goat 0.000100 0.019600 0.005500 0.022400 0.002800 0.000100 0.005500 0.002800 0.002800 0.005500 0.000000 0.002800 0.000100 0.002800 0.002800 0.005600 0.005600 0.002700 0.000100 0.002800 0.002800 0.000100 0.002800 0.008200 0.000000 0.005600 0.000100 0.002800 0.005600 0.002800 0.005500 0.002800 0.002800 0.000100 0.000100 0.005500 0.000000 0.002800 0.002800 0.008300 0.000100 0.005600 0.005500 0.002800 0.005500 0.000100 0.002800 0.005600 0.000100 0.005600 0.002800 0.002800
AfricanBuf 0.002800 0.016800 0.002800 0.019600 0.005500 0.002800 0.008300 0.005600 0.000100 0.002700 0.002800 0.000000 0.002800 0.005600 0.005600 0.008400 0.002800 0.000100 0.002800 0.000100 0.005600 0.002800 0.000100 0.005500 0.002800 0.008400 0.002800 0.000100 0.008400 0.000100 0.002700 0.005600 0.000100 0.002800 0.002800 0.002800 0.002800 0.005500 0.005600 0.005500 0.002800 0.008400 0.002800 0.000100 0.002800 0.002800 0.005600 0.008400 0.002800 0.002800 0.000100 0.000000
Topi 0.000000 0.019500 0.005500 0.022400 0.002800 0.000000 0.005500 0.002800 0.002800 0.005500 0.000100 0.002800 0.000000 0.002800 0.002800 0.005600 0.005600 0.002700 0.000000 0.002800 0.002800 0.000000 0.002800 0.008200 0.000100 0.005600 0.000000 0.002800 0.005600 0.002800 0.005500 0.002800 0.002800 0.000000 0.000000 0.005500 0.000000 0.002800 0.002800 0.008300 0.000100 0.005600 0.005500 0.002700 0.005500 0.000000 0.002800 0.005500 0.000000 0.005600 0.002800 0.002800
CommonDuik 0.002800 0.022500 0.002800 0.025400 0.005500 0.002800 0.008300 0.005600 0.005600 0.008300 0.002800 0.005600 0.002800 0.000000 0.005600 0.008400 0.008400 0.005500 0.002800 0.005600 0.005600 0.002800 0.005500 0.011000 0.002800 0.008400 0.002800 0.005600 0.008400 0.005600 0.008300 0.005600 0.005600 0.002800 0.002800 0.008300 0.002800 0.005600 0.005600 0.011100 0.002800 0.008400 0.008300 0.005500 0.008300 0.002800 0.005600 0.008400 0.002800 0.008400 0.005600 0.005600
Suni 0.002800 0.016800 0.008300 0.022400 0.000100 0.002800 0.008300 0.000100 0.005600 0.008300 0.002800 0.005600 0.002800 0.005600 0.000000 0.002800 0.008400 0.005500 0.002800 0.005600 0.000100 0.002800 0.005500 0.011000 0.002800 0.002800 0.002800 0.005500 0.002800 0.005600 0.008300 0.005600 0.005600 0.002800 0.002800 0.008300 0.002800 0.000100 0.000100 0.011100 0.002800 0.002800 0.008300 0.005500 0.008300 0.002800 0.000000 0.002800 0.002800 0.008400 0.005500 0.005500
Springbuck 0.005500 0.019700 0.011200 0.025400 0.002800 0.005500 0.011200 0.002800 0.008400 0.011100 0.005600 0.008400 0.005600 0.008400 0.002800 0.000000 0.011200 0.008300 0.005600 0.008400 0.002800 0.005600 0.008300 0.013800 0.005600 0.005600 0.005600 0.008400 0.005600 0.008400 0.011100 0.008400 0.008400 0.005600 0.005600 0.011100 0.005600 0.002800 0.002800 0.013900 0.005600 0.005600 0.011100 0.008300 0.011100 0.005600 0.002800 0.005600 0.005600 0.011200 0.008400 0.008400
Okapi 0.005500 0.019600 0.005600 0.022400 0.008300 0.005500 0.011100 0.008400 0.002800 0.005500 0.005600 0.002800 0.005600 0.008400 0.008400 0.011200 0.000000 0.002800 0.005600 0.002800 0.008400 0.005600 0.002800 0.008200 0.005600 0.011200 0.005600 0.002800 0.011300 0.002800 0.005500 0.008400 0.002800 0.005600 0.005600 0.005500 0.005600 0.008300 0.008400 0.008300 0.005600 0.011200 0.005500 0.002800 0.005500 0.005600 0.008400 0.011200 0.005600 0.005600 0.002800 0.002800
Giraffe 0.002700 0.016600 0.002700 0.019400 0.005500 0.002700 0.008200 0.005500 0.000100 0.002700 0.002700 0.000100 0.002700 0.005500 0.005500 0.008300 0.002800 0.000000 0.002700 0.000100 0.005500 0.002700 0.000100 0.005400 0.002700 0.008300 0.002800 0.000100 0.008300 0.000100 0.002700 0.005500 0.000100 0.002700 0.002700 0.002700 0.002700 0.005500 0.005600 0.005500 0.002700 0.008300 0.002700 0.000100 0.002700 0.002700 0.005500 0.008300 0.002700 0.002800 0.000100 0.000100
TibetanAnt 0.000000 0.019500 0.005500 0.022400 0.002800 0.000000 0.005500 0.002800 0.002800 0.005500 0.000100 0.002800 0.000000 0.002800 0.002800 0.005600 0.005600 0.002700 0.000000 0.002800 0.002800 0.000100 0.002800 0.008200 0.000100 0.005600 0.000000 0.002800 0.005600 0.002800 0.005500 0.002800 0.002800 0.000100 0.000000 0.005500 0.000000 0.002800 0.002800 0.008300 0.000100 0.005600 0.005500 0.002700 0.005500 0.000100 0.002800 0.005500 0.000000 0.005600 0.002800 0.002800
Sitatunga 0.002800 0.016700 0.002800 0.019500 0.005500 0.002800 0.008300 0.005600 0.000000 0.002700 0.002800 0.000100 0.002800 0.005600 0.005600 0.008400 0.002800 0.000100 0.002800 0.000000 0.005600 0.002800 0.000100 0.005500 0.002800 0.008300 0.002800 0.000000 0.008400 0.000000 0.002700 0.005500 0.000100 0.002800 0.002800 0.002800 0.002800 0.005500 0.005600 0.005500 0.002800 0.008400 0.002700 0.000100 0.002800 0.002800 0.005600 0.008300 0.002800 0.002800 0.000000 0.000000
Oribi 0.002800 0.016800 0.008300 0.022500 0.000100 0.002800 0.008300 0.000000 0.005600 0.008300 0.002800 0.005600 0.002800 0.005600 0.000100 0.002800 0.008400 0.005500 0.002800 0.005600 0.000000 0.002800 0.005500 0.011000 0.002800 0.002800 0.002800 0.005500 0.002800 0.005600 0.008300 0.005600 0.005600 0.002800 0.002800 0.008300 0.002800 0.000100 0.000100 0.011100 0.002800 0.002800 0.008300 0.005500 0.008300 0.002800 0.000000 0.002800 0.002800 0.008400 0.005500 0.005600
BarbaryShe 0.000000 0.019500 0.005500 0.022400 0.002700 0.000000 0.005500 0.002800 0.002800 0.005500 0.000100 0.002800 0.000000 0.002800 0.002800 0.005600 0.005600 0.002700 0.000100 0.002800 0.002800 0.000000 0.002700 0.008200 0.000100 0.005500 0.000000 0.002800 0.005600 0.002800 0.005500 0.002800 0.002800 0.000100 0.000100 0.005500 0.000000 0.002800 0.002800 0.008300 0.000100 0.005600 0.005500 0.002700 0.005500 0.000100 0.002800 0.005500 0.000100 0.005500 0.002800 0.002800
Daviddeer 0.002700 0.016700 0.002700 0.019400 0.005500 0.002700 0.008300 0.005500 0.000100 0.002700 0.002800 0.000100 0.002800 0.005500 0.005500 0.008300 0.002800 0.000100 0.002800 0.000100 0.005500 0.002700 0.000000 0.005400 0.002800 0.008300 0.002800 0.000100 0.008400 0.000100 0.002700 0.005500 0.000100 0.002800 0.002800 0.002700 0.002700 0.005500 0.005600 0.005500 0.002800 0.008300 0.002700 0.000000 0.002700 0.002800 0.005500 0.008300 0.002700 0.002800 0.000100 0.000100
Reindeer 0.008200 0.022100 0.008200 0.025000 0.010900 0.008200 0.008200 0.011000 0.005500 0.008100 0.008200 0.005500 0.008200 0.011000 0.011000 0.013800 0.008200 0.005400 0.008200 0.005500 0.011000 0.008200 0.005400 0.000000 0.008200 0.013800 0.008200 0.005400 0.013900 0.005500 0.008100 0.011000 0.005500 0.008200 0.008200 0.008200 0.008200 0.010900 0.011100 0.010900 0.008200 0.013800 0.008100 0.005400 0.008200 0.008200 0.011000 0.013800 0.008200 0.008200 0.005400 0.005500
Ibex 0.000000 0.019600 0.005500 0.022400 0.002800 0.000000 0.005500 0.002800 0.002800 0.005500 0.000000 0.002800 0.000100 0.002800 0.002800 0.005600 0.005600 0.002700 0.000100 0.002800 0.002800 0.000100 0.002800 0.008200 0.000000 0.005600 0.000100 0.002800 0.005600 0.002800 0.005500 0.002800 0.002800 0.000100 0.000100 0.005500 0.000000 0.002800 0.002800 0.008300 0.000100 0.005600 0.005500 0.002800 0.005500 0.000100 0.002800 0.005600 0.000100 0.005600 0.002800 0.002800
GyrantGaze 0.005500 0.013900 0.011100 0.025300 0.002800 0.005500 0.011100 0.002800 0.008400 0.011000 0.005600 0.008400 0.005600 0.008400 0.002800 0.005600 0.011200 0.008300 0.005600 0.008300 0.002800 0.005500 0.008300 0.013800 0.005600 0.000000 0.005600 0.008300 0.000000 0.008300 0.011000 0.008300 0.008300 0.005600 0.005600 0.011100 0.005500 0.002800 0.002800 0.013900 0.005600 0.000000 0.011000 0.008300 0.011100 0.005600 0.002800 0.005600 0.005500 0.011200 0.008300 0.008300
Hartebeest 0.000000 0.019600 0.005500 0.022400 0.002800 0.000000 0.005500 0.002800 0.002800 0.005500 0.000100 0.002800 0.000000 0.002800 0.002800 0.005600 0.005600 0.002800 0.000000 0.002800 0.002800 0.000000 0.002800 0.008200 0.000100 0.005600 0.000000 0.002800 0.005600 0.002800 0.005500 0.002800 0.002800 0.000000 0.000000 0.005500 0.000100 0.002800 0.002800 0.008300 0.000100 0.005600 0.005500 0.002800 0.005500 0.000000 0.002800 0.005600 0.000000 0.005600 0.002800 0.002800
Bongo 0.002700 0.016700 0.002800 0.019500 0.005500 0.002700 0.008300 0.005600 0.000000 0.002700 0.002800 0.000100 0.002800 0.005600 0.005500 0.008400 0.002800 0.000100 0.002800 0.000000 0.005500 0.002800 0.000100 0.005400 0.002800 0.008300 0.002800 0.000000 0.008400 0.000000 0.002700 0.005500 0.000100 0.002800 0.002800 0.002700 0.002800 0.005500 0.005600 0.005500 0.002800 0.008400 0.002700 0.000100 0.002700 0.002800 0.005600 0.008300 0.002800 0.002800 0.000000 0.000000
Gerenuk 0.005600 0.014000 0.011200 0.025400 0.002800 0.005600 0.011200 0.002800 0.008400 0.011100 0.005600 0.008400 0.005600 0.008400 0.002800 0.005600 0.011300 0.008300 0.005600 0.008400 0.002800 0.005600 0.008400 0.013900 0.005600 0.000000 0.005600 0.008400 0.000000 0.008400 0.011100 0.008400 0.008400 0.005600 0.005600 0.011200 0.005600 0.002800 0.002800 0.014000 0.005600 0.000000 0.011100 0.008400 0.011200 0.005600 0.002800 0.005600 0.005600 0.011200 0.008400 0.008400
CommonElan 0.002800 0.016700 0.002800 0.019500 0.005500 0.002800 0.008300 0.005600 0.000000 0.002700 0.002800 0.000100 0.002800 0.005600 0.005600 0.008400 0.002800 0.000100 0.002800 0.000000 0.005600 0.002800 0.000100 0.005500 0.002800 0.008300 0.002800 0.000000 0.008400 0.000000 0.002700 0.005500 0.000100 0.002800 0.002800 0.002800 0.002800 0.005500 0.005600 0.005500 0.002800 0.008400 0.002700 0.000100 0.002800 0.002800 0.005600 0.008300 0.002800 0.002800 0.000000 0.000000
MuntiacusR 0.005500 0.019300 0.005500 0.022100 0.008200 0.005500 0.011000 0.008300 0.002700 0.000000 0.005500 0.002700 0.005500 0.008300 0.008300 0.011100 0.005500 0.002700 0.005500 0.002700 0.008300 0.005500 0.002700 0.008100 0.005500 0.011000 0.005500 0.002700 0.011100 0.002700 0.000000 0.008200 0.002700 0.005500 0.005500 0.005500 0.005500 0.008200 0.008300 0.008200 0.005500 0.011100 0.000000 0.002700 0.005500 0.005500 0.008300 0.011000 0.005500 0.005500 0.002700 0.002700
HarveysDui 0.002700 0.016700 0.008300 0.025200 0.005500 0.002700 0.008300 0.005600 0.005500 0.008200 0.002800 0.005600 0.002800 0.005600 0.005600 0.008400 0.008400 0.005500 0.002800 0.005500 0.005600 0.002800 0.005500 0.011000 0.002800 0.008300 0.002800 0.005500 0.008400 0.005500 0.008200 0.000000 0.005500 0.002800 0.002800 0.008300 0.002800 0.005500 0.005600 0.011000 0.002800 0.008400 0.008200 0.005500 0.008300 0.002800 0.005600 0.008300 0.002800 0.008300 0.005500 0.005500
Pronghorn 0.002800 0.016700 0.002800 0.019500 0.005500 0.002800 0.008300 0.005600 0.000100 0.002700 0.002800 0.000100 0.002800 0.005600 0.005600 0.008400 0.002800 0.000100 0.002800 0.000100 0.005600 0.002800 0.000100 0.005500 0.002800 0.008300 0.002800 0.000100 0.008400 0.000100 0.002700 0.005500 0.000000 0.002800 0.002800 0.002800 0.002800 0.005500 0.005600 0.005500 0.002800 0.008400 0.002700 0.000100 0.002800 0.002800 0.005600 0.008300 0.002800 0.002800 0.000100 0.000100
BlueWildeb 0.000100 0.019600 0.005500 0.022400 0.002800 0.000100 0.005500 0.002800 0.002800 0.005500 0.000100 0.002800 0.000000 0.002800 0.002800 0.005600 0.005600 0.002700 0.000100 0.002800 0.002800 0.000100 0.002800 0.008200 0.000100 0.005600 0.000000 0.002800 0.005600 0.002800 0.005500 0.002800 0.002800 0.000000 0.000000 0.005500 0.000000 0.002800 0.002800 0.008300 0.000100 0.005600 0.005500 0.002800 0.005500 0.000000 0.002800 0.005600 0.000100 0.005600 0.002800 0.002800
Gemsbok 0.000000 0.019600 0.005500 0.022400 0.002800 0.000000 0.005500 0.002800 0.002800 0.005500 0.000100 0.002800 0.000000 0.002800 0.002800 0.005600 0.005600 0.002700 0.000000 0.002800 0.002800 0.000100 0.002800 0.008200 0.000100 0.005600 0.000000 0.002800 0.005600 0.002800 0.005500 0.002800 0.002800 0.000000 0.000000 0.005500 0.000000 0.002800 0.002800 0.008300 0.000100 0.005600 0.005500 0.002700 0.005500 0.000000 0.002800 0.005500 0.000000 0.005600 0.002800 0.002800
Yak 0.005500 0.019500 0.005500 0.022300 0.008300 0.005500 0.011100 0.008300 0.002800 0.005500 0.005500 0.002800 0.005500 0.008300 0.008300 0.011100 0.005500 0.002700 0.005500 0.002800 0.008300 0.005500 0.002700 0.008200 0.005500 0.011100 0.005500 0.002700 0.011200 0.002800 0.005500 0.008300 0.002800 0.005500 0.005500 0.000000 0.005500 0.008300 0.008400 0.008200 0.005500 0.011200 0.005500 0.002700 0.000000 0.005500 0.008300 0.011100 0.005500 0.005500 0.002700 0.002800
BlueSheep 0.000000 0.019500 0.005500 0.022300 0.002700 0.000000 0.005500 0.002800 0.002800 0.005500 0.000000 0.002800 0.000000 0.002800 0.002800 0.005600 0.005600 0.002700 0.000000 0.002800 0.002800 0.000000 0.002700 0.008200 0.000000 0.005500 0.000100 0.002800 0.005600 0.002800 0.005500 0.002800 0.002800 0.000000 0.000000 0.005500 0.000000 0.002800 0.002800 0.008200 0.000100 0.005600 0.005500 0.002700 0.005500 0.000100 0.002800 0.005500 0.000100 0.005500 0.002800 0.002800
BohorReedb 0.002700 0.016700 0.008300 0.022300 0.000000 0.002700 0.008300 0.000200 0.005500 0.008200 0.002800 0.005500 0.002800 0.005600 0.000100 0.002800 0.008300 0.005500 0.002800 0.005500 0.000100 0.002800 0.005500 0.010900 0.002800 0.002800 0.002800 0.005500 0.002800 0.005500 0.008200 0.005500 0.005500 0.002800 0.002800 0.008300 0.002800 0.000000 0.000100 0.011000 0.002800 0.002800 0.008200 0.005500 0.008300 0.002800 0.000100 0.002800 0.002800 0.008300 0.005500 0.005500
KirksDik 0.002800 0.016900 0.008400 0.022600 0.000100 0.002800 0.008400 0.000100 0.005600 0.008300 0.002800 0.005600 0.002800 0.005600 0.000100 0.002800 0.008400 0.005600 0.002800 0.005600 0.000100 0.002800 0.005600 0.011100 0.002800 0.002800 0.002800 0.005600 0.002800 0.005600 0.008300 0.005600 0.005600 0.002800 0.002800 0.008400 0.002800 0.000100 0.000000 0.011100 0.002800 0.002800 0.008300 0.005600 0.008400 0.002800 0.000000 0.002800 0.002800 0.008400 0.005600 0.005600
RoeDeer 0.008200 0.022200 0.008200 0.025000 0.011000 0.008200 0.013800 0.011100 0.005500 0.008200 0.008300 0.005500 0.008300 0.011100 0.011100 0.013900 0.008300 0.005500 0.008300 0.005500 0.011100 0.008300 0.005500 0.010900 0.008300 0.013900 0.008300 0.005500 0.014000 0.005500 0.008200 0.011000 0.005500 0.008300 0.008300 0.008200 0.008200 0.011000 0.011100 0.000000 0.008300 0.013900 0.008200 0.005500 0.008200 0.008300 0.011100 0.013800 0.008200 0.008300 0.005500 0.005500
WhiteLippe 0.000100 0.019600 0.005500 0.022400 0.002800 0.000100 0.005500 0.002800 0.002800 0.005500 0.000100 0.002800 0.000100 0.002800 0.002800 0.005600 0.005600 0.002700 0.000100 0.002800 0.002800 0.000100 0.002800 0.008200 0.000100 0.005600 0.000100 0.002800 0.005600 0.002800 0.005500 0.002800 0.002800 0.000100 0.000100 0.005500 0.000100 0.002800 0.002800 0.008300 0.000000 0.005600 0.005500 0.002700 0.005500 0.000100 0.002800 0.005600 0.000100 0.005600 0.002800 0.002800
ThomsonGaz 0.005600 0.014000 0.011200 0.025400 0.002800 0.005600 0.011200 0.002800 0.008400 0.011100 0.005600 0.008400 0.005600 0.008400 0.002800 0.005600 0.011200 0.008300 0.005600 0.008400 0.002800 0.005600 0.008300 0.013800 0.005600 0.000000 0.005600 0.008400 0.000000 0.008400 0.011100 0.008400 0.008400 0.005600 0.005600 0.011200 0.005600 0.002800 0.002800 0.013900 0.005600 0.000000 0.011100 0.008300 0.011200 0.005600 0.002800 0.005600 0.005600 0.011200 0.008400 0.008400
MuntiacusC 0.005500 0.019400 0.005500 0.022100 0.008200 0.005500 0.011000 0.008300 0.002700 0.000000 0.005500 0.002800 0.005500 0.008300 0.008300 0.011100 0.005500 0.002700 0.005500 0.002700 0.008300 0.005500 0.002700 0.008100 0.005500 0.011000 0.005500 0.002700 0.011100 0.002700 0.000000 0.008200 0.002700 0.005500 0.005500 0.005500 0.005500 0.008200 0.008300 0.008200 0.005500 0.011100 0.000000 0.002700 0.005500 0.005500 0.008300 0.011000 0.005500 0.005500 0.002700 0.002700
WhiteTaile 0.002700 0.016600 0.002700 0.019400 0.005500 0.002700 0.008300 0.005500 0.000100 0.002700 0.002800 0.000100 0.002700 0.005500 0.005500 0.008300 0.002800 0.000100 0.002700 0.000100 0.005500 0.002700 0.000000 0.005400 0.002800 0.008300 0.002800 0.000100 0.008400 0.000100 0.002700 0.005500 0.000100 0.002800 0.002700 0.002700 0.002700 0.005500 0.005600 0.005500 0.002700 0.008300 0.002700 0.000000 0.002700 0.002700 0.005500 0.008300 0.002700 0.002800 0.000100 0.000100
Cattle 0.005500 0.019500 0.005500 0.022300 0.008300 0.005500 0.011100 0.008300 0.002800 0.005500 0.005500 0.002800 0.005500 0.008300 0.008300 0.011100 0.005500 0.002700 0.005500 0.002800 0.008300 0.005500 0.002700 0.008200 0.005500 0.011100 0.005500 0.002700 0.011200 0.002800 0.005500 0.008300 0.002800 0.005500 0.005500 0.000000 0.005500 0.008300 0.008400 0.008200 0.005500 0.011200 0.005500 0.002700 0.000000 0.005500 0.008300 0.011100 0.005500 0.005500 0.002700 0.002800
RoyalAntel 0.000100 0.019500 0.005500 0.022400 0.002800 0.000100 0.005500 0.002800 0.002800 0.005500 0.000100 0.002800 0.000000 0.002800 0.002800 0.005600 0.005600 0.002700 0.000100 0.002800 0.002800 0.000100 0.002800 0.008200 0.000100 0.005600 0.000000 0.002800 0.005600 0.002800 0.005500 0.002800 0.002800 0.000000 0.000000 0.005500 0.000100 0.002800 0.002800 0.008300 0.000100 0.005600 0.005500 0.002700 0.005500 0.000000 0.002800 0.005500 0.000100 0.005600 0.002800 0.002800
Steenbok 0.002800 0.016800 0.008400 0.022500 0.000100 0.002800 0.008400 0.000000 0.005600 0.008300 0.002800 0.005600 0.002800 0.005600 0.000000 0.002800 0.008400 0.005500 0.002800 0.005600 0.000000 0.002800 0.005500 0.011000 0.002800 0.002800 0.002800 0.005600 0.002800 0.005600 0.008300 0.005600 0.005600 0.002800 0.002800 0.008300 0.002800 0.000100 0.000000 0.011100 0.002800 0.002800 0.008300 0.005500 0.008300 0.002800 0.000000 0.002800 0.002800 0.008400 0.005600 0.005600
Impala 0.005500 0.013900 0.011100 0.025300 0.002800 0.005500 0.005500 0.002800 0.008300 0.011000 0.005600 0.008400 0.005500 0.008400 0.002800 0.005600 0.011200 0.008300 0.005500 0.008300 0.002800 0.005500 0.008300 0.013800 0.005600 0.005600 0.005600 0.008300 0.005600 0.008300 0.011000 0.008300 0.008300 0.005600 0.005500 0.011100 0.005500 0.002800 0.002800 0.013800 0.005600 0.005600 0.011000 0.008300 0.011100 0.005500 0.002800 0.000000 0.005500 0.011200 0.008300 0.008300
Klipspring 0.000000 0.019500 0.005500 0.022300 0.002700 0.000000 0.005500 0.002800 0.002800 0.005500 0.000100 0.002800 0.000000 0.002800 0.002800 0.005600 0.005600 0.002700 0.000000 0.002800 0.002800 0.000100 0.002700 0.008200 0.000100 0.005500 0.000000 0.002800 0.005600 0.002800 0.005500 0.002800 0.002800 0.000100 0.000000 0.005500 0.000100 0.002800 0.002800 0.008200 0.000100 0.005600 0.005500 0.002700 0.005500 0.000100 0.002800 0.005500 0.000000 0.005500 0.002800 0.002800
ForestMusk 0.005500 0.019600 0.005500 0.022400 0.008300 0.005500 0.011100 0.008400 0.002800 0.005500 0.005600 0.002800 0.005600 0.008400 0.008400 0.011200 0.005600 0.002800 0.005600 0.002800 0.008400 0.005500 0.002800 0.008200 0.005600 0.011200 0.005600 0.002800 0.011200 0.002800 0.005500 0.008300 0.002800 0.005600 0.005600 0.005500 0.005500 0.008300 0.008400 0.008300 0.005600 0.011200 0.005500 0.002800 0.005500 0.005600 0.008400 0.011200 0.005500 0.000000 0.002800 0.002800
Bushbuck 0.002700 0.016700 0.002800 0.019500 0.005500 0.002700 0.008300 0.005600 0.000000 0.002700 0.002800 0.000100 0.002800 0.005600 0.005500 0.008400 0.002800 0.000100 0.002800 0.000000 0.005500 0.002800 0.000100 0.005400 0.002800 0.008300 0.002800 0.000000 0.008400 0.000000 0.002700 0.005500 0.000100 0.002800 0.002800 0.002700 0.002800 0.005500 0.005600 0.005500 0.002800 0.008400 0.002700 0.000100 0.002700 0.002800 0.005600 0.008300 0.002800 0.002800 0.000000 0.000000
GreaterKud 0.002700 0.016700 0.002800 0.019500 0.005500 0.002700 0.008300 0.005600 0.000000 0.002700 0.002800 0.000000 0.002800 0.005600 0.005500 0.008400 0.002800 0.000100 0.002800 0.000000 0.005600 0.002800 0.000100 0.005500 0.002800 0.008300 0.002800 0.000000 0.008400 0.000000 0.002700 0.005500 0.000100 0.002800 0.002800 0.002800 0.002800 0.005500 0.005600 0.005500 0.002800 0.008400 0.002700 0.000100 0.002800 0.002800 0.005600 0.008300 0.002800 0.002800 0.000000 0.000000
