1
52 1
Argali 0.000000 0.014300 0.004700 0.009700 0.009400 0.004600 0.004600 0.004600 0.004600 0.004600 0.004600 0.004700 0.004600 0.004700 0.004700 0.004700 0.028700 0.024100 0.009400 0.004600 0.009300 0.004600 0.009300 0.004700 0.004600 0.004600 0.004600 0.004600 0.004700 0.004600 0.004600 0.004700 0.024000 0.004600 0.004700 0.004700 0.004600 0.028500 0.009300 0.004600 0.004700 0.004600 0.004600 0.004600 0.004600 0.009400 0.014900 0.004600 0.004600 0.009400 0.004700 0.004700
LesserMous 0.014300 0.000000 0.009600 0.014900 0.014400 0.009500 0.009500 0.009500 0.009500 0.009500 0.009500 0.009600 0.009500 0.009600 0.009600 0.009600 0.024300 0.029500 0.014400 0.009500 0.014300 0.009500 0.014400 0.009600 0.009500 0.009500 0.009500 0.009500 0.009600 0.009500 0.009500 0.009600 0.030300 0.009500 0.009600 0.009600 0.009500 0.034100 0.014400 0.009500 0.009600 0.009500 0.009500 0.009500 0.009500 0.014400 0.019200 0.009400 0.009500 0.014400 0.009500 0.009600
LesserKudu 0.004700 0.009600 0.000000 0.004900 0.004700 0.000100 0.000000 0.000100 0.000000 0.000100 0.000100 0.000100 0.000000 0.000100 0.000100 0.000100 0.024100 0.019400 0.004700 0.000000 0.004700 0.000100 0.004700 0.000100 0.000100 0.000100 0.000000 0.000000 0.000100 0.000100 0.000100 0.000100 0.019300 0.000000 0.000100 0.000100 0.000100 0.024000 0.004700 0.000100 0.000100 0.000100 0.000100 0.000100 0.000100 0.004700 0.009400 0.000100 0.000000 0.004700 0.000100 0.000000
KillerWhal 0.009700 0.014900 0.004900 0.000000 0.004900 0.004900 0.004900 0.004900 0.004900 0.004900 0.004900 0.004900 0.004900 0.004900 0.004900 0.004900 0.030000 0.025100 0.009800 0.004900 0.009700 0.004800 0.009800 0.004900 0.004900 0.004900 0.004900 0.004900 0.004900 0.004900 0.004900 0.004900 0.025000 0.004900 0.004900 0.004900 0.004900 0.024800 0.009800 0.004900 0.004900 0.004900 0.004900 0.004900 0.004900 0.009800 0.014700 0.004800 0.004900 0.009800 0.004900 0.004900
DefassaWat 0.009400 0.014400 0.004700 0.004900 0.000000 0.004700 0.004700 0.004700 0.004700 0.004700 0.004700 0.004700 0.004700 0.004700 0.004700 0.004700 0.029100 0.024300 0.009500 0.004700 0.009400 0.004700 0.009400 0.004700 0.004700 0.004700 0.004700 0.004700 0.004700 0.004700 0.004700 0.004700 0.024200 0.004700 0.004700 0.004700 0.004700 0.019100 0.009400 0.004700 0.004700 0.004700 0.004700 0.004700 0.004700 0.009500 0.014200 0.004700 0.004700 0.009500 0.004700 0.004700
Sheep 0.004600 0.009500 0.000100 0.004900 0.004700 0.000000 0.000100 0.000100 0.000100 0.000100 0.000000 0.000100 0.000100 0.000100 0.000100 0.000100 0.024000 0.019300 0.004700 0.000100 0.004600 0.000100 0.004700 0.000100 0.000000 0.000100 0.000100 0.000100 0.000100 0.000100 0.000100 0.000100 0.019200 0.000100 0.000100 0.000100 0.000000 0.023800 0.004700 0.000100 0.000100 0.000100 0.000100 0.000100 0.000100 0.004700 0.009900 0.000100 0.000100 0.004700 0.000100 0.000100
MaxwellsDu 0.004600 0.009500 0.000000 0.004900 0.004700 0.000100 0.000000 0.000100 0.000000 0.000100 0.000100 0.000000 0.000000 0.000000 0.000000 0.000100 0.024000 0.019300 0.004700 0.000000 0.004600 0.000100 0.004700 0.000100 0.000100 0.000100 0.000000 0.000000 0.000100 0.000000 0.000100 0.000000 0.019200 0.000000 0.000100 0.000000 0.000100 0.023800 0.004700 0.000100 0.000100 0.000100 0.000100 0.000100 0.000000 0.004700 0.009400 0.000100 0.000000 0.004700 0.000000 0.000000
GazellaPrz 0.004600 0.009500 0.000100 0.004900 0.004700 0.000100 0.000100 0.000000 0.000100 0.000100 0.000100 0.000100 0.000100 0.000100 0.000100 0.000100 0.023900 0.019200 0.004700 0.000100 0.004600 0.000200 0.004700 0.000200 0.000100 0.000000 0.000100 0.000100 0.000100 0.000100 0.000100 0.000100 0.019100 0.000100 0.000100 0.000100 0.000200 0.023700 0.004700 0.000100 0.000200 0.000000 0.000100 0.000100 0.000100 0.004700 0.009300 0.000100 0.000100 0.004700 0.000100 0.000100
MountainNy 0.004600 0.009500 0.000000 0.004900 0.004700 0.000100 0.000000 0.000100 0.000000 0.000100 0.000100 0.000000 0.000000 0.000000 0.000000 0.000100 0.024000 0.019300 0.004700 0.000000 0.004600 0.000100 0.004700 0.000100 0.000100 0.000100 0.000000 0.000000 0.000100 0.000000 0.000100 0.000000 0.019200 0.000000 0.000100 0.000000 0.000100 0.023800 0.004700 0.000100 0.000100 0.000100 0.000100 0.000100 0.000000 0.004700 0.009400 0.000100 0.000000 0.004700 0.000000 0.000000
MuntiacusM 0.004600 0.009500 0.000100 0.004900 0.004700 0.000100 0.000100 0.000100 0.000100 0.000000 0.000100 0.000100 0.000100 0.000100 0.000100 0.000100 0.024000 0.019300 0.004700 0.000100 0.004600 0.000100 0.004700 0.000100 0.000100 0.000100 0.000100 0.000100 0.000100 0.000100 0.000000 0.000100 0.019200 0.000100 0.000100 0.000100 0.000100 0.023800 0.004700 0.000000 0.000100 0.000100 0.000000 0.000000 0.000100 0.004700 0.009400 0.000100 0.000100 0.004700 0.000100 0.000100
goat 0.004600 0.009500 0.000100 0.004900 0.004700 0.000000 0.000100 0.000100 0.000100 0.000100 0.000000 0.000100 0.000100 0.000100 0.000100 0.000100 0.023900 0.019200 0.004700 0.000100 0.004600 0.000000 0.004700 0.000100 0.000000 0.000100 0.000100 0.000100 0.000100 0.000100 0.000100 0.000100 0.019100 0.000100 0.000100 0.000100 0.000000 0.023700 0.004700 0.000100 0.000100 0.000100 0.000100 0.000100 0.000100 0.004700 0.010000 0.000100 0.000100 0.004700 0.000100 0.000100
AfricanBuf 0.004700 0.009600 0.000100 0.004900 0.004700 0.000100 0.000000 0.000100 0.000000 0.000100 0.000100 0.000000 0.000000 0.000100 0.000100 0.000100 0.024100 0.019400 0.004700 0.000000 0.004700 0.000100 0.004700 0.000100 0.000100 0.000100 0.000000 0.000000 0.000100 0.000100 0.000100 0.000100 0.019300 0.000000 0.000100 0.000000 0.000100 0.024000 0.004700 0.000100 0.000100 0.000100 0.000100 0.000100 0.000000 0.004700 0.009400 0.000100 0.000000 0.004700 0.000000 0.000100
Topi 0.004600 0.009500 0.000000 0.004900 0.004700 0.000100 0.000000 0.000100 0.000000 0.000100 0.000100 0.000000 0.000000 0.000000 0.000000 0.000100 0.024000 0.019300 0.004700 0.000000 0.004600 0.000100 0.004700 0.000100 0.000100 0.000100 0.000000 0.000000 0.000100 0.000000 0.000100 0.000000 0.019200 0.000000 0.000100 0.000000 0.000100 0.023800 0.004700 0.000100 0.000100 0.000100 0.000100 0.000100 0.000000 0.004700 0.009400 0.000100 0.000000 0.004700 0.000000 0.000000
CommonDuik 0.004700 0.009600 0.000100 0.004900 0.004700 0.000100 0.000000 0.000100 0.000000 0.000100 0.000100 0.000100 0.000000 0.000000 0.000000 0.000100 0.024100 0.019300 0.004700 0.000000 0.004700 0.000100 0.004700 0.000100 0.000100 0.000100 0.000000 0.000000 0.000100 0.000000 0.000100 0.000000 0.019300 0.000000 0.000100 0.000100 0.000100 0.023900 0.004700 0.000100 0.000100 0.000100 0.000100 0.000100 0.000100 0.004700 0.009400 0.000100 0.000000 0.004700 0.000000 0.000000
Suni 0.004700 0.009600 0.000100 0.004900 0.004700 0.000100 0.000000 0.000100 0.000000 0.000100 0.000100 0.000100 0.000000 0.000000 0.000000 0.000100 0.024000 0.019300 0.004700 0.000000 0.004700 0.000100 0.004700 0.000100 0.000100 0.000100 0.000000 0.000000 0.000100 0.000000 0.000100 0.000100 0.019200 0.000000 0.000100 0.000100 0.000100 0.023900 0.004700 0.000100 0.000100 0.000100 0.000100 0.000100 0.000100 0.004700 0.009400 0.000100 0.000000 0.004700 0.000000 0.000000
Springbuck 0.004700 0.009600 0.000100 0.004900 0.004700 0.000100 0.000100 0.000100 0.000100 0.000100 0.000100 0.000100 0.000100 0.000100 0.000100 0.000000 0.024100 0.019400 0.004700 0.000100 0.004700 0.000100 0.004700 0.000100 0.000100 0.000000 0.000100 0.000100 0.000000 0.000100 0.000100 0.000100 0.019300 0.000100 0.000100 0.000100 0.000100 0.023900 0.004700 0.000100 0.000200 0.000000 0.000100 0.000100 0.000100 0.004700 0.009400 0.000100 0.000100 0.004700 0.000100 0.000100
Okapi 0.028700 0.024300 0.024100 0.030000 0.029100 0.024000 0.024000 0.023900 0.024000 0.024000 0.023900 0.024100 0.024000 0.024100 0.024000 0.024100 0.000000 0.004800 0.029000 0.024000 0.028700 0.023900 0.028900 0.024100 0.024000 0.024000 0.024000 0.024000 0.024100 0.024000 0.023900 0.024100 0.026300 0.024000 0.024100 0.024000 0.024000 0.049100 0.028900 0.024000 0.024100 0.024000 0.023900 0.024000 0.024000 0.029000 0.033800 0.023700 0.024000 0.029100 0.024100 0.024100
Giraffe 0.024100 0.029500 0.019400 0.025100 0.024300 0.019300 0.019300 0.019200 0.019300 0.019300 0.019200 0.019400 0.019300 0.019300 0.019300 0.019400 0.004800 0.000000 0.024300 0.019300 0.024000 0.019200 0.024200 0.019300 0.019300 0.019200 0.019300 0.019300 0.019400 0.019300 0.019200 0.019400 0.019600 0.019300 0.019300 0.019300 0.019300 0.044400 0.024200 0.019300 0.019400 0.019200 0.019200 0.019300 0.019300 0.024300 0.029100 0.019100 0.019300 0.024300 0.019300 0.019300
TibetanAnt 0.009400 0.014400 0.004700 0.009800 0.009500 0.004700 0.004700 0.004700 0.004700 0.004700 0.004700 0.004700 0.004700 0.004700 0.004700 0.004700 0.029000 0.024300 0.000000 0.004700 0.009400 0.004700 0.009400 0.004700 0.004700 0.004700 0.004700 0.004700 0.004700 0.004700 0.004700 0.004700 0.024200 0.004700 0.004700 0.004700 0.004700 0.028800 0.009400 0.004700 0.004700 0.004700 0.004700 0.004700 0.004700 0.009500 0.014800 0.004600 0.004700 0.009500 0.004700 0.004700
Sitatunga 0.004600 0.009500 0.000000 0.004900 0.004700 0.000100 0.000000 0.000100 0.000000 0.000100 0.000100 0.000000 0.000000 0.000000 0.000000 0.000100 0.024000 0.019300 0.004700 0.000000 0.004600 0.000100 0.004700 0.000100 0.000100 0.000100 0.000000 0.000000 0.000100 0.000000 0.000100 0.000000 0.019200 0.000000 0.000100 0.000000 0.000100 0.023800 0.004700 0.000100 0.000100 0.000100 0.000100 0.000100 0.000000 0.004700 0.009400 0.000100 0.000000 0.004700 0.000000 0.000000
Oribi 0.009300 0.014300 0.004700 0.009700 0.009400 0.004600 0.004600 0.004600 0.004600 0.004600 0.004600 0.004700 0.004600 0.004700 0.004700 0.004700 0.028700 0.024000 0.009400 0.004600 0.000000 0.004600 0.009300 0.004700 0.004600 0.004600 0.004600 0.004600 0.004700 0.004600 0.004600 0.004700 0.024000 0.004600 0.004700 0.004700 0.004600 0.028500 0.009300 0.004600 0.004700 0.004600 0.004600 0.004600 0.004600 0.009400 0.014000 0.004600 0.004600 0.009400 0.004700 0.004700
BarbaryShe 0.004600 0.009500 0.000100 0.004800 0.004700 0.000100 0.000100 0.000200 0.000100 0.000100 0.000000 0.000100 0.000100 0.000100 0.000100 0.000100 0.023900 0.019200 0.004700 0.000100 0.004600 0.000000 0.004700 0.000100 0.000100 0.000200 0.000100 0.000100 0.000100 0.000100 0.000100 0.000100 0.019100 0.000100 0.000100 0.000100 0.000100 0.023700 0.004600 0.000100 0.000200 0.000200 0.000100 0.000100 0.000100 0.004700 0.009700 0.000200 0.000100 0.004700 0.000100 0.000100
Daviddeer 0.009300 0.014400 0.004700 0.009800 0.009400 0.004700 0.004700 0.004700 0.004700 0.004700 0.004700 0.004700 0.004700 0.004700 0.004700 0.004700 0.028900 0.024200 0.009400 0.004700 0.009300 0.004700 0.000000 0.004700 0.004700 0.004700 0.004700 0.004700 0.004700 0.004700 0.004700 0.004700 0.024100 0.004700 0.004700 0.004700 0.004700 0.028700 0.009400 0.004700 0.004700 0.004700 0.004700 0.004700 0.004700 0.009400 0.014100 0.004600 0.004700 0.009400 0.004700 0.004700
Reindeer 0.004700 0.009600 0.000100 0.004900 0.004700 0.000100 0.000100 0.000200 0.000100 0.000100 0.000100 0.000100 0.000100 0.000100 0.000100 0.000100 0.024100 0.019300 0.004700 0.000100 0.004700 0.000100 0.004700 0.000000 0.000100 0.000100 0.000100 0.000100 0.000100 0.000100 0.000000 0.000100 0.019300 0.000100 0.000100 0.000100 0.000100 0.023900 0.004700 0.000100 0.000100 0.000100 0.000000 0.000000 0.000100 0.004700 0.009400 0.000200 0.000100 0.004700 0.000100 0.000100
Ibex 0.004600 0.009500 0.000100 0.004900 0.004700 0.000000 0.000100 0.000100 0.000100 0.000100 0.000000 0.000100 0.000100 0.000100 0.000100 0.000100 0.024000 0.019300 0.004700 0.000100 0.004600 0.000100 0.004700 0.000100 0.000000 0.000100 0.000100 0.000100 0.000100 0.000100 0.000100 0.000100 0.019200 0.000100 0.000100 0.000100 0.000000 0.023800 0.004700 0.000100 0.000100 0.000100 0.000100 0.000100 0.000100 0.004700 0.009900 0.000100 0.000100 0.004700 0.000100 0.000100
GyrantGaze 0.004600 0.009500 0.000100 0.004900 0.004700 0.000100 0.000100 0.000000 0.000100 0.000100 0.000100 0.000100 0.000100 0.000100 0.000100 0.000000 0.024000 0.019200 0.004700 0.000100 0.004600 0.000200 0.004700 0.000100 0.000100 0.000000 0.000100 0.000100 0.000000 0.000100 0.000100 0.000100 0.019200 0.000100 0.000100 0.000100 0.000100 0.023800 0.004700 0.000100 0.000200 0.000000 0.000100 0.000100 0.000100 0.004700 0.009300 0.000100 0.000100 0.004700 0.000100 0.000100
Hartebeest 0.004600 0.009500 0.000000 0.004900 0.004700 0.000100 0.000000 0.000100 0.000000 0.000100 0.000100 0.000000 0.000000 0.000000 0.000000 0.000100 0.024000 0.019300 0.004700 0.000000 0.004600 0.000100 0.004700 0.000100 0.000100 0.000100 0.000000 0.000000 0.000100 0.000000 0.000100 0.000000 0.019200 0.000000 0.000100 0.000000 0.000100 0.023800 0.004700 0.000100 0.000100 0.000100 0.000100 0.000100 0.000000 0.004700 0.009400 0.000100 0.000000 0.004700 0.000000 0.000000
Bongo 0.004600 0.009500 0.000000 0.004900 0.004700 0.000100 0.000000 0.000100 0.000000 0.000100 0.000100 0.000000 0.000000 0.000000 0.000000 0.000100 0.024000 0.019300 0.004700 0.000000 0.004600 0.000100 0.004700 0.000100 0.000100 0.000100 0.000000 0.000000 0.000100 0.000000 0.000100 0.000000 0.019200 0.000000 0.000100 0.000000 0.000100 0.023800 0.004700 0.000100 0.000100 0.000100 0.000100 0.000100 0.000000 0.004700 0.009400 0.000100 0.000000 0.004700 0.000000 0.000000
Gerenuk 0.004700 0.009600 0.000100 0.004900 0.004700 0.000100 0.000100 0.000100 0.000100 0.000100 0.000100 0.000100 0.000100 0.000100 0.000100 0.000000 0.024100 0.019400 0.004700 0.000100 0.004700 0.000100 0.004700 0.000100 0.000100 0.000000 0.000100 0.000100 0.000000 0.000100 0.000100 0.000100 0.019300 0.000100 0.000100 0.000100 0.000100 0.023900 0.004700 0.000100 0.000200 0.000000 0.000100 0.000100 0.000100 0.004700 0.009400 0.000100 0.000100 0.004700 0.000100 0.000100
CommonElan 0.004600 0.009500 0.000100 0.004900 0.004700 0.000100 0.000000 0.000100 0.000000 0.000100 0.000100 0.000100 0.000000 0.000000 0.000000 0.000100 0.024000 0.019300 0.004700 0.000000 0.004600 0.000100 0.004700 0.000100 0.000100 0.000100 0.000000 0.000000 0.000100 0.000000 0.000100 0.000100 0.019200 0.000000 0.000100 0.000100 0.000100 0.023800 0.004700 0.000100 0.000100 0.000100 0.000100 0.000100 0.000100 0.004700 0.009400 0.000100 0.000000 0.004700 0.000000 0.000000
MuntiacusR 0.004600 0.009500 0.000100 0.004900 0.004700 0.000100 0.000100 0.000100 0.000100 0.000000 0.000100 0.000100 0.000100 0.000100 0.000100 0.000100 0.023900 0.019200 0.004700 0.000100 0.004600 0.000100 0.004700 0.000000 0.000100 0.000100 0.000100 0.000100 0.000100 0.000100 0.000000 0.000100 0.019100 0.000100 0.000100 0.000100 0.000100 0.023700 0.004700 0.000000 0.000100 0.000100 0.000000 0.000000 0.000100 0.004700 0.009300 0.000100 0.000100 0.004700 0.000100 0.000100
HarveysDui 0.004700 0.009600 0.000100 0.004900 0.004700 0.000100 0.000000 0.000100 0.000000 0.000100 0.000100 0.000100 0.000000 0.000000 0.000100 0.000100 0.024100 0.019400 0.004700 0.000000 0.004700 0.000100 0.004700 0.000100 0.000100 0.000100 0.000000 0.000000 0.000100 0.000100 0.000100 0.000000 0.019300 0.000000 0.000100 0.000100 0.000100 0.024000 0.004700 0.000100 0.000100 0.000100 0.000100 0.000100 0.000100 0.004700 0.009400 0.000100 0.000000 0.004700 0.000100 0.000100
Pronghorn 0.024000 0.030300 0.019300 0.025000 0.024200 0.019200 0.019200 0.019100 0.019200 0.019200 0.019100 0.019300 0.019200 0.019300 0.019200 0.019300 0.026300 0.019600 0.024200 0.019200 0.024000 0.019100 0.024100 0.019300 0.019200 0.019200 0.019200 0.019200 0.019300 0.019200 0.019100 0.019300 0.000000 0.019200 0.019300 0.019200 0.019200 0.044200 0.024100 0.019200 0.019300 0.019200 0.019100 0.019200 0.019200 0.024200 0.029000 0.019000 0.019200 0.014400 0.019300 0.019300
BlueWildeb 0.004600 0.009500 0.000000 0.004900 0.004700 0.000100 0.000000 0.000100 0.000000 0.000100 0.000100 0.000000 0.000000 0.000000 0.000000 0.000100 0.024000 0.019300 0.004700 0.000000 0.004600 0.000100 0.004700 0.000100 0.000100 0.000100 0.000000 0.000000 0.000100 0.000000 0.000100 0.000000 0.019200 0.000000 0.000100 0.000000 0.000100 0.023800 0.004700 0.000100 0.000100 0.000100 0.000100 0.000100 0.000000 0.004700 0.009400 0.000100 0.000000 0.004700 0.000000 0.000000
Gemsbok 0.004700 0.009600 0.000100 0.004900 0.004700 0.000100 0.000100 0.000100 0.000100 0.000100 0.000100 0.000100 0.000100 0.000100 0.000100 0.000100 0.024100 0.019300 0.004700 0.000100 0.004700 0.000100 0.004700 0.000100 0.000100 0.000100 0.000100 0.000100 0.000100 0.000100 0.000100 0.000100 0.019300 0.000100 0.000000 0.000100 0.000100 0.023900 0.004700 0.000100 0.000200 0.000100 0.000100 0.000100 0.000100 0.004700 0.009400 0.000100 0.000100 0.004700 0.000100 0.000100
Yak 0.004700 0.009600 0.000100 0.004900 0.004700 0.000100 0.000000 0.000100 0.000000 0.000100 0.000100 0.000000 0.000000 0.000100 0.000100 0.000100 0.024000 0.019300 0.004700 0.000000 0.004700 0.000100 0.004700 0.000100 0.000100 0.000100 0.000000 0.000000 0.000100 0.000100 0.000100 0.000100 0.019200 0.000000 0.000100 0.000000 0.000100 0.023900 0.004700 0.000100 0.000100 0.000100 0.000100 0.000100 0.000000 0.004700 0.009400 0.000100 0.000000 0.004700 0.000100 0.000100
BlueSheep 0.004600 0.009500 0.000100 0.004900 0.004700 0.000000 0.000100 0.000200 0.000100 0.000100 0.000000 0.000100 0.000100 0.000100 0.000100 0.000100 0.024000 0.019300 0.004700 0.000100 0.004600 0.000100 0.004700 0.000100 0.000000 0.000100 0.000100 0.000100 0.000100 0.000100 0.000100 0.000100 0.019200 0.000100 0.000100 0.000100 0.000000 0.023800 0.004700 0.000100 0.000100 0.000100 0.000100 0.000100 0.000100 0.004700 0.009900 0.000100 0.000100 0.004700 0.000100 0.000100
BohorReedb 0.028500 0.034100 0.024000 0.024800 0.019100 0.023800 0.023800 0.023700 0.023800 0.023800 0.023700 0.024000 0.023800 0.023900 0.023900 0.023900 0.049100 0.044400 0.028800 0.023800 0.028500 0.023700 0.028700 0.023900 0.023800 0.023800 0.023800 0.023800 0.023900 0.023800 0.023700 0.024000 0.044200 0.023800 0.023900 0.023900 0.023800 0.000000 0.028700 0.023800 0.024000 0.023800 0.023700 0.023800 0.023800 0.028800 0.033500 0.023500 0.023800 0.028800 0.023900 0.023900
KirksDik 0.009300 0.014400 0.004700 0.009800 0.009400 0.004700 0.004700 0.004700 0.004700 0.004700 0.004700 0.004700 0.004700 0.004700 0.004700 0.004700 0.028900 0.024200 0.009400 0.004700 0.009300 0.004600 0.009400 0.004700 0.004700 0.004700 0.004700 0.004700 0.004700 0.004700 0.004700 0.004700 0.024100 0.004700 0.004700 0.004700 0.004700 0.028700 0.000000 0.004700 0.004700 0.004700 0.004700 0.004700 0.004700 0.009400 0.004700 0.004600 0.004700 0.009400 0.004700 0.004700
RoeDeer 0.004600 0.009500 0.000100 0.004900 0.004700 0.000100 0.000100 0.000100 0.000100 0.000000 0.000100 0.000100 0.000100 0.000100 0.000100 0.000100 0.024000 0.019300 0.004700 0.000100 0.004600 0.000100 0.004700 0.000100 0.000100 0.000100 0.000100 0.000100 0.000100 0.000100 0.000000 0.000100 0.019200 0.000100 0.000100 0.000100 0.000100 0.023800 0.004700 0.000000 0.000000 0.000100 0.000000 0.000000 0.000100 0.004700 0.009400 0.000100 0.000100 0.004700 0.000100 0.000100
WhiteLippe 0.004700 0.009600 0.000100 0.004900 0.004700 0.000100 0.000100 0.000200 0.000100 0.000100 0.000100 0.000100 0.000100 0.000100 0.000100 0.000200 0.024100 0.019400 0.004700 0.000100 0.004700 0.000200 0.004700 0.000100 0.000100 0.000200 0.000100 0.000100 0.000200 0.000100 0.000100 0.000100 0.019300 0.000100 0.000200 0.000100 0.000100 0.024000 0.004700 0.000000 0.000000 0.000200 0.000100 0.000100 0.000100 0.004700 0.009400 0.000200 0.000100 0.004700 0.000100 0.000100
ThomsonGaz 0.004600 0.009500 0.000100 0.004900 0.004700 0.000100 0.000100 0.000000 0.000100 0.000100 0.000100 0.000100 0.000100 0.000100 0.000100 0.000000 0.024000 0.019200 0.004700 0.000100 0.004600 0.000200 0.004700 0.000100 0.000100 0.000000 0.000100 0.000100 0.000000 0.000100 0.000100 0.000100 0.019200 0.000100 0.000100 0.000100 0.000100 0.023800 0.004700 0.000100 0.000200 0.000000 0.000100 0.000100 0.000100 0.004700 0.009300 0.000100 0.000100 0.004700 0.000100 0.000100
MuntiacusC 0.004600 0.009500 0.000100 0.004900 0.004700 0.000100 0.000100 0.000100 0.000100 0.000000 0.000100 0.000100 0.000100 0.000100 0.000100 0.000100 0.023900 0.019200 0.004700 0.000100 0.004600 0.000100 0.004700 0.000000 0.000100 0.000100 0.000100 0.000100 0.000100 0.000100 0.000000 0.000100 0.019100 0.000100 0.000100 0.000100 0.000100 0.023700 0.004700 0.000000 0.000100 0.000100 0.000000 0.000000 0.000100 0.004700 0.009300 0.000100 0.000100 0.004700 0.000100 0.000100
WhiteTaile 0.004600 0.009500 0.000100 0.004900 0.004700 0.000100 0.000100 0.000100 0.000100 0.000000 0.000100 0.000100 0.000100 0.000100 0.000100 0.000100 0.024000 0.019300 0.004700 0.000100 0.004600 0.000100 0.004700 0.000000 0.000100 0.000100 0.000100 0.000100 0.000100 0.000100 0.000000 0.000100 0.019200 0.000100 0.000100 0.000100 0.000100 0.023800 0.004700 0.000000 0.000100 0.000100 0.000000 0.000000 0.000100 0.004700 0.009400 0.000100 0.000100 0.004700 0.000100 0.000100
Cattle 0.004600 0.009500 0.000100 0.004900 0.004700 0.000100 0.000000 0.000100 0.000000 0.000100 0.000100 0.000000 0.000000 0.000100 0.000100 0.000100 0.024000 0.019300 0.004700 0.000000 0.004600 0.000100 0.004700 0.000100 0.000100 0.000100 0.000000 0.000000 0.000100 0.000100 0.000100 0.000100 0.019200 0.000000 0.000100 0.000000 0.000100 0.023800 0.004700 0.000100 0.000100 0.000100 0.000100 0.000100 0.000000 0.004700 0.009400 0.000100 0.000000 0.004700 0.000100 0.000100
RoyalAntel 0.009400 0.014400 0.004700 0.009800 0.009500 0.004700 0.004700 0.004700 0.004700 0.004700 0.004700 0.004700 0.004700 0.004700 0.004700 0.004700 0.029000 0.024300 0.009500 0.004700 0.009400 0.004700 0.009400 0.004700 0.004700 0.004700 0.004700 0.004700 0.004700 0.004700 0.004700 0.004700 0.024200 0.004700 0.004700 0.004700 0.004700 0.028800 0.009400 0.004700 0.004700 0.004700 0.004700 0.004700 0.004700 0.000000 0.014200 0.004600 0.004700 0.009500 0.004700 0.004700
Steenbok 0.014900 0.019200 0.009400 0.014700 0.014200 0.009900 0.009400 0.009300 0.009400 0.009400 0.010000 0.009400 0.009400 0.009400 0.009400 0.009400 0.033800 0.029100 0.014800 0.009400 0.014000 0.009700 0.014100 0.009400 0.009900 0.009300 0.009400 0.009400 0.009400 0.009400 0.009300 0.009400 0.029000 0.009400 0.009400 0.009400 0.009900 0.033500 0.004700 0.009400 0.009400 0.009300 0.009300 0.009400 0.009400 0.014200 0.000000 0.009300 0.009400 0.014200 0.009400 0.009400
Impala 0.004600 0.009400 0.000100 0.004800 0.004700 0.000100 0.000100 0.000100 0.000100 0.000100 0.000100 0.000100 0.000100 0.000100 0.000100 0.000100 0.023700 0.019100 0.004600 0.000100 0.004600 0.000200 0.004600 0.000200 0.000100 0.000100 0.000100 0.000100 0.000100 0.000100 0.000100 0.000100 0.019000 0.000100 0.000100 0.000100 0.000100 0.023500 0.004600 0.000100 0.000200 0.000100 0.000100 0.000100 0.000100 0.004600 0.009300 0.000000 0.000100 0.004700 0.000100 0.000100
Klipspring 0.004600 0.009500 0.000000 0.004900 0.004700 0.000100 0.000000 0.000100 0.000000 0.000100 0.000100 0.000000 0.000000 0.000000 0.000000 0.000100 0.024000 0.019300 0.004700 0.000000 0.004600 0.000100 0.004700 0.000100 0.000100 0.000100 0.000000 0.000000 0.000100 0.000000 0.000100 0.000000 0.019200 0.000000 0.000100 0.000000 0.000100 0.023800 0.004700 0.000100 0.000100 0.000100 0.000100 0.000100 0.000000 0.004700 0.009400 0.000100 0.000000 0.004700 0.000000 0.000000
ForestMusk 0.009400 0.014400 0.004700 0.009800 0.009500 0.004700 0.004700 0.004700 0.004700 0.004700 0.004700 0.004700 0.004700 0.004700 0.004700 0.004700 0.029100 0.024300 0.009500 0.004700 0.009400 0.004700 0.009400 0.004700 0.004700 0.004700 0.004700 0.004700 0.004700 0.004700 0.004700 0.004700 0.014400 0.004700 0.004700 0.004700 0.004700 0.028800 0.009400 0.004700 0.004700 0.004700 0.004700 0.004700 0.004700 0.009500 0.014200 0.004700 0.004700 0.000000 0.004700 0.004700
Bushbuck 0.004700 0.009500 0.000100 0.004900 0.004700 0.000100 0.000000 0.000100 0.000000 0.000100 0.000100 0.000000 0.000000 0.000000 0.000000 0.000100 0.024100 0.019300 0.004700 0.000000 0.004700 0.000100 0.004700 0.000100 0.000100 0.000100 0.000000 0.000000 0.000100 0.000000 0.000100 0.000100 0.019300 0.000000 0.000100 0.000100 0.000100 0.023900 0.004700 0.000100 0.000100 0.000100 0.000100 0.000100 0.000100 0.004700 0.009400 0.000100 0.000000 0.004700 0.000000 0.000000
GreaterKud 0.004700 0.009600 0.000000 0.004900 0.004700 0.000100 0.000000 0.000100 0.000000 0.000100 0.000100 0.000100 0.000000 0.000000 0.000000 0.000100 0.024100 0.019300 0.004700 0.000000 0.004700 0.000100 0.004700 0.000100 0.000100 0.000100 0.000000 0.000000 0.000100 0.000000 0.000100 0.000100 0.019300 0.000000 0.000100 0.000100 0.000100 0.023900 0.004700 0.000100 0.000100 0.000100 0.000100 0.000100 0.000100 0.004700 0.009400 0.000100 0.000000 0.004700 0.000000 0.000000
