1
52 1
Argali 0.000000 0.109100 0.000000 0.052000 0.000000 0.000000 0.000000 0.000000 0.000000 0.000000 0.000000 0.000000 0.000000 0.000000 0.058200 0.000000 0.000000 0.000000 0.000000 0.000000 0.000000 0.000000 0.054300 0.000000 0.000000 0.000000 0.000000 0.000000 0.000000 0.000000 0.000000 0.000000 0.055300 0.000000 0.000000 0.000000 0.000000 0.000000 0.000000 0.058200 0.054300 0.000000 0.000000 0.058200 0.000000 0.052000 0.000000 0.000000 0.000000 0.000000 0.000000 0.000000
LesserMous 0.109100 0.000000 0.109100 0.162800 0.109100 0.109100 0.109100 0.109100 0.109100 0.109100 0.109100 0.109100 0.109100 0.109100 0.179800 0.109100 0.109100 0.109100 0.109100 0.109100 0.109100 0.109100 0.170200 0.109100 0.109100 0.109100 0.109100 0.109100 0.109100 0.109100 0.109100 0.109100 0.173400 0.109100 0.109100 0.109100 0.109100 0.109100 0.109100 0.179800 0.170200 0.109100 0.109100 0.179800 0.109100 0.162800 0.109100 0.109100 0.109100 0.109100 0.109100 0.109100
LesserKudu 0.000000 0.109100 0.000000 0.052000 0.000000 0.000000 0.000000 0.000000 0.000000 0.000000 0.000000 0.000000 0.000000 0.000000 0.058200 0.000000 0.000000 0.000000 0.000000 0.000000 0.000000 0.000000 0.054300 0.000000 0.000000 0.000000 0.000000 0.000000 0.000000 0.000000 0.000000 0.000000 0.055300 0.000000 0.000000 0.000000 0.000000 0.000000 0.000000 0.058200 0.054300 0.000000 0.000000 0.058200 0.000000 0.052000 0.000000 0.000000 0.000000 0.000000 0.000000 0.000000
KillerWhal 0.052000 0.162800 0.052000 0.000000 0.052000 0.052000 0.052000 0.052000 0.052000 0.052000 0.052000 0.052000 0.052000 0.052000 0.113800 0.052000 0.052000 0.052000 0.052000 0.052000 0.052000 0.052000 0.107600 0.052000 0.052000 0.052000 0.052000 0.052000 0.052000 0.052000 0.052000 0.052000 0.109100 0.052000 0.052000 0.052000 0.052000 0.052000 0.052000 0.113800 0.107600 0.052000 0.052000 0.113800 0.052000 0.000000 0.052000 0.052000 0.052000 0.052000 0.052000 0.052000
DefassaWat 0.000000 0.109100 0.000000 0.052000 0.000000 0.000000 0.000000 0.000000 0.000000 0.000000 0.000000 0.000000 0.000000 0.000000 0.058200 0.000000 0.000000 0.000000 0.000000 0.000000 0.000000 0.000000 0.054300 0.000000 0.000000 0.000000 0.000000 0.000000 0.000000 0.000000 0.000000 0.000000 0.055300 0.000000 0.000000 0.000000 0.000000 0.000000 0.000000 0.058200 0.054300 0.000000 0.000000 0.058200 0.000000 0.052000 0.000000 0.000000 0.000000 0.000000 0.000000 0.000000
Sheep 0.000000 0.109100 0.000000 0.052000 0.000000 0.000000 0.000000 0.000000 0.000000 0.000000 0.000000 0.000000 0.000000 0.000000 0.058200 0.000000 0.000000 0.000000 0.000000 0.000000 0.000000 0.000000 0.054300 0.000000 0.000000 0.000000 0.000000 0.000000 0.000000 0.000000 0.000000 0.000000 0.055300 0.000000 0.000000 0.000000 0.000000 0.000000 0.000000 0.058200 0.054300 0.000000 0.000000 0.058200 0.000000 0.052000 0.000000 0.000000 0.000000 0.000000 0.000000 0.000000
MaxwellsDu 0.000000 0.109100 0.000000 0.052000 0.000000 0.000000 0.000000 0.000000 0.000000 0.000000 0.000000 0.000000 0.000000 0.000000 0.058200 0.000000 0.000000 0.000000 0.000000 0.000000 0.000000 0.000000 0.054300 0.000000 0.000000 0.000000 0.000000 0.000000 0.000000 0.000000 0.000000 0.000000 0.055300 0.000000 0.000000 0.000000 0.000000 0.000000 0.000000 0.058200 0.054300 0.000000 0.000000 0.058200 0.000000 0.052000 0.000000 0.000000 0.000000 0.000000 0.000000 0.000000
GazellaPrz 0.000000 0.109100 0.000000 0.052000 0.000000 0.000000 0.000000 0.000000 0.000000 0.000000 0.000000 0.000000 0.000000 0.000000 0.058200 0.000000 0.000000 0.000000 0.000000 0.000000 0.000000 0.000000 0.054300 0.000000 0.000000 0.000000 0.000000 0.000000 0.000000 0.000000 0.000000 0.000000 0.055300 0.000000 0.000000 0.000000 0.000000 0.000000 0.000000 0.058200 0.054300 0.000000 0.000000 0.058200 0.000000 0.052000 0.000000 0.000000 0.000000 0.000000 0.000000 0.000000
MountainNy 0.000000 0.109100 0.000000 0.052000 0.000000 0.000000 0.000000 0.000000 0.000000 0.000000 0.000000 0.000000 0.000000 0.000000 0.058200 0.000000 0.000000 0.000000 0.000000 0.000000 0.000000 0.000000 0.054300 0.000000 0.000000 0.000000 0.000000 0.000000 0.000000 0.000000 0.000000 0.000000 0.055300 0.000000 0.000000 0.000000 0.000000 0.000000 0.000000 0.058200 0.054300 0.000000 0.000000 0.058200 0.000000 0.052000 0.000000 0.000000 0.000000 0.000000 0.000000 0.000000
MuntiacusM 0.000000 0.109100 0.000000 0.052000 0.000000 0.000000 0.000000 0.000000 0.000000 0.000000 0.000000 0.000000 0.000000 0.000000 0.058200 0.000000 0.000000 0.000000 0.000000 0.000000 0.000000 0.000000 0.054300 0.000000 0.000000 0.000000 0.000000 0.000000 0.000000 0.000000 0.000000 0.000000 0.055300 0.000000 0.000000 0.000000 0.000000 0.000000 0.000000 0.058200 0.054300 0.000000 0.000000 0.058200 0.000000 0.052000 0.000000 0.000000 0.000000 0.000000 0.000000 0.000000
goat 0.000000 0.109100 0.000000 0.052000 0.000000 0.000000 0.000000 0.000000 0.000000 0.000000 0.000000 0.000000 0.000000 0.000000 0.058200 0.000000 0.000000 0.000000 0.000000 0.000000 0.000000 0.000000 0.054300 0.000000 0.000000 0.000000 0.000000 0.000000 0.000000 0.000000 0.000000 0.000000 0.055300 0.000000 0.000000 0.000000 0.000000 0.000000 0.000000 0.058200 0.054300 0.000000 0.000000 0.058200 0.000000 0.052000 0.000000 0.000000 0.000000 0.000000 0.000000 0.000000
AfricanBuf 0.000000 0.109100 0.000000 0.052000 0.000000 0.000000 0.000000 0.000000 0.000000 0.000000 0.000000 0.000000 0.000000 0.000000 0.058200 0.000000 0.000000 0.000000 0.000000 0.000000 0.000000 0.000000 0.054300 0.000000 0.000000 0.000000 0.000000 0.000000 0.000000 0.000000 0.000000 0.000000 0.055300 0.000000 0.000000 0.000000 0.000000 0.000000 0.000000 0.058200 0.054300 0.000000 0.000000 0.058200 0.000000 0.052000 0.000000 0.000000 0.000000 0.000000 0.000000 0.000000
Topi 0.000000 0.109100 0.000000 0.052000 0.000000 0.000000 0.000000 0.000000 0.000000 0.000000 0.000000 0.000000 0.000000 0.000000 0.058200 0.000000 0.000000 0.000000 0.000000 0.000000 0.000000 0.000000 0.054300 0.000000 0.000000 0.000000 0.000000 0.000000 0.000000 0.000000 0.000000 0.000000 0.055300 0.000000 0.000000 0.000000 0.000000 0.000000 0.000000 0.058200 0.054300 0.000000 0.000000 0.058200 0.000000 0.052000 0.000000 0.000000 0.000000 0.000000 0.000000 0.000000
CommonDuik 0.000000 0.109100 0.000000 0.052000 0.000000 0.000000 0.000000 0.000000 0.000000 0.000000 0.000000 0.000000 0.000000 0.000000 0.058200 0.000000 0.000000 0.000000 0.000000 0.000000 0.000000 0.000000 0.054300 0.000000 0.000000 0.000000 0.000000 0.000000 0.000000 0.000000 0.000000 0.000000 0.055300 0.000000 0.000000 0.000000 0.000000 0.000000 0.000000 0.058200 0.054300 0.000000 0.000000 0.058200 0.000000 0.052000 0.000000 0.000000 0.000000 0.000000 0.000000 0.000000
Suni 0.058200 0.179800 0.058200 0.113800 0.058200 0.058200 0.058200 0.058200 0.058200 0.058200 0.058200 0.058200 0.058200 0.058200 0.000000 0.058200 0.058200 0.058200 0.058200 0.058200 0.058200 0.058200 0.120000 0.058200 0.058200 0.058200 0.058200 0.058200 0.058200 0.058200 0.058200 0.058200 0.122600 0.058200 0.058200 0.058200 0.058200 0.058200 0.058200 0.000000 0.120000 0.058200 0.058200 0.000000 0.058200 0.113800 0.058200 0.058200 0.058200 0.058200 0.058200 0.058200
Springbuck 0.000000 0.109100 0.000000 0.052000 0.000000 0.000000 0.000000 0.000000 0.000000 0.000000 0.000000 0.000000 0.000000 0.000000 0.058200 0.000000 0.000000 0.000000 0.000000 0.000000 0.000000 0.000000 0.054300 0.000000 0.000000 0.000000 0.000000 0.000000 0.000000 0.000000 0.000000 0.000000 0.055300 0.000000 0.000000 0.000000 0.000000 0.000000 0.000000 0.058200 0.054300 0.000000 0.000000 0.058200 0.000000 0.052000 0.000000 0.000000 0.000000 0.000000 0.000000 0.000000
Okapi 0.000000 0.109100 0.000000 0.052000 0.000000 0.000000 0.000000 0.000000 0.000000 0.000000 0.000000 0.000000 0.000000 0.000000 0.058200 0.000000 0.000000 0.000000 0.000000 0.000000 0.000000 0.000000 0.054300 0.000000 0.000000 0.000000 0.000000 0.000000 0.000000 0.000000 0.000000 0.000000 0.055300 0.000000 0.000000 0.000000 0.000000 0.000000 0.000000 0.058200 0.054300 0.000000 0.000000 0.058200 0.000000 0.052000 0.000000 0.000000 0.000000 0.000000 0.000000 0.000000
Giraffe 0.000000 0.109100 0.000000 0.052000 0.000000 0.000000 0.000000 0.000000 0.000000 0.000000 0.000000 0.000000 0.000000 0.000000 0.058200 0.000000 0.000000 0.000000 0.000000 0.000000 0.000000 0.000000 0.054300 0.000000 0.000000 0.000000 0.000000 0.000000 0.000000 0.000000 0.000000 0.000000 0.055300 0.000000 0.000000 0.000000 0.000000 0.000000 0.000000 0.058200 0.054300 0.000000 0.000000 0.058200 0.000000 0.052000 0.000000 0.000000 0.000000 0.000000 0.000000 0.000000
TibetanAnt 0.000000 0.109100 0.000000 0.052000 0.000000 0.000000 0.000000 0.000000 0.000000 0.000000 0.000000 0.000000 0.000000 0.000000 0.058200 0.000000 0.000000 0.000000 0.000000 0.000000 0.000000 0.000000 0.054300 0.000000 0.000000 0.000000 0.000000 0.000000 0.000000 0.000000 0.000000 0.000000 0.055300 0.000000 0.000000 0.000000 0.000000 0.000000 0.000000 0.058200 0.054300 0.000000 0.000000 0.058200 0.000000 0.052000 0.000000 0.000000 0.000000 0.000000 0.000000 0.000000
Sitatunga 0.000000 0.109100 0.000000 0.052000 0.000000 0.000000 0.000000 0.000000 0.000000 0.000000 0.000000 0.000000 0.000000 0.000000 0.058200 0.000000 0.000000 0.000000 0.000000 0.000000 0.000000 0.000000 0.054300 0.000000 0.000000 0.000000 0.000000 0.000000 0.000000 0.000000 0.000000 0.000000 0.055300 0.000000 0.000000 0.000000 0.000000 0.000000 0.000000 0.058200 0.054300 0.000000 0.000000 0.058200 0.000000 0.052000 0.000000 0.000000 0.000000 0.000000 0.000000 0.000000
Oribi 0.000000 0.109100 0.000000 0.052000 0.000000 0.000000 0.000000 0.000000 0.000000 0.000000 0.000000 0.000000 0.000000 0.000000 0.058200 0.000000 0.000000 0.000000 0.000000 0.000000 0.000000 0.000000 0.054300 0.000000 0.000000 0.000000 0.000000 0.000000 0.000000 0.000000 0.000000 0.000000 0.055300 0.000000 0.000000 0.000000 0.000000 0.000000 0.000000 0.058200 0.054300 0.000000 0.000000 0.058200 0.000000 0.052000 0.000000 0.000000 0.000000 0.000000 0.000000 0.000000
BarbaryShe 0.000000 0.109100 0.000000 0.052000 0.000000 0.000000 0.000000 0.000000 0.000000 0.000000 0.000000 0.000000 0.000000 0.000000 0.058200 0.000000 0.000000 0.000000 0.000000 0.000000 0.000000 0.000000 0.054300 0.000000 0.000000 0.000000 0.000000 0.000000 0.000000 0.000000 0.000000 0.000000 0.055300 0.000000 0.000000 0.000000 0.000000 0.000000 0.000000 0.058200 0.054300 0.000000 0.000000 0.058200 0.000000 0.052000 0.000000 0.000000 0.000000 0.000000 0.000000 0.000000
Daviddeer 0.054300 0.170200 0.054300 0.107600 0.054300 0.054300 0.054300 0.054300 0.054300 0.054300 0.054300 0.054300 0.054300 0.054300 0.120000 0.054300 0.054300 0.054300 0.054300 0.054300 0.054300 0.054300 0.000000 0.054300 0.054300 0.054300 0.054300 0.054300 0.054300 0.054300 0.054300 0.054300 0.114400 0.054300 0.054300 0.054300 0.054300 0.054300 0.054300 0.120000 0.000000 0.054300 0.054300 0.120000 0.054300 0.107600 0.054300 0.054300 0.054300 0.054300 0.054300 0.054300
Reindeer 0.000000 0.109100 0.000000 0.052000 0.000000 0.000000 0.000000 0.000000 0.000000 0.000000 0.000000 0.000000 0.000000 0.000000 0.058200 0.000000 0.000000 0.000000 0.000000 0.000000 0.000000 0.000000 0.054300 0.000000 0.000000 0.000000 0.000000 0.000000 0.000000 0.000000 0.000000 0.000000 0.055300 0.000000 0.000000 0.000000 0.000000 0.000000 0.000000 0.058200 0.054300 0.000000 0.000000 0.058200 0.000000 0.052000 0.000000 0.000000 0.000000 0.000000 0.000000 0.000000
Ibex 0.000000 0.109100 0.000000 0.052000 0.000000 0.000000 0.000000 0.000000 0.000000 0.000000 0.000000 0.000000 0.000000 0.000000 0.058200 0.000000 0.000000 0.000000 0.000000 0.000000 0.000000 0.000000 0.054300 0.000000 0.000000 0.000000 0.000000 0.000000 0.000000 0.000000 0.000000 0.000000 0.055300 0.000000 0.000000 0.000000 0.000000 0.000000 0.000000 0.058200 0.054300 0.000000 0.000000 0.058200 0.000000 0.052000 0.000000 0.000000 0.000000 0.000000 0.000000 0.000000
GyrantGaze 0.000000 0.109100 0.000000 0.052000 0.000000 0.000000 0.000000 0.000000 0.000000 0.000000 0.000000 0.000000 0.000000 0.000000 0.058200 0.000000 0.000000 0.000000 0.000000 0.000000 0.000000 0.000000 0.054300 0.000000 0.000000 0.000000 0.000000 0.000000 0.000000 0.000000 0.000000 0.000000 0.055300 0.000000 0.000000 0.000000 0.000000 0.000000 0.000000 0.058200 0.054300 0.000000 0.000000 0.058200 0.000000 0.052000 0.000000 0.000000 0.000000 0.000000 0.000000 0.000000
Hartebeest 0.000000 0.109100 0.000000 0.052000 0.000000 0.000000 0.000000 0.000000 0.000000 0.000000 0.000000 0.000000 0.000000 0.000000 0.058200 0.000000 0.000000 0.000000 0.000000 0.000000 0.000000 0.000000 0.054300 0.000000 0.000000 0.000000 0.000000 0.000000 0.000000 0.000000 0.000000 0.000000 0.055300 0.000000 0.000000 0.000000 0.000000 0.000000 0.000000 0.058200 0.054300 0.000000 0.000000 0.058200 0.000000 0.052000 0.000000 0.000000 0.000000 0.000000 0.000000 0.000000
Bongo 0.000000 0.109100 0.000000 0.052000 0.000000 0.000000 0.000000 0.000000 0.000000 0.000000 0.000000 0.000000 0.000000 0.000000 0.058200 0.000000 0.000000 0.000000 0.000000 0.000000 0.000000 0.000000 0.054300 0.000000 0.000000 0.000000 0.000000 0.000000 0.000000 0.000000 0.000000 0.000000 0.055300 0.000000 0.000000 0.000000 0.000000 0.000000 0.000000 0.058200 0.054300 0.000000 0.000000 0.058200 0.000000 0.052000 0.000000 0.000000 0.000000 0.000000 0.000000 0.000000
Gerenuk 0.000000 0.109100 0.000000 0.052000 0.000000 0.000000 0.000000 0.000000 0.000000 0.000000 0.000000 0.000000 0.000000 0.000000 0.058200 0.000000 0.000000 0.000000 0.000000 0.000000 0.000000 0.000000 0.054300 0.000000 0.000000 0.000000 0.000000 0.000000 0.000000 0.000000 0.000000 0.000000 0.055300 0.000000 0.000000 0.000000 0.000000 0.000000 0.000000 0.058200 0.054300 0.000000 0.000000 0.058200 0.000000 0.052000 0.000000 0.000000 0.000000 0.000000 0.000000 0.000000
CommonElan 0.000000 0.109100 0.000000 0.052000 0.000000 0.000000 0.000000 0.000000 0.000000 0.000000 0.000000 0.000000 0.000000 0.000000 0.058200 0.000000 0.000000 0.000000 0.000000 0.000000 0.000000 0.000000 0.054300 0.000000 0.000000 0.000000 0.000000 0.000000 0.000000 0.000000 0.000000 0.000000 0.055300 0.000000 0.000000 0.000000 0.000000 0.000000 0.000000 0.058200 0.054300 0.000000 0.000000 0.058200 0.000000 0.052000 0.000000 0.000000 0.000000 0.000000 0.000000 0.000000
MuntiacusR 0.000000 0.109100 0.000000 0.052000 0.000000 0.000000 0.000000 0.000000 0.000000 0.000000 0.000000 0.000000 0.000000 0.000000 0.058200 0.000000 0.000000 0.000000 0.000000 0.000000 0.000000 0.000000 0.054300 0.000000 0.000000 0.000000 0.000000 0.000000 0.000000 0.000000 0.000000 0.000000 0.055300 0.000000 0.000000 0.000000 0.000000 0.000000 0.000000 0.058200 0.054300 0.000000 0.000000 0.058200 0.000000 0.052000 0.000000 0.000000 0.000000 0.000000 0.000000 0.000000
HarveysDui 0.000000 0.109100 0.000000 0.052000 0.000000 0.000000 0.000000 0.000000 0.000000 0.000000 0.000000 0.000000 0.000000 0.000000 0.058200 0.000000 0.000000 0.000000 0.000000 0.000000 0.000000 0.000000 0.054300 0.000000 0.000000 0.000000 0.000000 0.000000 0.000000 0.000000 0.000000 0.000000 0.055300 0.000000 0.000000 0.000000 0.000000 0.000000 0.000000 0.058200 0.054300 0.000000 0.000000 0.058200 0.000000 0.052000 0.000000 0.000000 0.000000 0.000000 0.000000 0.000000
Pronghorn 0.055300 0.173400 0.055300 0.109100 0.055300 0.055300 0.055300 0.055300 0.055300 0.055300 0.055300 0.055300 0.055300 0.055300 0.122600 0.055300 0.055300 0.055300 0.055300 0.055300 0.055300 0.055300 0.114400 0.055300 0.055300 0.055300 0.055300 0.055300 0.055300 0.055300 0.055300 0.055300 0.000000 0.055300 0.055300 0.055300 0.055300 0.055300 0.055300 0.122600 0.114400 0.055300 0.055300 0.122600 0.055300 0.109100 0.055300 0.055300 0.055300 0.055300 0.055300 0.055300
BlueWildeb 0.000000 0.109100 0.000000 0.052000 0.000000 0.000000 0.000000 0.000000 0.000000 0.000000 0.000000 0.000000 0.000000 0.000000 0.058200 0.000000 0.000000 0.000000 0.000000 0.000000 0.000000 0.000000 0.054300 0.000000 0.000000 0.000000 0.000000 0.000000 0.000000 0.000000 0.000000 0.000000 0.055300 0.000000 0.000000 0.000000 0.000000 0.000000 0.000000 0.058200 0.054300 0.000000 0.000000 0.058200 0.000000 0.052000 0.000000 0.000000 0.000000 0.000000 0.000000 0.000000
Gemsbok 0.000000 0.109100 0.000000 0.052000 0.000000 0.000000 0.000000 0.000000 0.000000 0.000000 0.000000 0.000000 0.000000 0.000000 0.058200 0.000000 0.000000 0.000000 0.000000 0.000000 0.000000 0.000000 0.054300 0.000000 0.000000 0.000000 0.000000 0.000000 0.000000 0.000000 0.000000 0.000000 0.055300 0.000000 0.000000 0.000000 0.000000 0.000000 0.000000 0.058200 0.054300 0.000000 0.000000 0.058200 0.000000 0.052000 0.000000 0.000000 0.000000 0.000000 0.000000 0.000000
Yak 0.000000 0.109100 0.000000 0.052000 0.000000 0.000000 0.000000 0.000000 0.000000 0.000000 0.000000 0.000000 0.000000 0.000000 0.058200 0.000000 0.000000 0.000000 0.000000 0.000000 0.000000 0.000000 0.054300 0.000000 0.000000 0.000000 0.000000 0.000000 0.000000 0.000000 0.000000 0.000000 0.055300 0.000000 0.000000 0.000000 0.000000 0.000000 0.000000 0.058200 0.054300 0.000000 0.000000 0.058200 0.000000 0.052000 0.000000 0.000000 0.000000 0.000000 0.000000 0.000000
BlueSheep 0.000000 0.109100 0.000000 0.052000 0.000000 0.000000 0.000000 0.000000 0.000000 0.000000 0.000000 0.000000 0.000000 0.000000 0.058200 0.000000 0.000000 0.000000 0.000000 0.000000 0.000000 0.000000 0.054300 0.000000 0.000000 0.000000 0.000000 0.000000 0.000000 0.000000 0.000000 0.000000 0.055300 0.000000 0.000000 0.000000 0.000000 0.000000 0.000000 0.058200 0.054500 0.000000 0.000000 0.058200 0.000000 0.052000 0.000000 0.000000 0.000000 0.000000 0.000000 0.000000
BohorReedb 0.000000 0.109100 0.000000 0.052000 0.000000 0.000000 0.000000 0.000000 0.000000 0.000000 0.000000 0.000000 0.000000 0.000000 0.058200 0.000000 0.000000 0.000000 0.000000 0.000000 0.000000 0.000000 0.054300 0.000000 0.000000 0.000000 0.000000 0.000000 0.000000 0.000000 0.000000 0.000000 0.055300 0.000000 0.000000 0.000000 0.000000 0.000000 0.000000 0.058200 0.054500 0.000000 0.000000 0.058200 0.000000 0.052000 0.000000 0.000000 0.000000 0.000000 0.000000 0.000000
KirksDik 0.000000 0.109100 0.000000 0.052000 0.000000 0.000000 0.000000 0.000000 0.000000 0.000000 0.000000 0.000000 0.000000 0.000000 0.058200 0.000000 0.000000 0.000000 0.000000 0.000000 0.000000 0.000000 0.054300 0.000000 0.000000 0.000000 0.000000 0.000000 0.000000 0.000000 0.000000 0.000000 0.055300 0.000000 0.000000 0.000000 0.000000 0.000000 0.000000 0.058200 0.054300 0.000000 0.000000 0.058200 0.000000 0.052000 0.000000 0.000000 0.000000 0.000000 0.000000 0.000000
RoeDeer 0.058200 0.179800 0.058200 0.113800 0.058200 0.058200 0.058200 0.058200 0.058200 0.058200 0.058200 0.058200 0.058200 0.058200 0.000000 0.058200 0.058200 0.058200 0.058200 0.058200 0.058200 0.058200 0.120000 0.058200 0.058200 0.058200 0.058200 0.058200 0.058200 0.058200 0.058200 0.058200 0.122600 0.058200 0.058200 0.058200 0.058200 0.058200 0.058200 0.000000 0.120000 0.058200 0.058200 0.000000 0.058200 0.113800 0.058200 0.058200 0.058200 0.058200 0.058200 0.058200
WhiteLippe 0.054300 0.170200 0.054300 0.107600 0.054300 0.054300 0.054300 0.054300 0.054300 0.054300 0.054300 0.054300 0.054300 0.054300 0.120000 0.054300 0.054300 0.054300 0.054300 0.054300 0.054300 0.054300 0.000000 0.054300 0.054300 0.054300 0.054300 0.054300 0.054300 0.054300 0.054300 0.054300 0.114400 0.054300 0.054300 0.054300 0.054500 0.054500 0.054300 0.120000 0.000000 0.054300 0.054300 0.120000 0.054300 0.107600 0.054300 0.054300 0.054300 0.054300 0.054300 0.054300
ThomsonGaz 0.000000 0.109100 0.000000 0.052000 0.000000 0.000000 0.000000 0.000000 0.000000 0.000000 0.000000 0.000000 0.000000 0.000000 0.058200 0.000000 0.000000 0.000000 0.000000 0.000000 0.000000 0.000000 0.054300 0.000000 0.000000 0.000000 0.000000 0.000000 0.000000 0.000000 0.000000 0.000000 0.055300 0.000000 0.000000 0.000000 0.000000 0.000000 0.000000 0.058200 0.054300 0.000000 0.000000 0.058200 0.000000 0.052000 0.000000 0.000000 0.000000 0.000000 0.000000 0.000000
MuntiacusC 0.000000 0.109100 0.000000 0.052000 0.000000 0.000000 0.000000 0.000000 0.000000 0.000000 0.000000 0.000000 0.000000 0.000000 0.058200 0.000000 0.000000 0.000000 0.000000 0.000000 0.000000 0.000000 0.054300 0.000000 0.000000 0.000000 0.000000 0.000000 0.000000 0.000000 0.000000 0.000000 0.055300 0.000000 0.000000 0.000000 0.000000 0.000000 0.000000 0.058200 0.054300 0.000000 0.000000 0.058200 0.000000 0.052000 0.000000 0.000000 0.000000 0.000000 0.000000 0.000000
WhiteTaile 0.058200 0.179800 0.058200 0.113800 0.058200 0.058200 0.058200 0.058200 0.058200 0.058200 0.058200 0.058200 0.058200 0.058200 0.000000 0.058200 0.058200 0.058200 0.058200 0.058200 0.058200 0.058200 0.120000 0.058200 0.058200 0.058200 0.058200 0.058200 0.058200 0.058200 0.058200 0.058200 0.122600 0.058200 0.058200 0.058200 0.058200 0.058200 0.058200 0.000000 0.120000 0.058200 0.058200 0.000000 0.058200 0.113800 0.058200 0.058200 0.058200 0.058200 0.058200 0.058200
Cattle 0.000000 0.109100 0.000000 0.052000 0.000000 0.000000 0.000000 0.000000 0.000000 0.000000 0.000000 0.000000 0.000000 0.000000 0.058200 0.000000 0.000000 0.000000 0.000000 0.000000 0.000000 0.000000 0.054300 0.000000 0.000000 0.000000 0.000000 0.000000 0.000000 0.000000 0.000000 0.000000 0.055300 0.000000 0.000000 0.000000 0.000000 0.000000 0.000000 0.058200 0.054300 0.000000 0.000000 0.058200 0.000000 0.052000 0.000000 0.000000 0.000000 0.000000 0.000000 0.000000
RoyalAntel 0.052000 0.162800 0.052000 0.000000 0.052000 0.052000 0.052000 0.052000 0.052000 0.052000 0.052000 0.052000 0.052000 0.052000 0.113800 0.052000 0.052000 0.052000 0.052000 0.052000 0.052000 0.052000 0.107600 0.052000 0.052000 0.052000 0.052000 0.052000 0.052000 0.052000 0.052000 0.052000 0.109100 0.052000 0.052000 0.052000 0.052000 0.052000 0.052000 0.113800 0.107600 0.052000 0.052000 0.113800 0.052000 0.000000 0.052000 0.052000 0.052000 0.052000 0.052000 0.052000
Steenbok 0.000000 0.109100 0.000000 0.052000 0.000000 0.000000 0.000000 0.000000 0.000000 0.000000 0.000000 0.000000 0.000000 0.000000 0.058200 0.000000 0.000000 0.000000 0.000000 0.000000 0.000000 0.000000 0.054300 0.000000 0.000000 0.000000 0.000000 0.000000 0.000000 0.000000 0.000000 0.000000 0.055300 0.000000 0.000000 0.000000 0.000000 0.000000 0.000000 0.058200 0.054300 0.000000 0.000000 0.058200 0.000000 0.052000 0.000000 0.000000 0.000000 0.000000 0.000000 0.000000
Impala 0.000000 0.109100 0.000000 0.052000 0.000000 0.000000 0.000000 0.000000 0.000000 0.000000 0.000000 0.000000 0.000000 0.000000 0.058200 0.000000 0.000000 0.000000 0.000000 0.000000 0.000000 0.000000 0.054300 0.000000 0.000000 0.000000 0.000000 0.000000 0.000000 0.000000 0.000000 0.000000 0.055300 0.000000 0.000000 0.000000 0.000000 0.000000 0.000000 0.058200 0.054300 0.000000 0.000000 0.058200 0.000000 0.052000 0.000000 0.000000 0.000000 0.000000 0.000000 0.000000
Klipspring 0.000000 0.109100 0.000000 0.052000 0.000000 0.000000 0.000000 0.000000 0.000000 0.000000 0.000000 0.000000 0.000000 0.000000 0.058200 0.000000 0.000000 0.000000 0.000000 0.000000 0.000000 0.000000 0.054300 0.000000 0.000000 0.000000 0.000000 0.000000 0.000000 0.000000 0.000000 0.000000 0.055300 0.000000 0.000000 0.000000 0.000000 0.000000 0.000000 0.058200 0.054300 0.000000 0.000000 0.058200 0.000000 0.052000 0.000000 0.000000 0.000000 0.000000 0.000000 0.000000
ForestMusk 0.000000 0.109100 0.000000 0.052000 0.000000 0.000000 0.000000 0.000000 0.000000 0.000000 0.000000 0.000000 0.000000 0.000000 0.058200 0.000000 0.000000 0.000000 0.000000 0.000000 0.000000 0.000000 0.054300 0.000000 0.000000 0.000000 0.000000 0.000000 0.000000 0.000000 0.000000 0.000000 0.055300 0.000000 0.000000 0.000000 0.000000 0.000000 0.000000 0.058200 0.054300 0.000000 0.000000 0.058200 0.000000 0.052000 0.000000 0.000000 0.000000 0.000000 0.000000 0.000000
Bushbuck 0.000000 0.109100 0.000000 0.052000 0.000000 0.000000 0.000000 0.000000 0.000000 0.000000 0.000000 0.000000 0.000000 0.000000 0.058200 0.000000 0.000000 0.000000 0.000000 0.000000 0.000000 0.000000 0.054300 0.000000 0.000000 0.000000 0.000000 0.000000 0.000000 0.000000 0.000000 0.000000 0.055300 0.000000 0.000000 0.000000 0.000000 0.000000 0.000000 0.058200 0.054300 0.000000 0.000000 0.058200 0.000000 0.052000 0.000000 0.000000 0.000000 0.000000 0.000000 0.000000
GreaterKud 0.000000 0.109100 0.000000 0.052000 0.000000 0.000000 0.000000 0.000000 0.000000 0.000000 0.000000 0.000000 0.000000 0.000000 0.058200 0.000000 0.000000 0.000000 0.000000 0.000000 0.000000 0.000000 0.054300 0.000000 0.000000 0.000000 0.000000 0.000000 0.000000 0.000000 0.000000 0.000000 0.055300 0.000000 0.000000 0.000000 0.000000 0.000000 0.000000 0.058200 0.054300 0.000000 0.000000 0.058200 0.000000 0.052000 0.000000 0.000000 0.000000 0.000000 0.000000 0.000000
