1
52 1
Argali 0.000000 0.324600 0.035900 0.237300 0.066300 0.007100 0.065600 0.051400 0.066300 0.049900 0.021500 0.035900 0.043000 0.058200 0.051500 0.073300 0.063600 0.110000 0.035800 0.058900 0.066400 0.007100 0.042500 0.094700 0.021400 0.066000 0.028500 0.051200 0.065900 0.059000 0.057500 0.073300 0.057900 0.035700 0.057000 0.028400 0.007100 0.081500 0.074400 0.050000 0.035300 0.066000 0.057100 0.057600 0.028300 0.058100 0.057800 0.058500 0.050800 0.096500 0.043700 0.059000
LesserMous 0.324600 0.000000 0.332700 0.392200 0.334500 0.322800 0.333000 0.294900 0.346600 0.330200 0.358000 0.325800 0.320100 0.345600 0.320400 0.367900 0.298600 0.375700 0.334100 0.360300 0.315800 0.337100 0.337800 0.393400 0.356400 0.337300 0.323400 0.348000 0.355200 0.360800 0.342600 0.368300 0.319500 0.353000 0.293900 0.312900 0.336100 0.355200 0.352600 0.350300 0.327800 0.315300 0.339400 0.354400 0.312000 0.324000 0.349500 0.313700 0.303700 0.355000 0.336700 0.337500
LesserKudu 0.035900 0.332700 0.000000 0.227600 0.074000 0.043100 0.073300 0.059000 0.028400 0.072300 0.058300 0.035900 0.065300 0.065900 0.059000 0.073300 0.073200 0.118200 0.050400 0.021300 0.066500 0.043500 0.064500 0.118200 0.058100 0.065900 0.050600 0.014100 0.066000 0.021300 0.080100 0.081200 0.065500 0.057700 0.079300 0.035700 0.043400 0.089300 0.074300 0.077700 0.057200 0.065900 0.079600 0.080200 0.035600 0.058100 0.065400 0.050900 0.050800 0.102700 0.007000 0.021300
KillerWhal 0.237300 0.392200 0.227600 0.000000 0.268500 0.245900 0.266500 0.249800 0.250100 0.261100 0.228300 0.246400 0.236100 0.257200 0.249900 0.265300 0.246100 0.260300 0.245200 0.223200 0.248900 0.247600 0.231900 0.270100 0.227500 0.265900 0.237400 0.231600 0.256900 0.241300 0.269900 0.276600 0.251700 0.263800 0.251300 0.235800 0.228900 0.267700 0.278200 0.261600 0.241300 0.247200 0.251100 0.253200 0.235300 0.255100 0.217900 0.220500 0.210400 0.281800 0.240800 0.242000
DefassaWat 0.066300 0.334500 0.074000 0.268500 0.000000 0.066000 0.073700 0.090700 0.090300 0.088000 0.089600 0.073800 0.065800 0.066300 0.090700 0.113200 0.079900 0.143100 0.073500 0.098700 0.106400 0.074200 0.079900 0.126400 0.089300 0.105500 0.066100 0.090400 0.089700 0.098600 0.096000 0.081700 0.096800 0.088700 0.102500 0.050700 0.074100 0.028900 0.114700 0.088100 0.072400 0.105500 0.095400 0.096100 0.050600 0.081500 0.096800 0.082000 0.089600 0.120900 0.082500 0.098800
Sheep 0.007100 0.322800 0.043100 0.245900 0.066000 0.000000 0.072900 0.058800 0.073700 0.057100 0.028600 0.043000 0.050200 0.065500 0.058800 0.080700 0.055400 0.101700 0.042900 0.066400 0.073800 0.014200 0.049500 0.086600 0.028500 0.073300 0.035700 0.058600 0.073200 0.066300 0.064700 0.080700 0.065100 0.042800 0.049400 0.035500 0.014200 0.081100 0.081800 0.057200 0.042300 0.073300 0.064300 0.064800 0.035400 0.065300 0.065100 0.065800 0.058100 0.103800 0.051000 0.066400
MaxwellsDu 0.065600 0.333000 0.073300 0.266500 0.073700 0.072900 0.000000 0.089800 0.073900 0.087100 0.073200 0.073000 0.065200 0.035500 0.089600 0.112200 0.086800 0.117900 0.072700 0.082000 0.105400 0.073500 0.064100 0.125900 0.072900 0.104500 0.065400 0.073900 0.089000 0.081900 0.095000 0.050500 0.095700 0.072700 0.094400 0.050200 0.073300 0.089000 0.113500 0.087300 0.071700 0.104500 0.094500 0.095100 0.050100 0.080600 0.065200 0.096600 0.088600 0.103700 0.081700 0.097900
GazellaPrz 0.051400 0.294900 0.059000 0.249800 0.090700 0.058800 0.089800 0.000000 0.090700 0.088600 0.074500 0.058900 0.081500 0.082200 0.075500 0.066500 0.087700 0.135500 0.073900 0.083300 0.059500 0.059300 0.080400 0.135800 0.074200 0.059000 0.066400 0.075100 0.059000 0.083200 0.096600 0.098000 0.066300 0.073700 0.095200 0.051000 0.059100 0.106500 0.083200 0.073100 0.072900 0.059000 0.096000 0.096800 0.050900 0.082000 0.066200 0.082500 0.074500 0.105600 0.067300 0.083300
MountainNy 0.066300 0.346600 0.028400 0.250100 0.090300 0.073700 0.073900 0.090700 0.000000 0.103800 0.074000 0.066100 0.081200 0.081900 0.090700 0.105300 0.066100 0.127000 0.065800 0.021300 0.082600 0.074200 0.080000 0.143600 0.073700 0.097600 0.081500 0.014100 0.082100 0.021300 0.111700 0.097700 0.096800 0.088800 0.079900 0.050700 0.074100 0.106100 0.106600 0.109900 0.087800 0.097600 0.111400 0.112100 0.050600 0.073800 0.081100 0.081900 0.081800 0.135700 0.021200 0.021400
MuntiacusM 0.049900 0.330200 0.072300 0.261100 0.088000 0.057100 0.087100 0.088600 0.103800 0.000000 0.072400 0.072200 0.079000 0.079700 0.088600 0.110500 0.086900 0.131600 0.086800 0.096400 0.088200 0.057500 0.034700 0.085700 0.072100 0.087700 0.079500 0.088400 0.103100 0.096400 0.020800 0.095000 0.079200 0.086600 0.108300 0.064200 0.057400 0.095400 0.112100 0.042000 0.027700 0.087700 0.006800 0.049400 0.064100 0.079500 0.094600 0.095500 0.072200 0.087100 0.080600 0.096500
goat 0.021500 0.358000 0.058300 0.228300 0.089600 0.028600 0.073200 0.074500 0.074000 0.072400 0.000000 0.058200 0.065400 0.081200 0.074500 0.088800 0.071300 0.102300 0.058000 0.051400 0.089800 0.028800 0.049800 0.094800 0.000000 0.089100 0.050700 0.058800 0.081300 0.066600 0.080200 0.096800 0.078900 0.057800 0.064400 0.050300 0.028800 0.105200 0.098000 0.072500 0.057200 0.089100 0.079700 0.080300 0.050200 0.080900 0.050400 0.066100 0.073600 0.120100 0.066500 0.066700
AfricanBuf 0.035900 0.325800 0.035900 0.246400 0.073800 0.043000 0.073000 0.058900 0.066100 0.072200 0.058200 0.000000 0.068300 0.065600 0.058900 0.065600 0.072900 0.117700 0.043000 0.058800 0.058800 0.043400 0.064400 0.117900 0.058000 0.058300 0.053000 0.051100 0.058300 0.058800 0.079900 0.080900 0.065300 0.060400 0.079100 0.021200 0.043300 0.089100 0.066500 0.078000 0.057100 0.058300 0.079500 0.080100 0.021100 0.050600 0.065200 0.050900 0.043400 0.094700 0.043600 0.058900
Topi 0.043000 0.320100 0.065300 0.236100 0.065800 0.050200 0.065200 0.081500 0.081200 0.079000 0.065400 0.068300 0.000000 0.057800 0.081500 0.103600 0.062700 0.093800 0.050100 0.089400 0.081200 0.050600 0.071200 0.125000 0.065100 0.096100 0.014100 0.081300 0.080700 0.089300 0.086900 0.072900 0.072300 0.035400 0.071300 0.042600 0.050400 0.080900 0.105000 0.079200 0.063900 0.096100 0.086300 0.087000 0.042500 0.057500 0.072400 0.073100 0.065200 0.095500 0.073600 0.089400
CommonDuik 0.058200 0.345600 0.065900 0.257200 0.066300 0.065500 0.035500 0.082200 0.081900 0.079700 0.081200 0.065600 0.057800 0.000000 0.082100 0.104600 0.079200 0.126300 0.065300 0.090200 0.097700 0.066000 0.071800 0.126200 0.080800 0.096900 0.058100 0.082000 0.081400 0.090100 0.087600 0.028500 0.088200 0.065300 0.102500 0.043000 0.065900 0.081500 0.097900 0.079900 0.064400 0.096900 0.087100 0.087700 0.042900 0.073200 0.073100 0.089100 0.081100 0.096200 0.074200 0.090200
Suni 0.051500 0.320400 0.059000 0.249900 0.090700 0.058800 0.089600 0.075500 0.090700 0.088600 0.074500 0.058900 0.081500 0.082100 0.000000 0.097900 0.087600 0.135200 0.074000 0.083200 0.091000 0.059300 0.080500 0.135500 0.074200 0.090400 0.066400 0.075100 0.090100 0.083300 0.096900 0.097900 0.081800 0.058500 0.095600 0.050900 0.059100 0.105800 0.099400 0.088700 0.073000 0.074700 0.096100 0.096900 0.050800 0.081500 0.081600 0.082600 0.059200 0.106000 0.067300 0.080600
Springbuck 0.073300 0.367900 0.073300 0.265300 0.113200 0.080700 0.112200 0.066500 0.105300 0.110500 0.088800 0.065600 0.103600 0.104600 0.097900 0.000000 0.102000 0.150000 0.080500 0.089900 0.066200 0.081300 0.102200 0.134100 0.088500 0.050800 0.088400 0.089600 0.035900 0.097800 0.118800 0.120600 0.103700 0.095700 0.117800 0.072700 0.081100 0.129100 0.089900 0.094900 0.094600 0.050800 0.118100 0.119000 0.072500 0.088500 0.080500 0.081300 0.081200 0.112000 0.081800 0.090000
Okapi 0.063600 0.298600 0.073200 0.246100 0.079900 0.055400 0.086800 0.087700 0.066100 0.086900 0.071300 0.072900 0.062700 0.079200 0.087600 0.102000 0.000000 0.086400 0.071400 0.074000 0.071200 0.071700 0.078900 0.101900 0.071200 0.102600 0.078700 0.081500 0.079500 0.089500 0.094800 0.094800 0.080000 0.085900 0.076100 0.050100 0.071600 0.095000 0.111600 0.087100 0.071500 0.102600 0.094300 0.094900 0.050000 0.063500 0.077900 0.079400 0.070800 0.119300 0.073700 0.058800
Giraffe 0.110000 0.375700 0.118200 0.260300 0.143100 0.101700 0.117900 0.135500 0.127000 0.131600 0.102300 0.117700 0.093800 0.126300 0.135200 0.150000 0.086400 0.000000 0.132800 0.103600 0.135000 0.102700 0.107600 0.139200 0.101900 0.150300 0.094300 0.111100 0.142400 0.119300 0.139000 0.142500 0.124800 0.101500 0.107800 0.109200 0.118100 0.159100 0.159900 0.131900 0.115500 0.150300 0.139200 0.140100 0.109000 0.125200 0.098100 0.126100 0.117700 0.133300 0.119100 0.119600
TibetanAnt 0.035800 0.334100 0.050400 0.245200 0.073500 0.042900 0.072700 0.073900 0.065800 0.086800 0.058000 0.043000 0.050100 0.065300 0.074000 0.080500 0.071400 0.132800 0.000000 0.073800 0.073700 0.043300 0.078900 0.133000 0.057700 0.073200 0.050300 0.066000 0.058000 0.073800 0.094800 0.080500 0.080100 0.057400 0.078800 0.035400 0.043100 0.088700 0.081700 0.087000 0.071500 0.073200 0.094200 0.094900 0.035300 0.050400 0.080000 0.065700 0.058000 0.103800 0.058400 0.073800
Sitatunga 0.058900 0.360300 0.021300 0.223200 0.098700 0.066400 0.082000 0.083300 0.021300 0.096400 0.051400 0.058800 0.089400 0.090200 0.083200 0.089900 0.074000 0.103600 0.073800 0.000000 0.091000 0.066900 0.072800 0.119700 0.051200 0.090200 0.074100 0.007000 0.082400 0.014200 0.104400 0.106200 0.089500 0.081500 0.087900 0.058500 0.066700 0.114700 0.099100 0.102300 0.080500 0.090200 0.104000 0.104700 0.058400 0.081900 0.058500 0.059100 0.074400 0.128100 0.014100 0.014200
Oribi 0.066400 0.315800 0.066500 0.248900 0.106400 0.073800 0.105400 0.059500 0.082600 0.088200 0.089800 0.058800 0.081200 0.097700 0.091000 0.066200 0.071200 0.135000 0.073700 0.091000 0.000000 0.074400 0.080000 0.135300 0.089500 0.043800 0.081600 0.082800 0.058800 0.090900 0.096200 0.113700 0.081300 0.089000 0.095500 0.065900 0.074200 0.122300 0.067400 0.072800 0.072500 0.043800 0.095600 0.096400 0.065700 0.066200 0.081300 0.082300 0.058900 0.089400 0.074900 0.075200
BarbaryShe 0.007100 0.337100 0.043500 0.247600 0.074200 0.014200 0.073500 0.059300 0.074200 0.057500 0.028800 0.043400 0.050600 0.066000 0.059300 0.081300 0.071700 0.102700 0.043300 0.066900 0.074400 0.000000 0.049900 0.102800 0.028300 0.073900 0.036000 0.059000 0.073800 0.066900 0.065200 0.081400 0.065700 0.043100 0.064600 0.035800 0.014300 0.089700 0.082500 0.057600 0.042700 0.073900 0.064800 0.065300 0.035700 0.065900 0.065600 0.066300 0.058600 0.089100 0.051400 0.066900
Daviddeer 0.042500 0.337800 0.064500 0.231900 0.079900 0.049500 0.064100 0.080400 0.080000 0.034700 0.049800 0.064400 0.071200 0.071800 0.080500 0.102200 0.078900 0.107600 0.078900 0.072800 0.080000 0.049900 0.000000 0.070400 0.049600 0.094800 0.071600 0.065000 0.094800 0.072700 0.041900 0.086900 0.071400 0.078700 0.085000 0.056600 0.049800 0.087200 0.103500 0.034700 0.006700 0.094800 0.041700 0.041900 0.056500 0.071600 0.071400 0.087300 0.064400 0.079100 0.072600 0.088200
Reindeer 0.094700 0.393400 0.118200 0.270100 0.126400 0.086600 0.125900 0.135800 0.143600 0.085700 0.094800 0.117900 0.125000 0.126200 0.135500 0.134100 0.101900 0.139200 0.133000 0.119700 0.135300 0.102800 0.070400 0.000000 0.094500 0.134400 0.125600 0.127400 0.126700 0.135800 0.093500 0.142400 0.125300 0.133000 0.115700 0.109300 0.102600 0.134500 0.160200 0.071000 0.070500 0.134400 0.093000 0.048800 0.109100 0.125400 0.109800 0.126300 0.102400 0.133300 0.127300 0.127900
Ibex 0.021400 0.356400 0.058100 0.227500 0.089300 0.028500 0.072900 0.074200 0.073700 0.072100 0.000000 0.058000 0.065100 0.080800 0.074200 0.088500 0.071200 0.101900 0.057700 0.051200 0.089500 0.028300 0.049600 0.094500 0.000000 0.088800 0.050500 0.058600 0.081000 0.066300 0.079900 0.096400 0.080400 0.057600 0.064200 0.050200 0.028600 0.104800 0.097600 0.072200 0.057000 0.088800 0.079400 0.080000 0.050000 0.080600 0.050200 0.065800 0.073300 0.119900 0.066200 0.066500
GyrantGaze 0.066000 0.337300 0.065900 0.265900 0.105500 0.073300 0.104500 0.059000 0.097600 0.087700 0.089100 0.058300 0.096100 0.096900 0.090400 0.050800 0.102600 0.150300 0.073200 0.090200 0.043800 0.073900 0.094800 0.134400 0.088800 0.000000 0.081000 0.082100 0.043500 0.074400 0.095700 0.112800 0.096300 0.088300 0.110200 0.065400 0.073700 0.121400 0.082400 0.087500 0.087200 0.014300 0.095100 0.111500 0.065200 0.081200 0.080700 0.081700 0.058400 0.104500 0.074200 0.090200
Hartebeest 0.028500 0.323400 0.050600 0.237400 0.066100 0.035700 0.065400 0.066400 0.081500 0.079500 0.050700 0.053000 0.014100 0.058100 0.066400 0.088400 0.078700 0.094300 0.050300 0.074100 0.081600 0.036000 0.071600 0.125600 0.050500 0.081000 0.000000 0.066200 0.081000 0.074000 0.087300 0.073200 0.072700 0.021200 0.056800 0.042700 0.035900 0.081200 0.089600 0.079600 0.064300 0.081000 0.086800 0.087500 0.042600 0.072900 0.057700 0.058300 0.065600 0.096100 0.058600 0.074200
Bongo 0.051200 0.348000 0.014100 0.231600 0.090400 0.058600 0.073900 0.075100 0.014100 0.088400 0.058800 0.051100 0.081300 0.082000 0.075100 0.089600 0.081500 0.111100 0.066000 0.007000 0.082800 0.059000 0.065000 0.127400 0.058600 0.082100 0.066200 0.000000 0.082100 0.007100 0.096200 0.097800 0.081400 0.073500 0.080000 0.050800 0.058900 0.106300 0.090800 0.094100 0.072700 0.082000 0.095800 0.096500 0.050700 0.073900 0.065900 0.066600 0.066500 0.119700 0.007000 0.021400
Gerenuk 0.065900 0.355200 0.066000 0.256900 0.089700 0.073200 0.089000 0.059000 0.082100 0.103100 0.081300 0.058300 0.080700 0.081400 0.090100 0.035900 0.079500 0.142400 0.058000 0.082400 0.058800 0.073800 0.094800 0.126700 0.081000 0.043500 0.081000 0.082100 0.000000 0.090200 0.111200 0.097100 0.096100 0.088300 0.110000 0.050400 0.073600 0.105300 0.082200 0.087600 0.087200 0.043500 0.110600 0.111400 0.050300 0.065800 0.073100 0.073800 0.073600 0.104300 0.074300 0.082400
CommonElan 0.059000 0.360800 0.021300 0.241300 0.098600 0.066300 0.081900 0.083200 0.021300 0.096400 0.066600 0.058800 0.089300 0.090100 0.083300 0.097800 0.089500 0.119300 0.073800 0.014200 0.090900 0.066900 0.072700 0.135800 0.066300 0.074400 0.074000 0.007100 0.090200 0.000000 0.104500 0.106000 0.089500 0.081400 0.087800 0.058500 0.066700 0.114700 0.099100 0.102300 0.080500 0.090100 0.103900 0.104700 0.058400 0.081900 0.073700 0.074500 0.059000 0.128400 0.014200 0.028700
MuntiacusR 0.057500 0.342600 0.080100 0.269900 0.096000 0.064700 0.095000 0.096600 0.111700 0.020800 0.080200 0.079900 0.086900 0.087600 0.096900 0.118800 0.094800 0.139000 0.094800 0.104400 0.096200 0.065200 0.041900 0.093500 0.079900 0.095700 0.087300 0.096200 0.111200 0.104500 0.000000 0.103100 0.087100 0.094500 0.116400 0.071900 0.065100 0.103400 0.120500 0.049400 0.034800 0.095700 0.027800 0.056900 0.071700 0.087400 0.102600 0.103300 0.080100 0.095000 0.088400 0.104500
HarveysDui 0.073300 0.368300 0.081200 0.276600 0.081700 0.080700 0.050500 0.098000 0.097700 0.095000 0.096800 0.080900 0.072900 0.028500 0.097900 0.120600 0.094800 0.142500 0.080500 0.106200 0.113700 0.081400 0.086900 0.142400 0.096400 0.112800 0.073200 0.097800 0.097100 0.106000 0.103100 0.000000 0.103800 0.080500 0.118200 0.057800 0.081200 0.097100 0.105800 0.095200 0.079400 0.112800 0.102500 0.103200 0.057600 0.088600 0.088400 0.104800 0.096700 0.112000 0.089800 0.106200
Pronghorn 0.057900 0.319500 0.065500 0.251700 0.096800 0.065100 0.095700 0.066300 0.096800 0.079200 0.078900 0.065300 0.072300 0.088200 0.081800 0.103700 0.080000 0.124800 0.080100 0.089500 0.081300 0.065700 0.071400 0.125300 0.080400 0.096300 0.072700 0.081400 0.096100 0.089500 0.087100 0.103800 0.000000 0.079800 0.101500 0.055300 0.065500 0.112300 0.105100 0.079300 0.064100 0.096300 0.086500 0.087400 0.054900 0.072700 0.087700 0.088700 0.065500 0.102500 0.073700 0.089500
BlueWildeb 0.035700 0.353000 0.057700 0.263800 0.088700 0.042800 0.072700 0.073700 0.088800 0.086600 0.057800 0.060400 0.035400 0.065300 0.058500 0.095700 0.085900 0.101500 0.057400 0.081500 0.089000 0.043100 0.078700 0.133000 0.057600 0.088300 0.021200 0.073500 0.088300 0.081400 0.094500 0.080500 0.079800 0.000000 0.063900 0.049800 0.043000 0.104100 0.096900 0.086800 0.071300 0.088300 0.094000 0.094700 0.049700 0.080100 0.064800 0.080600 0.072800 0.103300 0.065800 0.081500
Gemsbok 0.057000 0.293900 0.079300 0.251300 0.102500 0.049400 0.094400 0.095200 0.079900 0.108300 0.064400 0.079100 0.071300 0.102500 0.095600 0.117800 0.076100 0.107800 0.078800 0.087900 0.095500 0.064600 0.085000 0.115700 0.064200 0.110200 0.056800 0.080000 0.110000 0.087800 0.116400 0.118200 0.101500 0.063900 0.000000 0.071200 0.064500 0.127900 0.119100 0.108500 0.092700 0.110200 0.115700 0.101100 0.071000 0.101900 0.086400 0.102400 0.079300 0.141200 0.087700 0.088100
Yak 0.028400 0.312900 0.035700 0.235800 0.050700 0.035500 0.050200 0.051000 0.050700 0.064200 0.050300 0.021200 0.042600 0.043000 0.050900 0.072700 0.050100 0.109200 0.035400 0.058500 0.065900 0.035800 0.056600 0.109300 0.050200 0.065400 0.042700 0.050800 0.050400 0.058500 0.071900 0.057800 0.055300 0.049800 0.071200 0.000000 0.035700 0.065500 0.073700 0.069900 0.049400 0.065400 0.071400 0.072000 0.000000 0.042900 0.057300 0.057900 0.050400 0.101900 0.043400 0.058500
BlueSheep 0.007100 0.336100 0.043400 0.228900 0.074100 0.014200 0.073300 0.059100 0.074100 0.057400 0.028800 0.043300 0.050400 0.065900 0.059100 0.081100 0.071600 0.118100 0.043100 0.066700 0.074200 0.014300 0.049800 0.102600 0.028600 0.073700 0.035900 0.058900 0.073600 0.066700 0.065100 0.081200 0.065500 0.043000 0.064500 0.035700 0.000000 0.073900 0.082200 0.057500 0.042600 0.073700 0.049900 0.065200 0.035600 0.065700 0.065500 0.051000 0.058400 0.104400 0.051300 0.066800
BohorReedb 0.081500 0.355200 0.089300 0.267700 0.028900 0.081100 0.089000 0.106500 0.106100 0.095400 0.105200 0.089100 0.080900 0.081500 0.105800 0.129100 0.095000 0.159100 0.088700 0.114700 0.122300 0.089700 0.087200 0.134500 0.104800 0.121400 0.081200 0.106300 0.105300 0.114700 0.103400 0.097100 0.112300 0.104100 0.127900 0.065500 0.073900 0.000000 0.114500 0.095600 0.079700 0.121400 0.087400 0.103600 0.065400 0.096900 0.096600 0.081900 0.105200 0.112700 0.098200 0.106800
KirksDik 0.074400 0.352600 0.074300 0.278200 0.114700 0.081800 0.113500 0.083200 0.106600 0.112100 0.098000 0.066500 0.105000 0.097900 0.099400 0.089900 0.111600 0.159900 0.081700 0.099100 0.067400 0.082500 0.103500 0.160200 0.097600 0.082400 0.089600 0.090800 0.082200 0.099100 0.120500 0.105800 0.105100 0.096900 0.119100 0.073700 0.082200 0.114500 0.000000 0.112100 0.095900 0.082400 0.119600 0.120700 0.073500 0.074300 0.073800 0.090400 0.082400 0.097800 0.082800 0.099100
RoeDeer 0.050000 0.350300 0.077700 0.261600 0.088100 0.057200 0.087300 0.073100 0.109900 0.042000 0.072500 0.078000 0.079200 0.079900 0.088700 0.094900 0.087100 0.131900 0.087000 0.102300 0.072800 0.057600 0.034700 0.071000 0.072200 0.087500 0.079600 0.094100 0.087600 0.102300 0.049400 0.095200 0.079300 0.086800 0.108500 0.069900 0.057500 0.095600 0.112100 0.000000 0.027700 0.087500 0.049100 0.035000 0.069600 0.079600 0.094700 0.095500 0.072300 0.087200 0.086100 0.102500
WhiteLippe 0.035300 0.327800 0.057200 0.241300 0.072400 0.042300 0.071700 0.072900 0.087800 0.027700 0.057200 0.057100 0.063900 0.064400 0.073000 0.094600 0.071500 0.115500 0.071500 0.080500 0.072500 0.042700 0.006700 0.070500 0.057000 0.087200 0.064300 0.072700 0.087200 0.080500 0.034800 0.079400 0.064100 0.071300 0.092700 0.049400 0.042600 0.079700 0.095900 0.027700 0.000000 0.087200 0.034600 0.034800 0.049300 0.064300 0.079000 0.079800 0.057100 0.071700 0.065200 0.080600
ThomsonGaz 0.066000 0.315300 0.065900 0.247200 0.105500 0.073300 0.104500 0.059000 0.097600 0.087700 0.089100 0.058300 0.096100 0.096900 0.074700 0.050800 0.102600 0.150300 0.073200 0.090200 0.043800 0.073900 0.094800 0.134400 0.088800 0.014300 0.081000 0.082000 0.043500 0.090100 0.095700 0.112800 0.096300 0.088300 0.110200 0.065400 0.073700 0.121400 0.082400 0.087500 0.087200 0.000000 0.095100 0.111500 0.065200 0.081200 0.080700 0.081700 0.058500 0.104600 0.074200 0.090200
MuntiacusC 0.057100 0.339400 0.079600 0.251100 0.095400 0.064300 0.094500 0.096000 0.111400 0.006800 0.079700 0.079500 0.086300 0.087100 0.096100 0.118100 0.094300 0.139200 0.094200 0.104000 0.095600 0.064800 0.041700 0.093000 0.079400 0.095100 0.086800 0.095800 0.110600 0.103900 0.027800 0.102500 0.086500 0.094000 0.115700 0.071400 0.049900 0.087400 0.119600 0.049100 0.034600 0.095100 0.000000 0.056500 0.071300 0.086800 0.102000 0.087500 0.079500 0.094400 0.088000 0.104000
WhiteTaile 0.057600 0.354400 0.080200 0.253200 0.096100 0.064800 0.095100 0.096800 0.112100 0.049400 0.080300 0.080100 0.087000 0.087700 0.096900 0.119000 0.094900 0.140100 0.094900 0.104700 0.096400 0.065300 0.041900 0.048800 0.080000 0.111500 0.087500 0.096500 0.111400 0.104700 0.056900 0.103200 0.087400 0.094700 0.101100 0.072000 0.065200 0.103600 0.120700 0.035000 0.034800 0.111500 0.056500 0.000000 0.071800 0.087500 0.102700 0.103700 0.065100 0.095200 0.088700 0.104800
Cattle 0.028300 0.312000 0.035600 0.235300 0.050600 0.035400 0.050100 0.050900 0.050600 0.064100 0.050200 0.021100 0.042500 0.042900 0.050800 0.072500 0.050000 0.109000 0.035300 0.058400 0.065700 0.035700 0.056500 0.109100 0.050000 0.065200 0.042600 0.050700 0.050300 0.058400 0.071700 0.057600 0.054900 0.049700 0.071000 0.000000 0.035600 0.065400 0.073500 0.069600 0.049300 0.065200 0.071300 0.071800 0.000000 0.042800 0.057200 0.057800 0.050300 0.101500 0.043300 0.058400
RoyalAntel 0.058100 0.324000 0.058100 0.255100 0.081500 0.065300 0.080600 0.082000 0.073800 0.079500 0.080900 0.050600 0.057500 0.073200 0.081500 0.088500 0.063500 0.125200 0.050400 0.081900 0.066200 0.065900 0.071600 0.125400 0.080600 0.081200 0.072900 0.073900 0.065800 0.081900 0.087400 0.088600 0.072700 0.080100 0.101900 0.042900 0.065700 0.096900 0.074300 0.079600 0.064300 0.081200 0.086800 0.087500 0.042800 0.000000 0.088000 0.073500 0.050700 0.096200 0.066300 0.082000
Steenbok 0.057800 0.349500 0.065400 0.217900 0.096800 0.065100 0.065200 0.066200 0.081100 0.094600 0.050400 0.065200 0.072400 0.073100 0.081600 0.080500 0.077900 0.098100 0.080000 0.058500 0.081300 0.065600 0.071400 0.109800 0.050200 0.080700 0.057700 0.065900 0.073100 0.073700 0.102600 0.088400 0.087700 0.064800 0.086400 0.057300 0.065500 0.096600 0.073800 0.094700 0.079000 0.080700 0.102000 0.102700 0.057200 0.088000 0.000000 0.073100 0.080600 0.080300 0.073600 0.073900
Impala 0.058500 0.313700 0.050900 0.220500 0.082000 0.065800 0.096600 0.082500 0.081900 0.095500 0.066100 0.050900 0.073100 0.089100 0.082600 0.081300 0.079400 0.126100 0.065700 0.059100 0.082300 0.066300 0.087300 0.126300 0.065800 0.081700 0.058300 0.066600 0.073800 0.074500 0.103300 0.104800 0.088700 0.080600 0.102400 0.057900 0.051000 0.081900 0.090400 0.095500 0.079800 0.081700 0.087500 0.103700 0.057800 0.073500 0.073100 0.000000 0.066200 0.112800 0.058900 0.059100
Klipspring 0.050800 0.303700 0.050800 0.210400 0.089600 0.058100 0.088600 0.074500 0.081800 0.072200 0.073600 0.043400 0.065200 0.081100 0.059200 0.081200 0.070800 0.117700 0.058000 0.074400 0.058900 0.058600 0.064400 0.102400 0.073300 0.058400 0.065600 0.066500 0.073600 0.059000 0.080100 0.096700 0.065500 0.072800 0.079300 0.050400 0.058400 0.105200 0.082400 0.072300 0.057100 0.058500 0.079500 0.065100 0.050300 0.050700 0.080600 0.066200 0.000000 0.088900 0.058900 0.074500
ForestMusk 0.096500 0.355000 0.102700 0.281800 0.120900 0.103800 0.103700 0.105600 0.135700 0.087100 0.120100 0.094700 0.095500 0.096200 0.106000 0.112000 0.119300 0.133300 0.103800 0.128100 0.089400 0.089100 0.079100 0.133300 0.119900 0.104500 0.096100 0.119700 0.104300 0.128400 0.095000 0.112000 0.102500 0.103300 0.141200 0.101900 0.104400 0.112700 0.097800 0.087200 0.071700 0.104600 0.094400 0.095200 0.101500 0.096200 0.080300 0.112800 0.088900 0.000000 0.111500 0.128500
Bushbuck 0.043700 0.336700 0.007000 0.240800 0.082500 0.051000 0.081700 0.067300 0.021200 0.080600 0.066500 0.043600 0.073600 0.074200 0.067300 0.081800 0.073700 0.119100 0.058400 0.014100 0.074900 0.051400 0.072600 0.127300 0.066200 0.074200 0.058600 0.007000 0.074300 0.014200 0.088400 0.089800 0.073700 0.065800 0.087700 0.043400 0.051300 0.098200 0.082800 0.086100 0.065200 0.074200 0.088000 0.088700 0.043300 0.066300 0.073600 0.058900 0.058900 0.111500 0.000000 0.014200
GreaterKud 0.059000 0.337500 0.021300 0.242000 0.098800 0.066400 0.097900 0.083300 0.021400 0.096500 0.066700 0.058900 0.089400 0.090200 0.080600 0.090000 0.058800 0.119600 0.073800 0.014200 0.075200 0.066900 0.088200 0.127900 0.066500 0.090200 0.074200 0.021400 0.082400 0.028700 0.104500 0.106200 0.089500 0.081500 0.088100 0.058500 0.066800 0.106800 0.099100 0.102500 0.080600 0.090200 0.104000 0.104800 0.058400 0.082000 0.073900 0.059100 0.074500 0.128500 0.014200 0.000000
