1
52 1
Argali 0.000000 0.011900 0.003600 0.018200 0.000100 0.004800 0.001200 0.001200 0.001200 0.002400 0.000000 0.000100 0.001200 0.000100 0.002400 0.001200 0.003600 0.003600 0.000000 0.002400 0.001200 0.000000 0.002400 0.004800 0.000000 0.002400 0.000000 0.001200 0.006000 0.001200 0.003600 0.001200 0.004800 0.002400 0.003600 0.000100 0.000000 0.000100 0.000100 0.002400 0.002400 0.001200 0.002400 0.004800 0.000100 0.000100 0.001200 0.000100 0.000100 0.001200 0.001200 0.001200
LesserMous 0.011900 0.000000 0.015600 0.014200 0.011900 0.016700 0.013100 0.013100 0.013200 0.009500 0.011900 0.011900 0.013100 0.011900 0.014300 0.013200 0.013100 0.010700 0.011900 0.014400 0.013200 0.011900 0.009500 0.009500 0.011900 0.014400 0.011900 0.013200 0.018000 0.013200 0.010700 0.013100 0.011900 0.014300 0.015600 0.011900 0.011900 0.012000 0.012000 0.009500 0.009500 0.013100 0.009500 0.009500 0.011900 0.011900 0.013100 0.011900 0.011900 0.013200 0.013200 0.013200
LesserKudu 0.003600 0.015600 0.000000 0.020900 0.003700 0.008500 0.004900 0.004900 0.002400 0.006100 0.003700 0.003600 0.004900 0.003700 0.006100 0.004900 0.007300 0.007300 0.003700 0.003700 0.004900 0.003600 0.006100 0.008500 0.003700 0.006100 0.003600 0.002500 0.009800 0.002400 0.007300 0.004900 0.008600 0.006100 0.007400 0.003600 0.003600 0.003700 0.003700 0.006100 0.006100 0.004900 0.006100 0.008500 0.003700 0.003700 0.004900 0.003700 0.003700 0.004900 0.002400 0.002400
KillerWhal 0.018200 0.014200 0.020900 0.000000 0.018300 0.023100 0.019400 0.019500 0.019600 0.015700 0.018200 0.018200 0.019500 0.018300 0.019500 0.019600 0.019500 0.017000 0.018300 0.020800 0.019600 0.018200 0.015800 0.018200 0.018200 0.020800 0.018200 0.019600 0.024400 0.019600 0.017000 0.019500 0.018300 0.020700 0.022000 0.018200 0.018200 0.018300 0.018300 0.015700 0.015700 0.019500 0.015700 0.018200 0.018200 0.018300 0.019400 0.018300 0.018300 0.019500 0.019600 0.019600
DefassaWat 0.000100 0.011900 0.003700 0.018300 0.000000 0.004800 0.001200 0.001200 0.001200 0.002400 0.000100 0.000100 0.001200 0.000100 0.002400 0.001200 0.003600 0.003600 0.000100 0.002400 0.001200 0.000100 0.002400 0.004800 0.000100 0.002400 0.000100 0.001200 0.006100 0.001200 0.003600 0.001200 0.004900 0.002400 0.003600 0.000100 0.000100 0.000000 0.000100 0.002400 0.002400 0.001200 0.002400 0.004800 0.000100 0.000100 0.001200 0.000100 0.000100 0.001200 0.001200 0.001200
Sheep 0.004800 0.016700 0.008500 0.023100 0.004800 0.000000 0.006000 0.006000 0.006100 0.007200 0.004800 0.004800 0.006100 0.004800 0.007300 0.006100 0.008500 0.008500 0.004800 0.007300 0.006100 0.004800 0.007300 0.009700 0.004800 0.007300 0.004800 0.006100 0.010900 0.006100 0.008500 0.006000 0.009700 0.007300 0.008500 0.004800 0.005000 0.004900 0.004900 0.007200 0.007200 0.006100 0.007200 0.009700 0.004800 0.004800 0.006000 0.004900 0.004800 0.006100 0.006100 0.006100
MaxwellsDu 0.001200 0.013100 0.004900 0.019400 0.001200 0.006000 0.000000 0.002400 0.002400 0.003600 0.001200 0.001200 0.002400 0.001200 0.003600 0.002400 0.004800 0.004800 0.001200 0.003600 0.002400 0.001200 0.003600 0.006000 0.001200 0.003600 0.001200 0.002400 0.007300 0.002400 0.004800 0.000000 0.006100 0.003600 0.004800 0.001200 0.001200 0.001200 0.001200 0.003600 0.003600 0.002400 0.003600 0.006000 0.001200 0.001200 0.002400 0.001200 0.001200 0.002400 0.002400 0.002400
GazellaPrz 0.001200 0.013100 0.004900 0.019500 0.001200 0.006000 0.002400 0.000000 0.002400 0.003600 0.001200 0.001200 0.002400 0.001200 0.003600 0.002400 0.004800 0.004800 0.001200 0.003600 0.002400 0.001200 0.003600 0.006000 0.001200 0.003600 0.001200 0.002400 0.007300 0.002400 0.004800 0.002400 0.006100 0.003600 0.004900 0.001200 0.001200 0.001200 0.001200 0.003600 0.003600 0.002400 0.003600 0.006000 0.001200 0.001200 0.002400 0.001200 0.001200 0.002400 0.002400 0.002400
MountainNy 0.001200 0.013200 0.002400 0.019600 0.001200 0.006100 0.002400 0.002400 0.000000 0.003600 0.001200 0.001200 0.002400 0.001200 0.003600 0.002400 0.004900 0.004900 0.001200 0.001200 0.002400 0.001200 0.003600 0.006100 0.001200 0.003700 0.001200 0.000000 0.007300 0.000000 0.004900 0.002400 0.006100 0.003600 0.004900 0.001200 0.001200 0.001200 0.001200 0.003600 0.003600 0.002400 0.003600 0.006100 0.001200 0.001200 0.002400 0.001200 0.001200 0.002400 0.000000 0.000000
MuntiacusM 0.002400 0.009500 0.006100 0.015700 0.002400 0.007200 0.003600 0.003600 0.003600 0.000000 0.002400 0.002400 0.003600 0.002400 0.004800 0.003600 0.003600 0.001200 0.002400 0.004900 0.003600 0.002400 0.000000 0.002400 0.002400 0.004800 0.002400 0.003600 0.008500 0.003600 0.001200 0.003600 0.002400 0.004800 0.006100 0.002400 0.002400 0.002400 0.002400 0.000100 0.000000 0.003600 0.000000 0.002400 0.002400 0.002400 0.003600 0.002400 0.002400 0.003600 0.003600 0.003600
goat 0.000000 0.011900 0.003700 0.018200 0.000100 0.004800 0.001200 0.001200 0.001200 0.002400 0.000000 0.000100 0.001200 0.000100 0.002400 0.001200 0.003600 0.003600 0.000000 0.002400 0.001200 0.000000 0.002400 0.004800 0.000000 0.002400 0.000000 0.001200 0.006100 0.001200 0.003600 0.001200 0.004800 0.002400 0.003600 0.000100 0.000000 0.000100 0.000100 0.002400 0.002400 0.001200 0.002400 0.004800 0.000100 0.000100 0.001200 0.000100 0.000100 0.001200 0.001200 0.001200
AfricanBuf 0.000100 0.011900 0.003600 0.018200 0.000100 0.004800 0.001200 0.001200 0.001200 0.002400 0.000100 0.000000 0.001200 0.000100 0.002400 0.001200 0.003600 0.003600 0.000100 0.002400 0.001200 0.000100 0.002400 0.004800 0.000100 0.002400 0.000100 0.001200 0.006100 0.001200 0.003600 0.001200 0.004800 0.002400 0.003600 0.000000 0.000100 0.000100 0.000100 0.002400 0.002400 0.001200 0.002400 0.004800 0.000000 0.000100 0.001200 0.000100 0.000100 0.001200 0.001200 0.001200
Topi 0.001200 0.013100 0.004900 0.019500 0.001200 0.006100 0.002400 0.002400 0.002400 0.003600 0.001200 0.001200 0.000000 0.001200 0.003600 0.002400 0.004900 0.004800 0.001200 0.003700 0.002400 0.001200 0.003600 0.006100 0.001200 0.003700 0.001200 0.002400 0.007300 0.002400 0.004800 0.002400 0.006100 0.003600 0.004900 0.001200 0.001200 0.001200 0.001200 0.003600 0.003600 0.002400 0.003600 0.006100 0.001200 0.001200 0.002400 0.001200 0.001200 0.002400 0.002400 0.002400
CommonDuik 0.000100 0.011900 0.003700 0.018300 0.000100 0.004800 0.001200 0.001200 0.001200 0.002400 0.000100 0.000100 0.001200 0.000000 0.002400 0.001200 0.003600 0.003600 0.000100 0.002400 0.001200 0.000000 0.002400 0.004800 0.000100 0.002400 0.000100 0.001200 0.006100 0.001200 0.003600 0.001200 0.004900 0.002400 0.003600 0.000100 0.000100 0.000100 0.000100 0.002400 0.002400 0.001200 0.002400 0.004800 0.000100 0.000100 0.001200 0.000100 0.000100 0.001200 0.001200 0.001200
Suni 0.002400 0.014300 0.006100 0.019500 0.002400 0.007300 0.003600 0.003600 0.003600 0.004800 0.002400 0.002400 0.003600 0.002400 0.000000 0.003600 0.006100 0.006000 0.002400 0.004900 0.003600 0.002400 0.004800 0.007300 0.002400 0.004900 0.002400 0.003700 0.008500 0.003600 0.006000 0.003600 0.007300 0.004800 0.006100 0.002400 0.002400 0.002400 0.002400 0.004800 0.004800 0.003600 0.004800 0.007300 0.002400 0.002400 0.003600 0.002400 0.002400 0.003600 0.003600 0.003600
Springbuck 0.001200 0.013200 0.004900 0.019600 0.001200 0.006100 0.002400 0.002400 0.002400 0.003600 0.001200 0.001200 0.002400 0.001200 0.003600 0.000000 0.004900 0.004900 0.001200 0.003700 0.002400 0.001200 0.003600 0.006100 0.001200 0.003700 0.001200 0.002400 0.007300 0.002400 0.004900 0.002400 0.006100 0.003600 0.004900 0.001200 0.001200 0.001200 0.001200 0.003600 0.003600 0.002400 0.003600 0.006100 0.001200 0.001200 0.002400 0.001200 0.001200 0.002400 0.002400 0.002400
Okapi 0.003600 0.013100 0.007300 0.019500 0.003600 0.008500 0.004800 0.004800 0.004900 0.003600 0.003600 0.003600 0.004900 0.003600 0.006100 0.004900 0.000000 0.002400 0.003600 0.006100 0.004900 0.003600 0.003600 0.006100 0.003600 0.006100 0.003600 0.004900 0.009700 0.004900 0.004800 0.004800 0.006100 0.006100 0.007300 0.003600 0.003600 0.003600 0.003700 0.003600 0.003600 0.004900 0.003600 0.006100 0.003600 0.003600 0.004800 0.003600 0.003600 0.004900 0.004900 0.004900
Giraffe 0.003600 0.010700 0.007300 0.017000 0.003600 0.008500 0.004800 0.004800 0.004900 0.001200 0.003600 0.003600 0.004800 0.003600 0.006000 0.004900 0.002400 0.000000 0.003600 0.006100 0.004900 0.003600 0.001200 0.003600 0.003600 0.006100 0.003600 0.004900 0.009700 0.004900 0.002400 0.004800 0.003600 0.006000 0.007300 0.003600 0.003600 0.003600 0.003600 0.001200 0.001200 0.004800 0.001200 0.003600 0.003600 0.003600 0.004800 0.003600 0.003600 0.004800 0.004900 0.004900
TibetanAnt 0.000000 0.011900 0.003700 0.018300 0.000100 0.004800 0.001200 0.001200 0.001200 0.002400 0.000000 0.000100 0.001200 0.000100 0.002400 0.001200 0.003600 0.003600 0.000000 0.002400 0.001200 0.000000 0.002400 0.004800 0.000000 0.002400 0.000000 0.001200 0.006100 0.001200 0.003600 0.001200 0.004900 0.002400 0.003600 0.000100 0.000000 0.000100 0.000100 0.002400 0.002400 0.001200 0.002400 0.004800 0.000100 0.000100 0.001200 0.000100 0.000100 0.001200 0.001200 0.001200
Sitatunga 0.002400 0.014400 0.003700 0.020800 0.002400 0.007300 0.003600 0.003600 0.001200 0.004900 0.002400 0.002400 0.003700 0.002400 0.004900 0.003700 0.006100 0.006100 0.002400 0.000000 0.003700 0.002400 0.004900 0.007300 0.002400 0.004900 0.002400 0.001200 0.008600 0.001200 0.006100 0.003600 0.007300 0.004900 0.004900 0.002400 0.002400 0.002400 0.002400 0.004900 0.004900 0.003700 0.004800 0.007300 0.002400 0.002400 0.003600 0.002400 0.002400 0.003700 0.001200 0.001200
Oribi 0.001200 0.013200 0.004900 0.019600 0.001200 0.006100 0.002400 0.002400 0.002400 0.003600 0.001200 0.001200 0.002400 0.001200 0.003600 0.002400 0.004900 0.004900 0.001200 0.003700 0.000000 0.001200 0.003600 0.006100 0.001200 0.003700 0.001200 0.002400 0.007300 0.002400 0.004800 0.002400 0.006100 0.003600 0.004900 0.001200 0.001200 0.001200 0.001200 0.003600 0.003600 0.002400 0.003600 0.006100 0.001200 0.001200 0.002400 0.001200 0.001200 0.002400 0.002400 0.002400
BarbaryShe 0.000000 0.011900 0.003600 0.018200 0.000100 0.004800 0.001200 0.001200 0.001200 0.002400 0.000000 0.000100 0.001200 0.000000 0.002400 0.001200 0.003600 0.003600 0.000000 0.002400 0.001200 0.000000 0.002400 0.004800 0.000000 0.002400 0.000000 0.001200 0.006100 0.001200 0.003600 0.001200 0.004800 0.002400 0.003600 0.000100 0.000000 0.000100 0.000100 0.002400 0.002400 0.001200 0.002400 0.004800 0.000100 0.000100 0.001200 0.000100 0.000100 0.001200 0.001200 0.001200
Daviddeer 0.002400 0.009500 0.006100 0.015800 0.002400 0.007300 0.003600 0.003600 0.003600 0.000000 0.002400 0.002400 0.003600 0.002400 0.004800 0.003600 0.003600 0.001200 0.002400 0.004900 0.003600 0.002400 0.000000 0.002400 0.002400 0.004900 0.002400 0.003700 0.008500 0.003600 0.001200 0.003600 0.002400 0.004800 0.006100 0.002400 0.002400 0.002400 0.002400 0.000100 0.000000 0.003600 0.000000 0.002400 0.002400 0.002400 0.003600 0.002400 0.002400 0.003600 0.003600 0.003600
Reindeer 0.004800 0.009500 0.008500 0.018200 0.004800 0.009700 0.006000 0.006000 0.006100 0.002400 0.004800 0.004800 0.006100 0.004800 0.007300 0.006100 0.006100 0.003600 0.004800 0.007300 0.006100 0.004800 0.002400 0.000000 0.004800 0.007300 0.004800 0.006100 0.010900 0.006100 0.002400 0.006000 0.004800 0.007300 0.008500 0.004800 0.004800 0.004900 0.004900 0.002400 0.002400 0.006100 0.002400 0.000000 0.004800 0.004800 0.006000 0.004800 0.004800 0.006100 0.006100 0.006100
Ibex 0.000000 0.011900 0.003700 0.018200 0.000100 0.004800 0.001200 0.001200 0.001200 0.002400 0.000000 0.000100 0.001200 0.000100 0.002400 0.001200 0.003600 0.003600 0.000000 0.002400 0.001200 0.000000 0.002400 0.004800 0.000000 0.002400 0.000000 0.001200 0.006100 0.001200 0.003600 0.001200 0.004800 0.002400 0.003600 0.000100 0.000000 0.000100 0.000100 0.002400 0.002400 0.001200 0.002400 0.004800 0.000100 0.000000 0.001200 0.000100 0.000100 0.001200 0.001200 0.001200
GyrantGaze 0.002400 0.014400 0.006100 0.020800 0.002400 0.007300 0.003600 0.003600 0.003700 0.004800 0.002400 0.002400 0.003700 0.002400 0.004900 0.003700 0.006100 0.006100 0.002400 0.004900 0.003700 0.002400 0.004900 0.007300 0.002400 0.000000 0.002400 0.003700 0.008500 0.003700 0.006100 0.003600 0.007300 0.003600 0.006100 0.002400 0.002400 0.002400 0.002400 0.004800 0.004800 0.001200 0.004800 0.007300 0.002400 0.002400 0.003600 0.002400 0.002400 0.003600 0.003700 0.003700
Hartebeest 0.000000 0.011900 0.003600 0.018200 0.000100 0.004800 0.001200 0.001200 0.001200 0.002400 0.000000 0.000100 0.001200 0.000100 0.002400 0.001200 0.003600 0.003600 0.000000 0.002400 0.001200 0.000000 0.002400 0.004800 0.000000 0.002400 0.000000 0.001200 0.006100 0.001200 0.003600 0.001200 0.004800 0.002400 0.003600 0.000100 0.000000 0.000100 0.000100 0.002400 0.002400 0.001200 0.002400 0.004800 0.000100 0.000100 0.001200 0.000100 0.000100 0.001200 0.001200 0.001200
Bongo 0.001200 0.013200 0.002500 0.019600 0.001200 0.006100 0.002400 0.002400 0.000000 0.003600 0.001200 0.001200 0.002400 0.001200 0.003700 0.002400 0.004900 0.004900 0.001200 0.001200 0.002400 0.001200 0.003700 0.006100 0.001200 0.003700 0.001200 0.000000 0.007300 0.000000 0.004900 0.002400 0.006100 0.003700 0.004900 0.001200 0.001200 0.001200 0.001200 0.003600 0.003600 0.002400 0.003600 0.006100 0.001200 0.001200 0.002400 0.001200 0.001200 0.002400 0.000000 0.000000
Gerenuk 0.006000 0.018000 0.009800 0.024400 0.006100 0.010900 0.007300 0.007300 0.007300 0.008500 0.006100 0.006100 0.007300 0.006100 0.008500 0.007300 0.009700 0.009700 0.006100 0.008600 0.007300 0.006100 0.008500 0.010900 0.006100 0.008500 0.006100 0.007300 0.000000 0.007300 0.009700 0.007300 0.011000 0.008500 0.009700 0.006100 0.006000 0.006100 0.006100 0.008500 0.008500 0.007300 0.008500 0.010900 0.006100 0.006100 0.007300 0.006100 0.006100 0.007300 0.007300 0.007300
CommonElan 0.001200 0.013200 0.002400 0.019600 0.001200 0.006100 0.002400 0.002400 0.000000 0.003600 0.001200 0.001200 0.002400 0.001200 0.003600 0.002400 0.004900 0.004900 0.001200 0.001200 0.002400 0.001200 0.003600 0.006100 0.001200 0.003700 0.001200 0.000000 0.007300 0.000000 0.004900 0.002400 0.006100 0.003600 0.004900 0.001200 0.001200 0.001200 0.001200 0.003600 0.003600 0.002400 0.003600 0.006100 0.001200 0.001200 0.002400 0.001200 0.001200 0.002400 0.000000 0.000000
MuntiacusR 0.003600 0.010700 0.007300 0.017000 0.003600 0.008500 0.004800 0.004800 0.004900 0.001200 0.003600 0.003600 0.004800 0.003600 0.006000 0.004900 0.004800 0.002400 0.003600 0.006100 0.004800 0.003600 0.001200 0.002400 0.003600 0.006100 0.003600 0.004900 0.009700 0.004900 0.000000 0.004800 0.003600 0.006000 0.007300 0.003600 0.003600 0.003600 0.003600 0.001200 0.001200 0.004800 0.001200 0.002400 0.003600 0.003600 0.004800 0.003600 0.003600 0.004800 0.004900 0.004900
HarveysDui 0.001200 0.013100 0.004900 0.019500 0.001200 0.006000 0.000000 0.002400 0.002400 0.003600 0.001200 0.001200 0.002400 0.001200 0.003600 0.002400 0.004800 0.004800 0.001200 0.003600 0.002400 0.001200 0.003600 0.006000 0.001200 0.003600 0.001200 0.002400 0.007300 0.002400 0.004800 0.000000 0.006100 0.003600 0.004900 0.001200 0.001200 0.001200 0.001200 0.003600 0.003600 0.002400 0.003600 0.006000 0.001200 0.001200 0.002400 0.001200 0.001200 0.002400 0.002400 0.002400
Pronghorn 0.004800 0.011900 0.008600 0.018300 0.004900 0.009700 0.006100 0.006100 0.006100 0.002400 0.004800 0.004800 0.006100 0.004900 0.007300 0.006100 0.006100 0.003600 0.004900 0.007300 0.006100 0.004800 0.002400 0.004800 0.004800 0.007300 0.004800 0.006100 0.011000 0.006100 0.003600 0.006100 0.000000 0.007300 0.008500 0.004800 0.004800 0.004900 0.004900 0.002400 0.002400 0.006100 0.002400 0.004800 0.004800 0.004900 0.006100 0.004900 0.004900 0.006100 0.006100 0.006100
BlueWildeb 0.002400 0.014300 0.006100 0.020700 0.002400 0.007300 0.003600 0.003600 0.003600 0.004800 0.002400 0.002400 0.003600 0.002400 0.004800 0.003600 0.006100 0.006000 0.002400 0.004900 0.003600 0.002400 0.004800 0.007300 0.002400 0.003600 0.002400 0.003700 0.008500 0.003600 0.006000 0.003600 0.007300 0.000000 0.006100 0.002400 0.002400 0.002400 0.002400 0.004800 0.004800 0.003600 0.004800 0.007300 0.002400 0.002400 0.003600 0.002400 0.002400 0.003600 0.003600 0.003600
Gemsbok 0.003600 0.015600 0.007400 0.022000 0.003600 0.008500 0.004800 0.004900 0.004900 0.006100 0.003600 0.003600 0.004900 0.003600 0.006100 0.004900 0.007300 0.007300 0.003600 0.004900 0.004900 0.003600 0.006100 0.008500 0.003600 0.006100 0.003600 0.004900 0.009700 0.004900 0.007300 0.004900 0.008500 0.006100 0.000000 0.003600 0.003600 0.003700 0.003700 0.006100 0.006100 0.004900 0.006000 0.008500 0.003600 0.003600 0.004800 0.003600 0.003600 0.004900 0.004900 0.004900
Yak 0.000100 0.011900 0.003600 0.018200 0.000100 0.004800 0.001200 0.001200 0.001200 0.002400 0.000100 0.000000 0.001200 0.000100 0.002400 0.001200 0.003600 0.003600 0.000100 0.002400 0.001200 0.000100 0.002400 0.004800 0.000100 0.002400 0.000100 0.001200 0.006100 0.001200 0.003600 0.001200 0.004800 0.002400 0.003600 0.000000 0.000100 0.000100 0.000100 0.002400 0.002400 0.001200 0.002400 0.004800 0.000000 0.000100 0.001200 0.000100 0.000100 0.001200 0.001200 0.001200
BlueSheep 0.000000 0.011900 0.003600 0.018200 0.000100 0.005000 0.001200 0.001200 0.001200 0.002400 0.000000 0.000100 0.001200 0.000100 0.002400 0.001200 0.003600 0.003600 0.000000 0.002400 0.001200 0.000000 0.002400 0.004800 0.000000 0.002400 0.000000 0.001200 0.006000 0.001200 0.003600 0.001200 0.004800 0.002400 0.003600 0.000100 0.000000 0.000100 0.000100 0.002400 0.002400 0.001200 0.002400 0.004800 0.000100 0.000100 0.001200 0.000100 0.000100 0.001200 0.001200 0.001200
BohorReedb 0.000100 0.012000 0.003700 0.018300 0.000000 0.004900 0.001200 0.001200 0.001200 0.002400 0.000100 0.000100 0.001200 0.000100 0.002400 0.001200 0.003600 0.003600 0.000100 0.002400 0.001200 0.000100 0.002400 0.004900 0.000100 0.002400 0.000100 0.001200 0.006100 0.001200 0.003600 0.001200 0.004900 0.002400 0.003700 0.000100 0.000100 0.000000 0.000100 0.002400 0.002400 0.001200 0.002400 0.004900 0.000100 0.000100 0.001200 0.000100 0.000100 0.001200 0.001200 0.001200
KirksDik 0.000100 0.012000 0.003700 0.018300 0.000100 0.004900 0.001200 0.001200 0.001200 0.002400 0.000100 0.000100 0.001200 0.000100 0.002400 0.001200 0.003700 0.003600 0.000100 0.002400 0.001200 0.000100 0.002400 0.004900 0.000100 0.002400 0.000100 0.001200 0.006100 0.001200 0.003600 0.001200 0.004900 0.002400 0.003700 0.000100 0.000100 0.000100 0.000000 0.002400 0.002400 0.001200 0.002400 0.004900 0.000100 0.000100 0.001200 0.000100 0.000100 0.001200 0.001200 0.001200
RoeDeer 0.002400 0.009500 0.006100 0.015700 0.002400 0.007200 0.003600 0.003600 0.003600 0.000100 0.002400 0.002400 0.003600 0.002400 0.004800 0.003600 0.003600 0.001200 0.002400 0.004900 0.003600 0.002400 0.000100 0.002400 0.002400 0.004800 0.002400 0.003600 0.008500 0.003600 0.001200 0.003600 0.002400 0.004800 0.006100 0.002400 0.002400 0.002400 0.002400 0.000000 0.000000 0.003600 0.000000 0.002400 0.002400 0.002400 0.003600 0.002400 0.002400 0.003600 0.003600 0.003600
WhiteLippe 0.002400 0.009500 0.006100 0.015700 0.002400 0.007200 0.003600 0.003600 0.003600 0.000000 0.002400 0.002400 0.003600 0.002400 0.004800 0.003600 0.003600 0.001200 0.002400 0.004900 0.003600 0.002400 0.000000 0.002400 0.002400 0.004800 0.002400 0.003600 0.008500 0.003600 0.001200 0.003600 0.002400 0.004800 0.006100 0.002400 0.002400 0.002400 0.002400 0.000000 0.000000 0.003600 0.000000 0.002400 0.002400 0.002400 0.003600 0.002400 0.002400 0.003600 0.003600 0.003600
ThomsonGaz 0.001200 0.013100 0.004900 0.019500 0.001200 0.006100 0.002400 0.002400 0.002400 0.003600 0.001200 0.001200 0.002400 0.001200 0.003600 0.002400 0.004900 0.004800 0.001200 0.003700 0.002400 0.001200 0.003600 0.006100 0.001200 0.001200 0.001200 0.002400 0.007300 0.002400 0.004800 0.002400 0.006100 0.003600 0.004900 0.001200 0.001200 0.001200 0.001200 0.003600 0.003600 0.000000 0.003600 0.006100 0.001200 0.001200 0.002400 0.001200 0.001200 0.002400 0.002400 0.002400
MuntiacusC 0.002400 0.009500 0.006100 0.015700 0.002400 0.007200 0.003600 0.003600 0.003600 0.000000 0.002400 0.002400 0.003600 0.002400 0.004800 0.003600 0.003600 0.001200 0.002400 0.004800 0.003600 0.002400 0.000000 0.002400 0.002400 0.004800 0.002400 0.003600 0.008500 0.003600 0.001200 0.003600 0.002400 0.004800 0.006000 0.002400 0.002400 0.002400 0.002400 0.000000 0.000000 0.003600 0.000000 0.002400 0.002400 0.002400 0.003600 0.002400 0.002400 0.003600 0.003600 0.003600
WhiteTaile 0.004800 0.009500 0.008500 0.018200 0.004800 0.009700 0.006000 0.006000 0.006100 0.002400 0.004800 0.004800 0.006100 0.004800 0.007300 0.006100 0.006100 0.003600 0.004800 0.007300 0.006100 0.004800 0.002400 0.000000 0.004800 0.007300 0.004800 0.006100 0.010900 0.006100 0.002400 0.006000 0.004800 0.007300 0.008500 0.004800 0.004800 0.004900 0.004900 0.002400 0.002400 0.006100 0.002400 0.000000 0.004800 0.004800 0.006000 0.004800 0.004800 0.006100 0.006100 0.006100
Cattle 0.000100 0.011900 0.003700 0.018200 0.000100 0.004800 0.001200 0.001200 0.001200 0.002400 0.000100 0.000000 0.001200 0.000100 0.002400 0.001200 0.003600 0.003600 0.000100 0.002400 0.001200 0.000100 0.002400 0.004800 0.000100 0.002400 0.000100 0.001200 0.006100 0.001200 0.003600 0.001200 0.004800 0.002400 0.003600 0.000000 0.000100 0.000100 0.000100 0.002400 0.002400 0.001200 0.002400 0.004800 0.000000 0.000100 0.001200 0.000100 0.000100 0.001200 0.001200 0.001200
RoyalAntel 0.000100 0.011900 0.003700 0.018300 0.000100 0.004800 0.001200 0.001200 0.001200 0.002400 0.000100 0.000100 0.001200 0.000100 0.002400 0.001200 0.003600 0.003600 0.000100 0.002400 0.001200 0.000100 0.002400 0.004800 0.000000 0.002400 0.000100 0.001200 0.006100 0.001200 0.003600 0.001200 0.004900 0.002400 0.003600 0.000100 0.000100 0.000100 0.000100 0.002400 0.002400 0.001200 0.002400 0.004800 0.000100 0.000000 0.001200 0.000100 0.000100 0.001200 0.001200 0.001200
Steenbok 0.001200 0.013100 0.004900 0.019400 0.001200 0.006000 0.002400 0.002400 0.002400 0.003600 0.001200 0.001200 0.002400 0.001200 0.003600 0.002400 0.004800 0.004800 0.001200 0.003600 0.002400 0.001200 0.003600 0.006000 0.001200 0.003600 0.001200 0.002400 0.007300 0.002400 0.004800 0.002400 0.006100 0.003600 0.004800 0.001200 0.001200 0.001200 0.001200 0.003600 0.003600 0.002400 0.003600 0.006000 0.001200 0.001200 0.000000 0.001200 0.001200 0.002400 0.002400 0.002400
Impala 0.000100 0.011900 0.003700 0.018300 0.000100 0.004900 0.001200 0.001200 0.001200 0.002400 0.000100 0.000100 0.001200 0.000100 0.002400 0.001200 0.003600 0.003600 0.000100 0.002400 0.001200 0.000100 0.002400 0.004800 0.000100 0.002400 0.000100 0.001200 0.006100 0.001200 0.003600 0.001200 0.004900 0.002400 0.003600 0.000100 0.000100 0.000100 0.000100 0.002400 0.002400 0.001200 0.002400 0.004800 0.000100 0.000100 0.001200 0.000000 0.000100 0.001200 0.001200 0.001200
Klipspring 0.000100 0.011900 0.003700 0.018300 0.000100 0.004800 0.001200 0.001200 0.001200 0.002400 0.000100 0.000100 0.001200 0.000100 0.002400 0.001200 0.003600 0.003600 0.000100 0.002400 0.001200 0.000100 0.002400 0.004800 0.000100 0.002400 0.000100 0.001200 0.006100 0.001200 0.003600 0.001200 0.004900 0.002400 0.003600 0.000100 0.000100 0.000100 0.000100 0.002400 0.002400 0.001200 0.002400 0.004800 0.000100 0.000100 0.001200 0.000100 0.000000 0.001200 0.001200 0.001200
ForestMusk 0.001200 0.013200 0.004900 0.019500 0.001200 0.006100 0.002400 0.002400 0.002400 0.003600 0.001200 0.001200 0.002400 0.001200 0.003600 0.002400 0.004900 0.004800 0.001200 0.003700 0.002400 0.001200 0.003600 0.006100 0.001200 0.003600 0.001200 0.002400 0.007300 0.002400 0.004800 0.002400 0.006100 0.003600 0.004900 0.001200 0.001200 0.001200 0.001200 0.003600 0.003600 0.002400 0.003600 0.006100 0.001200 0.001200 0.002400 0.001200 0.001200 0.000000 0.002400 0.002400
Bushbuck 0.001200 0.013200 0.002400 0.019600 0.001200 0.006100 0.002400 0.002400 0.000000 0.003600 0.001200 0.001200 0.002400 0.001200 0.003600 0.002400 0.004900 0.004900 0.001200 0.001200 0.002400 0.001200 0.003600 0.006100 0.001200 0.003700 0.001200 0.000000 0.007300 0.000000 0.004900 0.002400 0.006100 0.003600 0.004900 0.001200 0.001200 0.001200 0.001200 0.003600 0.003600 0.002400 0.003600 0.006100 0.001200 0.001200 0.002400 0.001200 0.001200 0.002400 0.000000 0.000000
GreaterKud 0.001200 0.013200 0.002400 0.019600 0.001200 0.006100 0.002400 0.002400 0.000000 0.003600 0.001200 0.001200 0.002400 0.001200 0.003600 0.002400 0.004900 0.004900 0.001200 0.001200 0.002400 0.001200 0.003600 0.006100 0.001200 0.003700 0.001200 0.000000 0.007300 0.000000 0.004900 0.002400 0.006100 0.003600 0.004900 0.001200 0.001200 0.001200 0.001200 0.003600 0.003600 0.002400 0.003600 0.006100 0.001200 0.001200 0.002400 0.001200 0.001200 0.002400 0.000000 0.000000
