1
52 1
Argali 0.000000 0.010400 0.003200 0.010000 0.001300 0.000000 0.000400 0.000900 0.003600 0.004500 0.000000 0.002700 0.001800 0.000400 0.001300 0.001800 0.004500 0.003600 0.003600 0.004100 0.000900 0.000400 0.003200 0.003600 0.000000 0.001300 0.001800 0.003600 0.001300 0.003600 0.004100 0.000900 0.003600 0.001800 0.000900 0.002700 0.000000 0.000900 0.002200 0.004100 0.003200 0.002200 0.004500 0.004100 0.002700 0.000400 0.002200 0.001300 0.002200 0.004100 0.003600 0.003600
LesserMous 0.010400 0.000000 0.008600 0.010500 0.010900 0.010400 0.010000 0.009500 0.009100 0.010000 0.010400 0.008200 0.011400 0.010000 0.010900 0.009500 0.008200 0.007700 0.013200 0.009100 0.009500 0.010900 0.008600 0.009100 0.010400 0.010000 0.011400 0.009100 0.010000 0.009100 0.009500 0.009500 0.007700 0.011400 0.011300 0.008200 0.010400 0.010400 0.010900 0.009600 0.008600 0.010900 0.010000 0.009500 0.008200 0.010000 0.010000 0.010900 0.011800 0.009100 0.009100 0.009100
LesserKudu 0.003200 0.008600 0.000000 0.009100 0.003600 0.003200 0.002700 0.003200 0.000400 0.004500 0.003200 0.000400 0.004100 0.002700 0.003600 0.003200 0.002700 0.001800 0.005900 0.000900 0.003200 0.003600 0.002300 0.002700 0.003200 0.003600 0.004100 0.000400 0.003600 0.000500 0.004100 0.003200 0.001800 0.004100 0.004100 0.000400 0.003200 0.003200 0.004500 0.003200 0.002300 0.004500 0.004500 0.003200 0.000400 0.002700 0.003600 0.003600 0.004500 0.002300 0.000400 0.000400
KillerWhal 0.010000 0.010500 0.009100 0.000000 0.010500 0.010000 0.009500 0.009100 0.009500 0.010000 0.010000 0.008600 0.010900 0.009500 0.009500 0.009100 0.009500 0.009100 0.012700 0.009500 0.009100 0.010400 0.009500 0.010000 0.010000 0.009500 0.010900 0.009500 0.009500 0.009500 0.009500 0.009100 0.009100 0.010900 0.010900 0.008600 0.010000 0.010000 0.010400 0.010400 0.009500 0.010500 0.010000 0.010400 0.008600 0.009500 0.010400 0.010500 0.011400 0.009500 0.009500 0.009500
DefassaWat 0.001300 0.010900 0.003600 0.010500 0.000000 0.001300 0.000900 0.001300 0.004100 0.005000 0.001300 0.003200 0.002200 0.000900 0.001800 0.002200 0.005000 0.004100 0.004000 0.004500 0.001300 0.001800 0.003600 0.004100 0.001300 0.001800 0.002200 0.004100 0.001800 0.004100 0.004500 0.001300 0.004100 0.002200 0.002200 0.003200 0.001300 0.000400 0.002700 0.004500 0.003600 0.002700 0.005000 0.004500 0.003200 0.000900 0.002700 0.001800 0.002700 0.004500 0.004100 0.004100
Sheep 0.000000 0.010400 0.003200 0.010000 0.001300 0.000000 0.000400 0.000900 0.003600 0.004500 0.000000 0.002700 0.001800 0.000400 0.001300 0.001800 0.004500 0.003600 0.003600 0.004100 0.000900 0.000400 0.003200 0.003600 0.000000 0.001300 0.001800 0.003600 0.001300 0.003600 0.004100 0.000900 0.003600 0.001800 0.000900 0.002700 0.000000 0.000900 0.002200 0.004100 0.003200 0.002200 0.004500 0.004100 0.002700 0.000400 0.002200 0.001300 0.002200 0.004100 0.003600 0.003600
MaxwellsDu 0.000400 0.010000 0.002700 0.009500 0.000900 0.000400 0.000000 0.000400 0.003200 0.004100 0.000400 0.002300 0.001300 0.000000 0.000900 0.001300 0.004100 0.003200 0.003100 0.003600 0.000400 0.000900 0.002700 0.003200 0.000400 0.000900 0.001300 0.003200 0.000900 0.003200 0.003600 0.000400 0.003200 0.001300 0.001300 0.002300 0.000400 0.000400 0.001800 0.003600 0.002700 0.001800 0.004100 0.003600 0.002300 0.000100 0.001800 0.000900 0.001800 0.003600 0.003200 0.003200
GazellaPrz 0.000900 0.009500 0.003200 0.009100 0.001300 0.000900 0.000400 0.000000 0.003600 0.004500 0.000900 0.002700 0.001800 0.000400 0.001300 0.000900 0.004500 0.003600 0.003600 0.004100 0.000000 0.001300 0.003200 0.003600 0.000900 0.000400 0.001800 0.003600 0.000400 0.003600 0.004100 0.000900 0.003600 0.001800 0.001800 0.002700 0.000900 0.000900 0.001300 0.004100 0.003200 0.001300 0.004500 0.004100 0.002700 0.000400 0.001300 0.001300 0.002200 0.004100 0.003600 0.003600
MountainNy 0.003600 0.009100 0.000400 0.009500 0.004100 0.003600 0.003200 0.003600 0.000000 0.005000 0.003600 0.000900 0.004500 0.003200 0.004100 0.003600 0.003200 0.002300 0.006300 0.000400 0.003600 0.004100 0.002700 0.003200 0.003600 0.004100 0.004500 0.000000 0.004100 0.000000 0.004500 0.003600 0.002300 0.004500 0.004500 0.000900 0.003600 0.003600 0.005000 0.003600 0.002700 0.005000 0.005000 0.003600 0.000900 0.003200 0.004100 0.004100 0.005000 0.002700 0.000000 0.000900
MuntiacusM 0.004500 0.010000 0.004500 0.010000 0.005000 0.004500 0.004100 0.004500 0.005000 0.000000 0.004500 0.004100 0.005400 0.004100 0.005000 0.005400 0.005400 0.004500 0.007200 0.005400 0.004500 0.005000 0.002300 0.002700 0.004500 0.005000 0.005400 0.005000 0.005000 0.005000 0.000400 0.004500 0.004500 0.005400 0.005400 0.004100 0.004500 0.004500 0.005900 0.003200 0.002300 0.005900 0.000000 0.003200 0.004100 0.004100 0.005900 0.005000 0.005900 0.005000 0.005000 0.005000
goat 0.000000 0.010400 0.003200 0.010000 0.001300 0.000000 0.000400 0.000900 0.003600 0.004500 0.000000 0.002700 0.001800 0.000400 0.001300 0.001800 0.004500 0.003600 0.003600 0.004100 0.000900 0.000400 0.003200 0.003600 0.000000 0.001300 0.001800 0.003600 0.001300 0.003600 0.004100 0.000900 0.003600 0.001800 0.000900 0.002700 0.000000 0.000900 0.002200 0.004100 0.003200 0.002200 0.004500 0.004100 0.002700 0.000400 0.002200 0.001300 0.002200 0.004100 0.003600 0.003600
AfricanBuf 0.002700 0.008200 0.000400 0.008600 0.003200 0.002700 0.002300 0.002700 0.000900 0.004100 0.002700 0.000000 0.003600 0.002300 0.003100 0.002700 0.002300 0.001400 0.005400 0.001300 0.002700 0.003100 0.001800 0.002300 0.002700 0.003200 0.003600 0.000900 0.003200 0.000900 0.003600 0.002700 0.001300 0.003600 0.003600 0.000000 0.002700 0.002700 0.004100 0.002700 0.001800 0.004100 0.004100 0.002700 0.000000 0.002300 0.003200 0.003200 0.004100 0.001800 0.000900 0.000900
Topi 0.001800 0.011400 0.004100 0.010900 0.002200 0.001800 0.001300 0.001800 0.004500 0.005400 0.001800 0.003600 0.000000 0.001300 0.002200 0.002700 0.005400 0.004500 0.004000 0.005000 0.001800 0.002200 0.004100 0.004500 0.001800 0.002200 0.000000 0.004500 0.001300 0.004500 0.005000 0.001800 0.004500 0.000000 0.002200 0.003600 0.001800 0.001800 0.002200 0.005000 0.004100 0.003100 0.005400 0.005000 0.003600 0.001300 0.003100 0.002200 0.003100 0.005000 0.004500 0.004500
CommonDuik 0.000400 0.010000 0.002700 0.009500 0.000900 0.000400 0.000000 0.000400 0.003200 0.004100 0.000400 0.002300 0.001300 0.000000 0.000900 0.001300 0.004100 0.003200 0.003100 0.003600 0.000400 0.000900 0.002700 0.003200 0.000400 0.000900 0.001300 0.003200 0.000900 0.003200 0.003600 0.000400 0.003200 0.001300 0.001300 0.002300 0.000400 0.000400 0.001800 0.003600 0.002700 0.001800 0.004100 0.003600 0.002300 0.000000 0.001800 0.000900 0.001800 0.003600 0.003200 0.003200
Suni 0.001300 0.010900 0.003600 0.009500 0.001800 0.001300 0.000900 0.001300 0.004100 0.005000 0.001300 0.003100 0.002200 0.000900 0.000000 0.001300 0.005000 0.004100 0.004000 0.004500 0.001300 0.001800 0.003600 0.004100 0.001300 0.001800 0.002200 0.004100 0.001800 0.004100 0.004500 0.001300 0.004000 0.002200 0.002200 0.003100 0.001300 0.001300 0.002700 0.004500 0.003600 0.002700 0.005000 0.004500 0.003100 0.000900 0.002700 0.001800 0.002700 0.004500 0.004100 0.004100
Springbuck 0.001800 0.009500 0.003200 0.009100 0.002200 0.001800 0.001300 0.000900 0.003600 0.005400 0.001800 0.002700 0.002700 0.001300 0.001300 0.000000 0.004500 0.003600 0.004500 0.004100 0.000900 0.002200 0.003200 0.003600 0.001800 0.001300 0.002700 0.003600 0.001300 0.003600 0.005000 0.001800 0.003600 0.002700 0.002700 0.002700 0.001800 0.001800 0.002200 0.004100 0.003200 0.002200 0.005400 0.004100 0.002700 0.001300 0.001300 0.002200 0.003100 0.004100 0.003600 0.003600
Okapi 0.004500 0.008200 0.002700 0.009500 0.005000 0.004500 0.004100 0.004500 0.003200 0.005400 0.004500 0.002300 0.005400 0.004100 0.005000 0.004500 0.000000 0.000900 0.007200 0.003600 0.004500 0.005000 0.003200 0.003600 0.004500 0.005000 0.005400 0.003200 0.005000 0.003200 0.005000 0.004500 0.001800 0.005400 0.005400 0.002300 0.004500 0.004500 0.005900 0.004100 0.003200 0.005900 0.005400 0.004100 0.002300 0.004100 0.005000 0.005000 0.005900 0.003200 0.003200 0.003200
Giraffe 0.003600 0.007700 0.001800 0.009100 0.004100 0.003600 0.003200 0.003600 0.002300 0.004500 0.003600 0.001400 0.004500 0.003200 0.004100 0.003600 0.000900 0.000000 0.006300 0.002700 0.003600 0.004100 0.002300 0.002700 0.003600 0.004100 0.004500 0.002300 0.004100 0.002300 0.004100 0.003600 0.000900 0.004500 0.004500 0.001400 0.003600 0.003600 0.005000 0.003200 0.002300 0.005000 0.004500 0.003200 0.001400 0.003200 0.004100 0.004100 0.005000 0.002300 0.002300 0.002300
TibetanAnt 0.003600 0.013200 0.005900 0.012700 0.004000 0.003600 0.003100 0.003600 0.006300 0.007200 0.003600 0.005400 0.004000 0.003100 0.004000 0.004500 0.007200 0.006300 0.000000 0.006800 0.003600 0.004000 0.005900 0.006300 0.003600 0.004000 0.004000 0.006300 0.004000 0.006300 0.006800 0.003600 0.006300 0.004000 0.002700 0.005400 0.003600 0.003600 0.004500 0.006800 0.005900 0.004000 0.007200 0.006800 0.005400 0.003100 0.004900 0.004000 0.004000 0.006800 0.006300 0.006300
Sitatunga 0.004100 0.009100 0.000900 0.009500 0.004500 0.004100 0.003600 0.004100 0.000400 0.005400 0.004100 0.001300 0.005000 0.003600 0.004500 0.004100 0.003600 0.002700 0.006800 0.000000 0.004100 0.004500 0.003200 0.003600 0.004100 0.004500 0.005000 0.000400 0.004500 0.000400 0.005000 0.004100 0.002700 0.005000 0.005000 0.001300 0.004100 0.004100 0.005400 0.004100 0.003200 0.005400 0.005400 0.004100 0.001300 0.003600 0.004500 0.004500 0.005400 0.003200 0.000400 0.001300
Oribi 0.000900 0.009500 0.003200 0.009100 0.001300 0.000900 0.000400 0.000000 0.003600 0.004500 0.000900 0.002700 0.001800 0.000400 0.001300 0.000900 0.004500 0.003600 0.003600 0.004100 0.000000 0.001300 0.003200 0.003600 0.000900 0.000400 0.001800 0.003600 0.000400 0.003600 0.004100 0.000900 0.003600 0.001800 0.001800 0.002700 0.000900 0.000900 0.001300 0.004100 0.003200 0.001300 0.004500 0.004100 0.002700 0.000400 0.001300 0.001300 0.002200 0.004100 0.003600 0.003600
BarbaryShe 0.000400 0.010900 0.003600 0.010400 0.001800 0.000400 0.000900 0.001300 0.004100 0.005000 0.000400 0.003100 0.002200 0.000900 0.001800 0.002200 0.005000 0.004100 0.004000 0.004500 0.001300 0.000000 0.003600 0.004100 0.000400 0.001800 0.002200 0.004100 0.001800 0.004100 0.004500 0.001300 0.004000 0.002200 0.001300 0.003200 0.000400 0.001300 0.002700 0.004500 0.003600 0.002700 0.005000 0.004500 0.003100 0.000900 0.002700 0.001800 0.002700 0.004500 0.004100 0.004100
Daviddeer 0.003200 0.008600 0.002300 0.009500 0.003600 0.003200 0.002700 0.003200 0.002700 0.002300 0.003200 0.001800 0.004100 0.002700 0.003600 0.003200 0.003200 0.002300 0.005900 0.003200 0.003200 0.003600 0.000000 0.000400 0.003200 0.003600 0.004100 0.002700 0.003600 0.002700 0.001800 0.003200 0.002200 0.004100 0.004100 0.001800 0.003200 0.003200 0.004500 0.000900 0.000000 0.004500 0.002300 0.000900 0.001800 0.002700 0.003600 0.003600 0.004500 0.002700 0.002700 0.002700
Reindeer 0.003600 0.009100 0.002700 0.010000 0.004100 0.003600 0.003200 0.003600 0.003200 0.002700 0.003600 0.002300 0.004500 0.003200 0.004100 0.003600 0.003600 0.002700 0.006300 0.003600 0.003600 0.004100 0.000400 0.000000 0.003600 0.004100 0.004500 0.003200 0.004100 0.003200 0.002300 0.003600 0.002700 0.004500 0.004500 0.002300 0.003600 0.003600 0.005000 0.001400 0.000500 0.005000 0.002700 0.000400 0.002300 0.003200 0.004100 0.004100 0.005000 0.003200 0.003200 0.003200
Ibex 0.000000 0.010400 0.003200 0.010000 0.001300 0.000000 0.000400 0.000900 0.003600 0.004500 0.000000 0.002700 0.001800 0.000400 0.001300 0.001800 0.004500 0.003600 0.003600 0.004100 0.000900 0.000400 0.003200 0.003600 0.000000 0.001300 0.001800 0.003600 0.001300 0.003600 0.004100 0.000900 0.003600 0.001800 0.000900 0.002700 0.000000 0.000900 0.002200 0.004100 0.003200 0.002200 0.004500 0.004100 0.002700 0.000400 0.002200 0.001300 0.002200 0.004100 0.003600 0.003600
GyrantGaze 0.001300 0.010000 0.003600 0.009500 0.001800 0.001300 0.000900 0.000400 0.004100 0.005000 0.001300 0.003200 0.002200 0.000900 0.001800 0.001300 0.005000 0.004100 0.004000 0.004500 0.000400 0.001800 0.003600 0.004100 0.001300 0.000000 0.002200 0.004100 0.000900 0.004100 0.004500 0.001300 0.004100 0.002200 0.002200 0.003200 0.001300 0.001300 0.001800 0.004500 0.003600 0.001800 0.005000 0.004500 0.003200 0.000900 0.001800 0.001800 0.002700 0.004500 0.004100 0.004100
Hartebeest 0.001800 0.011400 0.004100 0.010900 0.002200 0.001800 0.001300 0.001800 0.004500 0.005400 0.001800 0.003600 0.000000 0.001300 0.002200 0.002700 0.005400 0.004500 0.004000 0.005000 0.001800 0.002200 0.004100 0.004500 0.001800 0.002200 0.000000 0.004500 0.001300 0.004500 0.005000 0.001800 0.004500 0.000000 0.002200 0.003600 0.001800 0.001800 0.002200 0.005000 0.004100 0.003100 0.005400 0.005000 0.003600 0.001300 0.003100 0.002200 0.003100 0.005000 0.004500 0.004500
Bongo 0.003600 0.009100 0.000400 0.009500 0.004100 0.003600 0.003200 0.003600 0.000000 0.005000 0.003600 0.000900 0.004500 0.003200 0.004100 0.003600 0.003200 0.002300 0.006300 0.000400 0.003600 0.004100 0.002700 0.003200 0.003600 0.004100 0.004500 0.000000 0.004100 0.000000 0.004500 0.003600 0.002300 0.004500 0.004500 0.000900 0.003600 0.003600 0.005000 0.003600 0.002700 0.005000 0.005000 0.003600 0.000900 0.003200 0.004100 0.004100 0.005000 0.002700 0.000000 0.000900
Gerenuk 0.001300 0.010000 0.003600 0.009500 0.001800 0.001300 0.000900 0.000400 0.004100 0.005000 0.001300 0.003200 0.001300 0.000900 0.001800 0.001300 0.005000 0.004100 0.004000 0.004500 0.000400 0.001800 0.003600 0.004100 0.001300 0.000900 0.001300 0.004100 0.000000 0.004100 0.004500 0.001300 0.004100 0.001300 0.002200 0.003200 0.001300 0.001300 0.001800 0.004500 0.003600 0.001800 0.005000 0.004500 0.003200 0.000900 0.001800 0.001800 0.002700 0.004500 0.004100 0.004100
CommonElan 0.003600 0.009100 0.000500 0.009500 0.004100 0.003600 0.003200 0.003600 0.000000 0.005000 0.003600 0.000900 0.004500 0.003200 0.004100 0.003600 0.003200 0.002300 0.006300 0.000400 0.003600 0.004100 0.002700 0.003200 0.003600 0.004100 0.004500 0.000000 0.004100 0.000000 0.004500 0.003600 0.002300 0.004500 0.004500 0.000900 0.003600 0.003600 0.005000 0.003600 0.002700 0.005000 0.005000 0.003600 0.000900 0.003200 0.004100 0.004100 0.005000 0.002700 0.000000 0.000900
MuntiacusR 0.004100 0.009500 0.004100 0.009500 0.004500 0.004100 0.003600 0.004100 0.004500 0.000400 0.004100 0.003600 0.005000 0.003600 0.004500 0.005000 0.005000 0.004100 0.006800 0.005000 0.004100 0.004500 0.001800 0.002300 0.004100 0.004500 0.005000 0.004500 0.004500 0.004500 0.000000 0.004100 0.004100 0.005000 0.005000 0.003600 0.004100 0.004100 0.005400 0.002700 0.001800 0.005400 0.000400 0.002700 0.003600 0.003600 0.005400 0.004500 0.005400 0.004500 0.004500 0.004500
HarveysDui 0.000900 0.009500 0.003200 0.009100 0.001300 0.000900 0.000400 0.000900 0.003600 0.004500 0.000900 0.002700 0.001800 0.000400 0.001300 0.001800 0.004500 0.003600 0.003600 0.004100 0.000900 0.001300 0.003200 0.003600 0.000900 0.001300 0.001800 0.003600 0.001300 0.003600 0.004100 0.000000 0.003600 0.001800 0.001800 0.002700 0.000900 0.000900 0.002200 0.004100 0.003200 0.002200 0.004500 0.004100 0.002700 0.000400 0.002200 0.001300 0.002200 0.004100 0.003600 0.003600
Pronghorn 0.003600 0.007700 0.001800 0.009100 0.004100 0.003600 0.003200 0.003600 0.002300 0.004500 0.003600 0.001300 0.004500 0.003200 0.004000 0.003600 0.001800 0.000900 0.006300 0.002700 0.003600 0.004000 0.002200 0.002700 0.003600 0.004100 0.004500 0.002300 0.004100 0.002300 0.004100 0.003600 0.000000 0.004500 0.004500 0.001300 0.003600 0.003600 0.005000 0.003200 0.002200 0.005000 0.004500 0.003200 0.001300 0.003200 0.004100 0.004100 0.005000 0.002300 0.002300 0.002200
BlueWildeb 0.001800 0.011400 0.004100 0.010900 0.002200 0.001800 0.001300 0.001800 0.004500 0.005400 0.001800 0.003600 0.000000 0.001300 0.002200 0.002700 0.005400 0.004500 0.004000 0.005000 0.001800 0.002200 0.004100 0.004500 0.001800 0.002200 0.000000 0.004500 0.001300 0.004500 0.005000 0.001800 0.004500 0.000000 0.002200 0.003600 0.001800 0.001800 0.002200 0.005000 0.004100 0.003100 0.005400 0.005000 0.003600 0.001300 0.003100 0.002200 0.003100 0.005000 0.004500 0.004500
Gemsbok 0.000900 0.011300 0.004100 0.010900 0.002200 0.000900 0.001300 0.001800 0.004500 0.005400 0.000900 0.003600 0.002200 0.001300 0.002200 0.002700 0.005400 0.004500 0.002700 0.005000 0.001800 0.001300 0.004100 0.004500 0.000900 0.002200 0.002200 0.004500 0.002200 0.004500 0.005000 0.001800 0.004500 0.002200 0.000000 0.003600 0.000900 0.001800 0.002700 0.005000 0.004100 0.002200 0.005400 0.005000 0.003600 0.001300 0.003100 0.002200 0.002200 0.005000 0.004500 0.004500
Yak 0.002700 0.008200 0.000400 0.008600 0.003200 0.002700 0.002300 0.002700 0.000900 0.004100 0.002700 0.000000 0.003600 0.002300 0.003100 0.002700 0.002300 0.001400 0.005400 0.001300 0.002700 0.003200 0.001800 0.002300 0.002700 0.003200 0.003600 0.000900 0.003200 0.000900 0.003600 0.002700 0.001300 0.003600 0.003600 0.000000 0.002700 0.002700 0.004100 0.002700 0.001800 0.004100 0.004100 0.002700 0.000000 0.002300 0.003200 0.003200 0.004100 0.001800 0.000900 0.000900
BlueSheep 0.000000 0.010400 0.003200 0.010000 0.001300 0.000000 0.000400 0.000900 0.003600 0.004500 0.000000 0.002700 0.001800 0.000400 0.001300 0.001800 0.004500 0.003600 0.003600 0.004100 0.000900 0.000400 0.003200 0.003600 0.000000 0.001300 0.001800 0.003600 0.001300 0.003600 0.004100 0.000900 0.003600 0.001800 0.000900 0.002700 0.000000 0.000900 0.002200 0.004100 0.003200 0.002200 0.004500 0.004100 0.002700 0.000400 0.002200 0.001300 0.002200 0.004100 0.003600 0.003600
BohorReedb 0.000900 0.010400 0.003200 0.010000 0.000400 0.000900 0.000400 0.000900 0.003600 0.004500 0.000900 0.002700 0.001800 0.000400 0.001300 0.001800 0.004500 0.003600 0.003600 0.004100 0.000900 0.001300 0.003200 0.003600 0.000900 0.001300 0.001800 0.003600 0.001300 0.003600 0.004100 0.000900 0.003600 0.001800 0.001800 0.002700 0.000900 0.000000 0.002200 0.004100 0.003200 0.002200 0.004500 0.004100 0.002700 0.000400 0.002200 0.001300 0.002200 0.004100 0.003600 0.003600
KirksDik 0.002200 0.010900 0.004500 0.010400 0.002700 0.002200 0.001800 0.001300 0.005000 0.005900 0.002200 0.004100 0.002200 0.001800 0.002700 0.002200 0.005900 0.005000 0.004500 0.005400 0.001300 0.002700 0.004500 0.005000 0.002200 0.001800 0.002200 0.005000 0.001800 0.005000 0.005400 0.002200 0.005000 0.002200 0.002700 0.004100 0.002200 0.002200 0.000000 0.005400 0.004500 0.002700 0.005900 0.005400 0.004100 0.001800 0.002700 0.002700 0.003600 0.005400 0.005000 0.005000
RoeDeer 0.004100 0.009600 0.003200 0.010400 0.004500 0.004100 0.003600 0.004100 0.003600 0.003200 0.004100 0.002700 0.005000 0.003600 0.004500 0.004100 0.004100 0.003200 0.006800 0.004100 0.004100 0.004500 0.000900 0.001400 0.004100 0.004500 0.005000 0.003600 0.004500 0.003600 0.002700 0.004100 0.003200 0.005000 0.005000 0.002700 0.004100 0.004100 0.005400 0.000000 0.000900 0.005400 0.003200 0.001800 0.002700 0.003600 0.004500 0.004500 0.005400 0.003600 0.003600 0.003600
WhiteLippe 0.003200 0.008600 0.002300 0.009500 0.003600 0.003200 0.002700 0.003200 0.002700 0.002300 0.003200 0.001800 0.004100 0.002700 0.003600 0.003200 0.003200 0.002300 0.005900 0.003200 0.003200 0.003600 0.000000 0.000500 0.003200 0.003600 0.004100 0.002700 0.003600 0.002700 0.001800 0.003200 0.002200 0.004100 0.004100 0.001800 0.003200 0.003200 0.004500 0.000900 0.000000 0.004500 0.002300 0.000900 0.001800 0.002700 0.003600 0.003600 0.004500 0.002700 0.002700 0.002700
ThomsonGaz 0.002200 0.010900 0.004500 0.010500 0.002700 0.002200 0.001800 0.001300 0.005000 0.005900 0.002200 0.004100 0.003100 0.001800 0.002700 0.002200 0.005900 0.005000 0.004000 0.005400 0.001300 0.002700 0.004500 0.005000 0.002200 0.001800 0.003100 0.005000 0.001800 0.005000 0.005400 0.002200 0.005000 0.003100 0.002200 0.004100 0.002200 0.002200 0.002700 0.005400 0.004500 0.000000 0.005900 0.005400 0.004100 0.001800 0.002700 0.002700 0.002700 0.005400 0.005000 0.005000
MuntiacusC 0.004500 0.010000 0.004500 0.010000 0.005000 0.004500 0.004100 0.004500 0.005000 0.000000 0.004500 0.004100 0.005400 0.004100 0.005000 0.005400 0.005400 0.004500 0.007200 0.005400 0.004500 0.005000 0.002300 0.002700 0.004500 0.005000 0.005400 0.005000 0.005000 0.005000 0.000400 0.004500 0.004500 0.005400 0.005400 0.004100 0.004500 0.004500 0.005900 0.003200 0.002300 0.005900 0.000000 0.003200 0.004100 0.004100 0.005900 0.005000 0.005900 0.005000 0.005000 0.005000
WhiteTaile 0.004100 0.009500 0.003200 0.010400 0.004500 0.004100 0.003600 0.004100 0.003600 0.003200 0.004100 0.002700 0.005000 0.003600 0.004500 0.004100 0.004100 0.003200 0.006800 0.004100 0.004100 0.004500 0.000900 0.000400 0.004100 0.004500 0.005000 0.003600 0.004500 0.003600 0.002700 0.004100 0.003200 0.005000 0.005000 0.002700 0.004100 0.004100 0.005400 0.001800 0.000900 0.005400 0.003200 0.000000 0.002700 0.003600 0.004500 0.004500 0.005400 0.003600 0.003600 0.003600
Cattle 0.002700 0.008200 0.000400 0.008600 0.003200 0.002700 0.002300 0.002700 0.000900 0.004100 0.002700 0.000000 0.003600 0.002300 0.003100 0.002700 0.002300 0.001400 0.005400 0.001300 0.002700 0.003100 0.001800 0.002300 0.002700 0.003200 0.003600 0.000900 0.003200 0.000900 0.003600 0.002700 0.001300 0.003600 0.003600 0.000000 0.002700 0.002700 0.004100 0.002700 0.001800 0.004100 0.004100 0.002700 0.000000 0.002300 0.003200 0.003200 0.004100 0.001800 0.000900 0.000900
RoyalAntel 0.000400 0.010000 0.002700 0.009500 0.000900 0.000400 0.000100 0.000400 0.003200 0.004100 0.000400 0.002300 0.001300 0.000000 0.000900 0.001300 0.004100 0.003200 0.003100 0.003600 0.000400 0.000900 0.002700 0.003200 0.000400 0.000900 0.001300 0.003200 0.000900 0.003200 0.003600 0.000400 0.003200 0.001300 0.001300 0.002300 0.000400 0.000400 0.001800 0.003600 0.002700 0.001800 0.004100 0.003600 0.002300 0.000000 0.001800 0.000900 0.001800 0.003600 0.003200 0.003200
Steenbok 0.002200 0.010000 0.003600 0.010400 0.002700 0.002200 0.001800 0.001300 0.004100 0.005900 0.002200 0.003200 0.003100 0.001800 0.002700 0.001300 0.005000 0.004100 0.004900 0.004500 0.001300 0.002700 0.003600 0.004100 0.002200 0.001800 0.003100 0.004100 0.001800 0.004100 0.005400 0.002200 0.004100 0.003100 0.003100 0.003200 0.002200 0.002200 0.002700 0.004500 0.003600 0.002700 0.005900 0.004500 0.003200 0.001800 0.000000 0.002700 0.003600 0.004500 0.004100 0.004100
Impala 0.001300 0.010900 0.003600 0.010500 0.001800 0.001300 0.000900 0.001300 0.004100 0.005000 0.001300 0.003200 0.002200 0.000900 0.001800 0.002200 0.005000 0.004100 0.004000 0.004500 0.001300 0.001800 0.003600 0.004100 0.001300 0.001800 0.002200 0.004100 0.001800 0.004100 0.004500 0.001300 0.004100 0.002200 0.002200 0.003200 0.001300 0.001300 0.002700 0.004500 0.003600 0.002700 0.005000 0.004500 0.003200 0.000900 0.002700 0.000000 0.002700 0.004500 0.004100 0.004100
Klipspring 0.002200 0.011800 0.004500 0.011400 0.002700 0.002200 0.001800 0.002200 0.005000 0.005900 0.002200 0.004100 0.003100 0.001800 0.002700 0.003100 0.005900 0.005000 0.004000 0.005400 0.002200 0.002700 0.004500 0.005000 0.002200 0.002700 0.003100 0.005000 0.002700 0.005000 0.005400 0.002200 0.005000 0.003100 0.002200 0.004100 0.002200 0.002200 0.003600 0.005400 0.004500 0.002700 0.005900 0.005400 0.004100 0.001800 0.003600 0.002700 0.000000 0.005400 0.005000 0.005000
ForestMusk 0.004100 0.009100 0.002300 0.009500 0.004500 0.004100 0.003600 0.004100 0.002700 0.005000 0.004100 0.001800 0.005000 0.003600 0.004500 0.004100 0.003200 0.002300 0.006800 0.003200 0.004100 0.004500 0.002700 0.003200 0.004100 0.004500 0.005000 0.002700 0.004500 0.002700 0.004500 0.004100 0.002300 0.005000 0.005000 0.001800 0.004100 0.004100 0.005400 0.003600 0.002700 0.005400 0.005000 0.003600 0.001800 0.003600 0.004500 0.004500 0.005400 0.000000 0.002700 0.002700
Bushbuck 0.003600 0.009100 0.000400 0.009500 0.004100 0.003600 0.003200 0.003600 0.000000 0.005000 0.003600 0.000900 0.004500 0.003200 0.004100 0.003600 0.003200 0.002300 0.006300 0.000400 0.003600 0.004100 0.002700 0.003200 0.003600 0.004100 0.004500 0.000000 0.004100 0.000000 0.004500 0.003600 0.002300 0.004500 0.004500 0.000900 0.003600 0.003600 0.005000 0.003600 0.002700 0.005000 0.005000 0.003600 0.000900 0.003200 0.004100 0.004100 0.005000 0.002700 0.000000 0.000900
GreaterKud 0.003600 0.009100 0.000400 0.009500 0.004100 0.003600 0.003200 0.003600 0.000900 0.005000 0.003600 0.000900 0.004500 0.003200 0.004100 0.003600 0.003200 0.002300 0.006300 0.001300 0.003600 0.004100 0.002700 0.003200 0.003600 0.004100 0.004500 0.000900 0.004100 0.000900 0.004500 0.003600 0.002200 0.004500 0.004500 0.000900 0.003600 0.003600 0.005000 0.003600 0.002700 0.005000 0.005000 0.003600 0.000900 0.003200 0.004100 0.004100 0.005000 0.002700 0.000900 0.000000
