1
52 1
Argali 0.000000 0.089700 0.087400 0.142000 0.132500 0.000000 0.089200 0.042800 0.087400 0.087800 0.000000 0.236100 0.085800 0.089200 0.090500 0.042800 0.087400 0.085900 0.000000 0.087400 0.042800 0.000000 0.088500 0.087800 0.000000 0.042800 0.085800 0.087400 0.042800 0.087400 0.087800 0.089200 0.042800 0.085800 0.090300 0.089800 0.000000 0.132500 0.042800 0.134000 0.043100 0.042900 0.087800 0.137900 0.089800 0.042800 0.042700 0.086800 0.180700 0.042800 0.087400 0.087400
LesserMous 0.089700 0.000000 0.090100 0.045500 0.136700 0.089700 0.092300 0.043900 0.090100 0.090600 0.089700 0.243600 0.088800 0.092300 0.093500 0.043900 0.043800 0.088500 0.089700 0.090100 0.044100 0.089700 0.090600 0.090600 0.089700 0.044100 0.088400 0.090100 0.044100 0.090100 0.090600 0.092300 0.044100 0.088400 0.093400 0.092500 0.089700 0.136700 0.044000 0.138300 0.044100 0.044100 0.090600 0.142800 0.092500 0.044400 0.044100 0.089400 0.135300 0.044100 0.090100 0.090100
LesserKudu 0.087400 0.090100 0.000000 0.142900 0.133300 0.087400 0.089600 0.043100 0.000000 0.088200 0.087400 0.133500 0.086200 0.089600 0.090900 0.043000 0.087900 0.086400 0.087400 0.000000 0.043000 0.087400 0.088200 0.088200 0.087400 0.043000 0.086200 0.000000 0.043000 0.000000 0.088200 0.089600 0.043000 0.086200 0.090700 0.000100 0.087400 0.133300 0.042800 0.134800 0.042700 0.043000 0.088200 0.138700 0.000100 0.042800 0.042700 0.087200 0.182000 0.043000 0.000000 0.000000
KillerWhal 0.142000 0.045500 0.142900 0.000000 0.191400 0.142000 0.146300 0.093200 0.142900 0.143700 0.142000 0.355600 0.139200 0.146300 0.149200 0.093200 0.092500 0.139400 0.142000 0.142900 0.093200 0.142000 0.143700 0.143700 0.142000 0.093200 0.139200 0.142900 0.093200 0.142900 0.143700 0.146300 0.093200 0.139200 0.148900 0.189900 0.142000 0.191400 0.093200 0.195000 0.093200 0.093200 0.143700 0.201300 0.189900 0.093200 0.093200 0.142100 0.189400 0.093200 0.142900 0.142900
DefassaWat 0.132500 0.136700 0.133300 0.191400 0.000000 0.132500 0.137100 0.087000 0.133300 0.134200 0.132500 0.294000 0.132300 0.137100 0.137400 0.087000 0.133300 0.132500 0.132500 0.133300 0.087000 0.132500 0.134200 0.134200 0.132500 0.087000 0.132300 0.133300 0.087000 0.133300 0.134200 0.137100 0.087000 0.132300 0.136700 0.137000 0.132500 0.000000 0.087000 0.181800 0.087000 0.087000 0.134200 0.189100 0.137000 0.087000 0.087000 0.132100 0.232500 0.087000 0.133300 0.133300
Sheep 0.000000 0.089700 0.087400 0.142000 0.132500 0.000000 0.089200 0.042800 0.087400 0.087800 0.000000 0.236100 0.085800 0.089200 0.090500 0.042800 0.087400 0.085400 0.000000 0.087400 0.042800 0.000000 0.087800 0.087800 0.000000 0.043000 0.086100 0.087600 0.042800 0.087400 0.087800 0.089200 0.042800 0.085800 0.090300 0.089800 0.000000 0.132500 0.043100 0.134000 0.042800 0.042800 0.087800 0.137900 0.089800 0.043000 0.042800 0.086800 0.180700 0.042800 0.087400 0.087400
MaxwellsDu 0.089200 0.092300 0.089600 0.146300 0.137100 0.089200 0.000000 0.044200 0.089600 0.090300 0.089200 0.238500 0.088600 0.000000 0.093500 0.043800 0.089600 0.088800 0.089200 0.089600 0.044200 0.089200 0.090300 0.090300 0.089400 0.044200 0.088600 0.089600 0.044200 0.089600 0.090300 0.000000 0.043900 0.088600 0.093300 0.091500 0.089200 0.137100 0.044200 0.136600 0.044200 0.044300 0.090300 0.142600 0.091500 0.044200 0.044200 0.088800 0.184000 0.044000 0.089300 0.089600
GazellaPrz 0.042800 0.043900 0.043100 0.093200 0.087000 0.042800 0.044200 0.000000 0.043000 0.042900 0.042800 0.184200 0.042300 0.044200 0.044600 0.000000 0.043000 0.042300 0.042800 0.043000 0.000000 0.043000 0.043200 0.043200 0.042800 0.000000 0.042300 0.043000 0.000000 0.043000 0.043200 0.044200 0.000000 0.042300 0.044500 0.044000 0.042800 0.087000 0.000000 0.087100 0.000000 0.000000 0.042800 0.090400 0.044000 0.000000 0.000000 0.042700 0.132700 0.000000 0.042700 0.043000
MountainNy 0.087400 0.090100 0.000000 0.142900 0.133300 0.087400 0.089600 0.043000 0.000000 0.088200 0.087400 0.133500 0.086200 0.089600 0.090900 0.043000 0.087900 0.086400 0.087400 0.000000 0.043000 0.086900 0.088200 0.088200 0.087400 0.042800 0.086200 0.000000 0.043000 0.000000 0.088200 0.089600 0.042800 0.086200 0.090700 0.000100 0.087400 0.133300 0.042700 0.134800 0.043000 0.043000 0.088200 0.138700 0.000100 0.043000 0.043000 0.087200 0.182000 0.042700 0.000000 0.000000
MuntiacusM 0.087800 0.090600 0.088200 0.143700 0.134200 0.087800 0.090300 0.042900 0.088200 0.000000 0.087800 0.238600 0.086800 0.090300 0.092200 0.042900 0.088200 0.086900 0.087800 0.088200 0.042800 0.087800 0.000000 0.000000 0.087800 0.043200 0.086800 0.088200 0.043700 0.088200 0.000000 0.090300 0.043200 0.086800 0.091300 0.090600 0.087800 0.134200 0.042800 0.042300 0.042900 0.043100 0.000000 0.043800 0.090600 0.043600 0.043200 0.087300 0.182600 0.043200 0.088200 0.088200
goat 0.000000 0.089700 0.087400 0.142000 0.132500 0.000000 0.089200 0.042800 0.087400 0.087800 0.000000 0.236100 0.085800 0.089200 0.090600 0.042800 0.087400 0.085900 0.000000 0.087400 0.042800 0.000000 0.087800 0.087800 0.000000 0.043100 0.085800 0.087400 0.042800 0.087400 0.087800 0.089200 0.042800 0.085800 0.090900 0.089800 0.000000 0.132500 0.042900 0.134000 0.042800 0.042800 0.087800 0.137900 0.089800 0.042800 0.042800 0.086800 0.180700 0.043000 0.088200 0.087400
AfricanBuf 0.236100 0.243600 0.133500 0.355600 0.294000 0.236100 0.238500 0.184200 0.133500 0.238600 0.236100 0.000000 0.133600 0.238500 0.240800 0.184200 0.238000 0.234400 0.236100 0.133500 0.184200 0.236100 0.238600 0.238600 0.236100 0.184200 0.133600 0.133500 0.184200 0.133500 0.238600 0.238500 0.184200 0.133600 0.239500 0.129000 0.236100 0.294000 0.184200 0.294700 0.184200 0.184200 0.238600 0.303100 0.129000 0.184200 0.184200 0.184000 0.354500 0.184200 0.133500 0.133500
Topi 0.085800 0.088800 0.086200 0.139200 0.132300 0.085800 0.088600 0.042300 0.086200 0.086800 0.085800 0.133600 0.000000 0.088600 0.089000 0.042800 0.086200 0.085500 0.085800 0.086200 0.042800 0.085800 0.086800 0.086800 0.085800 0.042300 0.000000 0.086200 0.042300 0.086200 0.086800 0.088100 0.042300 0.000000 0.088700 0.088500 0.085800 0.132300 0.042300 0.131900 0.042300 0.042300 0.086800 0.136600 0.088500 0.042100 0.042300 0.085500 0.178700 0.042300 0.086600 0.085600
CommonDuik 0.089200 0.092300 0.089600 0.146300 0.137100 0.089200 0.000000 0.044200 0.089600 0.090300 0.089200 0.238500 0.088600 0.000000 0.094100 0.044200 0.089600 0.088800 0.089200 0.089600 0.044200 0.089100 0.090300 0.090300 0.089200 0.044200 0.089400 0.089600 0.044200 0.089700 0.089700 0.000000 0.044100 0.088500 0.093300 0.091500 0.089200 0.137100 0.044200 0.136600 0.043500 0.044200 0.090300 0.142600 0.091500 0.044200 0.044200 0.088800 0.184000 0.044200 0.089600 0.089600
Suni 0.090500 0.093500 0.090900 0.149200 0.137400 0.090500 0.093500 0.044600 0.090900 0.092200 0.090600 0.240800 0.089000 0.094100 0.000000 0.044600 0.090900 0.089100 0.090500 0.090900 0.044600 0.090500 0.091500 0.091500 0.090500 0.044600 0.089000 0.090900 0.044600 0.090900 0.091500 0.093500 0.044600 0.089000 0.094700 0.093000 0.090500 0.137400 0.044600 0.139200 0.044600 0.044600 0.091500 0.143800 0.093000 0.044600 0.044600 0.090200 0.186700 0.044600 0.090900 0.090900
Springbuck 0.042800 0.043900 0.043000 0.093200 0.087000 0.042800 0.043800 0.000000 0.043000 0.042900 0.042800 0.184200 0.042800 0.044200 0.044600 0.000000 0.043000 0.042400 0.042800 0.042900 0.000000 0.042800 0.043200 0.043200 0.042800 0.000000 0.042300 0.043000 0.000000 0.043000 0.043200 0.043800 0.000000 0.042200 0.044500 0.044000 0.043000 0.087000 0.000000 0.087600 0.000000 0.000000 0.043300 0.090400 0.044000 0.000000 0.000000 0.042700 0.132700 0.000000 0.043000 0.043000
Okapi 0.087400 0.043800 0.087900 0.092500 0.133300 0.087400 0.089600 0.043000 0.087900 0.088200 0.087400 0.238000 0.086200 0.089600 0.090900 0.043000 0.000000 0.086400 0.087400 0.087900 0.043000 0.087400 0.088200 0.088200 0.087400 0.043000 0.086200 0.087900 0.043000 0.087900 0.088200 0.089600 0.043300 0.086200 0.090700 0.090300 0.087400 0.133300 0.043000 0.134800 0.043000 0.042800 0.088200 0.138700 0.090300 0.042800 0.043000 0.087200 0.085400 0.043000 0.087900 0.087900
Giraffe 0.085900 0.088500 0.086400 0.139400 0.132500 0.085400 0.088800 0.042300 0.086400 0.086900 0.085900 0.234400 0.085500 0.088800 0.089100 0.042400 0.086400 0.000000 0.085900 0.086400 0.042500 0.085900 0.086900 0.086900 0.085900 0.042400 0.085400 0.086400 0.042400 0.086400 0.086900 0.088800 0.042400 0.085500 0.088900 0.088600 0.085900 0.132500 0.042400 0.132100 0.042400 0.042400 0.086900 0.136900 0.088600 0.042100 0.042400 0.085700 0.179000 0.042400 0.086400 0.086400
TibetanAnt 0.000000 0.089700 0.087400 0.142000 0.132500 0.000000 0.089200 0.042800 0.087400 0.087800 0.000000 0.236100 0.085800 0.089200 0.090500 0.042800 0.087400 0.085900 0.000000 0.087400 0.042800 0.000000 0.087800 0.087800 0.000000 0.042800 0.085800 0.087700 0.042800 0.087400 0.087800 0.089200 0.042800 0.085800 0.090300 0.089800 0.000000 0.132500 0.042800 0.134000 0.042800 0.042800 0.087800 0.137900 0.089800 0.042900 0.042800 0.086800 0.180700 0.042800 0.087400 0.087400
Sitatunga 0.087400 0.090100 0.000000 0.142900 0.133300 0.087400 0.089600 0.043000 0.000000 0.088200 0.087400 0.133500 0.086200 0.089600 0.090900 0.042900 0.087900 0.086400 0.087400 0.000000 0.042900 0.087400 0.088200 0.088200 0.087400 0.043000 0.086200 0.000000 0.043000 0.000000 0.088200 0.089600 0.043100 0.086200 0.090700 0.000100 0.087400 0.133300 0.043000 0.134800 0.043000 0.043000 0.088200 0.138700 0.000100 0.043200 0.043000 0.087200 0.182000 0.043000 0.000000 0.000000
Oribi 0.042800 0.044100 0.043000 0.093200 0.087000 0.042800 0.044200 0.000000 0.043000 0.042800 0.042800 0.184200 0.042800 0.044200 0.044600 0.000000 0.043000 0.042500 0.042800 0.042900 0.000000 0.042800 0.043200 0.043600 0.042800 0.000000 0.042300 0.043000 0.000000 0.043000 0.043000 0.044200 0.000000 0.042300 0.044500 0.044000 0.042800 0.087000 0.000000 0.087600 0.000000 0.000000 0.042900 0.090400 0.044000 0.000000 0.000000 0.042700 0.132700 0.000000 0.043000 0.043000
BarbaryShe 0.000000 0.089700 0.087400 0.142000 0.132500 0.000000 0.089200 0.043000 0.086900 0.087800 0.000000 0.236100 0.085800 0.089100 0.090500 0.042800 0.087400 0.085900 0.000000 0.087400 0.042800 0.000000 0.087800 0.087800 0.000000 0.042800 0.085800 0.087400 0.042800 0.087400 0.087800 0.089200 0.042800 0.085800 0.090300 0.089800 0.000000 0.132500 0.042800 0.134000 0.042800 0.042900 0.087800 0.137900 0.089800 0.042800 0.042800 0.086800 0.180700 0.042800 0.087400 0.087400
Daviddeer 0.088500 0.090600 0.088200 0.143700 0.134200 0.087800 0.090300 0.043200 0.088200 0.000000 0.087800 0.238600 0.086800 0.090300 0.091500 0.043200 0.088200 0.086900 0.087800 0.088200 0.043200 0.087800 0.000000 0.000000 0.087800 0.043200 0.086800 0.088200 0.043200 0.088200 0.000000 0.090300 0.042800 0.086800 0.091300 0.090600 0.087800 0.134200 0.042800 0.042300 0.043200 0.043500 0.000000 0.043000 0.090600 0.043200 0.043200 0.087600 0.182600 0.043200 0.088200 0.088200
Reindeer 0.087800 0.090600 0.088200 0.143700 0.134200 0.087800 0.090300 0.043200 0.088200 0.000000 0.087800 0.238600 0.086800 0.090300 0.091500 0.043200 0.088200 0.086900 0.087800 0.088200 0.043600 0.087800 0.000000 0.000000 0.087800 0.043200 0.086800 0.088200 0.043300 0.088200 0.000000 0.090300 0.043200 0.086800 0.091300 0.090600 0.087800 0.134200 0.043200 0.042300 0.043200 0.043200 0.000000 0.043400 0.090600 0.043200 0.043200 0.087600 0.182600 0.043200 0.088200 0.088200
Ibex 0.000000 0.089700 0.087400 0.142000 0.132500 0.000000 0.089400 0.042800 0.087400 0.087800 0.000000 0.236100 0.085800 0.089200 0.090500 0.042800 0.087400 0.085900 0.000000 0.087400 0.042800 0.000000 0.087800 0.087800 0.000000 0.042800 0.085800 0.087400 0.042800 0.087400 0.086800 0.089200 0.042800 0.085800 0.090300 0.089800 0.000000 0.132500 0.042800 0.134000 0.042800 0.042800 0.087800 0.137900 0.089800 0.042800 0.042800 0.086800 0.180700 0.042800 0.087400 0.087400
GyrantGaze 0.042800 0.044100 0.043000 0.093200 0.087000 0.043000 0.044200 0.000000 0.042800 0.043200 0.043100 0.184200 0.042300 0.044200 0.044600 0.000000 0.043000 0.042400 0.042800 0.043000 0.000000 0.042800 0.043200 0.043200 0.042800 0.000000 0.042600 0.043000 0.000000 0.043100 0.043200 0.044200 0.000000 0.042300 0.044200 0.044000 0.042800 0.087000 0.000000 0.087600 0.000000 0.000000 0.043200 0.090400 0.044000 0.000000 0.000000 0.042700 0.132700 0.000000 0.043000 0.043000
Hartebeest 0.085800 0.088400 0.086200 0.139200 0.132300 0.086100 0.088600 0.042300 0.086200 0.086800 0.085800 0.133600 0.000000 0.089400 0.089000 0.042300 0.086200 0.085400 0.085800 0.086200 0.042300 0.085800 0.086800 0.086800 0.085800 0.042600 0.000000 0.086200 0.042300 0.086200 0.086800 0.088600 0.042300 0.000000 0.088700 0.088500 0.085800 0.132300 0.042300 0.131900 0.042400 0.042300 0.086800 0.136600 0.088500 0.042300 0.042300 0.085500 0.178700 0.042300 0.086200 0.086200
Bongo 0.087400 0.090100 0.000000 0.142900 0.133300 0.087600 0.089600 0.043000 0.000000 0.088200 0.087400 0.133500 0.086200 0.089600 0.090900 0.043000 0.087900 0.086400 0.087700 0.000000 0.043000 0.087400 0.088200 0.088200 0.087400 0.043000 0.086200 0.000000 0.042700 0.000000 0.088600 0.089600 0.043000 0.086200 0.090700 0.000100 0.087400 0.133300 0.043000 0.134800 0.042900 0.043000 0.088200 0.138700 0.000100 0.042800 0.042900 0.087200 0.182000 0.043000 0.000000 0.000000
Gerenuk 0.042800 0.044100 0.043000 0.093200 0.087000 0.042800 0.044200 0.000000 0.043000 0.043700 0.042800 0.184200 0.042300 0.044200 0.044600 0.000000 0.043000 0.042400 0.042800 0.043000 0.000000 0.042800 0.043200 0.043300 0.042800 0.000000 0.042300 0.042700 0.000000 0.043200 0.043200 0.044200 0.000000 0.042300 0.044400 0.044000 0.042800 0.087000 0.000000 0.087600 0.000000 0.000000 0.043200 0.090400 0.044000 0.000000 0.000000 0.042700 0.132700 0.000000 0.043000 0.043000
CommonElan 0.087400 0.090100 0.000000 0.142900 0.133300 0.087400 0.089600 0.043000 0.000000 0.088200 0.087400 0.133500 0.086200 0.089700 0.090900 0.043000 0.087900 0.086400 0.087400 0.000000 0.043000 0.087400 0.088200 0.088200 0.087400 0.043100 0.086200 0.000000 0.043200 0.000000 0.088200 0.089600 0.043000 0.086200 0.090700 0.000100 0.087400 0.133300 0.043200 0.134800 0.043000 0.043000 0.088400 0.138700 0.000100 0.043100 0.043000 0.087200 0.182000 0.043000 0.000000 0.000000
MuntiacusR 0.087800 0.090600 0.088200 0.143700 0.134200 0.087800 0.090300 0.043200 0.088200 0.000000 0.087800 0.238600 0.086800 0.089700 0.091500 0.043200 0.088200 0.086900 0.087800 0.088200 0.043000 0.087800 0.000000 0.000000 0.086800 0.043200 0.086800 0.088600 0.043200 0.088200 0.000000 0.090300 0.043200 0.086800 0.091300 0.090600 0.087800 0.134200 0.043200 0.042300 0.043200 0.042800 0.000000 0.043400 0.090600 0.043100 0.043600 0.087600 0.182600 0.043200 0.088200 0.088200
HarveysDui 0.089200 0.092300 0.089600 0.146300 0.137100 0.089200 0.000000 0.044200 0.089600 0.090300 0.089200 0.238500 0.088100 0.000000 0.093500 0.043800 0.089600 0.088800 0.089200 0.089600 0.044200 0.089200 0.090300 0.090300 0.089200 0.044200 0.088600 0.089600 0.044200 0.089600 0.090300 0.000000 0.043600 0.088600 0.093300 0.091500 0.089200 0.137100 0.043700 0.136600 0.044200 0.044200 0.090300 0.142600 0.091500 0.044200 0.044200 0.088800 0.184000 0.044200 0.089600 0.089800
Pronghorn 0.042800 0.044100 0.043000 0.093200 0.087000 0.042800 0.043900 0.000000 0.042800 0.043200 0.042800 0.184200 0.042300 0.044100 0.044600 0.000000 0.043300 0.042400 0.042800 0.043100 0.000000 0.042800 0.042800 0.043200 0.042800 0.000000 0.042300 0.043000 0.000000 0.043000 0.043200 0.043600 0.000000 0.042100 0.044300 0.044000 0.042800 0.087000 0.000000 0.087600 0.000000 0.000000 0.043200 0.090400 0.044000 0.000000 0.000000 0.042700 0.132700 0.000000 0.043000 0.042700
BlueWildeb 0.085800 0.088400 0.086200 0.139200 0.132300 0.085800 0.088600 0.042300 0.086200 0.086800 0.085800 0.133600 0.000000 0.088500 0.089000 0.042200 0.086200 0.085500 0.085800 0.086200 0.042300 0.085800 0.086800 0.086800 0.085800 0.042300 0.000000 0.086200 0.042300 0.086200 0.086800 0.088600 0.042100 0.000000 0.088700 0.088500 0.085800 0.132300 0.042300 0.131900 0.042300 0.042300 0.086800 0.136600 0.088500 0.042300 0.042300 0.085500 0.178700 0.042300 0.086200 0.086200
Gemsbok 0.090300 0.093400 0.090700 0.148900 0.136700 0.090300 0.093300 0.044500 0.090700 0.091300 0.090900 0.239500 0.088700 0.093300 0.094700 0.044500 0.090700 0.088900 0.090300 0.090700 0.044500 0.090300 0.091300 0.091300 0.090300 0.044200 0.088700 0.090700 0.044400 0.090700 0.091300 0.093300 0.044300 0.088700 0.000000 0.092800 0.090300 0.136700 0.044500 0.138800 0.044300 0.044500 0.091300 0.143300 0.092800 0.044500 0.044300 0.090000 0.185700 0.044500 0.090700 0.090700
Yak 0.089800 0.092500 0.000100 0.189900 0.137000 0.089800 0.091500 0.044000 0.000100 0.090600 0.089800 0.129000 0.088500 0.091500 0.093000 0.044000 0.090300 0.088600 0.089800 0.000100 0.044000 0.089800 0.090600 0.090600 0.089800 0.044000 0.088500 0.000100 0.044000 0.000100 0.090600 0.091500 0.044000 0.088500 0.092800 0.000000 0.089800 0.137000 0.044000 0.139100 0.044000 0.044000 0.090600 0.142600 0.000000 0.044000 0.044000 0.043800 0.188400 0.044000 0.000100 0.000100
BlueSheep 0.000000 0.089700 0.087400 0.142000 0.132500 0.000000 0.089200 0.042800 0.087400 0.087800 0.000000 0.236100 0.085800 0.089200 0.090500 0.043000 0.087400 0.085900 0.000000 0.087400 0.042800 0.000000 0.087800 0.087800 0.000000 0.042800 0.085800 0.087400 0.042800 0.087400 0.087800 0.089200 0.042800 0.085800 0.090300 0.089800 0.000000 0.132500 0.042800 0.134000 0.042800 0.042800 0.087800 0.137900 0.089800 0.042800 0.042800 0.086800 0.180700 0.042800 0.087400 0.087400
BohorReedb 0.132500 0.136700 0.133300 0.191400 0.000000 0.132500 0.137100 0.087000 0.133300 0.134200 0.132500 0.294000 0.132300 0.137100 0.137400 0.087000 0.133300 0.132500 0.132500 0.133300 0.087000 0.132500 0.134200 0.134200 0.132500 0.087000 0.132300 0.133300 0.087000 0.133300 0.134200 0.137100 0.087000 0.132300 0.136700 0.137000 0.132500 0.000000 0.087000 0.181800 0.087000 0.087000 0.134200 0.189100 0.137000 0.087000 0.087000 0.132100 0.232500 0.087000 0.133300 0.133300
KirksDik 0.042800 0.044000 0.042800 0.093200 0.087000 0.043100 0.044200 0.000000 0.042700 0.042800 0.042900 0.184200 0.042300 0.044200 0.044600 0.000000 0.043000 0.042400 0.042800 0.043000 0.000000 0.042800 0.042800 0.043200 0.042800 0.000000 0.042300 0.043000 0.000000 0.043200 0.043200 0.043700 0.000000 0.042300 0.044500 0.044000 0.042800 0.087000 0.000000 0.087600 0.000000 0.000000 0.043200 0.090400 0.044000 0.000000 0.000000 0.042700 0.132700 0.000000 0.042900 0.043100
RoeDeer 0.134000 0.138300 0.134800 0.195000 0.181800 0.134000 0.136600 0.087100 0.134800 0.042300 0.134000 0.294700 0.131900 0.136600 0.139200 0.087600 0.134800 0.132100 0.134000 0.134800 0.087600 0.134000 0.042300 0.042300 0.134000 0.087600 0.131900 0.134800 0.087600 0.134800 0.042300 0.136600 0.087600 0.131900 0.138800 0.139100 0.134000 0.181800 0.087600 0.000000 0.087600 0.087600 0.042300 0.088100 0.139100 0.087600 0.087600 0.133900 0.233800 0.087600 0.134800 0.134800
WhiteLippe 0.043100 0.044100 0.042700 0.093200 0.087000 0.042800 0.044200 0.000000 0.043000 0.042900 0.042800 0.184200 0.042300 0.043500 0.044600 0.000000 0.043000 0.042400 0.042800 0.043000 0.000000 0.042800 0.043200 0.043200 0.042800 0.000000 0.042400 0.042900 0.000000 0.043000 0.043200 0.044200 0.000000 0.042300 0.044300 0.044000 0.042800 0.087000 0.000000 0.087600 0.000000 0.000000 0.043200 0.090400 0.044000 0.000000 0.000000 0.042700 0.132700 0.000000 0.043000 0.043000
ThomsonGaz 0.042900 0.044100 0.043000 0.093200 0.087000 0.042800 0.044300 0.000000 0.043000 0.043100 0.042800 0.184200 0.042300 0.044200 0.044600 0.000000 0.042800 0.042400 0.042800 0.043000 0.000000 0.042900 0.043500 0.043200 0.042800 0.000000 0.042300 0.043000 0.000000 0.043000 0.042800 0.044200 0.000000 0.042300 0.044500 0.044000 0.042800 0.087000 0.000000 0.087600 0.000000 0.000000 0.043600 0.090400 0.044000 0.000000 0.000000 0.042700 0.132700 0.000000 0.042800 0.042700
MuntiacusC 0.087800 0.090600 0.088200 0.143700 0.134200 0.087800 0.090300 0.042800 0.088200 0.000000 0.087800 0.238600 0.086800 0.090300 0.091500 0.043300 0.088200 0.086900 0.087800 0.088200 0.042900 0.087800 0.000000 0.000000 0.087800 0.043200 0.086800 0.088200 0.043200 0.088400 0.000000 0.090300 0.043200 0.086800 0.091300 0.090600 0.087800 0.134200 0.043200 0.042300 0.043200 0.043600 0.000000 0.042700 0.090600 0.042900 0.043200 0.087600 0.182600 0.043200 0.087600 0.088200
WhiteTaile 0.137900 0.142800 0.138700 0.201300 0.189100 0.137900 0.142600 0.090400 0.138700 0.043800 0.137900 0.303100 0.136600 0.142600 0.143800 0.090400 0.138700 0.136900 0.137900 0.138700 0.090400 0.137900 0.043000 0.043400 0.137900 0.090400 0.136600 0.138700 0.090400 0.138700 0.043400 0.142600 0.090400 0.136600 0.143300 0.142600 0.137900 0.189100 0.090400 0.088100 0.090400 0.090400 0.042700 0.000000 0.142600 0.090400 0.090000 0.137500 0.240800 0.090400 0.138700 0.138700
Cattle 0.089800 0.092500 0.000100 0.189900 0.137000 0.089800 0.091500 0.044000 0.000100 0.090600 0.089800 0.129000 0.088500 0.091500 0.093000 0.044000 0.090300 0.088600 0.089800 0.000100 0.044000 0.089800 0.090600 0.090600 0.089800 0.044000 0.088500 0.000100 0.044000 0.000100 0.090600 0.091500 0.044000 0.088500 0.092800 0.000000 0.089800 0.137000 0.044000 0.139100 0.044000 0.044000 0.090600 0.142600 0.000000 0.044000 0.044000 0.043800 0.188400 0.044000 0.000100 0.000100
RoyalAntel 0.042800 0.044400 0.042800 0.093200 0.087000 0.043000 0.044200 0.000000 0.043000 0.043600 0.042800 0.184200 0.042100 0.044200 0.044600 0.000000 0.042800 0.042100 0.042900 0.043200 0.000000 0.042800 0.043200 0.043200 0.042800 0.000000 0.042300 0.042800 0.000000 0.043100 0.043100 0.044200 0.000000 0.042300 0.044500 0.044000 0.042800 0.087000 0.000000 0.087600 0.000000 0.000000 0.042900 0.090400 0.044000 0.000000 0.000000 0.042700 0.132700 0.000000 0.043000 0.043000
Steenbok 0.042700 0.044100 0.042700 0.093200 0.087000 0.042800 0.044200 0.000000 0.043000 0.043200 0.042800 0.184200 0.042300 0.044200 0.044600 0.000000 0.043000 0.042400 0.042800 0.043000 0.000000 0.042800 0.043200 0.043200 0.042800 0.000000 0.042300 0.042900 0.000000 0.043000 0.043600 0.044200 0.000000 0.042300 0.044300 0.044000 0.042800 0.087000 0.000000 0.087600 0.000000 0.000000 0.043200 0.090000 0.044000 0.000000 0.000000 0.042700 0.132700 0.000000 0.043000 0.042700
Impala 0.086800 0.089400 0.087200 0.142100 0.132100 0.086800 0.088800 0.042700 0.087200 0.087300 0.086800 0.184000 0.085500 0.088800 0.090200 0.042700 0.087200 0.085700 0.086800 0.087200 0.042700 0.086800 0.087600 0.087600 0.086800 0.042700 0.085500 0.087200 0.042700 0.087200 0.087600 0.088800 0.042700 0.085500 0.090000 0.043800 0.086800 0.132100 0.042700 0.133900 0.042700 0.042700 0.087600 0.137500 0.043800 0.042700 0.042700 0.000000 0.180500 0.042700 0.087800 0.087200
Klipspring 0.180700 0.135300 0.182000 0.189400 0.232500 0.180700 0.184000 0.132700 0.182000 0.182600 0.180700 0.354500 0.178700 0.184000 0.186700 0.132700 0.085400 0.179000 0.180700 0.182000 0.132700 0.180700 0.182600 0.182600 0.180700 0.132700 0.178700 0.182000 0.132700 0.182000 0.182600 0.184000 0.132700 0.178700 0.185700 0.188400 0.180700 0.232500 0.132700 0.233800 0.132700 0.132700 0.182600 0.240800 0.188400 0.132700 0.132700 0.180500 0.000000 0.132700 0.182000 0.182000
ForestMusk 0.042800 0.044100 0.043000 0.093200 0.087000 0.042800 0.044000 0.000000 0.042700 0.043200 0.043000 0.184200 0.042300 0.044200 0.044600 0.000000 0.043000 0.042400 0.042800 0.043000 0.000000 0.042800 0.043200 0.043200 0.042800 0.000000 0.042300 0.043000 0.000000 0.043000 0.043200 0.044200 0.000000 0.042300 0.044500 0.044000 0.042800 0.087000 0.000000 0.087600 0.000000 0.000000 0.043200 0.090400 0.044000 0.000000 0.000000 0.042700 0.132700 0.000000 0.043000 0.043000
Bushbuck 0.087400 0.090100 0.000000 0.142900 0.133300 0.087400 0.089300 0.042700 0.000000 0.088200 0.088200 0.133500 0.086600 0.089600 0.090900 0.043000 0.087900 0.086400 0.087400 0.000000 0.043000 0.087400 0.088200 0.088200 0.087400 0.043000 0.086200 0.000000 0.043000 0.000000 0.088200 0.089600 0.043000 0.086200 0.090700 0.000100 0.087400 0.133300 0.042900 0.134800 0.043000 0.042800 0.087600 0.138700 0.000100 0.043000 0.043000 0.087800 0.182000 0.043000 0.000000 0.000000
GreaterKud 0.087400 0.090100 0.000000 0.142900 0.133300 0.087400 0.089600 0.043000 0.000000 0.088200 0.087400 0.133500 0.085600 0.089600 0.090900 0.043000 0.087900 0.086400 0.087400 0.000000 0.043000 0.087400 0.088200 0.088200 0.087400 0.043000 0.086200 0.000000 0.043000 0.000000 0.088200 0.089800 0.042700 0.086200 0.090700 0.000100 0.087400 0.133300 0.043100 0.134800 0.043000 0.042700 0.088200 0.138700 0.000100 0.043000 0.042700 0.087200 0.182000 0.043000 0.000000 0.000000
