1
52 1
Argali 0.000000 0.026100 0.008000 0.010600 0.000100 0.000000 0.005300 0.000100 0.008000 0.008000 0.000000 0.002700 0.002700 0.005300 0.000100 0.002700 0.000100 0.000100 0.000000 0.010800 0.000100 0.002700 0.008000 0.007900 0.000000 0.008000 0.002700 0.008000 0.005300 0.005300 0.010600 0.005300 0.002700 0.002700 0.000100 0.002700 0.000100 0.000100 0.002700 0.007900 0.005300 0.005300 0.005300 0.007900 0.002700 0.000100 0.000100 0.002700 0.000100 0.005300 0.010700 0.005300
LesserMous 0.026100 0.000000 0.028800 0.020500 0.025900 0.026100 0.020700 0.026000 0.028800 0.025800 0.026000 0.023400 0.028700 0.020700 0.026000 0.028600 0.025900 0.025800 0.026100 0.031500 0.026000 0.028700 0.028500 0.028400 0.026000 0.028700 0.028700 0.028800 0.031200 0.026000 0.023200 0.020800 0.028700 0.028700 0.026100 0.023400 0.026000 0.025800 0.028900 0.023100 0.025700 0.031300 0.025800 0.028500 0.023400 0.026100 0.026100 0.028600 0.025900 0.028600 0.031400 0.026000
LesserKudu 0.008000 0.028800 0.000000 0.013300 0.008000 0.008000 0.013400 0.008000 0.005400 0.010600 0.008000 0.005300 0.005300 0.013400 0.008000 0.010700 0.008000 0.008000 0.008000 0.008100 0.008000 0.010700 0.010700 0.010600 0.008000 0.016100 0.005300 0.005400 0.013400 0.002700 0.013300 0.013500 0.010700 0.005300 0.008000 0.005300 0.008000 0.008000 0.010800 0.010600 0.007900 0.013400 0.008000 0.010600 0.005300 0.008000 0.008000 0.010700 0.008000 0.013400 0.008000 0.002700
KillerWhal 0.010600 0.020500 0.013300 0.000000 0.010500 0.010600 0.015900 0.010500 0.013300 0.010500 0.010500 0.007900 0.013200 0.015900 0.010500 0.013200 0.010500 0.010500 0.010600 0.016000 0.010600 0.013200 0.013200 0.013100 0.010500 0.018600 0.013200 0.013300 0.015800 0.010600 0.007800 0.016000 0.013200 0.013200 0.010600 0.007900 0.010600 0.010500 0.013300 0.007800 0.010400 0.015900 0.010500 0.013100 0.007900 0.010600 0.010600 0.013200 0.010500 0.015900 0.015900 0.010600
DefassaWat 0.000100 0.025900 0.008000 0.010500 0.000000 0.000100 0.005300 0.000100 0.008000 0.007900 0.000100 0.002700 0.002600 0.005300 0.000100 0.002600 0.000100 0.000100 0.000100 0.010700 0.000100 0.002600 0.007900 0.007900 0.000100 0.008000 0.002600 0.008000 0.005300 0.005300 0.010600 0.005300 0.002600 0.002600 0.000100 0.002700 0.000100 0.000000 0.002700 0.007900 0.005200 0.005300 0.005300 0.007900 0.002700 0.000100 0.000100 0.002600 0.000100 0.005300 0.010700 0.005300
Sheep 0.000000 0.026100 0.008000 0.010600 0.000100 0.000000 0.005300 0.000100 0.008100 0.008000 0.000000 0.002700 0.002700 0.005300 0.000100 0.002700 0.000100 0.000100 0.000000 0.010800 0.000100 0.002700 0.008000 0.007900 0.000000 0.008000 0.002700 0.008100 0.005300 0.005300 0.010600 0.005300 0.002700 0.002700 0.000100 0.002700 0.000100 0.000100 0.002700 0.007900 0.005300 0.005300 0.005300 0.007900 0.002700 0.000100 0.000100 0.002700 0.000100 0.005300 0.010700 0.005300
MaxwellsDu 0.005300 0.020700 0.013400 0.015900 0.005300 0.005300 0.000000 0.005300 0.013400 0.013200 0.005300 0.008000 0.008000 0.000000 0.005300 0.008000 0.005300 0.005300 0.005300 0.016100 0.005300 0.008000 0.013300 0.013200 0.005300 0.008000 0.008000 0.013400 0.010600 0.010700 0.015900 0.000100 0.008000 0.008000 0.005300 0.008000 0.005300 0.005300 0.008000 0.013200 0.010500 0.010600 0.010600 0.013200 0.008000 0.005300 0.005300 0.008000 0.005300 0.007900 0.016000 0.010600
GazellaPrz 0.000100 0.026000 0.008000 0.010500 0.000100 0.000100 0.005300 0.000000 0.008000 0.007900 0.000000 0.002700 0.002600 0.005300 0.000000 0.002600 0.000100 0.000100 0.000100 0.010700 0.000100 0.002600 0.007900 0.007900 0.000000 0.008000 0.002600 0.008000 0.005300 0.005300 0.010600 0.005300 0.002600 0.002600 0.000100 0.002700 0.000100 0.000000 0.002700 0.007900 0.005300 0.005300 0.005300 0.007900 0.002700 0.000100 0.000100 0.002600 0.000100 0.005300 0.010700 0.005300
MountainNy 0.008000 0.028800 0.005400 0.013300 0.008000 0.008100 0.013400 0.008000 0.000000 0.010700 0.008000 0.005400 0.010700 0.013400 0.008000 0.010700 0.008000 0.008000 0.008000 0.002700 0.008000 0.010700 0.010700 0.010600 0.008000 0.016100 0.010700 0.000000 0.013400 0.002700 0.013300 0.013500 0.010700 0.010700 0.008100 0.005400 0.008000 0.008000 0.008100 0.010600 0.007900 0.013400 0.008000 0.010600 0.005400 0.008000 0.008000 0.010700 0.008000 0.013400 0.002700 0.002700
MuntiacusM 0.008000 0.025800 0.010600 0.010500 0.007900 0.008000 0.013200 0.007900 0.010700 0.000000 0.007900 0.005300 0.010600 0.013300 0.007900 0.010600 0.007900 0.007900 0.008000 0.013400 0.007900 0.005300 0.005300 0.005200 0.007900 0.016300 0.010600 0.010700 0.013600 0.007900 0.002600 0.013300 0.010600 0.010600 0.008000 0.005300 0.007900 0.007900 0.010700 0.005200 0.002600 0.013600 0.002600 0.005200 0.005300 0.008000 0.008000 0.010600 0.007900 0.013300 0.008000 0.007900
goat 0.000000 0.026000 0.008000 0.010500 0.000100 0.000000 0.005300 0.000000 0.008000 0.007900 0.000000 0.002700 0.002600 0.005300 0.000000 0.002600 0.000100 0.000100 0.000000 0.010700 0.000100 0.002600 0.007900 0.007900 0.000000 0.008000 0.002600 0.008000 0.005300 0.005300 0.010600 0.005300 0.002600 0.002600 0.000100 0.002700 0.000000 0.000100 0.002700 0.007900 0.005300 0.005300 0.005300 0.007900 0.002700 0.000100 0.000100 0.002600 0.000100 0.005300 0.010700 0.005300
AfricanBuf 0.002700 0.023400 0.005300 0.007900 0.002700 0.002700 0.008000 0.002700 0.005400 0.005300 0.002700 0.000000 0.005300 0.008000 0.002700 0.005300 0.002700 0.002600 0.002700 0.008100 0.002700 0.005300 0.005300 0.005300 0.002700 0.010700 0.005300 0.005400 0.008000 0.002700 0.007900 0.008000 0.005300 0.005300 0.002700 0.000100 0.002700 0.002600 0.005400 0.005300 0.002600 0.008000 0.002600 0.005300 0.000100 0.002700 0.002700 0.005300 0.002600 0.008000 0.008000 0.002700
Topi 0.002700 0.028700 0.005300 0.013200 0.002600 0.002700 0.008000 0.002600 0.010700 0.010600 0.002600 0.005300 0.000000 0.008000 0.002600 0.005300 0.002600 0.002600 0.002700 0.013400 0.002700 0.005300 0.010600 0.010600 0.002600 0.010700 0.000000 0.010700 0.008000 0.008000 0.013300 0.008000 0.005300 0.000000 0.002700 0.005300 0.002700 0.002600 0.005400 0.010500 0.007900 0.008000 0.007900 0.010600 0.005300 0.002700 0.002700 0.005300 0.002600 0.008000 0.013400 0.008000
CommonDuik 0.005300 0.020700 0.013400 0.015900 0.005300 0.005300 0.000000 0.005300 0.013400 0.013300 0.005300 0.008000 0.008000 0.000000 0.005300 0.008000 0.005300 0.005300 0.005300 0.016100 0.005300 0.008000 0.013300 0.013200 0.005300 0.008000 0.008000 0.013400 0.010600 0.010700 0.015900 0.000000 0.008000 0.008000 0.005300 0.008000 0.005300 0.005300 0.008000 0.013200 0.010500 0.010700 0.010600 0.013200 0.008000 0.005300 0.005300 0.008000 0.005300 0.008000 0.016100 0.010700
Suni 0.000100 0.026000 0.008000 0.010500 0.000100 0.000100 0.005300 0.000000 0.008000 0.007900 0.000000 0.002700 0.002600 0.005300 0.000000 0.002600 0.000100 0.000100 0.000100 0.010700 0.000100 0.002600 0.007900 0.007900 0.000000 0.008000 0.002600 0.008000 0.005300 0.005300 0.010600 0.005300 0.002600 0.002600 0.000100 0.002700 0.000100 0.000000 0.002700 0.007900 0.005300 0.005300 0.005300 0.007900 0.002700 0.000100 0.000100 0.002600 0.000100 0.005300 0.010700 0.005300
Springbuck 0.002700 0.028600 0.010700 0.013200 0.002600 0.002700 0.008000 0.002600 0.010700 0.010600 0.002600 0.005300 0.005300 0.008000 0.002600 0.000000 0.002600 0.002600 0.002700 0.013400 0.002700 0.005300 0.010600 0.010600 0.002600 0.010700 0.005300 0.010700 0.008000 0.008000 0.013300 0.008000 0.005300 0.005300 0.002700 0.005300 0.002600 0.002600 0.005400 0.010500 0.007900 0.008000 0.007900 0.010600 0.005300 0.002700 0.002700 0.005300 0.002600 0.008000 0.013400 0.008000
Okapi 0.000100 0.025900 0.008000 0.010500 0.000100 0.000100 0.005300 0.000100 0.008000 0.007900 0.000100 0.002700 0.002600 0.005300 0.000100 0.002600 0.000000 0.000100 0.000100 0.010700 0.000100 0.002600 0.007900 0.007900 0.000100 0.008000 0.002600 0.008000 0.005300 0.005300 0.010600 0.005300 0.002600 0.002600 0.000100 0.002700 0.000100 0.000100 0.002700 0.007900 0.005200 0.005300 0.005300 0.007900 0.002700 0.000100 0.000100 0.002600 0.000100 0.005300 0.010700 0.005300
Giraffe 0.000100 0.025800 0.008000 0.010500 0.000100 0.000100 0.005300 0.000100 0.008000 0.007900 0.000100 0.002600 0.002600 0.005300 0.000100 0.002600 0.000100 0.000000 0.000100 0.010600 0.000100 0.002600 0.007900 0.007800 0.000100 0.007900 0.002600 0.008000 0.005300 0.005300 0.010500 0.005300 0.002600 0.002600 0.000100 0.002600 0.000100 0.000100 0.002700 0.007800 0.005200 0.005300 0.005200 0.007900 0.002600 0.000100 0.000100 0.002600 0.000100 0.005300 0.010600 0.005300
TibetanAnt 0.000000 0.026100 0.008000 0.010600 0.000100 0.000000 0.005300 0.000100 0.008000 0.008000 0.000000 0.002700 0.002700 0.005300 0.000100 0.002700 0.000100 0.000100 0.000000 0.010800 0.000100 0.002700 0.008000 0.007900 0.000000 0.008000 0.002700 0.008000 0.005300 0.005300 0.010600 0.005300 0.002700 0.002700 0.000100 0.002700 0.000100 0.000100 0.002700 0.007900 0.005300 0.005300 0.005300 0.007900 0.002700 0.000100 0.000100 0.002700 0.000100 0.005300 0.010700 0.005300
Sitatunga 0.010800 0.031500 0.008100 0.016000 0.010700 0.010800 0.016100 0.010700 0.002700 0.013400 0.010700 0.008100 0.013400 0.016100 0.010700 0.013400 0.010700 0.010600 0.010800 0.000000 0.010700 0.013400 0.013400 0.013300 0.010700 0.018900 0.013400 0.002700 0.016100 0.005300 0.016000 0.016200 0.013400 0.013400 0.010800 0.008100 0.010700 0.010700 0.010800 0.013300 0.010600 0.016100 0.010600 0.013300 0.008100 0.010800 0.010800 0.013400 0.010700 0.016100 0.005300 0.005300
Oribi 0.000100 0.026000 0.008000 0.010600 0.000100 0.000100 0.005300 0.000100 0.008000 0.007900 0.000100 0.002700 0.002700 0.005300 0.000100 0.002700 0.000100 0.000100 0.000100 0.010700 0.000000 0.002700 0.008000 0.007900 0.000100 0.008000 0.002700 0.008000 0.005300 0.005300 0.010600 0.005300 0.002700 0.002700 0.000100 0.002700 0.000100 0.000100 0.002700 0.007900 0.005300 0.005300 0.005300 0.007900 0.002700 0.000100 0.000100 0.002700 0.000100 0.005300 0.010700 0.005300
BarbaryShe 0.002700 0.028700 0.010700 0.013200 0.002600 0.002700 0.008000 0.002600 0.010700 0.005300 0.002600 0.005300 0.005300 0.008000 0.002600 0.005300 0.002600 0.002600 0.002700 0.013400 0.002700 0.000000 0.005300 0.005300 0.002600 0.010700 0.005300 0.010700 0.008000 0.008000 0.007900 0.008000 0.005300 0.005300 0.002700 0.005300 0.002700 0.002600 0.005400 0.005300 0.002600 0.008000 0.002600 0.005300 0.005300 0.002700 0.002700 0.005300 0.002600 0.008000 0.008000 0.008000
Daviddeer 0.008000 0.028500 0.010700 0.013200 0.007900 0.008000 0.013300 0.007900 0.010700 0.005300 0.007900 0.005300 0.010600 0.013300 0.007900 0.010600 0.007900 0.007900 0.008000 0.013400 0.008000 0.005300 0.000000 0.005200 0.007900 0.016300 0.010600 0.010700 0.013500 0.008000 0.007900 0.013400 0.010600 0.010600 0.008000 0.005300 0.008000 0.007900 0.010700 0.005200 0.002600 0.013500 0.002600 0.005300 0.005300 0.008000 0.008000 0.010600 0.007900 0.013300 0.008000 0.008000
Reindeer 0.007900 0.028400 0.010600 0.013100 0.007900 0.007900 0.013200 0.007900 0.010600 0.005200 0.007900 0.005300 0.010600 0.013200 0.007900 0.010600 0.007900 0.007800 0.007900 0.013300 0.007900 0.005300 0.005200 0.000000 0.007900 0.015900 0.010600 0.010600 0.013200 0.007900 0.007900 0.013300 0.010600 0.010600 0.007900 0.005300 0.007900 0.007900 0.010700 0.005200 0.002600 0.013200 0.002600 0.000100 0.005300 0.007900 0.007900 0.010600 0.007900 0.013200 0.007900 0.007900
Ibex 0.000000 0.026000 0.008000 0.010500 0.000100 0.000000 0.005300 0.000000 0.008000 0.007900 0.000000 0.002700 0.002600 0.005300 0.000000 0.002600 0.000100 0.000100 0.000000 0.010700 0.000100 0.002600 0.007900 0.007900 0.000000 0.008000 0.002600 0.008000 0.005300 0.005300 0.010600 0.005300 0.002600 0.002600 0.000100 0.002700 0.000000 0.000100 0.002700 0.007900 0.005300 0.005300 0.005300 0.007900 0.002700 0.000100 0.000100 0.002600 0.000100 0.005300 0.010700 0.005300
GyrantGaze 0.008000 0.028700 0.016100 0.018600 0.008000 0.008000 0.008000 0.008000 0.016100 0.016300 0.008000 0.010700 0.010700 0.008000 0.008000 0.010700 0.008000 0.007900 0.008000 0.018900 0.008000 0.010700 0.016300 0.015900 0.008000 0.000000 0.010700 0.016100 0.008000 0.013400 0.019000 0.008000 0.010700 0.010700 0.008000 0.010700 0.008000 0.007900 0.010800 0.015900 0.013500 0.002600 0.013600 0.015900 0.010700 0.008000 0.008000 0.010700 0.007900 0.013300 0.018800 0.013400
Hartebeest 0.002700 0.028700 0.005300 0.013200 0.002600 0.002700 0.008000 0.002600 0.010700 0.010600 0.002600 0.005300 0.000000 0.008000 0.002600 0.005300 0.002600 0.002600 0.002700 0.013400 0.002700 0.005300 0.010600 0.010600 0.002600 0.010700 0.000000 0.010700 0.008000 0.008000 0.013300 0.008000 0.005300 0.000000 0.002700 0.005300 0.002700 0.002600 0.005400 0.010500 0.007900 0.008000 0.007900 0.010600 0.005300 0.002700 0.002700 0.005300 0.002600 0.008000 0.013400 0.008000
Bongo 0.008000 0.028800 0.005400 0.013300 0.008000 0.008100 0.013400 0.008000 0.000000 0.010700 0.008000 0.005400 0.010700 0.013400 0.008000 0.010700 0.008000 0.008000 0.008000 0.002700 0.008000 0.010700 0.010700 0.010600 0.008000 0.016100 0.010700 0.000000 0.013400 0.002700 0.013300 0.013500 0.010700 0.010700 0.008100 0.005400 0.008000 0.008000 0.008100 0.010600 0.007900 0.013400 0.008000 0.010600 0.005400 0.008000 0.008000 0.010700 0.008000 0.013400 0.002700 0.002700
Gerenuk 0.005300 0.031200 0.013400 0.015800 0.005300 0.005300 0.010600 0.005300 0.013400 0.013600 0.005300 0.008000 0.008000 0.010600 0.005300 0.008000 0.005300 0.005300 0.005300 0.016100 0.005300 0.008000 0.013500 0.013200 0.005300 0.008000 0.008000 0.013400 0.000000 0.010600 0.016300 0.010700 0.008000 0.008000 0.005300 0.008000 0.005300 0.005300 0.008000 0.013200 0.010800 0.005300 0.010800 0.013200 0.008000 0.005300 0.005300 0.008000 0.005300 0.010600 0.016000 0.010600
CommonElan 0.005300 0.026000 0.002700 0.010600 0.005300 0.005300 0.010700 0.005300 0.002700 0.007900 0.005300 0.002700 0.008000 0.010700 0.005300 0.008000 0.005300 0.005300 0.005300 0.005300 0.005300 0.008000 0.008000 0.007900 0.005300 0.013400 0.008000 0.002700 0.010600 0.000000 0.010600 0.010700 0.008000 0.008000 0.005300 0.002700 0.005300 0.005300 0.008100 0.007900 0.005300 0.010700 0.005300 0.007900 0.002700 0.005300 0.005300 0.008000 0.005300 0.010700 0.005300 0.000000
MuntiacusR 0.010600 0.023200 0.013300 0.007800 0.010600 0.010600 0.015900 0.010600 0.013300 0.002600 0.010600 0.007900 0.013300 0.015900 0.010600 0.013300 0.010600 0.010500 0.010600 0.016000 0.010600 0.007900 0.007900 0.007900 0.010600 0.019000 0.013300 0.013300 0.016300 0.010600 0.000000 0.016000 0.013300 0.013300 0.010600 0.007900 0.010600 0.010500 0.013400 0.002600 0.005200 0.016300 0.005200 0.007900 0.007900 0.010600 0.010600 0.013200 0.010500 0.015900 0.010600 0.010600
HarveysDui 0.005300 0.020800 0.013500 0.016000 0.005300 0.005300 0.000100 0.005300 0.013500 0.013300 0.005300 0.008000 0.008000 0.000000 0.005300 0.008000 0.005300 0.005300 0.005300 0.016200 0.005300 0.008000 0.013400 0.013300 0.005300 0.008000 0.008000 0.013500 0.010700 0.010700 0.016000 0.000000 0.008000 0.008000 0.005400 0.008000 0.005300 0.005300 0.008100 0.013300 0.010600 0.010700 0.010600 0.013300 0.008000 0.005300 0.005300 0.008000 0.005300 0.008000 0.016200 0.010700
Pronghorn 0.002700 0.028700 0.010700 0.013200 0.002600 0.002700 0.008000 0.002600 0.010700 0.010600 0.002600 0.005300 0.005300 0.008000 0.002600 0.005300 0.002600 0.002600 0.002700 0.013400 0.002700 0.005300 0.010600 0.010600 0.002600 0.010700 0.005300 0.010700 0.008000 0.008000 0.013300 0.008000 0.000000 0.005300 0.002700 0.005300 0.002600 0.002600 0.005400 0.010500 0.007900 0.008000 0.007900 0.010600 0.005300 0.002700 0.002700 0.005300 0.002600 0.008000 0.013400 0.008000
BlueWildeb 0.002700 0.028700 0.005300 0.013200 0.002600 0.002700 0.008000 0.002600 0.010700 0.010600 0.002600 0.005300 0.000000 0.008000 0.002600 0.005300 0.002600 0.002600 0.002700 0.013400 0.002700 0.005300 0.010600 0.010600 0.002600 0.010700 0.000000 0.010700 0.008000 0.008000 0.013300 0.008000 0.005300 0.000000 0.002700 0.005300 0.002700 0.002600 0.005400 0.010500 0.007900 0.008000 0.007900 0.010600 0.005300 0.002700 0.002700 0.005300 0.002600 0.008000 0.013400 0.008000
Gemsbok 0.000100 0.026100 0.008000 0.010600 0.000100 0.000100 0.005300 0.000100 0.008100 0.008000 0.000100 0.002700 0.002700 0.005300 0.000100 0.002700 0.000100 0.000100 0.000100 0.010800 0.000100 0.002700 0.008000 0.007900 0.000100 0.008000 0.002700 0.008100 0.005300 0.005300 0.010600 0.005400 0.002700 0.002700 0.000000 0.002700 0.000100 0.000100 0.002700 0.007900 0.005300 0.005300 0.005300 0.008000 0.002700 0.000100 0.000100 0.002700 0.000100 0.005300 0.010700 0.005300
Yak 0.002700 0.023400 0.005300 0.007900 0.002700 0.002700 0.008000 0.002700 0.005400 0.005300 0.002700 0.000100 0.005300 0.008000 0.002700 0.005300 0.002700 0.002600 0.002700 0.008100 0.002700 0.005300 0.005300 0.005300 0.002700 0.010700 0.005300 0.005400 0.008000 0.002700 0.007900 0.008000 0.005300 0.005300 0.002700 0.000000 0.002700 0.002600 0.005400 0.005300 0.002600 0.008000 0.002600 0.005300 0.000000 0.002700 0.002700 0.005300 0.002600 0.008000 0.008000 0.002700
BlueSheep 0.000100 0.026000 0.008000 0.010600 0.000100 0.000100 0.005300 0.000100 0.008000 0.007900 0.000000 0.002700 0.002700 0.005300 0.000100 0.002600 0.000100 0.000100 0.000100 0.010700 0.000100 0.002700 0.008000 0.007900 0.000000 0.008000 0.002700 0.008000 0.005300 0.005300 0.010600 0.005300 0.002600 0.002700 0.000100 0.002700 0.000000 0.000100 0.002700 0.007900 0.005300 0.005300 0.005300 0.007900 0.002700 0.000100 0.000100 0.002600 0.000100 0.005300 0.010700 0.005300
BohorReedb 0.000100 0.025800 0.008000 0.010500 0.000000 0.000100 0.005300 0.000000 0.008000 0.007900 0.000100 0.002600 0.002600 0.005300 0.000000 0.002600 0.000100 0.000100 0.000100 0.010700 0.000100 0.002600 0.007900 0.007900 0.000100 0.007900 0.002600 0.008000 0.005300 0.005300 0.010500 0.005300 0.002600 0.002600 0.000100 0.002600 0.000100 0.000000 0.002700 0.007800 0.005200 0.005300 0.005200 0.007900 0.002600 0.000100 0.000100 0.002600 0.000100 0.005300 0.010600 0.005300
KirksDik 0.002700 0.028900 0.010800 0.013300 0.002700 0.002700 0.008000 0.002700 0.008100 0.010700 0.002700 0.005400 0.005400 0.008000 0.002700 0.005400 0.002700 0.002700 0.002700 0.010800 0.002700 0.005400 0.010700 0.010700 0.002700 0.010800 0.005400 0.008100 0.008000 0.008100 0.013400 0.008100 0.005400 0.005400 0.002700 0.005400 0.002700 0.002700 0.000000 0.010600 0.008000 0.008000 0.008000 0.010700 0.005400 0.002700 0.002700 0.005400 0.002700 0.008000 0.010800 0.008100
RoeDeer 0.007900 0.023100 0.010600 0.007800 0.007900 0.007900 0.013200 0.007900 0.010600 0.005200 0.007900 0.005300 0.010500 0.013200 0.007900 0.010500 0.007900 0.007800 0.007900 0.013300 0.007900 0.005300 0.005200 0.005200 0.007900 0.015900 0.010500 0.010600 0.013200 0.007900 0.002600 0.013300 0.010500 0.010500 0.007900 0.005300 0.007900 0.007800 0.010600 0.000000 0.002600 0.013200 0.002600 0.005200 0.005300 0.007900 0.007900 0.010500 0.007900 0.013200 0.007900 0.007900
WhiteLippe 0.005300 0.025700 0.007900 0.010400 0.005200 0.005300 0.010500 0.005300 0.007900 0.002600 0.005300 0.002600 0.007900 0.010500 0.005300 0.007900 0.005200 0.005200 0.005300 0.010600 0.005300 0.002600 0.002600 0.002600 0.005300 0.013500 0.007900 0.007900 0.010800 0.005300 0.005200 0.010600 0.007900 0.007900 0.005300 0.002600 0.005300 0.005200 0.008000 0.002600 0.000000 0.010800 0.000000 0.002600 0.002600 0.005300 0.005300 0.007900 0.005200 0.010500 0.005300 0.005300
ThomsonGaz 0.005300 0.031300 0.013400 0.015900 0.005300 0.005300 0.010600 0.005300 0.013400 0.013600 0.005300 0.008000 0.008000 0.010700 0.005300 0.008000 0.005300 0.005300 0.005300 0.016100 0.005300 0.008000 0.013500 0.013200 0.005300 0.002600 0.008000 0.013400 0.005300 0.010700 0.016300 0.010700 0.008000 0.008000 0.005300 0.008000 0.005300 0.005300 0.008000 0.013200 0.010800 0.000000 0.010800 0.013200 0.008000 0.005300 0.005300 0.008000 0.005300 0.010600 0.016100 0.010700
MuntiacusC 0.005300 0.025800 0.008000 0.010500 0.005300 0.005300 0.010600 0.005300 0.008000 0.002600 0.005300 0.002600 0.007900 0.010600 0.005300 0.007900 0.005300 0.005200 0.005300 0.010600 0.005300 0.002600 0.002600 0.002600 0.005300 0.013600 0.007900 0.008000 0.010800 0.005300 0.005200 0.010600 0.007900 0.007900 0.005300 0.002600 0.005300 0.005200 0.008000 0.002600 0.000000 0.010800 0.000000 0.002600 0.002600 0.005300 0.005300 0.007900 0.005200 0.010600 0.005300 0.005300
WhiteTaile 0.007900 0.028500 0.010600 0.013100 0.007900 0.007900 0.013200 0.007900 0.010600 0.005200 0.007900 0.005300 0.010600 0.013200 0.007900 0.010600 0.007900 0.007900 0.007900 0.013300 0.007900 0.005300 0.005300 0.000100 0.007900 0.015900 0.010600 0.010600 0.013200 0.007900 0.007900 0.013300 0.010600 0.010600 0.008000 0.005300 0.007900 0.007900 0.010700 0.005200 0.002600 0.013200 0.002600 0.000000 0.005300 0.007900 0.007900 0.010600 0.007900 0.013200 0.007900 0.007900
Cattle 0.002700 0.023400 0.005300 0.007900 0.002700 0.002700 0.008000 0.002700 0.005400 0.005300 0.002700 0.000100 0.005300 0.008000 0.002700 0.005300 0.002700 0.002600 0.002700 0.008100 0.002700 0.005300 0.005300 0.005300 0.002700 0.010700 0.005300 0.005400 0.008000 0.002700 0.007900 0.008000 0.005300 0.005300 0.002700 0.000000 0.002700 0.002600 0.005400 0.005300 0.002600 0.008000 0.002600 0.005300 0.000000 0.002700 0.002700 0.005300 0.002600 0.008000 0.008000 0.002700
RoyalAntel 0.000100 0.026100 0.008000 0.010600 0.000100 0.000100 0.005300 0.000100 0.008000 0.008000 0.000100 0.002700 0.002700 0.005300 0.000100 0.002700 0.000100 0.000100 0.000100 0.010800 0.000100 0.002700 0.008000 0.007900 0.000100 0.008000 0.002700 0.008000 0.005300 0.005300 0.010600 0.005300 0.002700 0.002700 0.000100 0.002700 0.000100 0.000100 0.002700 0.007900 0.005300 0.005300 0.005300 0.007900 0.002700 0.000000 0.000100 0.002700 0.000100 0.005300 0.010700 0.005300
Steenbok 0.000100 0.026100 0.008000 0.010600 0.000100 0.000100 0.005300 0.000100 0.008000 0.008000 0.000100 0.002700 0.002700 0.005300 0.000100 0.002700 0.000100 0.000100 0.000100 0.010800 0.000100 0.002700 0.008000 0.007900 0.000100 0.008000 0.002700 0.008000 0.005300 0.005300 0.010600 0.005300 0.002700 0.002700 0.000100 0.002700 0.000100 0.000100 0.002700 0.007900 0.005300 0.005300 0.005300 0.007900 0.002700 0.000100 0.000000 0.002700 0.000100 0.005300 0.010700 0.005300
Impala 0.002700 0.028600 0.010700 0.013200 0.002600 0.002700 0.008000 0.002600 0.010700 0.010600 0.002600 0.005300 0.005300 0.008000 0.002600 0.005300 0.002600 0.002600 0.002700 0.013400 0.002700 0.005300 0.010600 0.010600 0.002600 0.010700 0.005300 0.010700 0.008000 0.008000 0.013200 0.008000 0.005300 0.005300 0.002700 0.005300 0.002600 0.002600 0.005400 0.010500 0.007900 0.008000 0.007900 0.010600 0.005300 0.002700 0.002700 0.000000 0.002600 0.008000 0.013400 0.008000
Klipspring 0.000100 0.025900 0.008000 0.010500 0.000100 0.000100 0.005300 0.000100 0.008000 0.007900 0.000100 0.002600 0.002600 0.005300 0.000100 0.002600 0.000100 0.000100 0.000100 0.010700 0.000100 0.002600 0.007900 0.007900 0.000100 0.007900 0.002600 0.008000 0.005300 0.005300 0.010500 0.005300 0.002600 0.002600 0.000100 0.002600 0.000100 0.000100 0.002700 0.007900 0.005200 0.005300 0.005200 0.007900 0.002600 0.000100 0.000100 0.002600 0.000000 0.005300 0.010600 0.005300
ForestMusk 0.005300 0.028600 0.013400 0.015900 0.005300 0.005300 0.007900 0.005300 0.013400 0.013300 0.005300 0.008000 0.008000 0.008000 0.005300 0.008000 0.005300 0.005300 0.005300 0.016100 0.005300 0.008000 0.013300 0.013200 0.005300 0.013300 0.008000 0.013400 0.010600 0.010700 0.015900 0.008000 0.008000 0.008000 0.005300 0.008000 0.005300 0.005300 0.008000 0.013200 0.010500 0.010600 0.010600 0.013200 0.008000 0.005300 0.005300 0.008000 0.005300 0.000000 0.016100 0.010700
Bushbuck 0.010700 0.031400 0.008000 0.015900 0.010700 0.010700 0.016000 0.010700 0.002700 0.008000 0.010700 0.008000 0.013400 0.016100 0.010700 0.013400 0.010700 0.010600 0.010700 0.005300 0.010700 0.008000 0.008000 0.007900 0.010700 0.018800 0.013400 0.002700 0.016000 0.005300 0.010600 0.016200 0.013400 0.013400 0.010700 0.008000 0.010700 0.010600 0.010800 0.007900 0.005300 0.016100 0.005300 0.007900 0.008000 0.010700 0.010700 0.013400 0.010600 0.016100 0.000000 0.005300
GreaterKud 0.005300 0.026000 0.002700 0.010600 0.005300 0.005300 0.010600 0.005300 0.002700 0.007900 0.005300 0.002700 0.008000 0.010700 0.005300 0.008000 0.005300 0.005300 0.005300 0.005300 0.005300 0.008000 0.008000 0.007900 0.005300 0.013400 0.008000 0.002700 0.010600 0.000000 0.010600 0.010700 0.008000 0.008000 0.005300 0.002700 0.005300 0.005300 0.008100 0.007900 0.005300 0.010700 0.005300 0.007900 0.002700 0.005300 0.005300 0.008000 0.005300 0.010700 0.005300 0.000000
