1
52 1
Argali 0.000000 0.012000 0.003100 0.007200 0.003100 0.011400 0.006200 0.004100 0.003100 0.003100 0.002100 0.002000 0.003100 0.003100 0.002100 0.004100 0.007200 0.005200 0.002100 0.003100 0.004100 0.002100 0.005100 0.003100 0.003100 0.003100 0.002100 0.003100 0.004100 0.004100 0.003100 0.003100 0.003100 0.002100 0.002100 0.002100 0.002000 0.003100 0.004100 0.003100 0.003100 0.003100 0.004100 0.002000 0.002100 0.003100 0.005200 0.003100 0.003100 0.004100 0.003100 0.004100
LesserMous 0.012000 0.000000 0.012100 0.012000 0.012000 0.019600 0.015100 0.013000 0.012100 0.011900 0.011000 0.010000 0.012000 0.012100 0.011000 0.013000 0.016100 0.014100 0.011000 0.012100 0.013000 0.011000 0.014000 0.011900 0.012000 0.012100 0.011000 0.012100 0.013100 0.013100 0.011900 0.012100 0.012000 0.011000 0.011000 0.011000 0.011000 0.012000 0.013000 0.012000 0.011900 0.012000 0.013000 0.010900 0.011000 0.013100 0.014100 0.012000 0.012000 0.013100 0.012100 0.013100
LesserKudu 0.003100 0.012100 0.000000 0.007200 0.002100 0.013000 0.003100 0.003100 0.000000 0.002000 0.001000 0.002000 0.002100 0.000100 0.001000 0.003100 0.006200 0.004100 0.001000 0.000000 0.003100 0.001000 0.004100 0.002100 0.002100 0.002100 0.001000 0.000000 0.003100 0.001000 0.002000 0.000100 0.002100 0.001000 0.001000 0.001000 0.001000 0.002100 0.003100 0.002000 0.002000 0.002100 0.003100 0.001000 0.001000 0.004100 0.004100 0.002100 0.002100 0.003100 0.000000 0.001000
KillerWhal 0.007200 0.012000 0.007200 0.000000 0.007200 0.014900 0.010300 0.008200 0.007200 0.007100 0.006100 0.006200 0.005100 0.007200 0.006100 0.006100 0.009200 0.009200 0.006100 0.007200 0.008200 0.006100 0.009200 0.007100 0.007200 0.007200 0.006100 0.007200 0.006100 0.008300 0.007100 0.007200 0.007200 0.006100 0.006100 0.006100 0.006100 0.007200 0.008200 0.007100 0.005100 0.007200 0.008200 0.006100 0.006100 0.008300 0.007200 0.007200 0.007200 0.008200 0.007200 0.008300
DefassaWat 0.003100 0.012000 0.002100 0.007200 0.000000 0.013200 0.004100 0.003100 0.002100 0.002000 0.001000 0.002000 0.002100 0.002100 0.001000 0.003100 0.006200 0.004200 0.001000 0.002100 0.001000 0.001000 0.004100 0.002000 0.002100 0.002100 0.001000 0.002100 0.003100 0.003100 0.002000 0.002100 0.002100 0.001000 0.001000 0.001000 0.001000 0.000000 0.003100 0.002000 0.002000 0.002100 0.003100 0.001000 0.001000 0.004100 0.004100 0.002100 0.002100 0.003100 0.002100 0.003100
Sheep 0.011400 0.019600 0.013000 0.014900 0.013200 0.000000 0.016400 0.014600 0.013000 0.012600 0.012300 0.011900 0.013200 0.013300 0.011800 0.014400 0.017100 0.014900 0.012100 0.013000 0.014100 0.012400 0.012700 0.012600 0.013500 0.013100 0.012100 0.013000 0.014200 0.014000 0.012600 0.013300 0.012800 0.012000 0.012100 0.012000 0.012600 0.013300 0.014100 0.012700 0.012600 0.013200 0.013800 0.011600 0.012000 0.013100 0.015200 0.013000 0.013400 0.013900 0.012900 0.014000
MaxwellsDu 0.006200 0.015100 0.003100 0.010300 0.004100 0.016400 0.000000 0.006200 0.003100 0.005100 0.004100 0.005100 0.005100 0.003100 0.004200 0.006200 0.009300 0.007200 0.004100 0.003100 0.005100 0.004100 0.007200 0.005200 0.005100 0.005100 0.004100 0.003100 0.006200 0.004100 0.005100 0.003100 0.005100 0.004100 0.004100 0.004100 0.004100 0.004100 0.006100 0.005100 0.005100 0.005100 0.006200 0.004100 0.004100 0.007200 0.007200 0.005300 0.005100 0.006200 0.003100 0.004100
GazellaPrz 0.004100 0.013000 0.003100 0.008200 0.003100 0.014600 0.006200 0.000000 0.003100 0.003100 0.002100 0.003100 0.003100 0.003100 0.002100 0.002000 0.007200 0.005100 0.002100 0.003100 0.002000 0.002000 0.005100 0.003000 0.003100 0.001000 0.002100 0.003100 0.002100 0.004100 0.003100 0.003100 0.003100 0.002100 0.002000 0.002000 0.002000 0.003100 0.002000 0.003100 0.003000 0.001000 0.004100 0.002000 0.002000 0.005200 0.003100 0.003100 0.003100 0.004100 0.003100 0.004100
MountainNy 0.003100 0.012100 0.000000 0.007200 0.002100 0.013000 0.003100 0.003100 0.000000 0.002000 0.001000 0.002000 0.002100 0.000100 0.001000 0.003100 0.006200 0.004100 0.001000 0.000000 0.003100 0.001000 0.004100 0.002100 0.002100 0.002100 0.001000 0.000000 0.003100 0.001000 0.002000 0.000100 0.002100 0.001000 0.001000 0.001000 0.001000 0.002100 0.003100 0.002000 0.002000 0.002100 0.003100 0.001000 0.001000 0.004100 0.004100 0.002100 0.002100 0.003100 0.000000 0.001000
MuntiacusM 0.003100 0.011900 0.002000 0.007100 0.002000 0.012600 0.005100 0.003100 0.002000 0.000000 0.001000 0.002000 0.002000 0.002000 0.001000 0.003100 0.006100 0.004100 0.001000 0.002000 0.003100 0.001000 0.004100 0.002000 0.002000 0.002000 0.001000 0.002000 0.003100 0.003100 0.000000 0.002000 0.002000 0.001000 0.001000 0.001000 0.001000 0.002000 0.003100 0.002000 0.002000 0.002000 0.001000 0.001000 0.001000 0.004100 0.004100 0.002000 0.002000 0.003100 0.002000 0.003100
goat 0.002100 0.011000 0.001000 0.006100 0.001000 0.012300 0.004100 0.002100 0.001000 0.001000 0.000000 0.001000 0.001000 0.001000 0.000100 0.002100 0.005100 0.003100 0.000000 0.001000 0.002100 0.000000 0.003100 0.001000 0.001000 0.001000 0.000000 0.001000 0.002100 0.002100 0.001000 0.001000 0.001000 0.000100 0.000100 0.000100 0.000000 0.001000 0.002000 0.001000 0.001000 0.001000 0.002100 0.000100 0.000100 0.003100 0.003100 0.001000 0.001000 0.002100 0.001000 0.002100
AfricanBuf 0.002000 0.010000 0.002000 0.006200 0.002000 0.011900 0.005100 0.003100 0.002000 0.002000 0.001000 0.000000 0.002000 0.002000 0.001000 0.003100 0.006200 0.004100 0.001000 0.002000 0.003100 0.001000 0.004100 0.002000 0.002000 0.002100 0.001000 0.002000 0.003100 0.003100 0.002000 0.002000 0.002100 0.001000 0.001000 0.001000 0.001000 0.002100 0.003100 0.002000 0.002000 0.002000 0.003100 0.001000 0.001000 0.003100 0.004100 0.002000 0.002000 0.003100 0.002000 0.003100
Topi 0.003100 0.012000 0.002100 0.005100 0.002100 0.013200 0.005100 0.003100 0.002100 0.002000 0.001000 0.002000 0.000000 0.002000 0.001000 0.001000 0.004100 0.004100 0.001000 0.002100 0.003100 0.001000 0.004100 0.002000 0.002100 0.002100 0.001000 0.002100 0.001000 0.003100 0.002000 0.002000 0.002100 0.001000 0.001000 0.001000 0.001000 0.002100 0.003100 0.002000 0.000100 0.002100 0.003100 0.001000 0.001000 0.004100 0.004100 0.002100 0.002100 0.003100 0.002100 0.003100
CommonDuik 0.003100 0.012100 0.000100 0.007200 0.002100 0.013300 0.003100 0.003100 0.000100 0.002000 0.001000 0.002000 0.002000 0.000000 0.001000 0.003100 0.006200 0.004100 0.001000 0.000100 0.003100 0.001000 0.004100 0.002100 0.002000 0.002100 0.001000 0.000100 0.003100 0.001000 0.002000 0.000000 0.002100 0.001000 0.001000 0.001000 0.001000 0.002100 0.003100 0.002000 0.002000 0.002000 0.003100 0.001000 0.001000 0.004100 0.004100 0.002100 0.002000 0.003100 0.000100 0.001000
Suni 0.002100 0.011000 0.001000 0.006100 0.001000 0.011800 0.004200 0.002100 0.001000 0.001000 0.000100 0.001000 0.001000 0.001000 0.000000 0.002100 0.005100 0.003100 0.000100 0.001000 0.002100 0.000100 0.003100 0.001000 0.001000 0.001000 0.000100 0.001000 0.002100 0.002100 0.001000 0.001000 0.001000 0.000100 0.000100 0.000100 0.000100 0.001000 0.002000 0.001000 0.001000 0.001000 0.002100 0.000200 0.000100 0.003100 0.003100 0.001000 0.001000 0.002100 0.001000 0.002100
Springbuck 0.004100 0.013000 0.003100 0.006100 0.003100 0.014400 0.006200 0.002000 0.003100 0.003100 0.002100 0.003100 0.001000 0.003100 0.002100 0.000000 0.005100 0.005100 0.002100 0.003100 0.002000 0.002000 0.005100 0.003000 0.003100 0.001000 0.002100 0.003100 0.000000 0.004100 0.003100 0.003100 0.003100 0.002100 0.002100 0.002000 0.002000 0.003100 0.002000 0.003100 0.001000 0.001000 0.004100 0.002000 0.002000 0.005200 0.003100 0.003100 0.003100 0.004100 0.003100 0.004100
Okapi 0.007200 0.016100 0.006200 0.009200 0.006200 0.017100 0.009300 0.007200 0.006200 0.006100 0.005100 0.006200 0.004100 0.006200 0.005100 0.005100 0.000000 0.006200 0.005200 0.006200 0.007200 0.005100 0.008200 0.006100 0.006200 0.006200 0.005100 0.006200 0.005200 0.007200 0.006100 0.006200 0.006200 0.005200 0.005100 0.005100 0.005100 0.006200 0.007200 0.006100 0.004100 0.006200 0.007200 0.005100 0.005100 0.008300 0.008300 0.006200 0.006200 0.007200 0.006200 0.007200
Giraffe 0.005200 0.014100 0.004100 0.009200 0.004200 0.014900 0.007200 0.005100 0.004100 0.004100 0.003100 0.004100 0.004100 0.004100 0.003100 0.005100 0.006200 0.000000 0.003100 0.004100 0.005200 0.003100 0.006200 0.004100 0.004100 0.004100 0.003100 0.004100 0.005200 0.005200 0.004100 0.004100 0.004100 0.003100 0.003100 0.003100 0.003100 0.004100 0.003100 0.004100 0.004100 0.004100 0.005200 0.003100 0.003100 0.006200 0.006200 0.004100 0.004100 0.003100 0.004100 0.005200
TibetanAnt 0.002100 0.011000 0.001000 0.006100 0.001000 0.012100 0.004100 0.002100 0.001000 0.001000 0.000000 0.001000 0.001000 0.001000 0.000100 0.002100 0.005200 0.003100 0.000000 0.001000 0.002100 0.000000 0.003100 0.001000 0.001000 0.001000 0.000100 0.001000 0.002100 0.002100 0.001000 0.001000 0.001000 0.000100 0.000100 0.000100 0.000000 0.001000 0.002100 0.001000 0.001000 0.001000 0.002100 0.000100 0.000100 0.003100 0.003100 0.001000 0.001000 0.002100 0.001000 0.002100
Sitatunga 0.003100 0.012100 0.000000 0.007200 0.002100 0.013000 0.003100 0.003100 0.000000 0.002000 0.001000 0.002000 0.002100 0.000100 0.001000 0.003100 0.006200 0.004100 0.001000 0.000000 0.003100 0.001000 0.004100 0.002100 0.002100 0.002100 0.001000 0.000000 0.003100 0.001000 0.002000 0.000100 0.002100 0.001000 0.001000 0.001000 0.001000 0.002100 0.003100 0.002000 0.002000 0.002100 0.003100 0.001000 0.001000 0.004100 0.004100 0.002100 0.002100 0.003100 0.000000 0.001000
Oribi 0.004100 0.013000 0.003100 0.008200 0.001000 0.014100 0.005100 0.002000 0.003100 0.003100 0.002100 0.003100 0.003100 0.003100 0.002100 0.002000 0.007200 0.005200 0.002100 0.003100 0.000000 0.002100 0.005100 0.003000 0.003100 0.001000 0.002100 0.003100 0.002100 0.004100 0.003100 0.003100 0.003100 0.002100 0.002100 0.002100 0.002000 0.001000 0.002000 0.003100 0.003100 0.001000 0.004100 0.002000 0.002000 0.005200 0.003100 0.003100 0.003100 0.004100 0.003100 0.004100
BarbaryShe 0.002100 0.011000 0.001000 0.006100 0.001000 0.012400 0.004100 0.002000 0.001000 0.001000 0.000000 0.001000 0.001000 0.001000 0.000100 0.002000 0.005100 0.003100 0.000000 0.001000 0.002100 0.000000 0.003100 0.001000 0.001000 0.001000 0.000000 0.001000 0.002100 0.002100 0.001000 0.001000 0.001000 0.000000 0.000000 0.000000 0.000000 0.001000 0.002000 0.001000 0.001000 0.001000 0.002100 0.000100 0.000000 0.003100 0.003100 0.001000 0.001000 0.002100 0.001000 0.002100
Daviddeer 0.005100 0.014000 0.004100 0.009200 0.004100 0.012700 0.007200 0.005100 0.004100 0.004100 0.003100 0.004100 0.004100 0.004100 0.003100 0.005100 0.008200 0.006200 0.003100 0.004100 0.005100 0.003100 0.000000 0.004100 0.004100 0.004100 0.003100 0.004100 0.005100 0.005100 0.004100 0.004100 0.004100 0.003100 0.003100 0.003100 0.003100 0.004100 0.005100 0.004100 0.004100 0.004100 0.005100 0.003000 0.003100 0.006200 0.006200 0.004100 0.004100 0.005100 0.004100 0.005100
Reindeer 0.003100 0.011900 0.002100 0.007100 0.002000 0.012600 0.005200 0.003000 0.002100 0.002000 0.001000 0.002000 0.002000 0.002100 0.001000 0.003000 0.006100 0.004100 0.001000 0.002100 0.003000 0.001000 0.004100 0.000000 0.002000 0.002000 0.001000 0.002100 0.003100 0.003100 0.002000 0.002100 0.002000 0.001000 0.001000 0.001000 0.001000 0.002000 0.003000 0.002000 0.002000 0.002000 0.003000 0.001000 0.001000 0.004100 0.004100 0.002000 0.002000 0.003100 0.002100 0.003100
Ibex 0.003100 0.012000 0.002100 0.007200 0.002100 0.013500 0.005100 0.003100 0.002100 0.002000 0.001000 0.002000 0.002100 0.002000 0.001000 0.003100 0.006200 0.004100 0.001000 0.002100 0.003100 0.001000 0.004100 0.002000 0.000000 0.002100 0.001000 0.002100 0.003100 0.003100 0.002000 0.002000 0.002100 0.001000 0.001000 0.001000 0.001000 0.002100 0.003100 0.002000 0.002000 0.002000 0.003100 0.001000 0.001000 0.004100 0.004100 0.002000 0.002100 0.003100 0.002100 0.003100
GyrantGaze 0.003100 0.012100 0.002100 0.007200 0.002100 0.013100 0.005100 0.001000 0.002100 0.002000 0.001000 0.002100 0.002100 0.002100 0.001000 0.001000 0.006200 0.004100 0.001000 0.002100 0.001000 0.001000 0.004100 0.002000 0.002100 0.000000 0.001000 0.002100 0.001000 0.003100 0.002000 0.002100 0.002100 0.001000 0.001000 0.001000 0.001000 0.002100 0.001000 0.002000 0.002000 0.000000 0.003100 0.001000 0.001000 0.004100 0.002100 0.002100 0.002100 0.003100 0.002100 0.003100
Hartebeest 0.002100 0.011000 0.001000 0.006100 0.001000 0.012100 0.004100 0.002100 0.001000 0.001000 0.000000 0.001000 0.001000 0.001000 0.000100 0.002100 0.005100 0.003100 0.000100 0.001000 0.002100 0.000000 0.003100 0.001000 0.001000 0.001000 0.000000 0.001000 0.002100 0.002100 0.001000 0.001000 0.001000 0.000000 0.000100 0.000100 0.000000 0.001000 0.002000 0.001000 0.001000 0.001000 0.002100 0.000100 0.000100 0.003100 0.003100 0.001000 0.001000 0.002100 0.001000 0.002100
Bongo 0.003100 0.012100 0.000000 0.007200 0.002100 0.013000 0.003100 0.003100 0.000000 0.002000 0.001000 0.002000 0.002100 0.000100 0.001000 0.003100 0.006200 0.004100 0.001000 0.000000 0.003100 0.001000 0.004100 0.002100 0.002100 0.002100 0.001000 0.000000 0.003100 0.001000 0.002000 0.000100 0.002100 0.001000 0.001000 0.001000 0.001000 0.002100 0.003100 0.002000 0.002000 0.002100 0.003100 0.001000 0.001000 0.004100 0.004100 0.002100 0.002100 0.003100 0.000000 0.001000
Gerenuk 0.004100 0.013100 0.003100 0.006100 0.003100 0.014200 0.006200 0.002100 0.003100 0.003100 0.002100 0.003100 0.001000 0.003100 0.002100 0.000000 0.005200 0.005200 0.002100 0.003100 0.002100 0.002100 0.005100 0.003100 0.003100 0.001000 0.002100 0.003100 0.000000 0.004100 0.003100 0.003100 0.003100 0.002100 0.002100 0.002100 0.002100 0.003100 0.002100 0.003100 0.001000 0.001000 0.004100 0.002000 0.002100 0.005200 0.003100 0.003100 0.003100 0.004100 0.003100 0.004100
CommonElan 0.004100 0.013100 0.001000 0.008300 0.003100 0.014000 0.004100 0.004100 0.001000 0.003100 0.002100 0.003100 0.003100 0.001000 0.002100 0.004100 0.007200 0.005200 0.002100 0.001000 0.004100 0.002100 0.005100 0.003100 0.003100 0.003100 0.002100 0.001000 0.004100 0.000000 0.003100 0.001000 0.001000 0.002100 0.002100 0.002100 0.002000 0.003100 0.004100 0.003100 0.003100 0.003100 0.004100 0.002100 0.002100 0.005200 0.005200 0.001100 0.003100 0.004100 0.001000 0.002100
MuntiacusR 0.003100 0.011900 0.002000 0.007100 0.002000 0.012600 0.005100 0.003100 0.002000 0.000000 0.001000 0.002000 0.002000 0.002000 0.001000 0.003100 0.006100 0.004100 0.001000 0.002000 0.003100 0.001000 0.004100 0.002000 0.002000 0.002000 0.001000 0.002000 0.003100 0.003100 0.000000 0.002000 0.002000 0.001000 0.001000 0.001000 0.001000 0.002000 0.003100 0.002000 0.002000 0.002000 0.001000 0.001000 0.001000 0.004100 0.004100 0.002000 0.002000 0.003100 0.002000 0.003100
HarveysDui 0.003100 0.012100 0.000100 0.007200 0.002100 0.013300 0.003100 0.003100 0.000100 0.002000 0.001000 0.002000 0.002000 0.000000 0.001000 0.003100 0.006200 0.004100 0.001000 0.000100 0.003100 0.001000 0.004100 0.002100 0.002000 0.002100 0.001000 0.000100 0.003100 0.001000 0.002000 0.000000 0.002100 0.001000 0.001000 0.001000 0.001000 0.002100 0.003100 0.002000 0.002000 0.002000 0.003100 0.001000 0.001000 0.004100 0.004100 0.002100 0.002000 0.003100 0.000100 0.001000
Pronghorn 0.003100 0.012000 0.002100 0.007200 0.002100 0.012800 0.005100 0.003100 0.002100 0.002000 0.001000 0.002100 0.002100 0.002100 0.001000 0.003100 0.006200 0.004100 0.001000 0.002100 0.003100 0.001000 0.004100 0.002000 0.002100 0.002100 0.001000 0.002100 0.003100 0.001000 0.002000 0.002100 0.000000 0.001000 0.001000 0.001000 0.001000 0.002100 0.003100 0.002000 0.002000 0.002100 0.003100 0.001000 0.001000 0.004100 0.004100 0.000100 0.002100 0.003100 0.002100 0.003100
BlueWildeb 0.002100 0.011000 0.001000 0.006100 0.001000 0.012000 0.004100 0.002100 0.001000 0.001000 0.000100 0.001000 0.001000 0.001000 0.000100 0.002100 0.005200 0.003100 0.000100 0.001000 0.002100 0.000000 0.003100 0.001000 0.001000 0.001000 0.000000 0.001000 0.002100 0.002100 0.001000 0.001000 0.001000 0.000000 0.000100 0.000100 0.000000 0.001000 0.002100 0.001000 0.001000 0.001000 0.002100 0.000100 0.000100 0.003100 0.003100 0.001000 0.001000 0.002100 0.001000 0.002100
Gemsbok 0.002100 0.011000 0.001000 0.006100 0.001000 0.012100 0.004100 0.002000 0.001000 0.001000 0.000100 0.001000 0.001000 0.001000 0.000100 0.002100 0.005100 0.003100 0.000100 0.001000 0.002100 0.000000 0.003100 0.001000 0.001000 0.001000 0.000100 0.001000 0.002100 0.002100 0.001000 0.001000 0.001000 0.000100 0.000000 0.000100 0.000000 0.001000 0.002000 0.001000 0.001000 0.001000 0.002100 0.000200 0.000100 0.003100 0.003100 0.001000 0.001000 0.002100 0.001000 0.002100
Yak 0.002100 0.011000 0.001000 0.006100 0.001000 0.012000 0.004100 0.002000 0.001000 0.001000 0.000100 0.001000 0.001000 0.001000 0.000100 0.002000 0.005100 0.003100 0.000100 0.001000 0.002100 0.000000 0.003100 0.001000 0.001000 0.001000 0.000100 0.001000 0.002100 0.002100 0.001000 0.001000 0.001000 0.000100 0.000100 0.000000 0.000000 0.001000 0.002000 0.001000 0.001000 0.001000 0.002100 0.000100 0.000000 0.003100 0.003100 0.001000 0.001000 0.002100 0.001000 0.002100
BlueSheep 0.002000 0.011000 0.001000 0.006100 0.001000 0.012600 0.004100 0.002000 0.001000 0.001000 0.000000 0.001000 0.001000 0.001000 0.000100 0.002000 0.005100 0.003100 0.000000 0.001000 0.002000 0.000000 0.003100 0.001000 0.001000 0.001000 0.000000 0.001000 0.002100 0.002000 0.001000 0.001000 0.001000 0.000000 0.000000 0.000000 0.000000 0.001000 0.002000 0.001000 0.001000 0.001000 0.002100 0.000100 0.000000 0.003100 0.003100 0.001000 0.001000 0.002100 0.001000 0.002100
BohorReedb 0.003100 0.012000 0.002100 0.007200 0.000000 0.013300 0.004100 0.003100 0.002100 0.002000 0.001000 0.002100 0.002100 0.002100 0.001000 0.003100 0.006200 0.004100 0.001000 0.002100 0.001000 0.001000 0.004100 0.002000 0.002100 0.002100 0.001000 0.002100 0.003100 0.003100 0.002000 0.002100 0.002100 0.001000 0.001000 0.001000 0.001000 0.000000 0.003100 0.002000 0.002000 0.002100 0.003100 0.001000 0.001000 0.004100 0.004100 0.002100 0.002100 0.003100 0.002100 0.003100
KirksDik 0.004100 0.013000 0.003100 0.008200 0.003100 0.014100 0.006100 0.002000 0.003100 0.003100 0.002000 0.003100 0.003100 0.003100 0.002000 0.002000 0.007200 0.003100 0.002100 0.003100 0.002000 0.002000 0.005100 0.003000 0.003100 0.001000 0.002000 0.003100 0.002100 0.004100 0.003100 0.003100 0.003100 0.002100 0.002000 0.002000 0.002000 0.003100 0.000000 0.003100 0.003000 0.001000 0.004100 0.002000 0.002000 0.005200 0.003100 0.003100 0.003100 0.002100 0.003100 0.004100
RoeDeer 0.003100 0.012000 0.002000 0.007100 0.002000 0.012700 0.005100 0.003100 0.002000 0.002000 0.001000 0.002000 0.002000 0.002000 0.001000 0.003100 0.006100 0.004100 0.001000 0.002000 0.003100 0.001000 0.004100 0.002000 0.002000 0.002000 0.001000 0.002000 0.003100 0.003100 0.002000 0.002000 0.002000 0.001000 0.001000 0.001000 0.001000 0.002000 0.003100 0.000000 0.002000 0.002000 0.003000 0.001000 0.001000 0.004100 0.004100 0.002000 0.002000 0.003100 0.002000 0.003100
WhiteLippe 0.003100 0.011900 0.002000 0.005100 0.002000 0.012600 0.005100 0.003000 0.002000 0.002000 0.001000 0.002000 0.000100 0.002000 0.001000 0.001000 0.004100 0.004100 0.001000 0.002000 0.003100 0.001000 0.004100 0.002000 0.002000 0.002000 0.001000 0.002000 0.001000 0.003100 0.002000 0.002000 0.002000 0.001000 0.001000 0.001000 0.001000 0.002000 0.003000 0.002000 0.000000 0.002000 0.003000 0.001000 0.001000 0.004100 0.004100 0.002000 0.002000 0.003100 0.002000 0.003100
ThomsonGaz 0.003100 0.012000 0.002100 0.007200 0.002100 0.013200 0.005100 0.001000 0.002100 0.002000 0.001000 0.002000 0.002100 0.002000 0.001000 0.001000 0.006200 0.004100 0.001000 0.002100 0.001000 0.001000 0.004100 0.002000 0.002000 0.000000 0.001000 0.002100 0.001000 0.003100 0.002000 0.002000 0.002100 0.001000 0.001000 0.001000 0.001000 0.002100 0.001000 0.002000 0.002000 0.000000 0.003100 0.001000 0.001000 0.004100 0.002100 0.002000 0.002100 0.003100 0.002100 0.003100
MuntiacusC 0.004100 0.013000 0.003100 0.008200 0.003100 0.013800 0.006200 0.004100 0.003100 0.001000 0.002100 0.003100 0.003100 0.003100 0.002100 0.004100 0.007200 0.005200 0.002100 0.003100 0.004100 0.002100 0.005100 0.003000 0.003100 0.003100 0.002100 0.003100 0.004100 0.004100 0.001000 0.003100 0.003100 0.002100 0.002100 0.002100 0.002100 0.003100 0.004100 0.003000 0.003000 0.003100 0.000000 0.002000 0.002100 0.005200 0.005100 0.003100 0.003100 0.004100 0.003100 0.004100
WhiteTaile 0.002000 0.010900 0.001000 0.006100 0.001000 0.011600 0.004100 0.002000 0.001000 0.001000 0.000100 0.001000 0.001000 0.001000 0.000200 0.002000 0.005100 0.003100 0.000100 0.001000 0.002000 0.000100 0.003000 0.001000 0.001000 0.001000 0.000100 0.001000 0.002000 0.002100 0.001000 0.001000 0.001000 0.000100 0.000200 0.000100 0.000100 0.001000 0.002000 0.001000 0.001000 0.001000 0.002000 0.000000 0.000100 0.003100 0.003100 0.001000 0.001000 0.002000 0.001000 0.002100
Cattle 0.002100 0.011000 0.001000 0.006100 0.001000 0.012000 0.004100 0.002000 0.001000 0.001000 0.000100 0.001000 0.001000 0.001000 0.000100 0.002000 0.005100 0.003100 0.000100 0.001000 0.002000 0.000000 0.003100 0.001000 0.001000 0.001000 0.000100 0.001000 0.002100 0.002100 0.001000 0.001000 0.001000 0.000100 0.000100 0.000000 0.000000 0.001000 0.002000 0.001000 0.001000 0.001000 0.002100 0.000100 0.000000 0.003100 0.003100 0.001000 0.001000 0.002100 0.001000 0.002100
RoyalAntel 0.003100 0.013100 0.004100 0.008300 0.004100 0.013100 0.007200 0.005200 0.004100 0.004100 0.003100 0.003100 0.004100 0.004100 0.003100 0.005200 0.008300 0.006200 0.003100 0.004100 0.005200 0.003100 0.006200 0.004100 0.004100 0.004100 0.003100 0.004100 0.005200 0.005200 0.004100 0.004100 0.004100 0.003100 0.003100 0.003100 0.003100 0.004100 0.005200 0.004100 0.004100 0.004100 0.005200 0.003100 0.003100 0.000000 0.006200 0.004100 0.004100 0.005200 0.004100 0.005200
Steenbok 0.005200 0.014100 0.004100 0.007200 0.004100 0.015200 0.007200 0.003100 0.004100 0.004100 0.003100 0.004100 0.004100 0.004100 0.003100 0.003100 0.008300 0.006200 0.003100 0.004100 0.003100 0.003100 0.006200 0.004100 0.004100 0.002100 0.003100 0.004100 0.003100 0.005200 0.004100 0.004100 0.004100 0.003100 0.003100 0.003100 0.003100 0.004100 0.003100 0.004100 0.004100 0.002100 0.005100 0.003100 0.003100 0.006200 0.000000 0.004100 0.004100 0.005200 0.004100 0.005200
Impala 0.003100 0.012000 0.002100 0.007200 0.002100 0.013000 0.005300 0.003100 0.002100 0.002000 0.001000 0.002000 0.002100 0.002100 0.001000 0.003100 0.006200 0.004100 0.001000 0.002100 0.003100 0.001000 0.004100 0.002000 0.002000 0.002100 0.001000 0.002100 0.003100 0.001100 0.002000 0.002100 0.000100 0.001000 0.001000 0.001000 0.001000 0.002100 0.003100 0.002000 0.002000 0.002000 0.003100 0.001000 0.001000 0.004100 0.004100 0.000000 0.002100 0.003100 0.002100 0.003200
Klipspring 0.003100 0.012000 0.002100 0.007200 0.002100 0.013400 0.005100 0.003100 0.002100 0.002000 0.001000 0.002000 0.002100 0.002000 0.001000 0.003100 0.006200 0.004100 0.001000 0.002100 0.003100 0.001000 0.004100 0.002000 0.002100 0.002100 0.001000 0.002100 0.003100 0.003100 0.002000 0.002000 0.002100 0.001000 0.001000 0.001000 0.001000 0.002100 0.003100 0.002000 0.002000 0.002100 0.003100 0.001000 0.001000 0.004100 0.004100 0.002100 0.000000 0.003100 0.002100 0.003100
ForestMusk 0.004100 0.013100 0.003100 0.008200 0.003100 0.013900 0.006200 0.004100 0.003100 0.003100 0.002100 0.003100 0.003100 0.003100 0.002100 0.004100 0.007200 0.003100 0.002100 0.003100 0.004100 0.002100 0.005100 0.003100 0.003100 0.003100 0.002100 0.003100 0.004100 0.004100 0.003100 0.003100 0.003100 0.002100 0.002100 0.002100 0.002100 0.003100 0.002100 0.003100 0.003100 0.003100 0.004100 0.002000 0.002100 0.005200 0.005200 0.003100 0.003100 0.000000 0.003100 0.004100
Bushbuck 0.003100 0.012100 0.000000 0.007200 0.002100 0.012900 0.003100 0.003100 0.000000 0.002000 0.001000 0.002000 0.002100 0.000100 0.001000 0.003100 0.006200 0.004100 0.001000 0.000000 0.003100 0.001000 0.004100 0.002100 0.002100 0.002100 0.001000 0.000000 0.003100 0.001000 0.002000 0.000100 0.002100 0.001000 0.001000 0.001000 0.001000 0.002100 0.003100 0.002000 0.002000 0.002100 0.003100 0.001000 0.001000 0.004100 0.004100 0.002100 0.002100 0.003100 0.000000 0.001000
GreaterKud 0.004100 0.013100 0.001000 0.008300 0.003100 0.014000 0.004100 0.004100 0.001000 0.003100 0.002100 0.003100 0.003100 0.001000 0.002100 0.004100 0.007200 0.005200 0.002100 0.001000 0.004100 0.002100 0.005100 0.003100 0.003100 0.003100 0.002100 0.001000 0.004100 0.002100 0.003100 0.001000 0.003100 0.002100 0.002100 0.002100 0.002100 0.003100 0.004100 0.003100 0.003100 0.003100 0.004100 0.002100 0.002100 0.005200 0.005200 0.003200 0.003100 0.004100 0.001000 0.000000
