1
52 1
Argali 0.000000 0.031700 0.004300 0.041100 0.004400 0.000000 0.000200 0.004300 0.004400 0.004300 0.004400 0.004400 0.000200 0.000200 0.000300 0.004300 0.013100 0.004300 0.000100 0.004300 0.008600 0.004400 0.004300 0.004300 0.004400 0.004300 0.000200 0.004300 0.008600 0.004300 0.008700 0.000200 0.008700 0.000200 0.000200 0.004400 0.004400 0.004400 0.004300 0.000200 0.004400 0.004300 0.004300 0.004300 0.004400 0.000200 0.004300 0.004400 0.004300 0.000200 0.004400 0.004300
LesserMous 0.031700 0.000000 0.031500 0.044800 0.036200 0.031700 0.031400 0.031500 0.031600 0.026900 0.036400 0.031600 0.031300 0.031200 0.032100 0.031500 0.027100 0.026800 0.031700 0.031500 0.035900 0.036200 0.026900 0.027000 0.036400 0.031400 0.031300 0.031500 0.035800 0.031500 0.022400 0.031500 0.026600 0.031300 0.031900 0.031700 0.036200 0.036200 0.031400 0.031600 0.027100 0.031500 0.026600 0.027000 0.031600 0.031600 0.031500 0.036300 0.026900 0.031300 0.031600 0.031500
LesserKudu 0.004300 0.031500 0.000000 0.045500 0.008700 0.004300 0.004300 0.000200 0.000000 0.008600 0.008700 0.000100 0.004300 0.004300 0.004300 0.000200 0.017300 0.008500 0.004300 0.000000 0.004300 0.008700 0.008600 0.008600 0.008700 0.000100 0.004300 0.000000 0.004300 0.000000 0.012900 0.004300 0.013000 0.004300 0.004300 0.000100 0.008700 0.008700 0.000200 0.004300 0.008600 0.000200 0.008500 0.008600 0.000100 0.004300 0.000100 0.008700 0.008600 0.004300 0.000100 0.000000
KillerWhal 0.041100 0.044800 0.045500 0.000000 0.045700 0.041000 0.040700 0.045500 0.045600 0.036200 0.045700 0.045600 0.040700 0.040500 0.041100 0.045300 0.040700 0.036200 0.041100 0.045500 0.050000 0.045600 0.036100 0.036300 0.045700 0.045300 0.040700 0.045500 0.040500 0.045500 0.040900 0.040900 0.035900 0.040700 0.040600 0.045700 0.045600 0.045700 0.045400 0.040900 0.036300 0.045500 0.035900 0.036300 0.045600 0.041000 0.045400 0.045900 0.036200 0.040600 0.045600 0.045500
DefassaWat 0.004400 0.036200 0.008700 0.045700 0.000000 0.004400 0.004300 0.008700 0.008700 0.008600 0.008800 0.008700 0.004300 0.004300 0.004400 0.008600 0.017400 0.008600 0.004400 0.008700 0.012900 0.008700 0.008700 0.008700 0.008800 0.008600 0.004300 0.008700 0.012900 0.008700 0.013000 0.004300 0.013100 0.004300 0.004300 0.008700 0.008700 0.000000 0.008600 0.004300 0.008700 0.008700 0.008600 0.008700 0.008700 0.004400 0.008600 0.008800 0.008700 0.004300 0.008700 0.008700
Sheep 0.000000 0.031700 0.004300 0.041000 0.004400 0.000000 0.000200 0.004300 0.004300 0.004300 0.004400 0.004400 0.000200 0.000200 0.000200 0.004300 0.013000 0.004300 0.000100 0.004300 0.008600 0.004300 0.004300 0.004300 0.004400 0.004300 0.000200 0.004300 0.008600 0.004300 0.008700 0.000200 0.008700 0.000200 0.000200 0.004400 0.004300 0.004400 0.004300 0.000200 0.004300 0.004300 0.004300 0.004300 0.004400 0.000200 0.004300 0.004400 0.004300 0.000200 0.004400 0.004300
MaxwellsDu 0.000200 0.031400 0.004300 0.040700 0.004300 0.000200 0.000000 0.004300 0.004300 0.004300 0.004300 0.004300 0.000100 0.000100 0.000200 0.004300 0.012900 0.004200 0.000200 0.004300 0.008500 0.004300 0.004300 0.004300 0.004300 0.004300 0.000100 0.004300 0.008500 0.004300 0.008600 0.000100 0.008600 0.000100 0.000100 0.004300 0.004300 0.004300 0.004300 0.000100 0.004300 0.004300 0.004200 0.004300 0.004300 0.000200 0.004300 0.004300 0.004300 0.000100 0.004300 0.004300
GazellaPrz 0.004300 0.031500 0.000200 0.045500 0.008700 0.004300 0.004300 0.000000 0.000200 0.008600 0.008700 0.000200 0.004300 0.004300 0.004400 0.000200 0.017300 0.008600 0.004300 0.000200 0.004300 0.008700 0.008600 0.008600 0.008700 0.000100 0.004300 0.000200 0.004300 0.000200 0.012900 0.004300 0.013000 0.004300 0.004300 0.000200 0.008700 0.008700 0.000200 0.004300 0.008700 0.000200 0.008500 0.008600 0.000200 0.004300 0.000100 0.008700 0.008600 0.004300 0.000200 0.000200
MountainNy 0.004400 0.031600 0.000000 0.045600 0.008700 0.004300 0.004300 0.000200 0.000000 0.008600 0.008700 0.000100 0.004300 0.004300 0.004400 0.000200 0.017400 0.008600 0.004400 0.000000 0.004300 0.008700 0.008600 0.008600 0.008700 0.000200 0.004300 0.000000 0.004300 0.000000 0.013000 0.004300 0.013000 0.004300 0.004300 0.000100 0.008700 0.008700 0.000200 0.004300 0.008700 0.000200 0.008500 0.008600 0.000100 0.004300 0.000100 0.008700 0.008600 0.004300 0.000100 0.000000
MuntiacusM 0.004300 0.026900 0.008600 0.036200 0.008600 0.004300 0.004300 0.008600 0.008600 0.000000 0.008600 0.008600 0.004200 0.004200 0.004300 0.008500 0.008500 0.000100 0.004300 0.008600 0.012800 0.008600 0.000100 0.000100 0.008600 0.008500 0.004200 0.008600 0.012800 0.008600 0.004300 0.004300 0.004300 0.004200 0.004200 0.008600 0.008600 0.008600 0.008500 0.004300 0.000100 0.008600 0.000100 0.000100 0.008600 0.004300 0.008500 0.008600 0.000100 0.004200 0.008600 0.008600
goat 0.004400 0.036400 0.008700 0.045700 0.008800 0.004400 0.004300 0.008700 0.008700 0.008600 0.000000 0.008700 0.004300 0.004300 0.004400 0.008700 0.017400 0.008600 0.004400 0.008700 0.013000 0.000000 0.008700 0.008700 0.000000 0.008600 0.004300 0.008700 0.013000 0.008700 0.013000 0.004300 0.013100 0.004300 0.004300 0.008800 0.000000 0.008800 0.008700 0.004300 0.008700 0.008700 0.008600 0.008700 0.008700 0.004400 0.008700 0.008800 0.008700 0.004300 0.008700 0.008700
AfricanBuf 0.004400 0.031600 0.000100 0.045600 0.008700 0.004400 0.004300 0.000200 0.000100 0.008600 0.008700 0.000000 0.004300 0.004300 0.004400 0.000200 0.017400 0.008600 0.004400 0.000100 0.004300 0.008700 0.008600 0.008600 0.008700 0.000200 0.004300 0.000100 0.004300 0.000100 0.013000 0.004300 0.013000 0.004300 0.004300 0.000000 0.008700 0.008700 0.000200 0.004300 0.008700 0.000200 0.008500 0.008600 0.000000 0.004300 0.000100 0.008700 0.008600 0.004300 0.000200 0.000100
Topi 0.000200 0.031300 0.004300 0.040700 0.004300 0.000200 0.000100 0.004300 0.004300 0.004200 0.004300 0.004300 0.000000 0.000100 0.000200 0.004200 0.012800 0.004200 0.000100 0.004300 0.008500 0.004300 0.004200 0.004200 0.004300 0.004200 0.000000 0.004300 0.008500 0.004300 0.008500 0.000100 0.008500 0.000000 0.000100 0.004300 0.004300 0.004300 0.004200 0.000100 0.004300 0.004200 0.004200 0.004200 0.004300 0.000100 0.004200 0.004300 0.004200 0.000100 0.004300 0.004300
CommonDuik 0.000200 0.031200 0.004300 0.040500 0.004300 0.000200 0.000100 0.004300 0.004300 0.004200 0.004300 0.004300 0.000100 0.000000 0.000200 0.004200 0.012800 0.004200 0.000200 0.004300 0.008500 0.004300 0.004200 0.004300 0.004300 0.004200 0.000100 0.004300 0.008500 0.004300 0.008500 0.000100 0.008500 0.000100 0.000100 0.004300 0.004300 0.004300 0.004300 0.000100 0.004300 0.004300 0.004200 0.004300 0.004300 0.000100 0.004200 0.004300 0.004200 0.000100 0.004300 0.004300
Suni 0.000300 0.032100 0.004300 0.041100 0.004400 0.000200 0.000200 0.004400 0.004400 0.004300 0.004400 0.004400 0.000200 0.000200 0.000000 0.004300 0.013100 0.004300 0.000200 0.004300 0.008600 0.004400 0.004300 0.004300 0.004400 0.004300 0.000200 0.004300 0.008600 0.004300 0.008700 0.000200 0.008700 0.000200 0.000200 0.004400 0.004400 0.004400 0.004300 0.000200 0.004400 0.004300 0.004300 0.004300 0.004400 0.000300 0.004300 0.004400 0.004300 0.000200 0.004400 0.004300
Springbuck 0.004300 0.031500 0.000200 0.045300 0.008600 0.004300 0.004300 0.000200 0.000200 0.008500 0.008700 0.000200 0.004200 0.004200 0.004300 0.000000 0.017200 0.008500 0.004300 0.000200 0.004200 0.008600 0.008500 0.008600 0.008700 0.000100 0.004200 0.000200 0.004200 0.000200 0.013000 0.004300 0.012900 0.004200 0.004200 0.000200 0.008600 0.008600 0.000100 0.004300 0.008600 0.000100 0.008500 0.008600 0.000200 0.004300 0.000100 0.008600 0.008500 0.004200 0.000200 0.000200
Okapi 0.013100 0.027100 0.017300 0.040700 0.017400 0.013000 0.012900 0.017300 0.017400 0.008500 0.017400 0.017400 0.012800 0.012800 0.013100 0.017200 0.000000 0.008500 0.013100 0.017300 0.021500 0.017400 0.008600 0.008600 0.017400 0.017200 0.012800 0.017300 0.021500 0.017300 0.013000 0.012900 0.012900 0.012800 0.012800 0.017400 0.017400 0.017400 0.017200 0.013000 0.008600 0.017300 0.008500 0.008600 0.017400 0.013000 0.017200 0.017400 0.008500 0.012800 0.017400 0.017300
Giraffe 0.004300 0.026800 0.008500 0.036200 0.008600 0.004300 0.004200 0.008600 0.008600 0.000100 0.008600 0.008600 0.004200 0.004200 0.004300 0.008500 0.008500 0.000000 0.004300 0.008500 0.012700 0.008600 0.000100 0.000100 0.008600 0.008500 0.004200 0.008500 0.012700 0.008500 0.004200 0.004300 0.004300 0.004200 0.004200 0.008600 0.008600 0.008600 0.008500 0.004300 0.000200 0.008500 0.000100 0.000100 0.008600 0.004300 0.008500 0.008600 0.000100 0.004200 0.008600 0.008500
TibetanAnt 0.000100 0.031700 0.004300 0.041100 0.004400 0.000100 0.000200 0.004300 0.004400 0.004300 0.004400 0.004400 0.000100 0.000200 0.000200 0.004300 0.013100 0.004300 0.000000 0.004300 0.008600 0.004400 0.004300 0.004300 0.004400 0.004300 0.000100 0.004300 0.008600 0.004300 0.008700 0.000200 0.008700 0.000100 0.000100 0.004400 0.004400 0.004400 0.004300 0.000200 0.004400 0.004300 0.004300 0.004300 0.004400 0.000200 0.004300 0.004400 0.004300 0.000200 0.004400 0.004300
Sitatunga 0.004300 0.031500 0.000000 0.045500 0.008700 0.004300 0.004300 0.000200 0.000000 0.008600 0.008700 0.000100 0.004300 0.004300 0.004300 0.000200 0.017300 0.008500 0.004300 0.000000 0.004300 0.008700 0.008600 0.008600 0.008700 0.000100 0.004300 0.000000 0.004300 0.000000 0.012900 0.004300 0.013000 0.004300 0.004300 0.000100 0.008700 0.008700 0.000200 0.004300 0.008600 0.000200 0.008500 0.008600 0.000100 0.004300 0.000100 0.008700 0.008600 0.004300 0.000100 0.000000
Oribi 0.008600 0.035900 0.004300 0.050000 0.012900 0.008600 0.008500 0.004300 0.004300 0.012800 0.013000 0.004300 0.008500 0.008500 0.008600 0.004200 0.021500 0.012700 0.008600 0.004300 0.000000 0.012900 0.012800 0.012800 0.013000 0.004200 0.008500 0.004300 0.008500 0.004300 0.017200 0.008600 0.017200 0.008500 0.008500 0.004300 0.012900 0.012900 0.004300 0.008600 0.012900 0.004300 0.012700 0.012800 0.004300 0.008600 0.004200 0.013000 0.012800 0.008500 0.004300 0.004300
BarbaryShe 0.004400 0.036200 0.008700 0.045600 0.008700 0.004300 0.004300 0.008700 0.008700 0.008600 0.000000 0.008700 0.004300 0.004300 0.004400 0.008600 0.017400 0.008600 0.004400 0.008700 0.012900 0.000000 0.008600 0.008600 0.000000 0.008600 0.004300 0.008700 0.012900 0.008700 0.013000 0.004300 0.013000 0.004300 0.004300 0.008700 0.000000 0.008700 0.008600 0.004300 0.008700 0.008600 0.008500 0.008600 0.008700 0.004300 0.008600 0.008700 0.008600 0.004300 0.008700 0.008700
Daviddeer 0.004300 0.026900 0.008600 0.036100 0.008700 0.004300 0.004300 0.008600 0.008600 0.000100 0.008700 0.008600 0.004200 0.004200 0.004300 0.008500 0.008600 0.000100 0.004300 0.008600 0.012800 0.008600 0.000000 0.000100 0.008700 0.008500 0.004200 0.008600 0.012800 0.008600 0.004300 0.004300 0.004300 0.004200 0.004200 0.008700 0.008600 0.008700 0.008600 0.004300 0.000100 0.008600 0.000100 0.000100 0.008600 0.004300 0.008600 0.008600 0.000100 0.004200 0.008600 0.008600
Reindeer 0.004300 0.027000 0.008600 0.036300 0.008700 0.004300 0.004300 0.008600 0.008600 0.000100 0.008700 0.008600 0.004200 0.004300 0.004300 0.008600 0.008600 0.000100 0.004300 0.008600 0.012800 0.008600 0.000100 0.000000 0.008700 0.008600 0.004200 0.008600 0.012800 0.008600 0.004300 0.004300 0.004300 0.004200 0.004300 0.008700 0.008600 0.008700 0.008600 0.004300 0.000100 0.008600 0.000100 0.000000 0.008700 0.004300 0.008600 0.008700 0.000100 0.004200 0.008600 0.008600
Ibex 0.004400 0.036400 0.008700 0.045700 0.008800 0.004400 0.004300 0.008700 0.008700 0.008600 0.000000 0.008700 0.004300 0.004300 0.004400 0.008700 0.017400 0.008600 0.004400 0.008700 0.013000 0.000000 0.008700 0.008700 0.000000 0.008600 0.004300 0.008700 0.013000 0.008700 0.013000 0.004300 0.013100 0.004300 0.004300 0.008800 0.000000 0.008800 0.008700 0.004300 0.008700 0.008700 0.008600 0.008700 0.008700 0.004400 0.008700 0.008800 0.008700 0.004300 0.008700 0.008700
GyrantGaze 0.004300 0.031400 0.000100 0.045300 0.008600 0.004300 0.004300 0.000100 0.000200 0.008500 0.008600 0.000200 0.004200 0.004200 0.004300 0.000100 0.017200 0.008500 0.004300 0.000100 0.004200 0.008600 0.008500 0.008600 0.008600 0.000000 0.004200 0.000100 0.004200 0.000100 0.012900 0.004300 0.012900 0.004200 0.004200 0.000200 0.008600 0.008600 0.000100 0.004300 0.008600 0.000000 0.008500 0.008600 0.000200 0.004300 0.000100 0.008600 0.008500 0.004200 0.000200 0.000100
Hartebeest 0.000200 0.031300 0.004300 0.040700 0.004300 0.000200 0.000100 0.004300 0.004300 0.004200 0.004300 0.004300 0.000000 0.000100 0.000200 0.004200 0.012800 0.004200 0.000100 0.004300 0.008500 0.004300 0.004200 0.004200 0.004300 0.004200 0.000000 0.004300 0.008500 0.004300 0.008500 0.000100 0.008500 0.000000 0.000100 0.004300 0.004300 0.004300 0.004200 0.000100 0.004300 0.004200 0.004200 0.004200 0.004300 0.000100 0.004200 0.004300 0.004200 0.000100 0.004300 0.004300
Bongo 0.004300 0.031500 0.000000 0.045500 0.008700 0.004300 0.004300 0.000200 0.000000 0.008600 0.008700 0.000100 0.004300 0.004300 0.004300 0.000200 0.017300 0.008500 0.004300 0.000000 0.004300 0.008700 0.008600 0.008600 0.008700 0.000100 0.004300 0.000000 0.004300 0.000000 0.012900 0.004300 0.013000 0.004300 0.004300 0.000100 0.008700 0.008700 0.000200 0.004300 0.008600 0.000200 0.008500 0.008600 0.000100 0.004300 0.000100 0.008700 0.008600 0.004300 0.000100 0.000000
Gerenuk 0.008600 0.035800 0.004300 0.040500 0.012900 0.008600 0.008500 0.004300 0.004300 0.012800 0.013000 0.004300 0.008500 0.008500 0.008600 0.004200 0.021500 0.012700 0.008600 0.004300 0.008500 0.012900 0.012800 0.012800 0.013000 0.004200 0.008500 0.004300 0.000000 0.004300 0.017100 0.008600 0.017200 0.008500 0.008500 0.004300 0.012900 0.012900 0.004200 0.008600 0.012900 0.004300 0.012700 0.012800 0.004300 0.008600 0.004200 0.013000 0.012800 0.008400 0.004300 0.004300
CommonElan 0.004300 0.031500 0.000000 0.045500 0.008700 0.004300 0.004300 0.000200 0.000000 0.008600 0.008700 0.000100 0.004300 0.004300 0.004300 0.000200 0.017300 0.008500 0.004300 0.000000 0.004300 0.008700 0.008600 0.008600 0.008700 0.000100 0.004300 0.000000 0.004300 0.000000 0.012900 0.004300 0.013000 0.004300 0.004300 0.000100 0.008700 0.008700 0.000200 0.004300 0.008600 0.000200 0.008500 0.008600 0.000100 0.004300 0.000100 0.008700 0.008600 0.004300 0.000100 0.000000
MuntiacusR 0.008700 0.022400 0.012900 0.040900 0.013000 0.008700 0.008600 0.012900 0.013000 0.004300 0.013000 0.013000 0.008500 0.008500 0.008700 0.013000 0.013000 0.004200 0.008700 0.012900 0.017200 0.013000 0.004300 0.004300 0.013000 0.012900 0.008500 0.012900 0.017100 0.012900 0.000000 0.008600 0.008600 0.008500 0.008500 0.013000 0.013000 0.013000 0.012900 0.008600 0.004300 0.012900 0.004200 0.004300 0.013000 0.008600 0.012900 0.013100 0.004300 0.008500 0.013000 0.012900
HarveysDui 0.000200 0.031500 0.004300 0.040900 0.004300 0.000200 0.000100 0.004300 0.004300 0.004300 0.004300 0.004300 0.000100 0.000100 0.000200 0.004300 0.012900 0.004300 0.000200 0.004300 0.008600 0.004300 0.004300 0.004300 0.004300 0.004300 0.000100 0.004300 0.008600 0.004300 0.008600 0.000000 0.008600 0.000100 0.000100 0.004300 0.004300 0.004300 0.004300 0.000100 0.004300 0.004300 0.004200 0.004300 0.004300 0.000200 0.004300 0.004300 0.004300 0.000100 0.004300 0.004300
Pronghorn 0.008700 0.026600 0.013000 0.035900 0.013100 0.008700 0.008600 0.013000 0.013000 0.004300 0.013100 0.013000 0.008500 0.008500 0.008700 0.012900 0.012900 0.004300 0.008700 0.013000 0.017200 0.013000 0.004300 0.004300 0.013100 0.012900 0.008500 0.013000 0.017200 0.013000 0.008600 0.008600 0.000000 0.008500 0.008500 0.013100 0.013000 0.013100 0.012900 0.008600 0.004300 0.012900 0.004200 0.004300 0.013000 0.008700 0.012900 0.013000 0.004300 0.008500 0.013000 0.013000
BlueWildeb 0.000200 0.031300 0.004300 0.040700 0.004300 0.000200 0.000100 0.004300 0.004300 0.004200 0.004300 0.004300 0.000000 0.000100 0.000200 0.004200 0.012800 0.004200 0.000100 0.004300 0.008500 0.004300 0.004200 0.004200 0.004300 0.004200 0.000000 0.004300 0.008500 0.004300 0.008500 0.000100 0.008500 0.000000 0.000100 0.004300 0.004300 0.004300 0.004200 0.000100 0.004300 0.004200 0.004200 0.004200 0.004300 0.000100 0.004200 0.004300 0.004200 0.000100 0.004300 0.004300
Gemsbok 0.000200 0.031900 0.004300 0.040600 0.004300 0.000200 0.000100 0.004300 0.004300 0.004200 0.004300 0.004300 0.000100 0.000100 0.000200 0.004200 0.012800 0.004200 0.000100 0.004300 0.008500 0.004300 0.004200 0.004300 0.004300 0.004200 0.000100 0.004300 0.008500 0.004300 0.008500 0.000100 0.008500 0.000100 0.000000 0.004300 0.004300 0.004300 0.004300 0.000100 0.004300 0.004300 0.004200 0.004300 0.004300 0.000100 0.004200 0.004300 0.004200 0.000100 0.004300 0.004300
Yak 0.004400 0.031700 0.000100 0.045700 0.008700 0.004400 0.004300 0.000200 0.000100 0.008600 0.008800 0.000000 0.004300 0.004300 0.004400 0.000200 0.017400 0.008600 0.004400 0.000100 0.004300 0.008700 0.008700 0.008700 0.008800 0.000200 0.004300 0.000100 0.004300 0.000100 0.013000 0.004300 0.013100 0.004300 0.004300 0.000000 0.008700 0.008700 0.000200 0.004300 0.008700 0.000200 0.008600 0.008700 0.000000 0.004400 0.000100 0.008800 0.008700 0.004300 0.000200 0.000100
BlueSheep 0.004400 0.036200 0.008700 0.045600 0.008700 0.004300 0.004300 0.008700 0.008700 0.008600 0.000000 0.008700 0.004300 0.004300 0.004400 0.008600 0.017400 0.008600 0.004400 0.008700 0.012900 0.000000 0.008600 0.008600 0.000000 0.008600 0.004300 0.008700 0.012900 0.008700 0.013000 0.004300 0.013000 0.004300 0.004300 0.008700 0.000000 0.008700 0.008600 0.004300 0.008700 0.008600 0.008500 0.008600 0.008700 0.004300 0.008600 0.008700 0.008600 0.004300 0.008700 0.008700
BohorReedb 0.004400 0.036200 0.008700 0.045700 0.000000 0.004400 0.004300 0.008700 0.008700 0.008600 0.008800 0.008700 0.004300 0.004300 0.004400 0.008600 0.017400 0.008600 0.004400 0.008700 0.012900 0.008700 0.008700 0.008700 0.008800 0.008600 0.004300 0.008700 0.012900 0.008700 0.013000 0.004300 0.013100 0.004300 0.004300 0.008700 0.008700 0.000000 0.008600 0.004300 0.008700 0.008700 0.008600 0.008700 0.008700 0.004400 0.008600 0.008800 0.008700 0.004300 0.008700 0.008700
KirksDik 0.004300 0.031400 0.000200 0.045400 0.008600 0.004300 0.004300 0.000200 0.000200 0.008500 0.008700 0.000200 0.004200 0.004300 0.004300 0.000100 0.017200 0.008500 0.004300 0.000200 0.004300 0.008600 0.008600 0.008600 0.008700 0.000100 0.004200 0.000200 0.004200 0.000200 0.012900 0.004300 0.012900 0.004200 0.004300 0.000200 0.008600 0.008600 0.000000 0.004300 0.008600 0.000100 0.008500 0.008600 0.000200 0.004300 0.000100 0.008700 0.008600 0.004200 0.000200 0.000200
RoeDeer 0.000200 0.031600 0.004300 0.040900 0.004300 0.000200 0.000100 0.004300 0.004300 0.004300 0.004300 0.004300 0.000100 0.000100 0.000200 0.004300 0.013000 0.004300 0.000200 0.004300 0.008600 0.004300 0.004300 0.004300 0.004300 0.004300 0.000100 0.004300 0.008600 0.004300 0.008600 0.000100 0.008600 0.000100 0.000100 0.004300 0.004300 0.004300 0.004300 0.000000 0.004300 0.004300 0.004300 0.004300 0.004300 0.000200 0.004300 0.004300 0.004300 0.000100 0.004300 0.004300
WhiteLippe 0.004400 0.027100 0.008600 0.036300 0.008700 0.004300 0.004300 0.008700 0.008700 0.000100 0.008700 0.008700 0.004300 0.004300 0.004400 0.008600 0.008600 0.000200 0.004400 0.008600 0.012900 0.008700 0.000100 0.000100 0.008700 0.008600 0.004300 0.008600 0.012900 0.008600 0.004300 0.004300 0.004300 0.004300 0.004300 0.008700 0.008700 0.008700 0.008600 0.004300 0.000000 0.008600 0.000100 0.000100 0.008700 0.004300 0.008600 0.008700 0.000100 0.004300 0.008700 0.008600
ThomsonGaz 0.004300 0.031500 0.000200 0.045500 0.008700 0.004300 0.004300 0.000200 0.000200 0.008600 0.008700 0.000200 0.004200 0.004300 0.004300 0.000100 0.017300 0.008500 0.004300 0.000200 0.004300 0.008600 0.008600 0.008600 0.008700 0.000000 0.004200 0.000200 0.004300 0.000200 0.012900 0.004300 0.012900 0.004200 0.004300 0.000200 0.008600 0.008700 0.000100 0.004300 0.008600 0.000000 0.008500 0.008600 0.000200 0.004300 0.000100 0.008700 0.008600 0.004200 0.000200 0.000200
MuntiacusC 0.004300 0.026600 0.008500 0.035900 0.008600 0.004300 0.004200 0.008500 0.008500 0.000100 0.008600 0.008500 0.004200 0.004200 0.004300 0.008500 0.008500 0.000100 0.004300 0.008500 0.012700 0.008500 0.000100 0.000100 0.008600 0.008500 0.004200 0.008500 0.012700 0.008500 0.004200 0.004200 0.004200 0.004200 0.004200 0.008600 0.008500 0.008600 0.008500 0.004300 0.000100 0.008500 0.000000 0.000100 0.008600 0.004300 0.008500 0.008600 0.000100 0.004200 0.008500 0.008500
WhiteTaile 0.004300 0.027000 0.008600 0.036300 0.008700 0.004300 0.004300 0.008600 0.008600 0.000100 0.008700 0.008600 0.004200 0.004300 0.004300 0.008600 0.008600 0.000100 0.004300 0.008600 0.012800 0.008600 0.000100 0.000000 0.008700 0.008600 0.004200 0.008600 0.012800 0.008600 0.004300 0.004300 0.004300 0.004200 0.004300 0.008700 0.008600 0.008700 0.008600 0.004300 0.000100 0.008600 0.000100 0.000000 0.008700 0.004300 0.008600 0.008700 0.000100 0.004200 0.008600 0.008600
Cattle 0.004400 0.031600 0.000100 0.045600 0.008700 0.004400 0.004300 0.000200 0.000100 0.008600 0.008700 0.000000 0.004300 0.004300 0.004400 0.000200 0.017400 0.008600 0.004400 0.000100 0.004300 0.008700 0.008600 0.008700 0.008700 0.000200 0.004300 0.000100 0.004300 0.000100 0.013000 0.004300 0.013000 0.004300 0.004300 0.000000 0.008700 0.008700 0.000200 0.004300 0.008700 0.000200 0.008600 0.008700 0.000000 0.004300 0.000200 0.008700 0.008600 0.004300 0.000200 0.000100
RoyalAntel 0.000200 0.031600 0.004300 0.041000 0.004400 0.000200 0.000200 0.004300 0.004300 0.004300 0.004400 0.004300 0.000100 0.000100 0.000300 0.004300 0.013000 0.004300 0.000200 0.004300 0.008600 0.004300 0.004300 0.004300 0.004400 0.004300 0.000100 0.004300 0.008600 0.004300 0.008600 0.000200 0.008700 0.000100 0.000100 0.004400 0.004300 0.004400 0.004300 0.000200 0.004300 0.004300 0.004300 0.004300 0.004300 0.000000 0.004300 0.004400 0.004300 0.000200 0.004300 0.004300
Steenbok 0.004300 0.031500 0.000100 0.045400 0.008600 0.004300 0.004300 0.000100 0.000100 0.008500 0.008700 0.000100 0.004200 0.004200 0.004300 0.000100 0.017200 0.008500 0.004300 0.000100 0.004200 0.008600 0.008600 0.008600 0.008700 0.000100 0.004200 0.000100 0.004200 0.000100 0.012900 0.004300 0.012900 0.004200 0.004200 0.000100 0.008600 0.008600 0.000100 0.004300 0.008600 0.000100 0.008500 0.008600 0.000200 0.004300 0.000000 0.008700 0.008500 0.004200 0.000100 0.000100
Impala 0.004400 0.036300 0.008700 0.045900 0.008800 0.004400 0.004300 0.008700 0.008700 0.008600 0.008800 0.008700 0.004300 0.004300 0.004400 0.008600 0.017400 0.008600 0.004400 0.008700 0.013000 0.008700 0.008600 0.008700 0.008800 0.008600 0.004300 0.008700 0.013000 0.008700 0.013100 0.004300 0.013000 0.004300 0.004300 0.008800 0.008700 0.008800 0.008700 0.004300 0.008700 0.008700 0.008600 0.008700 0.008700 0.004400 0.008700 0.000000 0.008600 0.004300 0.008700 0.008700
Klipspring 0.004300 0.026900 0.008600 0.036200 0.008700 0.004300 0.004300 0.008600 0.008600 0.000100 0.008700 0.008600 0.004200 0.004200 0.004300 0.008500 0.008500 0.000100 0.004300 0.008600 0.012800 0.008600 0.000100 0.000100 0.008700 0.008500 0.004200 0.008600 0.012800 0.008600 0.004300 0.004300 0.004300 0.004200 0.004200 0.008700 0.008600 0.008700 0.008600 0.004300 0.000100 0.008600 0.000100 0.000100 0.008600 0.004300 0.008500 0.008600 0.000000 0.004200 0.008600 0.008600
ForestMusk 0.000200 0.031300 0.004300 0.040600 0.004300 0.000200 0.000100 0.004300 0.004300 0.004200 0.004300 0.004300 0.000100 0.000100 0.000200 0.004200 0.012800 0.004200 0.000200 0.004300 0.008500 0.004300 0.004200 0.004200 0.004300 0.004200 0.000100 0.004300 0.008400 0.004300 0.008500 0.000100 0.008500 0.000100 0.000100 0.004300 0.004300 0.004300 0.004200 0.000100 0.004300 0.004200 0.004200 0.004200 0.004300 0.000200 0.004200 0.004300 0.004200 0.000000 0.004300 0.004300
Bushbuck 0.004400 0.031600 0.000100 0.045600 0.008700 0.004400 0.004300 0.000200 0.000100 0.008600 0.008700 0.000200 0.004300 0.004300 0.004400 0.000200 0.017400 0.008600 0.004400 0.000100 0.004300 0.008700 0.008600 0.008600 0.008700 0.000200 0.004300 0.000100 0.004300 0.000100 0.013000 0.004300 0.013000 0.004300 0.004300 0.000200 0.008700 0.008700 0.000200 0.004300 0.008700 0.000200 0.008500 0.008600 0.000200 0.004300 0.000100 0.008700 0.008600 0.004300 0.000000 0.000100
GreaterKud 0.004300 0.031500 0.000000 0.045500 0.008700 0.004300 0.004300 0.000200 0.000000 0.008600 0.008700 0.000100 0.004300 0.004300 0.004300 0.000200 0.017300 0.008500 0.004300 0.000000 0.004300 0.008700 0.008600 0.008600 0.008700 0.000100 0.004300 0.000000 0.004300 0.000000 0.012900 0.004300 0.013000 0.004300 0.004300 0.000100 0.008700 0.008700 0.000200 0.004300 0.008600 0.000200 0.008500 0.008600 0.000100 0.004300 0.000100 0.008700 0.008600 0.004300 0.000100 0.000000
