1
52 1
Argali 0.000000 0.125300 0.029500 0.116700 0.022200 0.029500 0.014700 0.068900 0.022100 0.037300 0.014700 0.044800 0.014700 0.044500 0.037300 0.044900 0.037100 0.037100 0.037200 0.022100 0.037300 0.022100 0.045000 0.037300 0.014700 0.037400 0.014700 0.029500 0.052700 0.037100 0.045100 0.045000 0.060300 0.029600 0.014700 0.037400 0.022100 0.037200 0.029800 0.037400 0.029700 0.037000 0.037300 0.029700 0.037400 0.029500 0.037500 0.029700 0.022200 0.029600 0.029600 0.029500
LesserMous 0.125300 0.000000 0.093200 0.153100 0.118700 0.126200 0.109700 0.190100 0.101400 0.118700 0.109600 0.126900 0.110000 0.142800 0.135600 0.144000 0.085300 0.085300 0.135100 0.101400 0.135700 0.117900 0.127200 0.118700 0.109600 0.135800 0.110000 0.093200 0.152800 0.101500 0.127400 0.127500 0.093900 0.109900 0.110000 0.136000 0.117900 0.135100 0.127400 0.119100 0.110300 0.134600 0.118700 0.110300 0.135800 0.109400 0.136400 0.110100 0.118700 0.109700 0.109800 0.109300
LesserKudu 0.029500 0.093200 0.000000 0.101000 0.022400 0.029800 0.014800 0.085400 0.007300 0.022400 0.014800 0.029900 0.014800 0.044800 0.037600 0.045300 0.007400 0.007400 0.037400 0.007300 0.037600 0.022200 0.030000 0.022400 0.014800 0.037700 0.014800 0.000000 0.053000 0.007100 0.030100 0.045300 0.030000 0.029800 0.014800 0.037700 0.022300 0.037500 0.030000 0.022500 0.014900 0.037300 0.022400 0.014900 0.037600 0.014800 0.037800 0.014800 0.022400 0.014800 0.014800 0.014800
KillerWhal 0.116700 0.153100 0.101000 0.000000 0.110000 0.117500 0.101200 0.181200 0.092900 0.093700 0.101100 0.117900 0.101500 0.116400 0.126700 0.135300 0.093000 0.093000 0.109800 0.092900 0.126900 0.109200 0.118300 0.110000 0.101100 0.127000 0.101500 0.101000 0.144200 0.109200 0.102100 0.117800 0.118100 0.118000 0.101500 0.127000 0.109300 0.126200 0.118700 0.110300 0.101700 0.117600 0.093700 0.101700 0.126900 0.117400 0.127600 0.118100 0.110000 0.101100 0.101300 0.100700
DefassaWat 0.022200 0.118700 0.022400 0.110000 0.000000 0.022400 0.007400 0.077900 0.014900 0.030200 0.007400 0.037800 0.007400 0.037500 0.030100 0.037800 0.030100 0.030000 0.030100 0.014900 0.030200 0.014900 0.037900 0.030200 0.007400 0.030200 0.007400 0.022400 0.045600 0.030000 0.038000 0.037900 0.053400 0.022500 0.007400 0.030300 0.014900 0.014900 0.020400 0.030300 0.022500 0.029900 0.030200 0.022600 0.030200 0.022400 0.030300 0.022500 0.015000 0.022400 0.022400 0.022400
Sheep 0.029500 0.126200 0.029800 0.117500 0.022400 0.000000 0.014800 0.085500 0.022300 0.037600 0.014700 0.045200 0.014800 0.044800 0.037500 0.045300 0.037400 0.037400 0.037500 0.022300 0.037600 0.022200 0.045300 0.037600 0.014100 0.037700 0.014800 0.029800 0.053000 0.037400 0.045400 0.045300 0.060800 0.029800 0.014800 0.037700 0.022200 0.037500 0.030000 0.037700 0.030000 0.037300 0.037600 0.030000 0.037600 0.029700 0.037800 0.029900 0.022400 0.029800 0.029800 0.029700
MaxwellsDu 0.014700 0.109700 0.014800 0.101200 0.007400 0.014800 0.000000 0.069500 0.007400 0.022400 0.000100 0.029900 0.000000 0.029700 0.022400 0.030000 0.022300 0.022300 0.022300 0.007400 0.022400 0.007400 0.030000 0.022400 0.000100 0.022500 0.000000 0.014800 0.037600 0.022300 0.030100 0.030000 0.045300 0.014800 0.000000 0.022500 0.007400 0.022300 0.014900 0.022500 0.014900 0.022200 0.022400 0.014900 0.022400 0.014800 0.022500 0.014900 0.007400 0.014800 0.014800 0.014800
GazellaPrz 0.068900 0.190100 0.085400 0.181200 0.077900 0.085500 0.069500 0.000000 0.077400 0.077900 0.069400 0.076800 0.069700 0.101500 0.094200 0.069800 0.093700 0.093600 0.094000 0.077400 0.046000 0.061300 0.085800 0.061600 0.069400 0.061900 0.069700 0.085400 0.078000 0.085300 0.086200 0.102700 0.102100 0.069600 0.069700 0.061400 0.069300 0.093900 0.086300 0.069900 0.069700 0.077400 0.077900 0.069700 0.069300 0.069300 0.094900 0.085900 0.077900 0.085400 0.085600 0.085200
MountainNy 0.022100 0.101400 0.007300 0.092900 0.014900 0.022300 0.007400 0.077400 0.000000 0.014900 0.007400 0.022400 0.007400 0.037200 0.030000 0.037600 0.014800 0.014800 0.029900 0.000000 0.030000 0.014800 0.022400 0.014900 0.007400 0.030100 0.007400 0.007100 0.045300 0.014800 0.022500 0.037700 0.037600 0.022300 0.007400 0.030100 0.014800 0.029900 0.022400 0.014900 0.007400 0.029800 0.014900 0.007400 0.030000 0.022200 0.030100 0.022400 0.014900 0.007400 0.007400 0.007400
MuntiacusM 0.037300 0.118700 0.022400 0.093700 0.030200 0.037600 0.022400 0.077900 0.014900 0.000000 0.022400 0.037600 0.022400 0.052800 0.045600 0.037800 0.030100 0.030000 0.045400 0.014900 0.030200 0.030000 0.022500 0.014900 0.022400 0.030200 0.022400 0.022400 0.045500 0.030000 0.007500 0.053500 0.053200 0.037700 0.022400 0.045600 0.030000 0.045300 0.037900 0.015000 0.007500 0.045200 0.000000 0.007400 0.045700 0.037600 0.045900 0.037800 0.030200 0.022300 0.022400 0.022400
goat 0.014700 0.109600 0.014800 0.101100 0.007400 0.014700 0.000100 0.069400 0.007400 0.022400 0.000000 0.029900 0.000000 0.029600 0.022400 0.030000 0.022300 0.022300 0.022300 0.007400 0.022400 0.007300 0.030000 0.022400 0.000000 0.022400 0.000000 0.014800 0.037600 0.022300 0.030100 0.030000 0.045300 0.014800 0.000000 0.022400 0.007100 0.022300 0.014900 0.022500 0.014900 0.022200 0.022400 0.014900 0.022400 0.014700 0.022500 0.014800 0.007400 0.014800 0.014800 0.014700
AfricanBuf 0.044800 0.126900 0.029900 0.117900 0.037800 0.045200 0.029900 0.076800 0.022400 0.037600 0.029900 0.000000 0.029900 0.060400 0.053200 0.061000 0.037600 0.037500 0.053000 0.022400 0.037700 0.022300 0.045500 0.022400 0.029900 0.053300 0.029900 0.029900 0.068900 0.029900 0.045400 0.061200 0.045300 0.045300 0.029900 0.029800 0.029900 0.052900 0.045500 0.030200 0.030100 0.052800 0.037600 0.030000 0.022200 0.045100 0.053500 0.045400 0.037800 0.029800 0.029900 0.029800
Topi 0.014700 0.110000 0.014800 0.101500 0.007400 0.014800 0.000000 0.069700 0.007400 0.022400 0.000000 0.029900 0.000000 0.029800 0.022500 0.030000 0.022400 0.022300 0.022400 0.007400 0.022500 0.007400 0.030100 0.021300 0.000000 0.022500 0.000000 0.014800 0.037700 0.022300 0.030100 0.030100 0.045300 0.014900 0.000000 0.022500 0.007400 0.022300 0.015000 0.022500 0.014900 0.022300 0.022400 0.014900 0.022500 0.014800 0.022600 0.014900 0.007400 0.014200 0.014900 0.014800
CommonDuik 0.044500 0.142800 0.044800 0.116400 0.037500 0.044800 0.029700 0.101500 0.037200 0.052800 0.029600 0.060400 0.029800 0.000000 0.052800 0.060500 0.052600 0.052600 0.052600 0.037200 0.052900 0.037200 0.060600 0.052800 0.029600 0.052900 0.029800 0.044800 0.068500 0.052500 0.060800 0.029700 0.076200 0.045000 0.029800 0.053000 0.037200 0.052600 0.045200 0.053000 0.045100 0.044800 0.052800 0.045100 0.052900 0.044700 0.053100 0.045000 0.037500 0.044800 0.044900 0.044700
Suni 0.037300 0.135600 0.037600 0.126700 0.030100 0.037500 0.022400 0.094200 0.030000 0.045600 0.022400 0.053200 0.022500 0.052800 0.000000 0.053300 0.045400 0.045300 0.045400 0.030000 0.045600 0.029900 0.045400 0.045600 0.022400 0.045600 0.022500 0.037600 0.061200 0.045300 0.053500 0.053400 0.069100 0.037700 0.022500 0.045700 0.029900 0.045400 0.037900 0.045700 0.037800 0.045200 0.045600 0.037800 0.045600 0.037500 0.045800 0.037700 0.022500 0.037600 0.037600 0.037500
Springbuck 0.044900 0.144000 0.045300 0.135300 0.037800 0.045300 0.030000 0.069800 0.037600 0.037800 0.030000 0.061000 0.030000 0.060500 0.053300 0.000000 0.053100 0.053000 0.053200 0.037600 0.022500 0.037600 0.045500 0.037700 0.030000 0.007400 0.030000 0.045300 0.030000 0.053000 0.045600 0.061300 0.077000 0.045400 0.030000 0.053500 0.037600 0.053100 0.045600 0.037800 0.030100 0.029800 0.037800 0.030100 0.053400 0.045200 0.053700 0.045400 0.037800 0.045200 0.045300 0.045100
Okapi 0.037100 0.085300 0.007400 0.093000 0.030100 0.037400 0.022300 0.093700 0.014800 0.030100 0.022300 0.037600 0.022400 0.052600 0.045400 0.053100 0.000000 0.000000 0.045200 0.014800 0.045400 0.029800 0.037800 0.030100 0.022300 0.045500 0.022400 0.007400 0.060900 0.014800 0.037800 0.053200 0.022500 0.037500 0.022400 0.045500 0.029900 0.045300 0.037700 0.030200 0.022500 0.045000 0.030100 0.022500 0.045400 0.022300 0.045600 0.022400 0.030000 0.022300 0.022300 0.022300
Giraffe 0.037100 0.085300 0.007400 0.093000 0.030000 0.037400 0.022300 0.093600 0.014800 0.030000 0.022300 0.037500 0.022300 0.052600 0.045300 0.053000 0.000000 0.000000 0.045200 0.014800 0.045400 0.029800 0.037700 0.030000 0.022300 0.045400 0.022300 0.007400 0.060900 0.014800 0.037700 0.053200 0.022400 0.037500 0.022300 0.045400 0.029900 0.045100 0.037700 0.030200 0.022400 0.045000 0.030000 0.022400 0.045400 0.022300 0.045600 0.022400 0.030000 0.022200 0.022300 0.022300
TibetanAnt 0.037200 0.135100 0.037400 0.109800 0.030100 0.037500 0.022300 0.094000 0.029900 0.045400 0.022300 0.053000 0.022400 0.052600 0.045400 0.053200 0.045200 0.045200 0.000000 0.029900 0.045500 0.029900 0.053200 0.045400 0.022300 0.045500 0.022400 0.037400 0.061100 0.045100 0.053400 0.053300 0.068900 0.037500 0.022400 0.045500 0.029900 0.045300 0.037800 0.045600 0.037700 0.045100 0.045400 0.037700 0.045500 0.037400 0.045700 0.037600 0.030000 0.022300 0.037500 0.037400
Sitatunga 0.022100 0.101400 0.007300 0.092900 0.014900 0.022300 0.007400 0.077400 0.000000 0.014900 0.007400 0.022400 0.007400 0.037200 0.030000 0.037600 0.014800 0.014800 0.029900 0.000000 0.030000 0.014800 0.022400 0.014900 0.007400 0.030100 0.007400 0.007300 0.045300 0.014200 0.022500 0.037700 0.037600 0.022300 0.007400 0.030100 0.014800 0.029900 0.022400 0.014900 0.007400 0.029800 0.014900 0.007400 0.030000 0.022200 0.030100 0.022400 0.014900 0.007400 0.007400 0.007400
Oribi 0.037300 0.135700 0.037600 0.126900 0.030200 0.037600 0.022400 0.046000 0.030000 0.030200 0.022400 0.037700 0.022500 0.052900 0.045600 0.022500 0.045400 0.045400 0.045500 0.030000 0.000000 0.014900 0.037800 0.014900 0.022400 0.015000 0.022500 0.037600 0.030100 0.045400 0.037900 0.053500 0.053400 0.037700 0.022500 0.030200 0.030000 0.045500 0.037900 0.030200 0.022500 0.030000 0.030200 0.022500 0.030200 0.037600 0.045900 0.037800 0.030200 0.037600 0.037700 0.037500
BarbaryShe 0.022100 0.117900 0.022200 0.109200 0.014900 0.022200 0.007400 0.061300 0.014800 0.030000 0.007300 0.022300 0.007400 0.037200 0.029900 0.037600 0.029800 0.029800 0.029900 0.014800 0.014900 0.000000 0.037600 0.014900 0.007100 0.030000 0.007400 0.022200 0.045300 0.029800 0.037700 0.037600 0.037600 0.022300 0.007400 0.014900 0.014700 0.029900 0.022400 0.030100 0.022400 0.029700 0.030000 0.022400 0.014900 0.022200 0.030100 0.022300 0.014900 0.022300 0.022300 0.022200
Daviddeer 0.045000 0.127200 0.030000 0.118300 0.037900 0.045300 0.030000 0.085800 0.022400 0.022500 0.030000 0.045500 0.030100 0.060600 0.045400 0.045500 0.037800 0.037700 0.053200 0.022400 0.037800 0.037600 0.000000 0.022500 0.030000 0.037900 0.030100 0.030000 0.053300 0.037700 0.030200 0.061400 0.061400 0.045400 0.030100 0.053600 0.037700 0.053300 0.045700 0.022600 0.014900 0.053000 0.022500 0.015000 0.053500 0.045200 0.053700 0.045500 0.037900 0.030000 0.030100 0.014900
Reindeer 0.037300 0.118700 0.022400 0.110000 0.030200 0.037600 0.022400 0.061600 0.014900 0.014900 0.022400 0.022400 0.021300 0.052800 0.045600 0.037700 0.030100 0.030000 0.045400 0.014900 0.014900 0.014900 0.022500 0.000000 0.022400 0.030200 0.022400 0.022400 0.045500 0.030000 0.022500 0.053500 0.037700 0.037700 0.022400 0.030100 0.030000 0.045300 0.037900 0.015000 0.007500 0.045200 0.014900 0.007100 0.030200 0.037500 0.045800 0.037800 0.030200 0.022300 0.022400 0.022400
Ibex 0.014700 0.109600 0.014800 0.101100 0.007400 0.014100 0.000100 0.069400 0.007400 0.022400 0.000000 0.029900 0.000000 0.029600 0.022400 0.030000 0.022300 0.022300 0.022300 0.007400 0.022400 0.007100 0.030000 0.022400 0.000000 0.022400 0.000000 0.014800 0.037600 0.022300 0.030100 0.030000 0.045300 0.014800 0.000000 0.022400 0.007100 0.022300 0.014900 0.022500 0.014900 0.022200 0.022400 0.014900 0.022400 0.014700 0.022500 0.014800 0.007400 0.014800 0.014800 0.014700
GyrantGaze 0.037400 0.135800 0.037700 0.127000 0.030200 0.037700 0.022500 0.061900 0.030100 0.030200 0.022400 0.053300 0.022500 0.052900 0.045600 0.007400 0.045500 0.045400 0.045500 0.030100 0.015000 0.030000 0.037900 0.030200 0.022400 0.000000 0.022500 0.037700 0.022400 0.045400 0.038000 0.053500 0.069300 0.037700 0.022500 0.045800 0.030100 0.045500 0.038000 0.030300 0.022500 0.022300 0.030200 0.022500 0.045700 0.037600 0.045900 0.037800 0.030200 0.037700 0.037800 0.037600
Hartebeest 0.014700 0.110000 0.014800 0.101500 0.007400 0.014800 0.000000 0.069700 0.007400 0.022400 0.000000 0.029900 0.000000 0.029800 0.022500 0.030000 0.022400 0.022300 0.022400 0.007400 0.022500 0.007400 0.030100 0.022400 0.000000 0.022500 0.000000 0.014800 0.037700 0.022300 0.030100 0.030100 0.045300 0.014900 0.000000 0.022500 0.007400 0.022300 0.015000 0.022500 0.014900 0.022300 0.022400 0.014900 0.022500 0.014800 0.022600 0.014900 0.007400 0.014800 0.014900 0.014800
Bongo 0.029500 0.093200 0.000000 0.101000 0.022400 0.029800 0.014800 0.085400 0.007100 0.022400 0.014800 0.029900 0.014800 0.044800 0.037600 0.045300 0.007400 0.007400 0.037400 0.007300 0.037600 0.022200 0.030000 0.022400 0.014800 0.037700 0.014800 0.000000 0.053000 0.007100 0.030100 0.045300 0.030000 0.029800 0.014800 0.037700 0.022300 0.037500 0.030000 0.022500 0.014900 0.037300 0.022400 0.014900 0.037600 0.014800 0.037800 0.014800 0.022400 0.014800 0.014800 0.014800
Gerenuk 0.052700 0.152800 0.053000 0.144200 0.045600 0.053000 0.037600 0.078000 0.045300 0.045500 0.037600 0.068900 0.037700 0.068500 0.061200 0.030000 0.060900 0.060900 0.061100 0.045300 0.030100 0.045300 0.053300 0.045500 0.037600 0.022400 0.037700 0.053000 0.000000 0.060800 0.053400 0.069300 0.085000 0.053200 0.037700 0.061400 0.045300 0.061000 0.053500 0.045600 0.037700 0.029800 0.045500 0.037700 0.061300 0.052900 0.061600 0.053200 0.045500 0.053000 0.053100 0.052900
CommonElan 0.037100 0.101500 0.007100 0.109200 0.030000 0.037400 0.022300 0.085300 0.014800 0.030000 0.022300 0.029900 0.022300 0.052500 0.045300 0.053000 0.014800 0.014800 0.045100 0.014200 0.045400 0.029800 0.037700 0.030000 0.022300 0.045400 0.022300 0.007100 0.060800 0.000000 0.037700 0.053100 0.037700 0.037500 0.022300 0.037700 0.014800 0.045200 0.037700 0.014900 0.022400 0.045000 0.030000 0.022400 0.037600 0.022200 0.045500 0.022400 0.030000 0.022300 0.022300 0.022200
MuntiacusR 0.045100 0.127400 0.030100 0.102100 0.038000 0.045400 0.030100 0.086200 0.022500 0.007500 0.030100 0.045400 0.030100 0.060800 0.053500 0.045600 0.037800 0.037700 0.053400 0.022500 0.037900 0.037700 0.030200 0.022500 0.030100 0.038000 0.030100 0.030100 0.053400 0.037700 0.000000 0.061500 0.061200 0.045500 0.030100 0.053500 0.037700 0.053200 0.045800 0.020700 0.015000 0.053100 0.007500 0.014500 0.053600 0.045300 0.053900 0.045600 0.037900 0.030000 0.030100 0.030000
HarveysDui 0.045000 0.127500 0.045300 0.117800 0.037900 0.045300 0.030000 0.102700 0.037700 0.053500 0.030000 0.061200 0.030100 0.029700 0.053400 0.061300 0.053200 0.053200 0.053300 0.037700 0.053500 0.037600 0.061400 0.053500 0.030000 0.053500 0.030100 0.045300 0.069300 0.053100 0.061500 0.000000 0.061300 0.045400 0.030100 0.053600 0.037700 0.053300 0.045700 0.053600 0.045600 0.050700 0.053500 0.045600 0.053500 0.045300 0.053700 0.045500 0.037900 0.045400 0.045400 0.045200
Pronghorn 0.060300 0.093900 0.030000 0.118100 0.053400 0.060800 0.045300 0.102100 0.037600 0.053200 0.045300 0.045300 0.045300 0.076200 0.069100 0.077000 0.022500 0.022400 0.068900 0.037600 0.053400 0.037600 0.061400 0.037700 0.045300 0.069300 0.045300 0.030000 0.085000 0.037700 0.061200 0.061300 0.000000 0.061000 0.045300 0.053300 0.053100 0.068700 0.061300 0.053600 0.045600 0.068500 0.053200 0.045500 0.053400 0.045200 0.069500 0.045500 0.053400 0.045200 0.045400 0.045200
BlueWildeb 0.029600 0.109900 0.029800 0.118000 0.022500 0.029800 0.014800 0.069600 0.022300 0.037700 0.014800 0.045300 0.014900 0.045000 0.037700 0.045400 0.037500 0.037500 0.037500 0.022300 0.037700 0.022300 0.045400 0.037700 0.014800 0.037700 0.014900 0.029800 0.053200 0.037500 0.045500 0.045400 0.061000 0.000000 0.014900 0.037800 0.022300 0.037600 0.030100 0.037800 0.030000 0.041700 0.037700 0.030000 0.037700 0.029800 0.037900 0.030000 0.022400 0.029900 0.029900 0.029800
Gemsbok 0.014700 0.110000 0.014800 0.101500 0.007400 0.014800 0.000000 0.069700 0.007400 0.022400 0.000000 0.029900 0.000000 0.029800 0.022500 0.030000 0.022400 0.022300 0.022400 0.007400 0.022500 0.007400 0.030100 0.022400 0.000000 0.022500 0.000000 0.014800 0.037700 0.022300 0.030100 0.030100 0.045300 0.014900 0.000000 0.022500 0.007400 0.022300 0.015000 0.022500 0.014900 0.022300 0.022400 0.014900 0.022500 0.014800 0.022600 0.014900 0.007400 0.014800 0.014900 0.014800
Yak 0.037400 0.136000 0.037700 0.127000 0.030300 0.037700 0.022500 0.061400 0.030100 0.045600 0.022400 0.029800 0.022500 0.053000 0.045700 0.053500 0.045500 0.045400 0.045500 0.030100 0.030200 0.014900 0.053600 0.030100 0.022400 0.045800 0.022500 0.037700 0.061400 0.037700 0.053500 0.053600 0.053300 0.037800 0.022500 0.000000 0.022400 0.045400 0.038000 0.038000 0.037900 0.045300 0.045600 0.037800 0.007400 0.037600 0.046000 0.037900 0.030200 0.037600 0.037800 0.037600
BlueSheep 0.022100 0.117900 0.022300 0.109300 0.014900 0.022200 0.007400 0.069300 0.014800 0.030000 0.007100 0.029900 0.007400 0.037200 0.029900 0.037600 0.029900 0.029900 0.029900 0.014800 0.030000 0.014700 0.037700 0.030000 0.007100 0.030100 0.007400 0.022300 0.045300 0.014800 0.037700 0.037700 0.053100 0.022300 0.007400 0.022400 0.000000 0.029900 0.022400 0.014900 0.022400 0.029700 0.030000 0.022400 0.022400 0.022200 0.030100 0.022400 0.014900 0.022300 0.022300 0.022200
BohorReedb 0.037200 0.135100 0.037500 0.126200 0.014900 0.037500 0.022300 0.093900 0.029900 0.045300 0.022300 0.052900 0.022300 0.052600 0.045400 0.053100 0.045300 0.045100 0.045300 0.029900 0.045500 0.029900 0.053300 0.045300 0.022300 0.045500 0.022300 0.037500 0.061000 0.045200 0.053200 0.053300 0.068700 0.037600 0.022300 0.045400 0.029900 0.000000 0.037800 0.045600 0.037700 0.045100 0.045300 0.037600 0.045500 0.037400 0.045700 0.037600 0.030100 0.037400 0.037500 0.037400
KirksDik 0.029800 0.127400 0.030000 0.118700 0.020400 0.030000 0.014900 0.086300 0.022400 0.037900 0.014900 0.045500 0.015000 0.045200 0.037900 0.045600 0.037700 0.037700 0.037800 0.022400 0.037900 0.022400 0.045700 0.037900 0.014900 0.038000 0.015000 0.030000 0.053500 0.037700 0.045800 0.045700 0.061300 0.030100 0.015000 0.038000 0.022400 0.037800 0.000000 0.038000 0.030200 0.037600 0.037900 0.030200 0.037900 0.030000 0.038100 0.030100 0.022600 0.030000 0.030100 0.029900
RoeDeer 0.037400 0.119100 0.022500 0.110300 0.030300 0.037700 0.022500 0.069900 0.014900 0.015000 0.022500 0.030200 0.022500 0.053000 0.045700 0.037800 0.030200 0.030200 0.045600 0.014900 0.030200 0.030100 0.022600 0.015000 0.022500 0.030300 0.022500 0.022500 0.045600 0.014900 0.020700 0.053600 0.053600 0.037800 0.022500 0.038000 0.014900 0.045600 0.038000 0.000000 0.007500 0.045300 0.015000 0.007500 0.038000 0.037700 0.046000 0.037900 0.030300 0.022500 0.022500 0.022400
WhiteLippe 0.029700 0.110300 0.014900 0.101700 0.022500 0.030000 0.014900 0.069700 0.007400 0.007500 0.014900 0.030100 0.014900 0.045100 0.037800 0.030100 0.022500 0.022400 0.037700 0.007400 0.022500 0.022400 0.014900 0.007500 0.014900 0.022500 0.014900 0.014900 0.037700 0.022400 0.015000 0.045600 0.045600 0.030000 0.014900 0.037900 0.022400 0.037700 0.030200 0.007500 0.000000 0.037500 0.007500 0.000000 0.037900 0.029900 0.038100 0.030100 0.022500 0.014900 0.014900 0.014800
ThomsonGaz 0.037000 0.134600 0.037300 0.117600 0.029900 0.037300 0.022200 0.077400 0.029800 0.045200 0.022200 0.052800 0.022300 0.044800 0.045200 0.029800 0.045000 0.045000 0.045100 0.029800 0.030000 0.029700 0.053000 0.045200 0.022200 0.022300 0.022300 0.037300 0.029800 0.045000 0.053100 0.050700 0.068500 0.041700 0.022300 0.045300 0.029700 0.045100 0.037600 0.045300 0.037500 0.000000 0.045200 0.037500 0.045300 0.037200 0.045500 0.037500 0.029900 0.037300 0.037400 0.037200
MuntiacusC 0.037300 0.118700 0.022400 0.093700 0.030200 0.037600 0.022400 0.077900 0.014900 0.000000 0.022400 0.037600 0.022400 0.052800 0.045600 0.037800 0.030100 0.030000 0.045400 0.014900 0.030200 0.030000 0.022500 0.014900 0.022400 0.030200 0.022400 0.022400 0.045500 0.030000 0.007500 0.053500 0.053200 0.037700 0.022400 0.045600 0.030000 0.045300 0.037900 0.015000 0.007500 0.045200 0.000000 0.007400 0.045700 0.037600 0.045900 0.037800 0.030200 0.022300 0.022400 0.022400
WhiteTaile 0.029700 0.110300 0.014900 0.101700 0.022600 0.030000 0.014900 0.069700 0.007400 0.007400 0.014900 0.030000 0.014900 0.045100 0.037800 0.030100 0.022500 0.022400 0.037700 0.007400 0.022500 0.022400 0.015000 0.007100 0.014900 0.022500 0.014900 0.014900 0.037700 0.022400 0.014500 0.045600 0.045500 0.030000 0.014900 0.037800 0.022400 0.037600 0.030200 0.007500 0.000000 0.037500 0.007400 0.000000 0.037900 0.029900 0.038100 0.030100 0.022500 0.014100 0.014900 0.014800
Cattle 0.037400 0.135800 0.037600 0.126900 0.030200 0.037600 0.022400 0.069300 0.030000 0.045700 0.022400 0.022200 0.022500 0.052900 0.045600 0.053400 0.045400 0.045400 0.045500 0.030000 0.030200 0.014900 0.053500 0.030200 0.022400 0.045700 0.022500 0.037600 0.061300 0.037600 0.053600 0.053500 0.053400 0.037700 0.022500 0.007400 0.022400 0.045500 0.037900 0.038000 0.037900 0.045300 0.045700 0.037900 0.000000 0.037600 0.045900 0.037800 0.030200 0.037700 0.037700 0.037600
RoyalAntel 0.029500 0.109400 0.014800 0.117400 0.022400 0.029700 0.014800 0.069300 0.022200 0.037600 0.014700 0.045100 0.014800 0.044700 0.037500 0.045200 0.022300 0.022300 0.037400 0.022200 0.037600 0.022200 0.045200 0.037500 0.014700 0.037600 0.014800 0.014800 0.052900 0.022200 0.045300 0.045300 0.045200 0.029800 0.014800 0.037600 0.022200 0.037400 0.030000 0.037700 0.029900 0.037200 0.037600 0.029900 0.037600 0.000000 0.037700 0.014800 0.022400 0.029700 0.029800 0.029700
Steenbok 0.037500 0.136400 0.037800 0.127600 0.030300 0.037800 0.022500 0.094900 0.030100 0.045900 0.022500 0.053500 0.022600 0.053100 0.045800 0.053700 0.045600 0.045600 0.045700 0.030100 0.045900 0.030100 0.053700 0.045800 0.022500 0.045900 0.022600 0.037800 0.061600 0.045500 0.053900 0.053700 0.069500 0.037900 0.022600 0.046000 0.030100 0.045700 0.038100 0.046000 0.038100 0.045500 0.045900 0.038100 0.045900 0.037700 0.000000 0.038000 0.030300 0.037800 0.037900 0.037700
Impala 0.029700 0.110100 0.014800 0.118100 0.022500 0.029900 0.014900 0.085900 0.022400 0.037800 0.014800 0.045400 0.014900 0.045000 0.037700 0.045400 0.022400 0.022400 0.037600 0.022400 0.037800 0.022300 0.045500 0.037800 0.014800 0.037800 0.014900 0.014800 0.053200 0.022400 0.045600 0.045500 0.045500 0.030000 0.014900 0.037900 0.022400 0.037600 0.030100 0.037900 0.030100 0.037500 0.037800 0.030100 0.037800 0.014800 0.038000 0.000000 0.022500 0.029900 0.029900 0.029800
Klipspring 0.022200 0.118700 0.022400 0.110000 0.015000 0.022400 0.007400 0.077900 0.014900 0.030200 0.007400 0.037800 0.007400 0.037500 0.022500 0.037800 0.030000 0.030000 0.030000 0.014900 0.030200 0.014900 0.037900 0.030200 0.007400 0.030200 0.007400 0.022400 0.045500 0.030000 0.037900 0.037900 0.053400 0.022400 0.007400 0.030200 0.014900 0.030100 0.022600 0.030300 0.022500 0.029900 0.030200 0.022500 0.030200 0.022400 0.030300 0.022500 0.000000 0.022400 0.022400 0.022300
ForestMusk 0.029600 0.109700 0.014800 0.101100 0.022400 0.029800 0.014800 0.085400 0.007400 0.022300 0.014800 0.029800 0.014200 0.044800 0.037600 0.045200 0.022300 0.022200 0.022300 0.007400 0.037600 0.022300 0.030000 0.022300 0.014800 0.037700 0.014800 0.014800 0.053000 0.022300 0.030000 0.045400 0.045200 0.029900 0.014800 0.037600 0.022300 0.037400 0.030000 0.022500 0.014900 0.037300 0.022300 0.014100 0.037700 0.029700 0.037800 0.029900 0.022400 0.000000 0.014800 0.014800
Bushbuck 0.029600 0.109800 0.014800 0.101300 0.022400 0.029800 0.014800 0.085600 0.007400 0.022400 0.014800 0.029900 0.014900 0.044900 0.037600 0.045300 0.022300 0.022300 0.037500 0.007400 0.037700 0.022300 0.030100 0.022400 0.014800 0.037800 0.014900 0.014800 0.053100 0.022300 0.030100 0.045400 0.045400 0.029900 0.014900 0.037800 0.022300 0.037500 0.030100 0.022500 0.014900 0.037400 0.022400 0.014900 0.037700 0.029800 0.037900 0.029900 0.022400 0.014800 0.000000 0.014800
GreaterKud 0.029500 0.109300 0.014800 0.100700 0.022400 0.029700 0.014800 0.085200 0.007400 0.022400 0.014700 0.029800 0.014800 0.044700 0.037500 0.045100 0.022300 0.022300 0.037400 0.007400 0.037500 0.022200 0.014900 0.022400 0.014700 0.037600 0.014800 0.014800 0.052900 0.022200 0.030000 0.045200 0.045200 0.029800 0.014800 0.037600 0.022200 0.037400 0.029900 0.022400 0.014800 0.037200 0.022400 0.014800 0.037600 0.029700 0.037700 0.029800 0.022300 0.014800 0.014800 0.000000
