1
52 1
Argali 0.000000 0.006300 0.000000 0.003100 0.003100 0.000000 0.000000 0.000000 0.000000 0.003100 0.000000 0.003100 0.000000 0.000000 0.000000 0.003100 0.000000 0.000100 0.000000 0.000000 0.000000 0.000000 0.000000 0.000000 0.000000 0.003100 0.000000 0.000000 0.000000 0.000000 0.003100 0.000000 0.000100 0.000000 0.000000 0.000000 0.000000 0.000000 0.000000 0.000100 0.000000 0.000100 0.025300 0.003100 0.000000 0.000000 0.003100 0.000000 0.000000 0.000000 0.000000 0.000000
LesserMous 0.006300 0.000000 0.006300 0.003100 0.009400 0.006300 0.006300 0.006300 0.006300 0.009400 0.006300 0.009400 0.006300 0.006300 0.006300 0.003100 0.006300 0.006200 0.006300 0.006300 0.006300 0.006300 0.006300 0.006300 0.006300 0.009400 0.006300 0.006300 0.006300 0.006300 0.009400 0.006300 0.006300 0.006300 0.006300 0.006300 0.006300 0.006300 0.006300 0.006300 0.006300 0.006300 0.031900 0.009400 0.006300 0.006300 0.009400 0.006300 0.006300 0.006300 0.006300 0.006300
LesserKudu 0.000000 0.006300 0.000000 0.003100 0.003100 0.000000 0.000000 0.000000 0.000000 0.003100 0.000000 0.003100 0.000000 0.000000 0.000000 0.003100 0.000000 0.000000 0.000000 0.000000 0.000000 0.000000 0.000000 0.000000 0.000000 0.003100 0.000000 0.000000 0.000000 0.000000 0.003100 0.000000 0.000000 0.000000 0.000000 0.000000 0.000000 0.000000 0.000000 0.000000 0.000000 0.000000 0.025400 0.003100 0.000000 0.000000 0.003100 0.000000 0.000000 0.000000 0.000000 0.000000
KillerWhal 0.003100 0.003100 0.003100 0.000000 0.006300 0.003100 0.003100 0.003100 0.003100 0.006300 0.003100 0.006300 0.003100 0.003100 0.003100 0.006300 0.003100 0.003100 0.003100 0.003100 0.003100 0.003100 0.003100 0.003100 0.003100 0.006300 0.003100 0.003100 0.003100 0.003100 0.006300 0.003100 0.003100 0.003100 0.003100 0.003100 0.003100 0.003100 0.003100 0.003100 0.003100 0.003100 0.028600 0.006300 0.003100 0.003100 0.006300 0.003100 0.003100 0.003100 0.003100 0.003100
DefassaWat 0.003100 0.009400 0.003100 0.006300 0.000000 0.003100 0.003100 0.003100 0.003100 0.006200 0.003100 0.006200 0.003100 0.003100 0.003100 0.006200 0.003100 0.003100 0.003100 0.003100 0.003100 0.003100 0.003100 0.003100 0.003100 0.006200 0.003100 0.003100 0.003100 0.003100 0.006200 0.003100 0.003100 0.003100 0.003100 0.003100 0.003100 0.003100 0.003100 0.003100 0.003100 0.003100 0.028500 0.006200 0.003100 0.003100 0.000000 0.003100 0.003100 0.003100 0.003100 0.003100
Sheep 0.000000 0.006300 0.000000 0.003100 0.003100 0.000000 0.000000 0.000000 0.000000 0.003100 0.000000 0.003100 0.000000 0.000000 0.000000 0.003100 0.000000 0.000100 0.000000 0.000000 0.000000 0.000000 0.000000 0.000000 0.000000 0.003100 0.000000 0.000000 0.000000 0.000000 0.003100 0.000000 0.000100 0.000000 0.000000 0.000000 0.000000 0.000000 0.000000 0.000000 0.000000 0.000100 0.025300 0.003100 0.000000 0.000000 0.003100 0.000000 0.000000 0.000000 0.000000 0.000000
MaxwellsDu 0.000000 0.006300 0.000000 0.003100 0.003100 0.000000 0.000000 0.000000 0.000000 0.003100 0.000000 0.003100 0.000000 0.000000 0.000000 0.003100 0.000000 0.000000 0.000000 0.000000 0.000000 0.000000 0.000000 0.000000 0.000000 0.003100 0.000000 0.000000 0.000000 0.000000 0.003100 0.000000 0.000000 0.000000 0.000000 0.000000 0.000000 0.000000 0.000000 0.000000 0.000000 0.000000 0.025300 0.003100 0.000000 0.000000 0.003100 0.000000 0.000000 0.000000 0.000000 0.000000
GazellaPrz 0.000000 0.006300 0.000000 0.003100 0.003100 0.000000 0.000000 0.000000 0.000000 0.003100 0.000000 0.003100 0.000000 0.000000 0.000000 0.003100 0.000000 0.000000 0.000000 0.000000 0.000000 0.000000 0.000000 0.000000 0.000000 0.003100 0.000000 0.000000 0.000000 0.000000 0.003100 0.000000 0.000000 0.000000 0.000000 0.000000 0.000000 0.000000 0.000000 0.000000 0.000000 0.000000 0.025400 0.003100 0.000000 0.000000 0.003100 0.000000 0.000000 0.000000 0.000000 0.000000
MountainNy 0.000000 0.006300 0.000000 0.003100 0.003100 0.000000 0.000000 0.000000 0.000000 0.003100 0.000000 0.003100 0.000000 0.000000 0.000000 0.003100 0.000000 0.000000 0.000000 0.000000 0.000000 0.000000 0.000000 0.000000 0.000000 0.003100 0.000000 0.000000 0.000000 0.000000 0.003100 0.000000 0.000000 0.000000 0.000000 0.000000 0.000000 0.000000 0.000000 0.000000 0.000000 0.000000 0.025400 0.003100 0.000000 0.000000 0.003100 0.000000 0.000000 0.000000 0.000000 0.000000
MuntiacusM 0.003100 0.009400 0.003100 0.006300 0.006200 0.003100 0.003100 0.003100 0.003100 0.000000 0.003100 0.006300 0.003100 0.003100 0.003100 0.006200 0.003100 0.003100 0.003100 0.003100 0.003100 0.003100 0.003100 0.003100 0.003100 0.006300 0.003100 0.003100 0.003100 0.003100 0.000000 0.003100 0.003100 0.003100 0.003100 0.003100 0.003100 0.003100 0.003100 0.003100 0.003100 0.003100 0.022200 0.006300 0.003100 0.003100 0.006200 0.003100 0.003100 0.003100 0.003100 0.003100
goat 0.000000 0.006300 0.000000 0.003100 0.003100 0.000000 0.000000 0.000000 0.000000 0.003100 0.000000 0.003100 0.000000 0.000000 0.000000 0.003100 0.000000 0.000100 0.000000 0.000000 0.000000 0.000000 0.000000 0.000000 0.000000 0.003100 0.000000 0.000000 0.000000 0.000000 0.003100 0.000000 0.000100 0.000000 0.000000 0.000000 0.000000 0.000000 0.000000 0.000100 0.000000 0.000100 0.025300 0.003100 0.000000 0.000000 0.003100 0.000000 0.000000 0.000000 0.000000 0.000000
AfricanBuf 0.003100 0.009400 0.003100 0.006300 0.006200 0.003100 0.003100 0.003100 0.003100 0.006300 0.003100 0.000000 0.003100 0.003100 0.003100 0.006200 0.003100 0.003100 0.003100 0.003100 0.003100 0.003100 0.003100 0.003100 0.003100 0.006300 0.003100 0.003100 0.003100 0.003100 0.006300 0.003100 0.003100 0.003100 0.003100 0.003100 0.003100 0.003100 0.003100 0.003100 0.003100 0.003100 0.028700 0.006300 0.003100 0.003100 0.006200 0.003100 0.003100 0.003100 0.003100 0.003100
Topi 0.000000 0.006300 0.000000 0.003100 0.003100 0.000000 0.000000 0.000000 0.000000 0.003100 0.000000 0.003100 0.000000 0.000000 0.000000 0.003100 0.000000 0.000000 0.000000 0.000000 0.000000 0.000000 0.000000 0.000000 0.000000 0.003100 0.000000 0.000000 0.000000 0.000000 0.003100 0.000000 0.000000 0.000000 0.000000 0.000000 0.000000 0.000000 0.000000 0.000000 0.000000 0.000000 0.025300 0.003100 0.000000 0.000000 0.003100 0.000000 0.000000 0.000000 0.000000 0.000000
CommonDuik 0.000000 0.006300 0.000000 0.003100 0.003100 0.000000 0.000000 0.000000 0.000000 0.003100 0.000000 0.003100 0.000000 0.000000 0.000000 0.003100 0.000000 0.000000 0.000000 0.000000 0.000000 0.000000 0.000000 0.000000 0.000000 0.003100 0.000000 0.000000 0.000000 0.000000 0.003100 0.000000 0.000000 0.000000 0.000000 0.000000 0.000000 0.000000 0.000000 0.000000 0.000000 0.000000 0.025400 0.003100 0.000000 0.000000 0.003100 0.000000 0.000000 0.000000 0.000000 0.000000
Suni 0.000000 0.006300 0.000000 0.003100 0.003100 0.000000 0.000000 0.000000 0.000000 0.003100 0.000000 0.003100 0.000000 0.000000 0.000000 0.003100 0.000000 0.000100 0.000000 0.000000 0.000000 0.000000 0.000000 0.000000 0.000000 0.003100 0.000000 0.000000 0.000000 0.000000 0.003100 0.000000 0.000100 0.000000 0.000000 0.000000 0.000000 0.000000 0.000000 0.000100 0.000000 0.000100 0.025300 0.003100 0.000000 0.000000 0.003100 0.000000 0.000000 0.000000 0.000000 0.000000
Springbuck 0.003100 0.003100 0.003100 0.006300 0.006200 0.003100 0.003100 0.003100 0.003100 0.006200 0.003100 0.006200 0.003100 0.003100 0.003100 0.000000 0.003100 0.003100 0.003100 0.003100 0.003100 0.003100 0.003100 0.003100 0.003100 0.006200 0.003100 0.003100 0.003100 0.003100 0.006200 0.003100 0.003100 0.003100 0.003100 0.003100 0.003100 0.003100 0.003100 0.003100 0.003100 0.003100 0.028600 0.006200 0.003100 0.003100 0.006200 0.003100 0.003100 0.003100 0.003100 0.003100
Okapi 0.000000 0.006300 0.000000 0.003100 0.003100 0.000000 0.000000 0.000000 0.000000 0.003100 0.000000 0.003100 0.000000 0.000000 0.000000 0.003100 0.000000 0.000000 0.000100 0.000000 0.000000 0.000000 0.000000 0.000000 0.000100 0.003100 0.000000 0.000000 0.000000 0.000000 0.003100 0.000000 0.000100 0.000000 0.000000 0.000000 0.000000 0.000000 0.000000 0.000000 0.000000 0.000100 0.025300 0.003100 0.000000 0.000000 0.003100 0.000000 0.000000 0.000000 0.000000 0.000000
Giraffe 0.000100 0.006200 0.000000 0.003100 0.003100 0.000100 0.000000 0.000000 0.000000 0.003100 0.000100 0.003100 0.000000 0.000000 0.000100 0.003100 0.000000 0.000000 0.000100 0.000000 0.000000 0.000100 0.000000 0.000000 0.000100 0.003100 0.000100 0.000000 0.000000 0.000000 0.003100 0.000000 0.000100 0.000100 0.000000 0.000000 0.000100 0.000000 0.000000 0.000100 0.000000 0.000100 0.025300 0.003100 0.000000 0.000000 0.003100 0.000000 0.000000 0.000100 0.000000 0.000000
TibetanAnt 0.000000 0.006300 0.000000 0.003100 0.003100 0.000000 0.000000 0.000000 0.000000 0.003100 0.000000 0.003100 0.000000 0.000000 0.000000 0.003100 0.000100 0.000100 0.000000 0.000000 0.000000 0.000000 0.000000 0.000000 0.000000 0.003100 0.000000 0.000000 0.000000 0.000000 0.003100 0.000000 0.000100 0.000000 0.000000 0.000000 0.000000 0.000000 0.000000 0.000100 0.000000 0.000100 0.025400 0.003100 0.000000 0.000000 0.003100 0.000000 0.000000 0.000100 0.000000 0.000000
Sitatunga 0.000000 0.006300 0.000000 0.003100 0.003100 0.000000 0.000000 0.000000 0.000000 0.003100 0.000000 0.003100 0.000000 0.000000 0.000000 0.003100 0.000000 0.000000 0.000000 0.000000 0.000000 0.000000 0.000000 0.000000 0.000000 0.003100 0.000000 0.000000 0.000000 0.000000 0.003100 0.000000 0.000000 0.000000 0.000000 0.000000 0.000000 0.000000 0.000000 0.000000 0.000000 0.000000 0.025400 0.003100 0.000000 0.000000 0.003100 0.000000 0.000000 0.000000 0.000000 0.000000
Oribi 0.000000 0.006300 0.000000 0.003100 0.003100 0.000000 0.000000 0.000000 0.000000 0.003100 0.000000 0.003100 0.000000 0.000000 0.000000 0.003100 0.000000 0.000000 0.000000 0.000000 0.000000 0.000000 0.000000 0.000000 0.000000 0.003100 0.000000 0.000000 0.000000 0.000000 0.003100 0.000000 0.000000 0.000000 0.000000 0.000000 0.000000 0.000000 0.000000 0.000000 0.000000 0.000000 0.025400 0.003100 0.000000 0.000000 0.003100 0.000000 0.000000 0.000000 0.000000 0.000000
BarbaryShe 0.000000 0.006300 0.000000 0.003100 0.003100 0.000000 0.000000 0.000000 0.000000 0.003100 0.000000 0.003100 0.000000 0.000000 0.000000 0.003100 0.000000 0.000100 0.000000 0.000000 0.000000 0.000000 0.000000 0.000000 0.000000 0.003100 0.000000 0.000000 0.000000 0.000000 0.003100 0.000000 0.000100 0.000000 0.000000 0.000000 0.000000 0.000000 0.000000 0.000100 0.000000 0.000100 0.025300 0.003100 0.000000 0.000000 0.003100 0.000000 0.000000 0.000000 0.000000 0.000000
Daviddeer 0.000000 0.006300 0.000000 0.003100 0.003100 0.000000 0.000000 0.000000 0.000000 0.003100 0.000000 0.003100 0.000000 0.000000 0.000000 0.003100 0.000000 0.000000 0.000000 0.000000 0.000000 0.000000 0.000000 0.000000 0.000000 0.003100 0.000000 0.000000 0.000000 0.000000 0.003100 0.000000 0.000000 0.000000 0.000000 0.000000 0.000000 0.000000 0.000000 0.000000 0.000000 0.000000 0.025400 0.003100 0.000000 0.000000 0.003100 0.000000 0.000000 0.000000 0.000000 0.000000
Reindeer 0.000000 0.006300 0.000000 0.003100 0.003100 0.000000 0.000000 0.000000 0.000000 0.003100 0.000000 0.003100 0.000000 0.000000 0.000000 0.003100 0.000000 0.000000 0.000000 0.000000 0.000000 0.000000 0.000000 0.000000 0.000000 0.003100 0.000000 0.000000 0.000000 0.000000 0.003100 0.000000 0.000000 0.000000 0.000000 0.000000 0.000000 0.000000 0.000000 0.000000 0.000000 0.000000 0.025400 0.003100 0.000000 0.000000 0.003100 0.000000 0.000000 0.000000 0.000000 0.000000
Ibex 0.000000 0.006300 0.000000 0.003100 0.003100 0.000000 0.000000 0.000000 0.000000 0.003100 0.000000 0.003100 0.000000 0.000000 0.000000 0.003100 0.000100 0.000100 0.000000 0.000000 0.000000 0.000000 0.000000 0.000000 0.000000 0.003100 0.000000 0.000000 0.000000 0.000000 0.003100 0.000000 0.000100 0.000000 0.000000 0.000000 0.000000 0.000000 0.000000 0.000100 0.000000 0.000100 0.025300 0.003100 0.000000 0.000000 0.003100 0.000000 0.000000 0.000100 0.000000 0.000000
GyrantGaze 0.003100 0.009400 0.003100 0.006300 0.006200 0.003100 0.003100 0.003100 0.003100 0.006300 0.003100 0.006300 0.003100 0.003100 0.003100 0.006200 0.003100 0.003100 0.003100 0.003100 0.003100 0.003100 0.003100 0.003100 0.003100 0.000000 0.003100 0.003100 0.003100 0.003100 0.006300 0.003100 0.003100 0.003100 0.003100 0.003100 0.003100 0.003100 0.003100 0.003100 0.003100 0.003100 0.028600 0.006300 0.003100 0.003100 0.006200 0.003100 0.003100 0.003100 0.003100 0.003100
Hartebeest 0.000000 0.006300 0.000000 0.003100 0.003100 0.000000 0.000000 0.000000 0.000000 0.003100 0.000000 0.003100 0.000000 0.000000 0.000000 0.003100 0.000000 0.000100 0.000000 0.000000 0.000000 0.000000 0.000000 0.000000 0.000000 0.003100 0.000000 0.000000 0.000000 0.000000 0.003100 0.000000 0.000100 0.000000 0.000000 0.000000 0.000000 0.000000 0.000000 0.000000 0.000000 0.000100 0.025400 0.003100 0.000000 0.000000 0.003100 0.000000 0.000000 0.000000 0.000000 0.000000
Bongo 0.000000 0.006300 0.000000 0.003100 0.003100 0.000000 0.000000 0.000000 0.000000 0.003100 0.000000 0.003100 0.000000 0.000000 0.000000 0.003100 0.000000 0.000000 0.000000 0.000000 0.000000 0.000000 0.000000 0.000000 0.000000 0.003100 0.000000 0.000000 0.000000 0.000000 0.003100 0.000000 0.000000 0.000000 0.000000 0.000000 0.000000 0.000000 0.000000 0.000000 0.000000 0.000000 0.025400 0.003100 0.000000 0.000000 0.003100 0.000000 0.000000 0.000000 0.000000 0.000000
Gerenuk 0.000000 0.006300 0.000000 0.003100 0.003100 0.000000 0.000000 0.000000 0.000000 0.003100 0.000000 0.003100 0.000000 0.000000 0.000000 0.003100 0.000000 0.000000 0.000000 0.000000 0.000000 0.000000 0.000000 0.000000 0.000000 0.003100 0.000000 0.000000 0.000000 0.000000 0.003100 0.000000 0.000000 0.000000 0.000000 0.000000 0.000000 0.000000 0.000000 0.000000 0.000000 0.000000 0.025400 0.003100 0.000000 0.000000 0.003100 0.000000 0.000000 0.000000 0.000000 0.000000
CommonElan 0.000000 0.006300 0.000000 0.003100 0.003100 0.000000 0.000000 0.000000 0.000000 0.003100 0.000000 0.003100 0.000000 0.000000 0.000000 0.003100 0.000000 0.000000 0.000000 0.000000 0.000000 0.000000 0.000000 0.000000 0.000000 0.003100 0.000000 0.000000 0.000000 0.000000 0.003100 0.000000 0.000000 0.000000 0.000000 0.000000 0.000000 0.000000 0.000000 0.000000 0.000000 0.000000 0.025400 0.003100 0.000000 0.000000 0.003100 0.000000 0.000000 0.000000 0.000000 0.000000
MuntiacusR 0.003100 0.009400 0.003100 0.006300 0.006200 0.003100 0.003100 0.003100 0.003100 0.000000 0.003100 0.006300 0.003100 0.003100 0.003100 0.006200 0.003100 0.003100 0.003100 0.003100 0.003100 0.003100 0.003100 0.003100 0.003100 0.006300 0.003100 0.003100 0.003100 0.003100 0.000000 0.003100 0.003100 0.003100 0.003100 0.003100 0.003100 0.003100 0.003100 0.003100 0.003100 0.003100 0.022200 0.006300 0.003100 0.003100 0.006200 0.003100 0.003100 0.003100 0.003100 0.003100
HarveysDui 0.000000 0.006300 0.000000 0.003100 0.003100 0.000000 0.000000 0.000000 0.000000 0.003100 0.000000 0.003100 0.000000 0.000000 0.000000 0.003100 0.000000 0.000000 0.000000 0.000000 0.000000 0.000000 0.000000 0.000000 0.000000 0.003100 0.000000 0.000000 0.000000 0.000000 0.003100 0.000000 0.000000 0.000000 0.000000 0.000000 0.000000 0.000000 0.000000 0.000000 0.000000 0.000000 0.025400 0.003100 0.000000 0.000000 0.003100 0.000000 0.000000 0.000000 0.000000 0.000000
Pronghorn 0.000100 0.006300 0.000000 0.003100 0.003100 0.000100 0.000000 0.000000 0.000000 0.003100 0.000100 0.003100 0.000000 0.000000 0.000100 0.003100 0.000100 0.000100 0.000100 0.000000 0.000000 0.000100 0.000000 0.000000 0.000100 0.003100 0.000100 0.000000 0.000000 0.000000 0.003100 0.000000 0.000000 0.000100 0.000000 0.000000 0.000100 0.000000 0.000000 0.000100 0.000000 0.000100 0.025400 0.003100 0.000000 0.000000 0.003100 0.000000 0.000000 0.000100 0.000000 0.000000
BlueWildeb 0.000000 0.006300 0.000000 0.003100 0.003100 0.000000 0.000000 0.000000 0.000000 0.003100 0.000000 0.003100 0.000000 0.000000 0.000000 0.003100 0.000000 0.000100 0.000000 0.000000 0.000000 0.000000 0.000000 0.000000 0.000000 0.003100 0.000000 0.000000 0.000000 0.000000 0.003100 0.000000 0.000100 0.000000 0.000000 0.000000 0.000000 0.000000 0.000000 0.000000 0.000000 0.000100 0.025400 0.003100 0.000000 0.000000 0.003100 0.000000 0.000000 0.000000 0.000000 0.000000
Gemsbok 0.000000 0.006300 0.000000 0.003100 0.003100 0.000000 0.000000 0.000000 0.000000 0.003100 0.000000 0.003100 0.000000 0.000000 0.000000 0.003100 0.000000 0.000000 0.000000 0.000000 0.000000 0.000000 0.000000 0.000000 0.000000 0.003100 0.000000 0.000000 0.000000 0.000000 0.003100 0.000000 0.000000 0.000000 0.000000 0.000000 0.000000 0.000000 0.000000 0.000000 0.000000 0.000000 0.025300 0.003100 0.000000 0.000000 0.003100 0.000000 0.000000 0.000000 0.000000 0.000000
Yak 0.000000 0.006300 0.000000 0.003100 0.003100 0.000000 0.000000 0.000000 0.000000 0.003100 0.000000 0.003100 0.000000 0.000000 0.000000 0.003100 0.000000 0.000000 0.000000 0.000000 0.000000 0.000000 0.000000 0.000000 0.000000 0.003100 0.000000 0.000000 0.000000 0.000000 0.003100 0.000000 0.000000 0.000000 0.000000 0.000000 0.000000 0.000000 0.000000 0.000000 0.000000 0.000000 0.025400 0.003100 0.000000 0.000000 0.003100 0.000000 0.000000 0.000000 0.000000 0.000000
BlueSheep 0.000000 0.006300 0.000000 0.003100 0.003100 0.000000 0.000000 0.000000 0.000000 0.003100 0.000000 0.003100 0.000000 0.000000 0.000000 0.003100 0.000000 0.000100 0.000000 0.000000 0.000000 0.000000 0.000000 0.000000 0.000000 0.003100 0.000000 0.000000 0.000000 0.000000 0.003100 0.000000 0.000100 0.000000 0.000000 0.000000 0.000000 0.000000 0.000000 0.000000 0.000000 0.000100 0.025300 0.003100 0.000000 0.000000 0.003100 0.000000 0.000000 0.000000 0.000000 0.000000
BohorReedb 0.000000 0.006300 0.000000 0.003100 0.003100 0.000000 0.000000 0.000000 0.000000 0.003100 0.000000 0.003100 0.000000 0.000000 0.000000 0.003100 0.000000 0.000000 0.000000 0.000000 0.000000 0.000000 0.000000 0.000000 0.000000 0.003100 0.000000 0.000000 0.000000 0.000000 0.003100 0.000000 0.000000 0.000000 0.000000 0.000000 0.000000 0.000000 0.000000 0.000000 0.000000 0.000000 0.025400 0.003100 0.000000 0.000000 0.003100 0.000000 0.000000 0.000000 0.000000 0.000000
KirksDik 0.000000 0.006300 0.000000 0.003100 0.003100 0.000000 0.000000 0.000000 0.000000 0.003100 0.000000 0.003100 0.000000 0.000000 0.000000 0.003100 0.000000 0.000000 0.000000 0.000000 0.000000 0.000000 0.000000 0.000000 0.000000 0.003100 0.000000 0.000000 0.000000 0.000000 0.003100 0.000000 0.000000 0.000000 0.000000 0.000000 0.000000 0.000000 0.000000 0.000000 0.000000 0.000000 0.025300 0.003100 0.000000 0.000000 0.003100 0.000000 0.000000 0.000000 0.000000 0.000000
RoeDeer 0.000100 0.006300 0.000000 0.003100 0.003100 0.000000 0.000000 0.000000 0.000000 0.003100 0.000100 0.003100 0.000000 0.000000 0.000100 0.003100 0.000000 0.000100 0.000100 0.000000 0.000000 0.000100 0.000000 0.000000 0.000100 0.003100 0.000000 0.000000 0.000000 0.000000 0.003100 0.000000 0.000100 0.000000 0.000000 0.000000 0.000000 0.000000 0.000000 0.000000 0.000000 0.000100 0.025400 0.003100 0.000000 0.000000 0.003100 0.000000 0.000000 0.000000 0.000000 0.000000
WhiteLippe 0.000000 0.006300 0.000000 0.003100 0.003100 0.000000 0.000000 0.000000 0.000000 0.003100 0.000000 0.003100 0.000000 0.000000 0.000000 0.003100 0.000000 0.000000 0.000000 0.000000 0.000000 0.000000 0.000000 0.000000 0.000000 0.003100 0.000000 0.000000 0.000000 0.000000 0.003100 0.000000 0.000000 0.000000 0.000000 0.000000 0.000000 0.000000 0.000000 0.000000 0.000000 0.000000 0.025400 0.003100 0.000000 0.000000 0.003100 0.000000 0.000000 0.000000 0.000000 0.000000
ThomsonGaz 0.000100 0.006300 0.000000 0.003100 0.003100 0.000100 0.000000 0.000000 0.000000 0.003100 0.000100 0.003100 0.000000 0.000000 0.000100 0.003100 0.000100 0.000100 0.000100 0.000000 0.000000 0.000100 0.000000 0.000000 0.000100 0.003100 0.000100 0.000000 0.000000 0.000000 0.003100 0.000000 0.000100 0.000100 0.000000 0.000000 0.000100 0.000000 0.000000 0.000100 0.000000 0.000000 0.025400 0.003100 0.000000 0.000000 0.003100 0.000000 0.000000 0.000100 0.000000 0.000000
MuntiacusC 0.025300 0.031900 0.025400 0.028600 0.028500 0.025300 0.025300 0.025400 0.025400 0.022200 0.025300 0.028700 0.025300 0.025400 0.025300 0.028600 0.025300 0.025300 0.025400 0.025400 0.025400 0.025300 0.025400 0.025400 0.025300 0.028600 0.025400 0.025400 0.025400 0.025400 0.022200 0.025400 0.025400 0.025400 0.025300 0.025400 0.025300 0.025400 0.025300 0.025400 0.025400 0.025400 0.000000 0.028600 0.025400 0.025400 0.028600 0.025400 0.025400 0.025400 0.025400 0.025400
WhiteTaile 0.003100 0.009400 0.003100 0.006300 0.006200 0.003100 0.003100 0.003100 0.003100 0.006300 0.003100 0.006300 0.003100 0.003100 0.003100 0.006200 0.003100 0.003100 0.003100 0.003100 0.003100 0.003100 0.003100 0.003100 0.003100 0.006300 0.003100 0.003100 0.003100 0.003100 0.006300 0.003100 0.003100 0.003100 0.003100 0.003100 0.003100 0.003100 0.003100 0.003100 0.003100 0.003100 0.028600 0.000000 0.003100 0.003100 0.006200 0.003100 0.003100 0.003100 0.003100 0.003100
Cattle 0.000000 0.006300 0.000000 0.003100 0.003100 0.000000 0.000000 0.000000 0.000000 0.003100 0.000000 0.003100 0.000000 0.000000 0.000000 0.003100 0.000000 0.000000 0.000000 0.000000 0.000000 0.000000 0.000000 0.000000 0.000000 0.003100 0.000000 0.000000 0.000000 0.000000 0.003100 0.000000 0.000000 0.000000 0.000000 0.000000 0.000000 0.000000 0.000000 0.000000 0.000000 0.000000 0.025400 0.003100 0.000000 0.000000 0.003100 0.000000 0.000000 0.000000 0.000000 0.000000
RoyalAntel 0.000000 0.006300 0.000000 0.003100 0.003100 0.000000 0.000000 0.000000 0.000000 0.003100 0.000000 0.003100 0.000000 0.000000 0.000000 0.003100 0.000000 0.000000 0.000000 0.000000 0.000000 0.000000 0.000000 0.000000 0.000000 0.003100 0.000000 0.000000 0.000000 0.000000 0.003100 0.000000 0.000000 0.000000 0.000000 0.000000 0.000000 0.000000 0.000000 0.000000 0.000000 0.000000 0.025400 0.003100 0.000000 0.000000 0.003100 0.000000 0.000000 0.000000 0.000000 0.000000
Steenbok 0.003100 0.009400 0.003100 0.006300 0.000000 0.003100 0.003100 0.003100 0.003100 0.006200 0.003100 0.006200 0.003100 0.003100 0.003100 0.006200 0.003100 0.003100 0.003100 0.003100 0.003100 0.003100 0.003100 0.003100 0.003100 0.006200 0.003100 0.003100 0.003100 0.003100 0.006200 0.003100 0.003100 0.003100 0.003100 0.003100 0.003100 0.003100 0.003100 0.003100 0.003100 0.003100 0.028600 0.006200 0.003100 0.003100 0.000000 0.003100 0.003100 0.003100 0.003100 0.003100
Impala 0.000000 0.006300 0.000000 0.003100 0.003100 0.000000 0.000000 0.000000 0.000000 0.003100 0.000000 0.003100 0.000000 0.000000 0.000000 0.003100 0.000000 0.000000 0.000000 0.000000 0.000000 0.000000 0.000000 0.000000 0.000000 0.003100 0.000000 0.000000 0.000000 0.000000 0.003100 0.000000 0.000000 0.000000 0.000000 0.000000 0.000000 0.000000 0.000000 0.000000 0.000000 0.000000 0.025400 0.003100 0.000000 0.000000 0.003100 0.000000 0.000000 0.000000 0.000000 0.000000
Klipspring 0.000000 0.006300 0.000000 0.003100 0.003100 0.000000 0.000000 0.000000 0.000000 0.003100 0.000000 0.003100 0.000000 0.000000 0.000000 0.003100 0.000000 0.000000 0.000000 0.000000 0.000000 0.000000 0.000000 0.000000 0.000000 0.003100 0.000000 0.000000 0.000000 0.000000 0.003100 0.000000 0.000000 0.000000 0.000000 0.000000 0.000000 0.000000 0.000000 0.000000 0.000000 0.000000 0.025400 0.003100 0.000000 0.000000 0.003100 0.000000 0.000000 0.000000 0.000000 0.000000
ForestMusk 0.000000 0.006300 0.000000 0.003100 0.003100 0.000000 0.000000 0.000000 0.000000 0.003100 0.000000 0.003100 0.000000 0.000000 0.000000 0.003100 0.000000 0.000100 0.000100 0.000000 0.000000 0.000000 0.000000 0.000000 0.000100 0.003100 0.000000 0.000000 0.000000 0.000000 0.003100 0.000000 0.000100 0.000000 0.000000 0.000000 0.000000 0.000000 0.000000 0.000000 0.000000 0.000100 0.025400 0.003100 0.000000 0.000000 0.003100 0.000000 0.000000 0.000000 0.000000 0.000000
Bushbuck 0.000000 0.006300 0.000000 0.003100 0.003100 0.000000 0.000000 0.000000 0.000000 0.003100 0.000000 0.003100 0.000000 0.000000 0.000000 0.003100 0.000000 0.000000 0.000000 0.000000 0.000000 0.000000 0.000000 0.000000 0.000000 0.003100 0.000000 0.000000 0.000000 0.000000 0.003100 0.000000 0.000000 0.000000 0.000000 0.000000 0.000000 0.000000 0.000000 0.000000 0.000000 0.000000 0.025400 0.003100 0.000000 0.000000 0.003100 0.000000 0.000000 0.000000 0.000000 0.000000
GreaterKud 0.000000 0.006300 0.000000 0.003100 0.003100 0.000000 0.000000 0.000000 0.000000 0.003100 0.000000 0.003100 0.000000 0.000000 0.000000 0.003100 0.000000 0.000000 0.000000 0.000000 0.000000 0.000000 0.000000 0.000000 0.000000 0.003100 0.000000 0.000000 0.000000 0.000000 0.003100 0.000000 0.000000 0.000000 0.000000 0.000000 0.000000 0.000000 0.000000 0.000000 0.000000 0.000000 0.025400 0.003100 0.000000 0.000000 0.003100 0.000000 0.000000 0.000000 0.000000 0.000000
