1
52 1
Argali 0.000000 0.021300 0.010700 0.027200 0.002700 0.000000 0.005300 0.010700 0.013300 0.024200 0.000000 0.005300 0.002700 0.010700 0.008000 0.013400 0.008000 0.016100 0.005300 0.010700 0.005300 0.000000 0.005300 0.008000 0.000000 0.008000 0.002700 0.010600 0.021600 0.010700 0.021500 0.008000 0.007900 0.002700 0.005300 0.013400 0.000000 0.002700 0.010700 0.008000 0.008000 0.008000 0.021500 0.010700 0.013400 0.005300 0.013300 0.002700 0.005300 0.002700 0.010600 0.016000
LesserMous 0.021300 0.000000 0.021200 0.032600 0.018700 0.021300 0.021300 0.026600 0.023900 0.040300 0.021300 0.021300 0.018600 0.026800 0.023900 0.029400 0.018600 0.021100 0.026800 0.021300 0.026700 0.021300 0.021300 0.024000 0.021300 0.024000 0.018600 0.021200 0.034900 0.021200 0.037500 0.029600 0.023600 0.018600 0.018800 0.029400 0.021300 0.018700 0.026700 0.024000 0.024100 0.024100 0.037500 0.026600 0.029400 0.021300 0.029300 0.018600 0.021400 0.018600 0.021100 0.026600
LesserKudu 0.010700 0.021200 0.000000 0.038200 0.008000 0.010700 0.010700 0.013300 0.002600 0.029600 0.010700 0.005300 0.008000 0.016100 0.013300 0.018800 0.008000 0.016100 0.016100 0.000000 0.016100 0.010700 0.010700 0.013300 0.010700 0.013400 0.008000 0.000000 0.026900 0.000000 0.026900 0.018800 0.013200 0.008000 0.010700 0.013300 0.010700 0.008000 0.013300 0.013300 0.013400 0.013400 0.026800 0.016000 0.013300 0.010700 0.018700 0.008000 0.010700 0.008000 0.000000 0.005300
KillerWhal 0.027200 0.032600 0.038200 0.000000 0.030000 0.027200 0.032800 0.038200 0.041000 0.052400 0.027200 0.032800 0.030000 0.027200 0.035400 0.038300 0.035600 0.042700 0.021700 0.038300 0.032800 0.027200 0.032800 0.035500 0.027200 0.035600 0.030000 0.038200 0.044000 0.038200 0.049600 0.024500 0.035200 0.030000 0.032800 0.041100 0.027200 0.030000 0.038300 0.035500 0.035600 0.035600 0.049600 0.038300 0.041100 0.033500 0.041000 0.030000 0.032800 0.030000 0.038200 0.041400
DefassaWat 0.002700 0.018700 0.008000 0.030000 0.000000 0.002700 0.002700 0.008000 0.010700 0.021500 0.002700 0.002700 0.000000 0.008000 0.005300 0.010700 0.005400 0.013400 0.008000 0.008000 0.008000 0.002700 0.002700 0.005300 0.002700 0.005300 0.000000 0.008000 0.018900 0.008000 0.018800 0.010800 0.005300 0.000000 0.002700 0.010700 0.002700 0.000000 0.008000 0.005300 0.005300 0.005300 0.018800 0.008000 0.010700 0.002700 0.010700 0.000100 0.002700 0.000100 0.008000 0.013800
Sheep 0.000000 0.021300 0.010700 0.027200 0.002700 0.000000 0.005300 0.010700 0.013300 0.024200 0.000000 0.005300 0.002700 0.010700 0.008000 0.013400 0.008000 0.016100 0.005300 0.010700 0.005300 0.000000 0.005300 0.008000 0.000000 0.008000 0.002700 0.010600 0.021600 0.010700 0.021500 0.008000 0.007900 0.002700 0.005300 0.013400 0.000000 0.002700 0.010700 0.008000 0.008000 0.008000 0.021500 0.010700 0.013400 0.005300 0.013300 0.002700 0.005300 0.002700 0.010600 0.016000
MaxwellsDu 0.005300 0.021300 0.010700 0.032800 0.002700 0.005300 0.000000 0.010700 0.013300 0.024200 0.005300 0.005300 0.002700 0.010700 0.008000 0.013400 0.008000 0.010700 0.010700 0.010700 0.010700 0.005300 0.005300 0.008000 0.005300 0.008000 0.002700 0.010600 0.021500 0.010600 0.021500 0.013400 0.007900 0.002700 0.005300 0.013400 0.005300 0.002700 0.010700 0.008000 0.008000 0.008000 0.021500 0.010700 0.013400 0.005300 0.013300 0.002700 0.005300 0.002700 0.010600 0.016000
GazellaPrz 0.010700 0.026600 0.013300 0.038200 0.008000 0.010700 0.010700 0.000000 0.016000 0.029500 0.010700 0.008000 0.008000 0.016100 0.013300 0.008000 0.010700 0.018700 0.016100 0.013300 0.005300 0.010700 0.010600 0.013300 0.010700 0.002700 0.008000 0.013300 0.016000 0.013300 0.026800 0.018800 0.013200 0.008000 0.010700 0.016000 0.010700 0.008000 0.000100 0.013300 0.013300 0.002700 0.026800 0.016000 0.016000 0.010700 0.007900 0.008000 0.010700 0.008000 0.013300 0.018700
MountainNy 0.013300 0.023900 0.002600 0.041000 0.010700 0.013300 0.013300 0.016000 0.000000 0.032300 0.013300 0.008000 0.010700 0.018800 0.016000 0.021500 0.010700 0.018800 0.018800 0.002600 0.018700 0.013300 0.013300 0.016000 0.013300 0.016000 0.010600 0.002600 0.029700 0.002600 0.029600 0.021500 0.015800 0.010700 0.013400 0.016000 0.013300 0.010700 0.016000 0.016000 0.016000 0.016100 0.029500 0.018700 0.016000 0.013300 0.021300 0.010600 0.013300 0.010700 0.002600 0.007900
MuntiacusM 0.024200 0.040300 0.029600 0.052400 0.021500 0.024200 0.024200 0.029500 0.032300 0.000000 0.024200 0.024200 0.021500 0.029800 0.021400 0.032400 0.027000 0.035200 0.029700 0.029600 0.029700 0.024200 0.018700 0.021400 0.024200 0.027000 0.021500 0.029500 0.040800 0.029500 0.002600 0.032600 0.021200 0.021500 0.024300 0.030100 0.024200 0.021500 0.029700 0.021500 0.021500 0.027000 0.002600 0.024100 0.029700 0.024200 0.026800 0.021500 0.018800 0.021500 0.029500 0.036400
goat 0.000000 0.021300 0.010700 0.027200 0.002700 0.000000 0.005300 0.010700 0.013300 0.024200 0.000000 0.005300 0.002700 0.010700 0.008000 0.013400 0.008000 0.016100 0.005300 0.010700 0.005300 0.000000 0.005300 0.008000 0.000000 0.008000 0.002700 0.010600 0.021600 0.010700 0.021500 0.008000 0.007900 0.002700 0.005300 0.013400 0.000000 0.002700 0.010700 0.008000 0.008000 0.008000 0.021500 0.010700 0.013400 0.005300 0.013300 0.002700 0.005300 0.002700 0.010600 0.016000
AfricanBuf 0.005300 0.021300 0.005300 0.032800 0.002700 0.005300 0.005300 0.008000 0.008000 0.024200 0.005300 0.000000 0.002700 0.010700 0.008000 0.013400 0.008000 0.016100 0.010700 0.005300 0.010700 0.005300 0.005300 0.008000 0.005300 0.008000 0.002700 0.005300 0.021600 0.005300 0.021500 0.013400 0.007900 0.002700 0.005300 0.008000 0.005300 0.002700 0.008000 0.008000 0.008000 0.008000 0.021500 0.010700 0.008000 0.005300 0.013300 0.002700 0.005300 0.002700 0.005300 0.011000
Topi 0.002700 0.018600 0.008000 0.030000 0.000000 0.002700 0.002700 0.008000 0.010700 0.021500 0.002700 0.002700 0.000000 0.008000 0.005300 0.010700 0.005300 0.013400 0.008000 0.008000 0.008000 0.002700 0.002700 0.005300 0.002700 0.005300 0.000000 0.008000 0.018800 0.008000 0.018800 0.010700 0.005300 0.000000 0.002700 0.010700 0.002700 0.000000 0.008000 0.005300 0.005300 0.005300 0.018800 0.008000 0.010700 0.002700 0.010600 0.000000 0.002700 0.000100 0.008000 0.013300
CommonDuik 0.010700 0.026800 0.016100 0.027200 0.008000 0.010700 0.010700 0.016100 0.018800 0.029800 0.010700 0.010700 0.008000 0.000000 0.013400 0.016100 0.013400 0.019400 0.010700 0.016100 0.016100 0.010700 0.010700 0.013400 0.010700 0.013400 0.008000 0.016000 0.024300 0.016100 0.027000 0.008000 0.013300 0.008000 0.010700 0.018800 0.010700 0.008000 0.016100 0.013400 0.013400 0.013400 0.027000 0.016100 0.018800 0.010700 0.018800 0.008000 0.010700 0.008000 0.016000 0.021500
Suni 0.008000 0.023900 0.013300 0.035400 0.005300 0.008000 0.008000 0.013300 0.016000 0.021400 0.008000 0.008000 0.005300 0.013400 0.000000 0.016000 0.010700 0.018800 0.013400 0.013300 0.013400 0.008000 0.008000 0.010600 0.008000 0.010700 0.005300 0.013300 0.018800 0.013300 0.018700 0.016100 0.010500 0.005300 0.008000 0.013300 0.008000 0.005300 0.013300 0.010600 0.010700 0.010700 0.018700 0.013300 0.013300 0.008000 0.010600 0.005300 0.002700 0.005300 0.013300 0.018700
Springbuck 0.013400 0.029400 0.018800 0.038300 0.010700 0.013400 0.013400 0.008000 0.021500 0.032400 0.013400 0.013400 0.010700 0.016100 0.016000 0.000000 0.013400 0.021500 0.018800 0.018800 0.008000 0.013400 0.013400 0.016100 0.013400 0.005300 0.010700 0.018700 0.008000 0.018700 0.029700 0.018900 0.015900 0.010700 0.013400 0.021500 0.013400 0.010700 0.008000 0.016100 0.016100 0.005300 0.029700 0.018700 0.021500 0.013400 0.010600 0.010700 0.013400 0.010700 0.018700 0.024700
Okapi 0.008000 0.018600 0.008000 0.035600 0.005400 0.008000 0.008000 0.010700 0.010700 0.027000 0.008000 0.008000 0.005300 0.013400 0.010700 0.013400 0.000000 0.008000 0.013400 0.008000 0.010700 0.008000 0.008000 0.010700 0.008000 0.008000 0.005300 0.008000 0.021600 0.008000 0.024200 0.016200 0.010600 0.005300 0.008000 0.016100 0.008000 0.005300 0.010700 0.010700 0.010700 0.008000 0.024200 0.013400 0.016100 0.008000 0.013300 0.005300 0.008000 0.005300 0.008000 0.013600
Giraffe 0.016100 0.021100 0.016100 0.042700 0.013400 0.016100 0.010700 0.018700 0.018800 0.035200 0.016100 0.016100 0.013400 0.019400 0.018800 0.021500 0.008000 0.000000 0.019500 0.016100 0.018800 0.016100 0.016100 0.018800 0.016100 0.016100 0.013400 0.016000 0.029800 0.016000 0.032400 0.022200 0.018600 0.013400 0.016100 0.024200 0.016100 0.013400 0.018800 0.018800 0.018800 0.016100 0.032400 0.021500 0.024200 0.016100 0.021400 0.013400 0.016100 0.013400 0.016000 0.021800
TibetanAnt 0.005300 0.026800 0.016100 0.021700 0.008000 0.005300 0.010700 0.016100 0.018800 0.029700 0.005300 0.010700 0.008000 0.010700 0.013400 0.018800 0.013400 0.019500 0.000000 0.016100 0.010700 0.005300 0.010700 0.013400 0.005300 0.013400 0.008000 0.016000 0.027000 0.016000 0.027000 0.008100 0.013200 0.008000 0.010700 0.018800 0.005300 0.008000 0.016100 0.013400 0.013400 0.013400 0.027000 0.016100 0.018800 0.010700 0.018700 0.008000 0.010700 0.008000 0.016000 0.021500
Sitatunga 0.010700 0.021300 0.000000 0.038300 0.008000 0.010700 0.010700 0.013300 0.002600 0.029600 0.010700 0.005300 0.008000 0.016100 0.013300 0.018800 0.008000 0.016100 0.016100 0.000000 0.016100 0.010700 0.010700 0.013300 0.010700 0.013400 0.008000 0.000000 0.027000 0.000000 0.026900 0.018800 0.013200 0.008000 0.010700 0.013300 0.010700 0.008000 0.013400 0.013300 0.013400 0.013400 0.026900 0.016000 0.013400 0.010700 0.018700 0.008000 0.010700 0.008000 0.000000 0.005300
Oribi 0.005300 0.026700 0.016100 0.032800 0.008000 0.005300 0.010700 0.005300 0.018700 0.029700 0.005300 0.010700 0.008000 0.016100 0.013400 0.008000 0.010700 0.018800 0.010700 0.016100 0.000000 0.005300 0.010700 0.013400 0.005300 0.002700 0.008000 0.016000 0.016100 0.016000 0.026900 0.013500 0.013200 0.008000 0.010700 0.018800 0.005300 0.008000 0.005300 0.013400 0.013400 0.002700 0.026900 0.016000 0.018800 0.010700 0.008000 0.008000 0.010700 0.008000 0.016000 0.021900
BarbaryShe 0.000000 0.021300 0.010700 0.027200 0.002700 0.000000 0.005300 0.010700 0.013300 0.024200 0.000000 0.005300 0.002700 0.010700 0.008000 0.013400 0.008000 0.016100 0.005300 0.010700 0.005300 0.000000 0.005300 0.008000 0.000000 0.008000 0.002700 0.010600 0.021600 0.010700 0.021500 0.008000 0.007900 0.002700 0.005300 0.013400 0.000000 0.002700 0.010700 0.008000 0.008000 0.008000 0.021500 0.010700 0.013400 0.005300 0.013300 0.002700 0.005300 0.002700 0.010600 0.016000
Daviddeer 0.005300 0.021300 0.010700 0.032800 0.002700 0.005300 0.005300 0.010600 0.013300 0.018700 0.005300 0.005300 0.002700 0.010700 0.008000 0.013400 0.008000 0.016100 0.010700 0.010700 0.010700 0.005300 0.000000 0.002700 0.005300 0.008000 0.002700 0.010600 0.021500 0.010600 0.016000 0.013500 0.007900 0.002700 0.005300 0.013400 0.005300 0.002700 0.010700 0.002700 0.002700 0.008000 0.016000 0.005300 0.013400 0.005300 0.013300 0.002700 0.005300 0.002700 0.010600 0.016200
Reindeer 0.008000 0.024000 0.013300 0.035500 0.005300 0.008000 0.008000 0.013300 0.016000 0.021400 0.008000 0.008000 0.005300 0.013400 0.010600 0.016100 0.010700 0.018800 0.013400 0.013300 0.013400 0.008000 0.002700 0.000000 0.008000 0.010700 0.005300 0.013300 0.024200 0.013300 0.018700 0.016100 0.010500 0.005300 0.008000 0.016000 0.008000 0.005300 0.013300 0.000000 0.005300 0.010700 0.018700 0.002600 0.016000 0.008000 0.016000 0.005300 0.008000 0.005300 0.013300 0.019400
Ibex 0.000000 0.021300 0.010700 0.027200 0.002700 0.000000 0.005300 0.010700 0.013300 0.024200 0.000000 0.005300 0.002700 0.010700 0.008000 0.013400 0.008000 0.016100 0.005300 0.010700 0.005300 0.000000 0.005300 0.008000 0.000000 0.008000 0.002700 0.010600 0.021600 0.010700 0.021500 0.008000 0.007900 0.002700 0.005300 0.013400 0.000000 0.002700 0.010700 0.008000 0.008000 0.008000 0.021500 0.010700 0.013400 0.005300 0.013300 0.002700 0.005300 0.002700 0.010600 0.016000
GyrantGaze 0.008000 0.024000 0.013400 0.035600 0.005300 0.008000 0.008000 0.002700 0.016000 0.027000 0.008000 0.008000 0.005300 0.013400 0.010700 0.005300 0.008000 0.016100 0.013400 0.013400 0.002700 0.008000 0.008000 0.010700 0.008000 0.000000 0.005300 0.013300 0.013400 0.013300 0.024200 0.016200 0.010600 0.005300 0.008000 0.016100 0.008000 0.005300 0.002700 0.010700 0.010700 0.000000 0.024200 0.013400 0.016100 0.008000 0.005300 0.005300 0.008000 0.005300 0.013300 0.019000
Hartebeest 0.002700 0.018600 0.008000 0.030000 0.000000 0.002700 0.002700 0.008000 0.010600 0.021500 0.002700 0.002700 0.000000 0.008000 0.005300 0.010700 0.005300 0.013400 0.008000 0.008000 0.008000 0.002700 0.002700 0.005300 0.002700 0.005300 0.000000 0.008000 0.018800 0.008000 0.018700 0.010700 0.005300 0.000000 0.002700 0.010700 0.002700 0.000000 0.008000 0.005300 0.005300 0.005300 0.018700 0.008000 0.010700 0.002700 0.010600 0.000100 0.002700 0.000100 0.008000 0.013300
Bongo 0.010600 0.021200 0.000000 0.038200 0.008000 0.010600 0.010600 0.013300 0.002600 0.029500 0.010600 0.005300 0.008000 0.016000 0.013300 0.018700 0.008000 0.016000 0.016000 0.000000 0.016000 0.010600 0.010600 0.013300 0.010600 0.013300 0.008000 0.000000 0.026900 0.000000 0.026800 0.018800 0.013100 0.008000 0.010700 0.013300 0.010600 0.008000 0.013300 0.013300 0.013300 0.013300 0.026800 0.015900 0.013300 0.010600 0.018600 0.008000 0.010600 0.008000 0.000000 0.005300
Gerenuk 0.021600 0.034900 0.026900 0.044000 0.018900 0.021600 0.021500 0.016000 0.029700 0.040800 0.021600 0.021600 0.018800 0.024300 0.018800 0.008000 0.021600 0.029800 0.027000 0.027000 0.016100 0.021600 0.021500 0.024200 0.021600 0.013400 0.018800 0.026900 0.000000 0.026900 0.038000 0.027100 0.024000 0.018800 0.021600 0.029700 0.021600 0.018900 0.016100 0.024200 0.024300 0.013400 0.038000 0.026900 0.029800 0.021500 0.018700 0.018800 0.021600 0.018800 0.026900 0.033000
CommonElan 0.010700 0.021200 0.000000 0.038200 0.008000 0.010700 0.010600 0.013300 0.002600 0.029500 0.010700 0.005300 0.008000 0.016100 0.013300 0.018700 0.008000 0.016000 0.016000 0.000000 0.016000 0.010700 0.010600 0.013300 0.010700 0.013300 0.008000 0.000000 0.026900 0.000000 0.026800 0.018800 0.013100 0.008000 0.010700 0.013300 0.010700 0.008000 0.013300 0.013300 0.013300 0.013400 0.026800 0.015900 0.013300 0.010600 0.018600 0.008000 0.010700 0.008000 0.000000 0.005300
MuntiacusR 0.021500 0.037500 0.026900 0.049600 0.018800 0.021500 0.021500 0.026800 0.029600 0.002600 0.021500 0.021500 0.018800 0.027000 0.018700 0.029700 0.024200 0.032400 0.027000 0.026900 0.026900 0.021500 0.016000 0.018700 0.021500 0.024200 0.018700 0.026800 0.038000 0.026800 0.000000 0.029800 0.018500 0.018800 0.021500 0.026900 0.021500 0.018800 0.026900 0.018800 0.018800 0.024300 0.000000 0.021400 0.026900 0.021500 0.024100 0.018800 0.016100 0.018800 0.026800 0.033200
HarveysDui 0.008000 0.029600 0.018800 0.024500 0.010800 0.008000 0.013400 0.018800 0.021500 0.032600 0.008000 0.013400 0.010700 0.008000 0.016100 0.018900 0.016200 0.022200 0.008100 0.018800 0.013500 0.008000 0.013500 0.016100 0.008000 0.016200 0.010700 0.018800 0.027100 0.018800 0.029800 0.000000 0.016000 0.010700 0.013500 0.021600 0.008000 0.010800 0.018900 0.016200 0.016200 0.016200 0.029800 0.018800 0.021600 0.013400 0.021500 0.010700 0.013500 0.010700 0.018800 0.024300
Pronghorn 0.007900 0.023600 0.013200 0.035200 0.005300 0.007900 0.007900 0.013200 0.015800 0.021200 0.007900 0.007900 0.005300 0.013300 0.010500 0.015900 0.010600 0.018600 0.013200 0.013200 0.013200 0.007900 0.007900 0.010500 0.007900 0.010600 0.005300 0.013100 0.024000 0.013100 0.018500 0.016000 0.000000 0.005300 0.007900 0.015900 0.007900 0.005300 0.013200 0.010500 0.010600 0.010600 0.018500 0.013200 0.015900 0.007900 0.015800 0.005300 0.007900 0.005300 0.013100 0.018500
BlueWildeb 0.002700 0.018600 0.008000 0.030000 0.000000 0.002700 0.002700 0.008000 0.010700 0.021500 0.002700 0.002700 0.000000 0.008000 0.005300 0.010700 0.005300 0.013400 0.008000 0.008000 0.008000 0.002700 0.002700 0.005300 0.002700 0.005300 0.000000 0.008000 0.018800 0.008000 0.018800 0.010700 0.005300 0.000000 0.002700 0.010700 0.002700 0.000000 0.008000 0.005300 0.005300 0.005300 0.018800 0.008000 0.010700 0.002700 0.010700 0.000100 0.002700 0.000100 0.008000 0.013300
Gemsbok 0.005300 0.018800 0.010700 0.032800 0.002700 0.005300 0.005300 0.010700 0.013400 0.024300 0.005300 0.005300 0.002700 0.010700 0.008000 0.013400 0.008000 0.016100 0.010700 0.010700 0.010700 0.005300 0.005300 0.008000 0.005300 0.008000 0.002700 0.010700 0.021600 0.010700 0.021500 0.013500 0.007900 0.002700 0.000000 0.013400 0.005300 0.002700 0.010700 0.008000 0.008000 0.008000 0.021500 0.010700 0.013400 0.005300 0.013300 0.002700 0.005300 0.002700 0.010700 0.016100
Yak 0.013400 0.029400 0.013300 0.041100 0.010700 0.013400 0.013400 0.016000 0.016000 0.030100 0.013400 0.008000 0.010700 0.018800 0.013300 0.021500 0.016100 0.024200 0.018800 0.013300 0.018800 0.013400 0.013400 0.016000 0.013400 0.016100 0.010700 0.013300 0.029700 0.013300 0.026900 0.021600 0.015900 0.010700 0.013400 0.000000 0.013400 0.010700 0.016100 0.016000 0.016100 0.016100 0.026900 0.018700 0.000000 0.013400 0.018700 0.010700 0.010700 0.010700 0.013300 0.018700
BlueSheep 0.000000 0.021300 0.010700 0.027200 0.002700 0.000000 0.005300 0.010700 0.013300 0.024200 0.000000 0.005300 0.002700 0.010700 0.008000 0.013400 0.008000 0.016100 0.005300 0.010700 0.005300 0.000000 0.005300 0.008000 0.000000 0.008000 0.002700 0.010600 0.021600 0.010700 0.021500 0.008000 0.007900 0.002700 0.005300 0.013400 0.000000 0.002700 0.010700 0.008000 0.008000 0.008000 0.021500 0.010700 0.013400 0.005300 0.013300 0.002700 0.005300 0.002700 0.010600 0.016000
BohorReedb 0.002700 0.018700 0.008000 0.030000 0.000000 0.002700 0.002700 0.008000 0.010700 0.021500 0.002700 0.002700 0.000000 0.008000 0.005300 0.010700 0.005300 0.013400 0.008000 0.008000 0.008000 0.002700 0.002700 0.005300 0.002700 0.005300 0.000000 0.008000 0.018900 0.008000 0.018800 0.010800 0.005300 0.000000 0.002700 0.010700 0.002700 0.000000 0.008000 0.005300 0.005300 0.005300 0.018800 0.008000 0.010700 0.002700 0.010700 0.000100 0.002700 0.000100 0.008000 0.013800
KirksDik 0.010700 0.026700 0.013300 0.038300 0.008000 0.010700 0.010700 0.000100 0.016000 0.029700 0.010700 0.008000 0.008000 0.016100 0.013300 0.008000 0.010700 0.018800 0.016100 0.013400 0.005300 0.010700 0.010700 0.013300 0.010700 0.002700 0.008000 0.013300 0.016100 0.013300 0.026900 0.018900 0.013200 0.008000 0.010700 0.016100 0.010700 0.008000 0.000000 0.013400 0.013400 0.002700 0.026900 0.016000 0.016100 0.010700 0.008000 0.008000 0.010700 0.008000 0.013300 0.018700
RoeDeer 0.008000 0.024000 0.013300 0.035500 0.005300 0.008000 0.008000 0.013300 0.016000 0.021500 0.008000 0.008000 0.005300 0.013400 0.010600 0.016100 0.010700 0.018800 0.013400 0.013300 0.013400 0.008000 0.002700 0.000000 0.008000 0.010700 0.005300 0.013300 0.024200 0.013300 0.018800 0.016200 0.010500 0.005300 0.008000 0.016000 0.008000 0.005300 0.013400 0.000000 0.005300 0.010700 0.018700 0.002600 0.016100 0.008000 0.016000 0.005300 0.008000 0.005300 0.013300 0.018700
WhiteLippe 0.008000 0.024100 0.013400 0.035600 0.005300 0.008000 0.008000 0.013300 0.016000 0.021500 0.008000 0.008000 0.005300 0.013400 0.010700 0.016100 0.010700 0.018800 0.013400 0.013400 0.013400 0.008000 0.002700 0.005300 0.008000 0.010700 0.005300 0.013300 0.024300 0.013300 0.018800 0.016200 0.010600 0.005300 0.008000 0.016100 0.008000 0.005300 0.013400 0.005300 0.000000 0.010700 0.018800 0.008000 0.016100 0.008000 0.016000 0.005300 0.008000 0.005300 0.013300 0.018700
ThomsonGaz 0.008000 0.024100 0.013400 0.035600 0.005300 0.008000 0.008000 0.002700 0.016100 0.027000 0.008000 0.008000 0.005300 0.013400 0.010700 0.005300 0.008000 0.016100 0.013400 0.013400 0.002700 0.008000 0.008000 0.010700 0.008000 0.000000 0.005300 0.013300 0.013400 0.013400 0.024300 0.016200 0.010600 0.005300 0.008000 0.016100 0.008000 0.005300 0.002700 0.010700 0.010700 0.000000 0.024300 0.013500 0.016100 0.008000 0.005300 0.005300 0.008000 0.005300 0.013300 0.019100
MuntiacusC 0.021500 0.037500 0.026800 0.049600 0.018800 0.021500 0.021500 0.026800 0.029500 0.002600 0.021500 0.021500 0.018800 0.027000 0.018700 0.029700 0.024200 0.032400 0.027000 0.026900 0.026900 0.021500 0.016000 0.018700 0.021500 0.024200 0.018700 0.026800 0.038000 0.026800 0.000000 0.029800 0.018500 0.018800 0.021500 0.026900 0.021500 0.018800 0.026900 0.018700 0.018800 0.024300 0.000000 0.021400 0.026900 0.021500 0.024100 0.018800 0.016100 0.018700 0.026800 0.033200
WhiteTaile 0.010700 0.026600 0.016000 0.038300 0.008000 0.010700 0.010700 0.016000 0.018700 0.024100 0.010700 0.010700 0.008000 0.016100 0.013300 0.018700 0.013400 0.021500 0.016100 0.016000 0.016000 0.010700 0.005300 0.002600 0.010700 0.013400 0.008000 0.015900 0.026900 0.015900 0.021400 0.018800 0.013200 0.008000 0.010700 0.018700 0.010700 0.008000 0.016000 0.002600 0.008000 0.013500 0.021400 0.000000 0.018700 0.010700 0.018600 0.008000 0.010700 0.008000 0.015900 0.021300
Cattle 0.013400 0.029400 0.013300 0.041100 0.010700 0.013400 0.013400 0.016000 0.016000 0.029700 0.013400 0.008000 0.010700 0.018800 0.013300 0.021500 0.016100 0.024200 0.018800 0.013400 0.018800 0.013400 0.013400 0.016000 0.013400 0.016100 0.010700 0.013300 0.029800 0.013300 0.026900 0.021600 0.015900 0.010700 0.013400 0.000000 0.013400 0.010700 0.016100 0.016100 0.016100 0.016100 0.026900 0.018700 0.000000 0.013400 0.018700 0.010700 0.010700 0.010700 0.013300 0.018700
RoyalAntel 0.005300 0.021300 0.010700 0.033500 0.002700 0.005300 0.005300 0.010700 0.013300 0.024200 0.005300 0.005300 0.002700 0.010700 0.008000 0.013400 0.008000 0.016100 0.010700 0.010700 0.010700 0.005300 0.005300 0.008000 0.005300 0.008000 0.002700 0.010600 0.021500 0.010600 0.021500 0.013400 0.007900 0.002700 0.005300 0.013400 0.005300 0.002700 0.010700 0.008000 0.008000 0.008000 0.021500 0.010700 0.013400 0.000000 0.013300 0.002700 0.005300 0.002700 0.010600 0.016000
Steenbok 0.013300 0.029300 0.018700 0.041000 0.010700 0.013300 0.013300 0.007900 0.021300 0.026800 0.013300 0.013300 0.010600 0.018800 0.010600 0.010600 0.013300 0.021400 0.018700 0.018700 0.008000 0.013300 0.013300 0.016000 0.013300 0.005300 0.010600 0.018600 0.018700 0.018600 0.024100 0.021500 0.015800 0.010700 0.013300 0.018700 0.013300 0.010700 0.008000 0.016000 0.016000 0.005300 0.024100 0.018600 0.018700 0.013300 0.000000 0.010600 0.008000 0.010600 0.018600 0.024000
Impala 0.002700 0.018600 0.008000 0.030000 0.000100 0.002700 0.002700 0.008000 0.010600 0.021500 0.002700 0.002700 0.000000 0.008000 0.005300 0.010700 0.005300 0.013400 0.008000 0.008000 0.008000 0.002700 0.002700 0.005300 0.002700 0.005300 0.000100 0.008000 0.018800 0.008000 0.018800 0.010700 0.005300 0.000100 0.002700 0.010700 0.002700 0.000100 0.008000 0.005300 0.005300 0.005300 0.018800 0.008000 0.010700 0.002700 0.010600 0.000000 0.002700 0.000100 0.008000 0.013300
Klipspring 0.005300 0.021400 0.010700 0.032800 0.002700 0.005300 0.005300 0.010700 0.013300 0.018800 0.005300 0.005300 0.002700 0.010700 0.002700 0.013400 0.008000 0.016100 0.010700 0.010700 0.010700 0.005300 0.005300 0.008000 0.005300 0.008000 0.002700 0.010600 0.021600 0.010700 0.016100 0.013500 0.007900 0.002700 0.005300 0.010700 0.005300 0.002700 0.010700 0.008000 0.008000 0.008000 0.016100 0.010700 0.010700 0.005300 0.008000 0.002700 0.000000 0.002700 0.010600 0.016000
ForestMusk 0.002700 0.018600 0.008000 0.030000 0.000100 0.002700 0.002700 0.008000 0.010700 0.021500 0.002700 0.002700 0.000100 0.008000 0.005300 0.010700 0.005300 0.013400 0.008000 0.008000 0.008000 0.002700 0.002700 0.005300 0.002700 0.005300 0.000100 0.008000 0.018800 0.008000 0.018800 0.010700 0.005300 0.000100 0.002700 0.010700 0.002700 0.000100 0.008000 0.005300 0.005300 0.005300 0.018700 0.008000 0.010700 0.002700 0.010600 0.000100 0.002700 0.000000 0.008000 0.013300
Bushbuck 0.010600 0.021100 0.000000 0.038200 0.008000 0.010600 0.010600 0.013300 0.002600 0.029500 0.010600 0.005300 0.008000 0.016000 0.013300 0.018700 0.008000 0.016000 0.016000 0.000000 0.016000 0.010600 0.010600 0.013300 0.010600 0.013300 0.008000 0.000000 0.026900 0.000000 0.026800 0.018800 0.013100 0.008000 0.010700 0.013300 0.010600 0.008000 0.013300 0.013300 0.013300 0.013300 0.026800 0.015900 0.013300 0.010600 0.018600 0.008000 0.010600 0.008000 0.000000 0.005300
GreaterKud 0.016000 0.026600 0.005300 0.041400 0.013800 0.016000 0.016000 0.018700 0.007900 0.036400 0.016000 0.011000 0.013300 0.021500 0.018700 0.024700 0.013600 0.021800 0.021500 0.005300 0.021900 0.016000 0.016200 0.019400 0.016000 0.019000 0.013300 0.005300 0.033000 0.005300 0.033200 0.024300 0.018500 0.013300 0.016100 0.018700 0.016000 0.013800 0.018700 0.018700 0.018700 0.019100 0.033200 0.021300 0.018700 0.016000 0.024000 0.013300 0.016000 0.013300 0.005300 0.000000
