1
52 1
Argali 0.000000 0.017500 0.000000 0.017700 0.026700 0.000000 0.000100 0.000000 0.000100 0.017400 0.000000 0.000000 0.008800 0.000100 0.000100 0.000000 0.017800 0.017800 0.000000 0.000100 0.000000 0.000000 0.008800 0.008700 0.000000 0.000000 0.000100 0.000100 0.000000 0.000100 0.017400 0.000100 0.008800 0.000100 0.000100 0.000000 0.000100 0.017600 0.000000 0.008700 0.008800 0.000000 0.017400 0.008700 0.000000 0.000000 0.000000 0.000100 0.000100 0.008800 0.000100 0.000100
LesserMous 0.017500 0.000000 0.017500 0.000200 0.044800 0.017500 0.017400 0.017500 0.017600 0.017300 0.017400 0.017500 0.008800 0.017400 0.017600 0.017500 0.017800 0.017700 0.017400 0.017600 0.017500 0.017400 0.008700 0.008600 0.017400 0.017500 0.017600 0.017600 0.017500 0.017600 0.017300 0.017400 0.008700 0.017600 0.017700 0.017500 0.017300 0.035500 0.017500 0.008600 0.008700 0.017500 0.017300 0.008600 0.017500 0.017500 0.017500 0.017600 0.017600 0.008700 0.017600 0.017600
LesserKudu 0.000000 0.017500 0.000000 0.017800 0.026700 0.000100 0.000100 0.000000 0.000000 0.017500 0.000100 0.000000 0.008800 0.000000 0.000100 0.000000 0.017900 0.017800 0.000100 0.000000 0.000000 0.000100 0.008800 0.008700 0.000100 0.000000 0.000100 0.000000 0.000000 0.000000 0.017500 0.000000 0.008800 0.000100 0.000100 0.000000 0.000100 0.017700 0.000000 0.008700 0.008800 0.000000 0.017500 0.008700 0.000000 0.000000 0.000000 0.000000 0.000000 0.008800 0.000000 0.000000
KillerWhal 0.017700 0.000200 0.017800 0.000000 0.045300 0.017800 0.017700 0.017800 0.017800 0.017600 0.017700 0.017800 0.008900 0.017700 0.017800 0.017800 0.018000 0.017900 0.017900 0.017800 0.017800 0.017700 0.008800 0.008800 0.017700 0.017800 0.017800 0.017800 0.017800 0.017800 0.017600 0.017700 0.008800 0.017800 0.017900 0.017800 0.017600 0.036000 0.017800 0.008800 0.008800 0.017800 0.017600 0.008800 0.017800 0.017800 0.017800 0.017800 0.017800 0.008800 0.017900 0.017800
DefassaWat 0.026700 0.044800 0.026700 0.045300 0.000000 0.026700 0.026600 0.026700 0.026800 0.044600 0.026600 0.026700 0.035900 0.026600 0.026800 0.026700 0.045600 0.045400 0.026600 0.026800 0.026700 0.026600 0.035800 0.035700 0.026600 0.026700 0.026800 0.026800 0.026700 0.026700 0.044600 0.026600 0.035900 0.026800 0.026900 0.026700 0.026500 0.008800 0.026700 0.035700 0.035800 0.026700 0.044600 0.035700 0.026700 0.026700 0.026700 0.026800 0.026800 0.035800 0.026800 0.026800
Sheep 0.000000 0.017500 0.000100 0.017800 0.026700 0.000000 0.000100 0.000100 0.000100 0.017500 0.000100 0.000100 0.008800 0.000100 0.000100 0.000100 0.017900 0.017800 0.000100 0.000100 0.000100 0.000100 0.008800 0.008700 0.000100 0.000100 0.000000 0.000100 0.000100 0.000100 0.017500 0.000100 0.008800 0.000000 0.000100 0.000100 0.000100 0.017700 0.000100 0.008700 0.008800 0.000100 0.017500 0.008700 0.000100 0.000100 0.000100 0.000100 0.000100 0.008800 0.000100 0.000100
MaxwellsDu 0.000100 0.017400 0.000100 0.017700 0.026600 0.000100 0.000000 0.000100 0.000100 0.017400 0.000100 0.000100 0.008800 0.000100 0.000200 0.000100 0.017800 0.017700 0.000100 0.000100 0.000100 0.000100 0.008700 0.008700 0.000100 0.000100 0.000200 0.000100 0.000100 0.000100 0.017400 0.000100 0.008800 0.000200 0.000200 0.000100 0.000200 0.017600 0.000100 0.008700 0.008700 0.000100 0.017400 0.008700 0.000100 0.000100 0.000100 0.000100 0.000100 0.008800 0.000100 0.000100
GazellaPrz 0.000000 0.017500 0.000000 0.017800 0.026700 0.000100 0.000100 0.000000 0.000000 0.017500 0.000100 0.000000 0.008800 0.000000 0.000100 0.000000 0.017900 0.017800 0.000100 0.000000 0.000000 0.000100 0.008800 0.008700 0.000100 0.000000 0.000100 0.000000 0.000000 0.000000 0.017500 0.000000 0.008800 0.000100 0.000100 0.000000 0.000100 0.017700 0.000000 0.008700 0.008800 0.000000 0.017500 0.008700 0.000000 0.000000 0.000000 0.000000 0.000000 0.008800 0.000000 0.000000
MountainNy 0.000100 0.017600 0.000000 0.017800 0.026800 0.000100 0.000100 0.000000 0.000000 0.017500 0.000100 0.000000 0.008800 0.000100 0.000100 0.000000 0.017900 0.017800 0.000100 0.000000 0.000000 0.000100 0.008800 0.008800 0.000100 0.000000 0.000000 0.000000 0.000000 0.000000 0.017500 0.000100 0.008800 0.000000 0.000100 0.000000 0.000100 0.017700 0.000000 0.008800 0.008800 0.000000 0.017500 0.008800 0.000000 0.000000 0.000000 0.000000 0.000000 0.008800 0.000000 0.000000
MuntiacusM 0.017400 0.017300 0.017500 0.017600 0.044600 0.017500 0.017400 0.017500 0.017500 0.000000 0.017300 0.017500 0.008700 0.017400 0.017500 0.017500 0.017700 0.017600 0.017400 0.017500 0.017500 0.017300 0.008700 0.008600 0.017300 0.017500 0.017500 0.017500 0.017500 0.017500 0.000000 0.017400 0.008700 0.017500 0.017700 0.017500 0.017200 0.035400 0.017500 0.008600 0.008700 0.017500 0.000000 0.008600 0.017500 0.017500 0.017500 0.017500 0.017500 0.008700 0.017600 0.017500
goat 0.000000 0.017400 0.000100 0.017700 0.026600 0.000100 0.000100 0.000100 0.000100 0.017300 0.000000 0.000100 0.008800 0.000100 0.000100 0.000100 0.017800 0.017700 0.000100 0.000100 0.000100 0.000000 0.008700 0.008700 0.000000 0.000100 0.000100 0.000100 0.000100 0.000100 0.017300 0.000100 0.008800 0.000100 0.000100 0.000100 0.000000 0.017600 0.000100 0.008700 0.008700 0.000100 0.017300 0.008700 0.000100 0.000100 0.000100 0.000100 0.000100 0.008700 0.000100 0.000100
AfricanBuf 0.000000 0.017500 0.000000 0.017800 0.026700 0.000100 0.000100 0.000000 0.000000 0.017500 0.000100 0.000000 0.008800 0.000000 0.000100 0.000000 0.017900 0.017800 0.000100 0.000000 0.000000 0.000100 0.008800 0.008700 0.000100 0.000000 0.000100 0.000000 0.000000 0.000000 0.017500 0.000000 0.008800 0.000100 0.000100 0.000000 0.000100 0.017700 0.000000 0.008700 0.008800 0.000000 0.017500 0.008700 0.000000 0.000000 0.000000 0.000000 0.000000 0.008800 0.000000 0.000000
Topi 0.008800 0.008800 0.008800 0.008900 0.035900 0.008800 0.008800 0.008800 0.008800 0.008700 0.008800 0.008800 0.000000 0.008800 0.008800 0.008800 0.008900 0.008900 0.008800 0.008800 0.008800 0.008800 0.000200 0.000200 0.008800 0.008800 0.008800 0.008800 0.008800 0.008800 0.008700 0.008800 0.000100 0.008800 0.008900 0.008800 0.008700 0.026700 0.008800 0.000300 0.000200 0.008800 0.008700 0.000200 0.008800 0.008800 0.008800 0.008800 0.008800 0.000100 0.008900 0.008800
CommonDuik 0.000100 0.017400 0.000000 0.017700 0.026600 0.000100 0.000100 0.000000 0.000100 0.017400 0.000100 0.000000 0.008800 0.000000 0.000100 0.000000 0.017800 0.017700 0.000100 0.000100 0.000000 0.000100 0.008800 0.008700 0.000100 0.000000 0.000100 0.000100 0.000000 0.000100 0.017400 0.000000 0.008800 0.000100 0.000200 0.000000 0.000100 0.017600 0.000000 0.008700 0.008800 0.000000 0.017400 0.008700 0.000000 0.000000 0.000000 0.000100 0.000100 0.008800 0.000100 0.000100
Suni 0.000100 0.017600 0.000100 0.017800 0.026800 0.000100 0.000200 0.000100 0.000100 0.017500 0.000100 0.000100 0.008800 0.000100 0.000000 0.000100 0.017900 0.017800 0.000100 0.000100 0.000100 0.000100 0.008800 0.008700 0.000100 0.000100 0.000100 0.000100 0.000100 0.000100 0.017500 0.000100 0.008800 0.000100 0.000200 0.000100 0.000200 0.017700 0.000100 0.008700 0.008800 0.000100 0.017500 0.008700 0.000100 0.000100 0.000100 0.000100 0.000100 0.008800 0.000100 0.000100
Springbuck 0.000000 0.017500 0.000000 0.017800 0.026700 0.000100 0.000100 0.000000 0.000000 0.017500 0.000100 0.000000 0.008800 0.000000 0.000100 0.000000 0.017900 0.017800 0.000100 0.000000 0.000000 0.000100 0.008800 0.008700 0.000100 0.000000 0.000100 0.000000 0.000000 0.000000 0.017500 0.000000 0.008800 0.000100 0.000100 0.000000 0.000100 0.017700 0.000000 0.008700 0.008800 0.000000 0.017500 0.008700 0.000000 0.000000 0.000000 0.000000 0.000000 0.008800 0.000000 0.000000
Okapi 0.017800 0.017800 0.017900 0.018000 0.045600 0.017900 0.017800 0.017900 0.017900 0.017700 0.017800 0.017900 0.008900 0.017800 0.017900 0.017900 0.000000 0.000000 0.017800 0.017900 0.017900 0.017800 0.008900 0.008800 0.017800 0.017900 0.017900 0.017900 0.017900 0.017900 0.017700 0.017800 0.008900 0.017900 0.018000 0.017900 0.017700 0.036200 0.017900 0.008800 0.008900 0.017900 0.017700 0.008800 0.017900 0.017900 0.017900 0.017900 0.017900 0.008900 0.017900 0.017900
Giraffe 0.017800 0.017700 0.017800 0.017900 0.045400 0.017800 0.017700 0.017800 0.017800 0.017600 0.017700 0.017800 0.008900 0.017700 0.017800 0.017800 0.000000 0.000000 0.017700 0.017800 0.017800 0.017700 0.008900 0.008800 0.017700 0.017800 0.017900 0.017900 0.017800 0.017800 0.017600 0.017700 0.008900 0.017900 0.018000 0.017800 0.017600 0.036000 0.017800 0.008800 0.008900 0.017800 0.017600 0.008800 0.017800 0.017800 0.017800 0.017800 0.017800 0.008900 0.017900 0.017800
TibetanAnt 0.000000 0.017400 0.000100 0.017900 0.026600 0.000100 0.000100 0.000100 0.000100 0.017400 0.000100 0.000100 0.008800 0.000100 0.000100 0.000100 0.017800 0.017700 0.000000 0.000100 0.000100 0.000100 0.008800 0.008700 0.000100 0.000100 0.000100 0.000100 0.000100 0.000100 0.017400 0.000100 0.008800 0.000100 0.000100 0.000100 0.000100 0.017600 0.000100 0.008700 0.008800 0.000100 0.017400 0.008700 0.000100 0.000100 0.000100 0.000100 0.000100 0.008800 0.000100 0.000100
Sitatunga 0.000100 0.017600 0.000000 0.017800 0.026800 0.000100 0.000100 0.000000 0.000000 0.017500 0.000100 0.000000 0.008800 0.000100 0.000100 0.000000 0.017900 0.017800 0.000100 0.000000 0.000000 0.000100 0.008800 0.008800 0.000100 0.000000 0.000000 0.000000 0.000000 0.000000 0.017500 0.000100 0.008800 0.000000 0.000100 0.000000 0.000100 0.017700 0.000000 0.008800 0.008800 0.000000 0.017500 0.008800 0.000000 0.000000 0.000000 0.000000 0.000000 0.008800 0.000000 0.000000
Oribi 0.000000 0.017500 0.000000 0.017800 0.026700 0.000100 0.000100 0.000000 0.000000 0.017500 0.000100 0.000000 0.008800 0.000000 0.000100 0.000000 0.017900 0.017800 0.000100 0.000000 0.000000 0.000100 0.008800 0.008700 0.000100 0.000000 0.000100 0.000000 0.000000 0.000000 0.017500 0.000000 0.008800 0.000100 0.000100 0.000000 0.000100 0.017700 0.000000 0.008700 0.008800 0.000000 0.017500 0.008700 0.000000 0.000000 0.000000 0.000000 0.000000 0.008800 0.000000 0.000000
BarbaryShe 0.000000 0.017400 0.000100 0.017700 0.026600 0.000100 0.000100 0.000100 0.000100 0.017300 0.000000 0.000100 0.008800 0.000100 0.000100 0.000100 0.017800 0.017700 0.000100 0.000100 0.000100 0.000000 0.008700 0.008700 0.000000 0.000100 0.000100 0.000100 0.000100 0.000100 0.017300 0.000100 0.008800 0.000100 0.000100 0.000100 0.000000 0.017600 0.000100 0.008700 0.008700 0.000100 0.017300 0.008700 0.000100 0.000100 0.000100 0.000100 0.000100 0.008700 0.000100 0.000100
Daviddeer 0.008800 0.008700 0.008800 0.008800 0.035800 0.008800 0.008700 0.008800 0.008800 0.008700 0.008700 0.008800 0.000200 0.008800 0.008800 0.008800 0.008900 0.008900 0.008800 0.008800 0.008800 0.008700 0.000000 0.000100 0.008700 0.008800 0.008800 0.008800 0.008800 0.008800 0.008700 0.008800 0.000200 0.008800 0.008900 0.008800 0.008700 0.026700 0.008800 0.000200 0.000000 0.008800 0.008700 0.000100 0.008800 0.008800 0.008800 0.008800 0.008800 0.000100 0.008800 0.008800
Reindeer 0.008700 0.008600 0.008700 0.008800 0.035700 0.008700 0.008700 0.008700 0.008800 0.008600 0.008700 0.008700 0.000200 0.008700 0.008700 0.008700 0.008800 0.008800 0.008700 0.008800 0.008700 0.008700 0.000100 0.000000 0.008700 0.008700 0.008800 0.008800 0.008700 0.008800 0.008600 0.008700 0.000100 0.008800 0.008800 0.008700 0.008600 0.026500 0.008700 0.000100 0.000100 0.008700 0.008600 0.000000 0.008700 0.008700 0.008700 0.008800 0.008800 0.000100 0.008800 0.008800
Ibex 0.000000 0.017400 0.000100 0.017700 0.026600 0.000100 0.000100 0.000100 0.000100 0.017300 0.000000 0.000100 0.008800 0.000100 0.000100 0.000100 0.017800 0.017700 0.000100 0.000100 0.000100 0.000000 0.008700 0.008700 0.000000 0.000100 0.000100 0.000100 0.000100 0.000100 0.017300 0.000100 0.008800 0.000100 0.000100 0.000100 0.000000 0.017600 0.000100 0.008700 0.008700 0.000100 0.017300 0.008700 0.000100 0.000100 0.000100 0.000100 0.000100 0.008700 0.000100 0.000100
GyrantGaze 0.000000 0.017500 0.000000 0.017800 0.026700 0.000100 0.000100 0.000000 0.000000 0.017500 0.000100 0.000000 0.008800 0.000000 0.000100 0.000000 0.017900 0.017800 0.000100 0.000000 0.000000 0.000100 0.008800 0.008700 0.000100 0.000000 0.000100 0.000000 0.000000 0.000000 0.017500 0.000000 0.008800 0.000100 0.000100 0.000000 0.000100 0.017700 0.000000 0.008700 0.008800 0.000000 0.017500 0.008700 0.000000 0.000000 0.000000 0.000000 0.000000 0.008800 0.000000 0.000000
Hartebeest 0.000100 0.017600 0.000100 0.017800 0.026800 0.000000 0.000200 0.000100 0.000000 0.017500 0.000100 0.000100 0.008800 0.000100 0.000100 0.000100 0.017900 0.017900 0.000100 0.000000 0.000100 0.000100 0.008800 0.008800 0.000100 0.000100 0.000000 0.000100 0.000100 0.000100 0.017500 0.000100 0.008800 0.000000 0.000000 0.000100 0.000100 0.017700 0.000100 0.008800 0.008800 0.000100 0.017500 0.008800 0.000100 0.000100 0.000100 0.000100 0.000000 0.008800 0.000100 0.000000
Bongo 0.000100 0.017600 0.000000 0.017800 0.026800 0.000100 0.000100 0.000000 0.000000 0.017500 0.000100 0.000000 0.008800 0.000100 0.000100 0.000000 0.017900 0.017900 0.000100 0.000000 0.000000 0.000100 0.008800 0.008800 0.000100 0.000000 0.000100 0.000000 0.000000 0.000000 0.017500 0.000100 0.008800 0.000100 0.000200 0.000000 0.000100 0.017700 0.000000 0.008800 0.008800 0.000000 0.017500 0.008800 0.000000 0.000000 0.000000 0.000000 0.000000 0.008800 0.000100 0.000000
Gerenuk 0.000000 0.017500 0.000000 0.017800 0.026700 0.000100 0.000100 0.000000 0.000000 0.017500 0.000100 0.000000 0.008800 0.000000 0.000100 0.000000 0.017900 0.017800 0.000100 0.000000 0.000000 0.000100 0.008800 0.008700 0.000100 0.000000 0.000100 0.000000 0.000000 0.000000 0.017500 0.000000 0.008800 0.000100 0.000100 0.000000 0.000100 0.017700 0.000000 0.008700 0.008800 0.000000 0.017500 0.008700 0.000000 0.000000 0.000000 0.000000 0.000000 0.008800 0.000000 0.000000
CommonElan 0.000100 0.017600 0.000000 0.017800 0.026700 0.000100 0.000100 0.000000 0.000000 0.017500 0.000100 0.000000 0.008800 0.000100 0.000100 0.000000 0.017900 0.017800 0.000100 0.000000 0.000000 0.000100 0.008800 0.008800 0.000100 0.000000 0.000100 0.000000 0.000000 0.000000 0.017500 0.000100 0.008800 0.000100 0.000200 0.000000 0.000100 0.017700 0.000000 0.008800 0.008800 0.000000 0.017500 0.008800 0.000000 0.000000 0.000000 0.000000 0.000000 0.008800 0.000100 0.000000
MuntiacusR 0.017400 0.017300 0.017500 0.017600 0.044600 0.017500 0.017400 0.017500 0.017500 0.000000 0.017300 0.017500 0.008700 0.017400 0.017500 0.017500 0.017700 0.017600 0.017400 0.017500 0.017500 0.017300 0.008700 0.008600 0.017300 0.017500 0.017500 0.017500 0.017500 0.017500 0.000000 0.017400 0.008700 0.017500 0.017700 0.017500 0.017200 0.035400 0.017500 0.008600 0.008700 0.017500 0.000000 0.008600 0.017500 0.017500 0.017500 0.017500 0.017500 0.008700 0.017600 0.017500
HarveysDui 0.000100 0.017400 0.000000 0.017700 0.026600 0.000100 0.000100 0.000000 0.000100 0.017400 0.000100 0.000000 0.008800 0.000000 0.000100 0.000000 0.017800 0.017700 0.000100 0.000100 0.000000 0.000100 0.008800 0.008700 0.000100 0.000000 0.000100 0.000100 0.000000 0.000100 0.017400 0.000000 0.008800 0.000100 0.000200 0.000000 0.000100 0.017600 0.000000 0.008700 0.008800 0.000000 0.017400 0.008700 0.000000 0.000000 0.000000 0.000100 0.000100 0.008800 0.000100 0.000100
Pronghorn 0.008800 0.008700 0.008800 0.008800 0.035900 0.008800 0.008800 0.008800 0.008800 0.008700 0.008800 0.008800 0.000100 0.008800 0.008800 0.008800 0.008900 0.008900 0.008800 0.008800 0.008800 0.008800 0.000200 0.000100 0.008800 0.008800 0.008800 0.008800 0.008800 0.008800 0.008700 0.008800 0.000000 0.008800 0.008900 0.008800 0.008700 0.026700 0.008800 0.000200 0.000200 0.008800 0.008700 0.000100 0.008800 0.008800 0.008800 0.008800 0.008800 0.000100 0.008900 0.008800
BlueWildeb 0.000100 0.017600 0.000100 0.017800 0.026800 0.000000 0.000200 0.000100 0.000000 0.017500 0.000100 0.000100 0.008800 0.000100 0.000100 0.000100 0.017900 0.017900 0.000100 0.000000 0.000100 0.000100 0.008800 0.008800 0.000100 0.000100 0.000000 0.000100 0.000100 0.000100 0.017500 0.000100 0.008800 0.000000 0.000000 0.000100 0.000100 0.017700 0.000100 0.008800 0.008800 0.000100 0.017500 0.008800 0.000100 0.000100 0.000100 0.000100 0.000000 0.008800 0.000100 0.000000
Gemsbok 0.000100 0.017700 0.000100 0.017900 0.026900 0.000100 0.000200 0.000100 0.000100 0.017700 0.000100 0.000100 0.008900 0.000200 0.000200 0.000100 0.018000 0.018000 0.000100 0.000100 0.000100 0.000100 0.008900 0.008800 0.000100 0.000100 0.000000 0.000200 0.000100 0.000200 0.017700 0.000200 0.008900 0.000000 0.000000 0.000100 0.000200 0.017800 0.000100 0.008800 0.008900 0.000100 0.017700 0.008800 0.000100 0.000100 0.000100 0.000200 0.000100 0.008900 0.000100 0.000100
Yak 0.000000 0.017500 0.000000 0.017800 0.026700 0.000100 0.000100 0.000000 0.000000 0.017500 0.000100 0.000000 0.008800 0.000000 0.000100 0.000000 0.017900 0.017800 0.000100 0.000000 0.000000 0.000100 0.008800 0.008700 0.000100 0.000000 0.000100 0.000000 0.000000 0.000000 0.017500 0.000000 0.008800 0.000100 0.000100 0.000000 0.000100 0.017700 0.000000 0.008700 0.008800 0.000000 0.017500 0.008700 0.000000 0.000000 0.000000 0.000000 0.000000 0.008800 0.000000 0.000000
BlueSheep 0.000100 0.017300 0.000100 0.017600 0.026500 0.000100 0.000200 0.000100 0.000100 0.017200 0.000000 0.000100 0.008700 0.000100 0.000200 0.000100 0.017700 0.017600 0.000100 0.000100 0.000100 0.000000 0.008700 0.008600 0.000000 0.000100 0.000100 0.000100 0.000100 0.000100 0.017200 0.000100 0.008700 0.000100 0.000200 0.000100 0.000000 0.017500 0.000100 0.008600 0.008700 0.000100 0.017200 0.008600 0.000100 0.000100 0.000100 0.000100 0.000100 0.008700 0.000100 0.000100
BohorReedb 0.017600 0.035500 0.017700 0.036000 0.008800 0.017700 0.017600 0.017700 0.017700 0.035400 0.017600 0.017700 0.026700 0.017600 0.017700 0.017700 0.036200 0.036000 0.017600 0.017700 0.017700 0.017600 0.026700 0.026500 0.017600 0.017700 0.017700 0.017700 0.017700 0.017700 0.035400 0.017600 0.026700 0.017700 0.017800 0.017700 0.017500 0.000000 0.017700 0.026600 0.026700 0.017700 0.035400 0.026500 0.017700 0.017700 0.017700 0.017700 0.017700 0.026700 0.017800 0.017700
KirksDik 0.000000 0.017500 0.000000 0.017800 0.026700 0.000100 0.000100 0.000000 0.000000 0.017500 0.000100 0.000000 0.008800 0.000000 0.000100 0.000000 0.017900 0.017800 0.000100 0.000000 0.000000 0.000100 0.008800 0.008700 0.000100 0.000000 0.000100 0.000000 0.000000 0.000000 0.017500 0.000000 0.008800 0.000100 0.000100 0.000000 0.000100 0.017700 0.000000 0.008700 0.008800 0.000000 0.017500 0.008700 0.000000 0.000000 0.000000 0.000000 0.000000 0.008800 0.000000 0.000000
RoeDeer 0.008700 0.008600 0.008700 0.008800 0.035700 0.008700 0.008700 0.008700 0.008800 0.008600 0.008700 0.008700 0.000300 0.008700 0.008700 0.008700 0.008800 0.008800 0.008700 0.008800 0.008700 0.008700 0.000200 0.000100 0.008700 0.008700 0.008800 0.008800 0.008700 0.008800 0.008600 0.008700 0.000200 0.008800 0.008800 0.008700 0.008600 0.026600 0.008700 0.000000 0.000200 0.008700 0.008600 0.000100 0.008700 0.008700 0.008700 0.008800 0.008800 0.000200 0.008800 0.008800
WhiteLippe 0.008800 0.008700 0.008800 0.008800 0.035800 0.008800 0.008700 0.008800 0.008800 0.008700 0.008700 0.008800 0.000200 0.008800 0.008800 0.008800 0.008900 0.008900 0.008800 0.008800 0.008800 0.008700 0.000000 0.000100 0.008700 0.008800 0.008800 0.008800 0.008800 0.008800 0.008700 0.008800 0.000200 0.008800 0.008900 0.008800 0.008700 0.026700 0.008800 0.000200 0.000000 0.008800 0.008700 0.000100 0.008800 0.008800 0.008800 0.008800 0.008800 0.000100 0.008800 0.008800
ThomsonGaz 0.000000 0.017500 0.000000 0.017800 0.026700 0.000100 0.000100 0.000000 0.000000 0.017500 0.000100 0.000000 0.008800 0.000000 0.000100 0.000000 0.017900 0.017800 0.000100 0.000000 0.000000 0.000100 0.008800 0.008700 0.000100 0.000000 0.000100 0.000000 0.000000 0.000000 0.017500 0.000000 0.008800 0.000100 0.000100 0.000000 0.000100 0.017700 0.000000 0.008700 0.008800 0.000000 0.017500 0.008700 0.000000 0.000000 0.000000 0.000000 0.000000 0.008800 0.000000 0.000000
MuntiacusC 0.017400 0.017300 0.017500 0.017600 0.044600 0.017500 0.017400 0.017500 0.017500 0.000000 0.017300 0.017500 0.008700 0.017400 0.017500 0.017500 0.017700 0.017600 0.017400 0.017500 0.017500 0.017300 0.008700 0.008600 0.017300 0.017500 0.017500 0.017500 0.017500 0.017500 0.000000 0.017400 0.008700 0.017500 0.017700 0.017500 0.017200 0.035400 0.017500 0.008600 0.008700 0.017500 0.000000 0.008600 0.017500 0.017500 0.017500 0.017500 0.017500 0.008700 0.017600 0.017500
WhiteTaile 0.008700 0.008600 0.008700 0.008800 0.035700 0.008700 0.008700 0.008700 0.008800 0.008600 0.008700 0.008700 0.000200 0.008700 0.008700 0.008700 0.008800 0.008800 0.008700 0.008800 0.008700 0.008700 0.000100 0.000000 0.008700 0.008700 0.008800 0.008800 0.008700 0.008800 0.008600 0.008700 0.000100 0.008800 0.008800 0.008700 0.008600 0.026500 0.008700 0.000100 0.000100 0.008700 0.008600 0.000000 0.008700 0.008700 0.008700 0.008800 0.008800 0.000100 0.008800 0.008800
Cattle 0.000000 0.017500 0.000000 0.017800 0.026700 0.000100 0.000100 0.000000 0.000000 0.017500 0.000100 0.000000 0.008800 0.000000 0.000100 0.000000 0.017900 0.017800 0.000100 0.000000 0.000000 0.000100 0.008800 0.008700 0.000100 0.000000 0.000100 0.000000 0.000000 0.000000 0.017500 0.000000 0.008800 0.000100 0.000100 0.000000 0.000100 0.017700 0.000000 0.008700 0.008800 0.000000 0.017500 0.008700 0.000000 0.000000 0.000000 0.000000 0.000000 0.008800 0.000000 0.000000
RoyalAntel 0.000000 0.017500 0.000000 0.017800 0.026700 0.000100 0.000100 0.000000 0.000000 0.017500 0.000100 0.000000 0.008800 0.000000 0.000100 0.000000 0.017900 0.017800 0.000100 0.000000 0.000000 0.000100 0.008800 0.008700 0.000100 0.000000 0.000100 0.000000 0.000000 0.000000 0.017500 0.000000 0.008800 0.000100 0.000100 0.000000 0.000100 0.017700 0.000000 0.008700 0.008800 0.000000 0.017500 0.008700 0.000000 0.000000 0.000000 0.000000 0.000000 0.008800 0.000000 0.000000
Steenbok 0.000000 0.017500 0.000000 0.017800 0.026700 0.000100 0.000100 0.000000 0.000000 0.017500 0.000100 0.000000 0.008800 0.000000 0.000100 0.000000 0.017900 0.017800 0.000100 0.000000 0.000000 0.000100 0.008800 0.008700 0.000100 0.000000 0.000100 0.000000 0.000000 0.000000 0.017500 0.000000 0.008800 0.000100 0.000100 0.000000 0.000100 0.017700 0.000000 0.008700 0.008800 0.000000 0.017500 0.008700 0.000000 0.000000 0.000000 0.000000 0.000000 0.008800 0.000000 0.000000
Impala 0.000100 0.017600 0.000000 0.017800 0.026800 0.000100 0.000100 0.000000 0.000000 0.017500 0.000100 0.000000 0.008800 0.000100 0.000100 0.000000 0.017900 0.017800 0.000100 0.000000 0.000000 0.000100 0.008800 0.008800 0.000100 0.000000 0.000100 0.000000 0.000000 0.000000 0.017500 0.000100 0.008800 0.000100 0.000200 0.000000 0.000100 0.017700 0.000000 0.008800 0.008800 0.000000 0.017500 0.008800 0.000000 0.000000 0.000000 0.000000 0.000000 0.008800 0.000100 0.000100
Klipspring 0.000100 0.017600 0.000000 0.017800 0.026800 0.000100 0.000100 0.000000 0.000000 0.017500 0.000100 0.000000 0.008800 0.000100 0.000100 0.000000 0.017900 0.017800 0.000100 0.000000 0.000000 0.000100 0.008800 0.008800 0.000100 0.000000 0.000000 0.000000 0.000000 0.000000 0.017500 0.000100 0.008800 0.000000 0.000100 0.000000 0.000100 0.017700 0.000000 0.008800 0.008800 0.000000 0.017500 0.008800 0.000000 0.000000 0.000000 0.000000 0.000000 0.008800 0.000000 0.000000
ForestMusk 0.008800 0.008700 0.008800 0.008800 0.035800 0.008800 0.008800 0.008800 0.008800 0.008700 0.008700 0.008800 0.000100 0.008800 0.008800 0.008800 0.008900 0.008900 0.008800 0.008800 0.008800 0.008700 0.000100 0.000100 0.008700 0.008800 0.008800 0.008800 0.008800 0.008800 0.008700 0.008800 0.000100 0.008800 0.008900 0.008800 0.008700 0.026700 0.008800 0.000200 0.000100 0.008800 0.008700 0.000100 0.008800 0.008800 0.008800 0.008800 0.008800 0.000000 0.008800 0.008800
Bushbuck 0.000100 0.017600 0.000000 0.017900 0.026800 0.000100 0.000100 0.000000 0.000000 0.017600 0.000100 0.000000 0.008900 0.000100 0.000100 0.000000 0.017900 0.017900 0.000100 0.000000 0.000000 0.000100 0.008800 0.008800 0.000100 0.000000 0.000100 0.000100 0.000000 0.000100 0.017600 0.000100 0.008900 0.000100 0.000100 0.000000 0.000100 0.017800 0.000000 0.008800 0.008800 0.000000 0.017600 0.008800 0.000000 0.000000 0.000000 0.000100 0.000000 0.008800 0.000000 0.000000
GreaterKud 0.000100 0.017600 0.000000 0.017800 0.026800 0.000100 0.000100 0.000000 0.000000 0.017500 0.000100 0.000000 0.008800 0.000100 0.000100 0.000000 0.017900 0.017800 0.000100 0.000000 0.000000 0.000100 0.008800 0.008800 0.000100 0.000000 0.000000 0.000000 0.000000 0.000000 0.017500 0.000100 0.008800 0.000000 0.000100 0.000000 0.000100 0.017700 0.000000 0.008800 0.008800 0.000000 0.017500 0.008800 0.000000 0.000000 0.000000 0.000100 0.000000 0.008800 0.000000 0.000000
