1
52 1
Argali 0.000000 0.004800 0.000200 0.004700 0.000100 0.000000 0.000100 0.002400 0.000100 0.004800 0.000000 0.000100 0.000100 0.000100 0.002400 0.000200 0.000200 0.000200 0.000100 0.000100 0.000100 0.000100 0.009700 0.004800 0.000100 0.002400 0.000000 0.002400 0.000200 0.000100 0.004800 0.000100 0.000300 0.000100 0.000000 0.000100 0.000000 0.002400 0.002400 0.009700 0.004800 0.002400 0.004800 0.004800 0.000100 0.002400 0.000200 0.000200 0.000100 0.000300 0.000100 0.000100
LesserMous 0.004800 0.000000 0.004800 0.004700 0.004700 0.004800 0.004800 0.007100 0.004800 0.009500 0.004800 0.004800 0.004800 0.004800 0.007100 0.004800 0.004800 0.004800 0.004800 0.004800 0.004800 0.004800 0.014400 0.009500 0.004800 0.007100 0.004800 0.007200 0.004800 0.004800 0.009500 0.004800 0.004700 0.004800 0.004800 0.004700 0.004800 0.007200 0.007300 0.014300 0.009500 0.007100 0.009500 0.009500 0.004700 0.007100 0.004800 0.004800 0.004800 0.004800 0.004800 0.004800
LesserKudu 0.000200 0.004800 0.000000 0.004700 0.000300 0.000200 0.000200 0.002400 0.000100 0.004800 0.000200 0.000100 0.000200 0.000200 0.002400 0.000200 0.000200 0.000200 0.000200 0.000100 0.000200 0.000200 0.009800 0.004800 0.000200 0.002400 0.000200 0.002400 0.000300 0.000100 0.004900 0.000200 0.000300 0.000200 0.000200 0.000100 0.000200 0.002400 0.002400 0.009700 0.004900 0.002400 0.004800 0.004800 0.000100 0.002400 0.000200 0.000300 0.000100 0.000300 0.000100 0.000100
KillerWhal 0.004700 0.004700 0.004700 0.000000 0.004700 0.004700 0.004700 0.007100 0.004700 0.009400 0.004700 0.004700 0.004700 0.004700 0.007000 0.004700 0.004700 0.004700 0.004700 0.004700 0.004700 0.004700 0.014300 0.009400 0.004700 0.007100 0.004700 0.007100 0.004700 0.004700 0.009400 0.004700 0.004600 0.004700 0.004700 0.004700 0.004700 0.007100 0.007200 0.014200 0.009500 0.007100 0.009400 0.009400 0.004700 0.007100 0.004700 0.004700 0.004700 0.004800 0.004700 0.004700
DefassaWat 0.000100 0.004700 0.000300 0.004700 0.000000 0.000100 0.000200 0.002400 0.000200 0.004800 0.000200 0.000200 0.000200 0.000200 0.002400 0.000300 0.000200 0.000300 0.000200 0.000200 0.000200 0.000200 0.009700 0.004800 0.000200 0.002400 0.000100 0.002400 0.000300 0.000200 0.004800 0.000200 0.000300 0.000200 0.000200 0.000200 0.000100 0.002400 0.002400 0.009600 0.004800 0.002400 0.004800 0.004800 0.000200 0.002400 0.000300 0.000200 0.000200 0.000400 0.000200 0.000200
Sheep 0.000000 0.004800 0.000200 0.004700 0.000100 0.000000 0.000100 0.002400 0.000100 0.004800 0.000000 0.000100 0.000100 0.000100 0.002400 0.000200 0.000200 0.000200 0.000100 0.000100 0.000100 0.000100 0.009700 0.004800 0.000100 0.002400 0.000000 0.002400 0.000200 0.000100 0.004800 0.000100 0.000300 0.000100 0.000000 0.000100 0.000000 0.002400 0.002400 0.009700 0.004800 0.002400 0.004800 0.004800 0.000100 0.002400 0.000200 0.000200 0.000100 0.000300 0.000100 0.000100
MaxwellsDu 0.000100 0.004800 0.000200 0.004700 0.000200 0.000100 0.000000 0.002400 0.000100 0.004800 0.000100 0.000100 0.000100 0.000100 0.002400 0.000200 0.000200 0.000300 0.000100 0.000100 0.000200 0.000100 0.009700 0.004800 0.000100 0.002400 0.000100 0.002400 0.000300 0.000100 0.004800 0.000100 0.000300 0.000200 0.000100 0.000100 0.000100 0.002400 0.002400 0.009700 0.004800 0.002400 0.004800 0.004800 0.000100 0.002400 0.000300 0.000200 0.000100 0.000300 0.000100 0.000200
GazellaPrz 0.002400 0.007100 0.002400 0.007100 0.002400 0.002400 0.002400 0.000000 0.002400 0.007200 0.002400 0.002400 0.002400 0.002400 0.004800 0.002400 0.002400 0.002400 0.002400 0.002400 0.002400 0.002400 0.012100 0.007200 0.002400 0.004800 0.002400 0.004800 0.002400 0.002400 0.007200 0.002400 0.002400 0.002400 0.002400 0.002400 0.002400 0.004800 0.004800 0.012100 0.007200 0.004800 0.007200 0.007200 0.002400 0.004800 0.002400 0.002400 0.002400 0.002400 0.002400 0.002400
MountainNy 0.000100 0.004800 0.000100 0.004700 0.000200 0.000100 0.000100 0.002400 0.000000 0.004800 0.000100 0.000100 0.000100 0.000100 0.002400 0.000100 0.000200 0.000200 0.000100 0.000000 0.000100 0.000100 0.009700 0.004800 0.000100 0.002400 0.000100 0.002400 0.000200 0.000000 0.004800 0.000100 0.000300 0.000200 0.000100 0.000100 0.000100 0.002400 0.002400 0.009700 0.004800 0.002400 0.004800 0.004800 0.000100 0.002400 0.000200 0.000200 0.000100 0.000300 0.000000 0.000100
MuntiacusM 0.004800 0.009500 0.004800 0.009400 0.004800 0.004800 0.004800 0.007200 0.004800 0.000000 0.004800 0.004800 0.004800 0.004800 0.007200 0.004800 0.004800 0.004800 0.004800 0.004800 0.004800 0.004800 0.004800 0.000100 0.004800 0.007200 0.004800 0.007200 0.004800 0.004800 0.000000 0.004800 0.004700 0.004800 0.004800 0.004800 0.004800 0.007200 0.007300 0.004800 0.000100 0.007200 0.000000 0.000100 0.004800 0.007200 0.004800 0.004800 0.004800 0.004900 0.004800 0.004800
goat 0.000000 0.004800 0.000200 0.004700 0.000200 0.000000 0.000100 0.002400 0.000100 0.004800 0.000000 0.000100 0.000100 0.000100 0.002400 0.000200 0.000200 0.000200 0.000100 0.000100 0.000100 0.000100 0.009700 0.004800 0.000000 0.002400 0.000000 0.002400 0.000200 0.000100 0.004800 0.000100 0.000300 0.000100 0.000000 0.000100 0.000000 0.002400 0.002400 0.009600 0.004800 0.002400 0.004800 0.004800 0.000100 0.002400 0.000100 0.000200 0.000100 0.000300 0.000100 0.000100
AfricanBuf 0.000100 0.004800 0.000100 0.004700 0.000200 0.000100 0.000100 0.002400 0.000100 0.004800 0.000100 0.000000 0.000100 0.000100 0.002400 0.000200 0.000200 0.000300 0.000100 0.000100 0.000100 0.000100 0.009700 0.004800 0.000100 0.002400 0.000100 0.002400 0.000200 0.000100 0.004800 0.000200 0.000200 0.000200 0.000100 0.000100 0.000100 0.002400 0.002400 0.009700 0.004800 0.002400 0.004800 0.004800 0.000100 0.002400 0.000100 0.000200 0.000100 0.000200 0.000100 0.000100
Topi 0.000100 0.004800 0.000200 0.004700 0.000200 0.000100 0.000100 0.002400 0.000100 0.004800 0.000100 0.000100 0.000000 0.000100 0.002400 0.000200 0.000200 0.000300 0.000100 0.000200 0.000100 0.000100 0.009700 0.004800 0.000100 0.002400 0.000000 0.002400 0.000300 0.000100 0.004800 0.000200 0.000300 0.000100 0.000100 0.000100 0.000100 0.002400 0.002400 0.009600 0.004800 0.002400 0.004800 0.004800 0.000100 0.002400 0.000200 0.000200 0.000100 0.000300 0.000100 0.000200
CommonDuik 0.000100 0.004800 0.000200 0.004700 0.000200 0.000100 0.000100 0.002400 0.000100 0.004800 0.000100 0.000100 0.000100 0.000000 0.002400 0.000200 0.000200 0.000200 0.000100 0.000100 0.000100 0.000100 0.009700 0.004800 0.000100 0.002400 0.000100 0.002400 0.000300 0.000100 0.004800 0.000000 0.000300 0.000200 0.000100 0.000100 0.000100 0.002400 0.002400 0.009700 0.004800 0.002400 0.004800 0.004800 0.000100 0.002400 0.000200 0.000200 0.000100 0.000300 0.000100 0.000100
Suni 0.002400 0.007100 0.002400 0.007000 0.002400 0.002400 0.002400 0.004800 0.002400 0.007200 0.002400 0.002400 0.002400 0.002400 0.000000 0.002400 0.002400 0.002400 0.002400 0.002400 0.002400 0.002400 0.012100 0.007200 0.002400 0.004800 0.002400 0.004800 0.002400 0.002400 0.007200 0.002400 0.002400 0.002400 0.002400 0.002400 0.002400 0.004800 0.004800 0.012100 0.007200 0.004800 0.007200 0.007100 0.002400 0.004800 0.002400 0.002400 0.002400 0.002400 0.002400 0.002400
Springbuck 0.000200 0.004800 0.000200 0.004700 0.000300 0.000200 0.000200 0.002400 0.000100 0.004800 0.000200 0.000200 0.000200 0.000200 0.002400 0.000000 0.000300 0.000400 0.000200 0.000200 0.000100 0.000200 0.009700 0.004800 0.000200 0.002400 0.000200 0.002400 0.000200 0.000100 0.004800 0.000200 0.000300 0.000200 0.000200 0.000200 0.000200 0.002400 0.002400 0.009700 0.004800 0.002400 0.004800 0.004800 0.000200 0.002400 0.000200 0.000300 0.000200 0.000500 0.000100 0.000200
Okapi 0.000200 0.004800 0.000200 0.004700 0.000200 0.000200 0.000200 0.002400 0.000200 0.004800 0.000200 0.000200 0.000200 0.000200 0.002400 0.000300 0.000000 0.000100 0.000200 0.000200 0.000200 0.000200 0.009700 0.004800 0.000200 0.002400 0.000200 0.002400 0.000300 0.000200 0.004800 0.000300 0.000300 0.000300 0.000100 0.000200 0.000200 0.002400 0.002400 0.009700 0.004800 0.002400 0.004800 0.004800 0.000200 0.002400 0.000300 0.000300 0.000200 0.000400 0.000200 0.000200
Giraffe 0.000200 0.004800 0.000200 0.004700 0.000300 0.000200 0.000300 0.002400 0.000200 0.004800 0.000200 0.000300 0.000300 0.000200 0.002400 0.000400 0.000100 0.000000 0.000200 0.000200 0.000300 0.000300 0.009800 0.004800 0.000300 0.002400 0.000200 0.002400 0.000400 0.000200 0.004900 0.000300 0.000300 0.000300 0.000200 0.000200 0.000200 0.002400 0.002400 0.009800 0.004900 0.002400 0.004800 0.004800 0.000200 0.002400 0.000300 0.000300 0.000200 0.000400 0.000200 0.000200
TibetanAnt 0.000100 0.004800 0.000200 0.004700 0.000200 0.000100 0.000100 0.002400 0.000100 0.004800 0.000100 0.000100 0.000100 0.000100 0.002400 0.000200 0.000200 0.000200 0.000000 0.000200 0.000100 0.000100 0.009700 0.004800 0.000100 0.002400 0.000000 0.002400 0.000200 0.000100 0.004800 0.000200 0.000300 0.000100 0.000000 0.000100 0.000100 0.002400 0.002400 0.009700 0.004800 0.002400 0.004800 0.004800 0.000100 0.002400 0.000200 0.000200 0.000100 0.000300 0.000100 0.000200
Sitatunga 0.000100 0.004800 0.000100 0.004700 0.000200 0.000100 0.000100 0.002400 0.000000 0.004800 0.000100 0.000100 0.000200 0.000100 0.002400 0.000200 0.000200 0.000200 0.000200 0.000000 0.000100 0.000200 0.009800 0.004800 0.000200 0.002400 0.000100 0.002400 0.000300 0.000000 0.004800 0.000100 0.000300 0.000200 0.000100 0.000100 0.000100 0.002400 0.002400 0.009700 0.004900 0.002400 0.004800 0.004800 0.000100 0.002400 0.000200 0.000200 0.000100 0.000300 0.000000 0.000100
Oribi 0.000100 0.004800 0.000200 0.004700 0.000200 0.000100 0.000200 0.002400 0.000100 0.004800 0.000100 0.000100 0.000100 0.000100 0.002400 0.000100 0.000200 0.000300 0.000100 0.000100 0.000000 0.000100 0.009700 0.004800 0.000100 0.002400 0.000100 0.002400 0.000200 0.000100 0.004800 0.000200 0.000200 0.000100 0.000100 0.000100 0.000100 0.002400 0.002400 0.009600 0.004800 0.002400 0.004800 0.004800 0.000100 0.002400 0.000100 0.000200 0.000100 0.000400 0.000100 0.000200
BarbaryShe 0.000100 0.004800 0.000200 0.004700 0.000200 0.000100 0.000100 0.002400 0.000100 0.004800 0.000100 0.000100 0.000100 0.000100 0.002400 0.000200 0.000200 0.000300 0.000100 0.000200 0.000100 0.000000 0.009700 0.004800 0.000100 0.002400 0.000000 0.002400 0.000300 0.000100 0.004800 0.000100 0.000300 0.000100 0.000100 0.000100 0.000100 0.002400 0.002400 0.009700 0.004800 0.002400 0.004800 0.004800 0.000100 0.002400 0.000200 0.000200 0.000100 0.000300 0.000100 0.000200
Daviddeer 0.009700 0.014400 0.009800 0.014300 0.009700 0.009700 0.009700 0.012100 0.009700 0.004800 0.009700 0.009700 0.009700 0.009700 0.012100 0.009700 0.009700 0.009800 0.009700 0.009800 0.009700 0.009700 0.000000 0.004800 0.009700 0.012100 0.009700 0.012200 0.009700 0.009700 0.004800 0.009700 0.009600 0.009800 0.009700 0.009700 0.009700 0.012200 0.012200 0.009700 0.004800 0.012100 0.004800 0.004800 0.009700 0.012100 0.009800 0.009800 0.009700 0.009800 0.009700 0.009700
Reindeer 0.004800 0.009500 0.004800 0.009400 0.004800 0.004800 0.004800 0.007200 0.004800 0.000100 0.004800 0.004800 0.004800 0.004800 0.007200 0.004800 0.004800 0.004800 0.004800 0.004800 0.004800 0.004800 0.004800 0.000000 0.004800 0.007200 0.004800 0.007200 0.004800 0.004800 0.000100 0.004800 0.004700 0.004800 0.004800 0.004800 0.004800 0.007200 0.007200 0.004800 0.000100 0.007200 0.000100 0.000000 0.004800 0.007200 0.004800 0.004800 0.004800 0.004900 0.004800 0.004800
Ibex 0.000100 0.004800 0.000200 0.004700 0.000200 0.000100 0.000100 0.002400 0.000100 0.004800 0.000000 0.000100 0.000100 0.000100 0.002400 0.000200 0.000200 0.000300 0.000100 0.000200 0.000100 0.000100 0.009700 0.004800 0.000000 0.002400 0.000000 0.002400 0.000200 0.000100 0.004800 0.000200 0.000200 0.000100 0.000100 0.000100 0.000100 0.002400 0.002400 0.009700 0.004800 0.002400 0.004800 0.004800 0.000100 0.002400 0.000100 0.000200 0.000100 0.000300 0.000100 0.000200
GyrantGaze 0.002400 0.007100 0.002400 0.007100 0.002400 0.002400 0.002400 0.004800 0.002400 0.007200 0.002400 0.002400 0.002400 0.002400 0.004800 0.002400 0.002400 0.002400 0.002400 0.002400 0.002400 0.002400 0.012100 0.007200 0.002400 0.000000 0.002400 0.004800 0.002400 0.002400 0.007200 0.002400 0.002400 0.002400 0.002400 0.002400 0.002400 0.004800 0.004800 0.012100 0.007200 0.000100 0.007200 0.007200 0.002400 0.004800 0.002400 0.002400 0.002400 0.002400 0.002400 0.002400
Hartebeest 0.000000 0.004800 0.000200 0.004700 0.000100 0.000000 0.000100 0.002400 0.000100 0.004800 0.000000 0.000100 0.000000 0.000100 0.002400 0.000200 0.000200 0.000200 0.000000 0.000100 0.000100 0.000000 0.009700 0.004800 0.000000 0.002400 0.000000 0.002400 0.000200 0.000100 0.004800 0.000100 0.000200 0.000100 0.000000 0.000100 0.000000 0.002400 0.002400 0.009600 0.004800 0.002400 0.004800 0.004800 0.000100 0.002400 0.000100 0.000200 0.000100 0.000300 0.000100 0.000100
Bongo 0.002400 0.007200 0.002400 0.007100 0.002400 0.002400 0.002400 0.004800 0.002400 0.007200 0.002400 0.002400 0.002400 0.002400 0.004800 0.002400 0.002400 0.002400 0.002400 0.002400 0.002400 0.002400 0.012200 0.007200 0.002400 0.004800 0.002400 0.000000 0.002400 0.002400 0.007300 0.002400 0.002400 0.002400 0.002400 0.002400 0.002400 0.004800 0.004900 0.012200 0.007300 0.004800 0.007200 0.007200 0.002400 0.004800 0.002400 0.002400 0.002400 0.002400 0.002400 0.002400
Gerenuk 0.000200 0.004800 0.000300 0.004700 0.000300 0.000200 0.000300 0.002400 0.000200 0.004800 0.000200 0.000200 0.000300 0.000300 0.002400 0.000200 0.000300 0.000400 0.000200 0.000300 0.000200 0.000300 0.009700 0.004800 0.000200 0.002400 0.000200 0.002400 0.000000 0.000200 0.004800 0.000300 0.000200 0.000300 0.000200 0.000200 0.000200 0.002400 0.002400 0.009700 0.004800 0.002400 0.004800 0.004800 0.000200 0.002400 0.000200 0.000300 0.000200 0.000400 0.000200 0.000200
CommonElan 0.000100 0.004800 0.000100 0.004700 0.000200 0.000100 0.000100 0.002400 0.000000 0.004800 0.000100 0.000100 0.000100 0.000100 0.002400 0.000100 0.000200 0.000200 0.000100 0.000000 0.000100 0.000100 0.009700 0.004800 0.000100 0.002400 0.000100 0.002400 0.000200 0.000000 0.004800 0.000100 0.000300 0.000200 0.000100 0.000100 0.000100 0.002400 0.002400 0.009700 0.004800 0.002400 0.004800 0.004800 0.000100 0.002400 0.000200 0.000200 0.000100 0.000300 0.000000 0.000100
MuntiacusR 0.004800 0.009500 0.004900 0.009400 0.004800 0.004800 0.004800 0.007200 0.004800 0.000000 0.004800 0.004800 0.004800 0.004800 0.007200 0.004800 0.004800 0.004900 0.004800 0.004800 0.004800 0.004800 0.004800 0.000100 0.004800 0.007200 0.004800 0.007300 0.004800 0.004800 0.000000 0.004800 0.004800 0.004800 0.004800 0.004800 0.004800 0.007200 0.007300 0.004800 0.000100 0.007200 0.000000 0.000100 0.004800 0.007200 0.004800 0.004900 0.004800 0.004900 0.004800 0.004800
HarveysDui 0.000100 0.004800 0.000200 0.004700 0.000200 0.000100 0.000100 0.002400 0.000100 0.004800 0.000100 0.000200 0.000200 0.000000 0.002400 0.000200 0.000300 0.000300 0.000200 0.000100 0.000200 0.000100 0.009700 0.004800 0.000200 0.002400 0.000100 0.002400 0.000300 0.000100 0.004800 0.000000 0.000300 0.000200 0.000100 0.000100 0.000100 0.002400 0.002400 0.009700 0.004800 0.002400 0.004800 0.004800 0.000100 0.002400 0.000300 0.000200 0.000200 0.000300 0.000100 0.000200
Pronghorn 0.000300 0.004700 0.000300 0.004600 0.000300 0.000300 0.000300 0.002400 0.000300 0.004700 0.000300 0.000200 0.000300 0.000300 0.002400 0.000300 0.000300 0.000300 0.000300 0.000300 0.000200 0.000300 0.009600 0.004700 0.000200 0.002400 0.000200 0.002400 0.000200 0.000300 0.004800 0.000300 0.000000 0.000300 0.000300 0.000200 0.000200 0.002400 0.002400 0.009600 0.004800 0.002400 0.004700 0.004700 0.000200 0.002400 0.000300 0.000300 0.000300 0.000300 0.000300 0.000300
BlueWildeb 0.000100 0.004800 0.000200 0.004700 0.000200 0.000100 0.000200 0.002400 0.000200 0.004800 0.000100 0.000200 0.000100 0.000200 0.002400 0.000200 0.000300 0.000300 0.000100 0.000200 0.000100 0.000100 0.009800 0.004800 0.000100 0.002400 0.000100 0.002400 0.000300 0.000200 0.004800 0.000200 0.000300 0.000000 0.000100 0.000200 0.000100 0.002400 0.002400 0.009700 0.004900 0.002400 0.004800 0.004800 0.000200 0.002400 0.000200 0.000300 0.000200 0.000300 0.000100 0.000200
Gemsbok 0.000000 0.004800 0.000200 0.004700 0.000200 0.000000 0.000100 0.002400 0.000100 0.004800 0.000000 0.000100 0.000100 0.000100 0.002400 0.000200 0.000100 0.000200 0.000000 0.000100 0.000100 0.000100 0.009700 0.004800 0.000100 0.002400 0.000000 0.002400 0.000200 0.000100 0.004800 0.000100 0.000300 0.000100 0.000000 0.000100 0.000000 0.002400 0.002400 0.009700 0.004800 0.002400 0.004800 0.004800 0.000100 0.002400 0.000200 0.000200 0.000100 0.000300 0.000100 0.000100
Yak 0.000100 0.004700 0.000100 0.004700 0.000200 0.000100 0.000100 0.002400 0.000100 0.004800 0.000100 0.000100 0.000100 0.000100 0.002400 0.000200 0.000200 0.000200 0.000100 0.000100 0.000100 0.000100 0.009700 0.004800 0.000100 0.002400 0.000100 0.002400 0.000200 0.000100 0.004800 0.000100 0.000200 0.000200 0.000100 0.000000 0.000100 0.002400 0.002400 0.009600 0.004800 0.002400 0.004800 0.004800 0.000000 0.002400 0.000200 0.000200 0.000100 0.000300 0.000100 0.000100
BlueSheep 0.000000 0.004800 0.000200 0.004700 0.000100 0.000000 0.000100 0.002400 0.000100 0.004800 0.000000 0.000100 0.000100 0.000100 0.002400 0.000200 0.000200 0.000200 0.000100 0.000100 0.000100 0.000100 0.009700 0.004800 0.000100 0.002400 0.000000 0.002400 0.000200 0.000100 0.004800 0.000100 0.000200 0.000100 0.000000 0.000100 0.000000 0.002400 0.002400 0.009700 0.004800 0.002400 0.004800 0.004800 0.000100 0.002400 0.000100 0.000200 0.000100 0.000300 0.000100 0.000100
BohorReedb 0.002400 0.007200 0.002400 0.007100 0.002400 0.002400 0.002400 0.004800 0.002400 0.007200 0.002400 0.002400 0.002400 0.002400 0.004800 0.002400 0.002400 0.002400 0.002400 0.002400 0.002400 0.002400 0.012200 0.007200 0.002400 0.004800 0.002400 0.004800 0.002400 0.002400 0.007200 0.002400 0.002400 0.002400 0.002400 0.002400 0.002400 0.000000 0.004800 0.012100 0.007200 0.004800 0.007200 0.007200 0.002400 0.004800 0.002400 0.002400 0.002400 0.002500 0.002400 0.002400
KirksDik 0.002400 0.007300 0.002400 0.007200 0.002400 0.002400 0.002400 0.004800 0.002400 0.007300 0.002400 0.002400 0.002400 0.002400 0.004800 0.002400 0.002400 0.002400 0.002400 0.002400 0.002400 0.002400 0.012200 0.007200 0.002400 0.004800 0.002400 0.004900 0.002400 0.002400 0.007300 0.002400 0.002400 0.002400 0.002400 0.002400 0.002400 0.004800 0.000000 0.012200 0.007300 0.004800 0.007300 0.007200 0.002400 0.004800 0.002400 0.002400 0.002400 0.002500 0.002400 0.002400
RoeDeer 0.009700 0.014300 0.009700 0.014200 0.009600 0.009700 0.009700 0.012100 0.009700 0.004800 0.009600 0.009700 0.009600 0.009700 0.012100 0.009700 0.009700 0.009800 0.009700 0.009700 0.009600 0.009700 0.009700 0.004800 0.009700 0.012100 0.009600 0.012200 0.009700 0.009700 0.004800 0.009700 0.009600 0.009700 0.009700 0.009600 0.009700 0.012100 0.012200 0.000000 0.004800 0.012100 0.004800 0.004800 0.009600 0.012100 0.009700 0.009800 0.009700 0.009800 0.009700 0.009700
WhiteLippe 0.004800 0.009500 0.004900 0.009500 0.004800 0.004800 0.004800 0.007200 0.004800 0.000100 0.004800 0.004800 0.004800 0.004800 0.007200 0.004800 0.004800 0.004900 0.004800 0.004900 0.004800 0.004800 0.004800 0.000100 0.004800 0.007200 0.004800 0.007300 0.004800 0.004800 0.000100 0.004800 0.004800 0.004900 0.004800 0.004800 0.004800 0.007200 0.007300 0.004800 0.000000 0.007200 0.000100 0.000100 0.004800 0.007200 0.004900 0.004900 0.004800 0.004900 0.004800 0.004800
ThomsonGaz 0.002400 0.007100 0.002400 0.007100 0.002400 0.002400 0.002400 0.004800 0.002400 0.007200 0.002400 0.002400 0.002400 0.002400 0.004800 0.002400 0.002400 0.002400 0.002400 0.002400 0.002400 0.002400 0.012100 0.007200 0.002400 0.000100 0.002400 0.004800 0.002400 0.002400 0.007200 0.002400 0.002400 0.002400 0.002400 0.002400 0.002400 0.004800 0.004800 0.012100 0.007200 0.000000 0.007200 0.007200 0.002400 0.004800 0.002400 0.002400 0.002400 0.002400 0.002400 0.002400
MuntiacusC 0.004800 0.009500 0.004800 0.009400 0.004800 0.004800 0.004800 0.007200 0.004800 0.000000 0.004800 0.004800 0.004800 0.004800 0.007200 0.004800 0.004800 0.004800 0.004800 0.004800 0.004800 0.004800 0.004800 0.000100 0.004800 0.007200 0.004800 0.007200 0.004800 0.004800 0.000000 0.004800 0.004700 0.004800 0.004800 0.004800 0.004800 0.007200 0.007300 0.004800 0.000100 0.007200 0.000000 0.000100 0.004800 0.007200 0.004800 0.004800 0.004800 0.004900 0.004800 0.004800
WhiteTaile 0.004800 0.009500 0.004800 0.009400 0.004800 0.004800 0.004800 0.007200 0.004800 0.000100 0.004800 0.004800 0.004800 0.004800 0.007100 0.004800 0.004800 0.004800 0.004800 0.004800 0.004800 0.004800 0.004800 0.000000 0.004800 0.007200 0.004800 0.007200 0.004800 0.004800 0.000100 0.004800 0.004700 0.004800 0.004800 0.004800 0.004800 0.007200 0.007200 0.004800 0.000100 0.007200 0.000100 0.000000 0.004800 0.007200 0.004800 0.004800 0.004800 0.004800 0.004800 0.004800
Cattle 0.000100 0.004700 0.000100 0.004700 0.000200 0.000100 0.000100 0.002400 0.000100 0.004800 0.000100 0.000100 0.000100 0.000100 0.002400 0.000200 0.000200 0.000200 0.000100 0.000100 0.000100 0.000100 0.009700 0.004800 0.000100 0.002400 0.000100 0.002400 0.000200 0.000100 0.004800 0.000100 0.000200 0.000200 0.000100 0.000000 0.000100 0.002400 0.002400 0.009600 0.004800 0.002400 0.004800 0.004800 0.000000 0.002400 0.000200 0.000200 0.000100 0.000300 0.000100 0.000100
RoyalAntel 0.002400 0.007100 0.002400 0.007100 0.002400 0.002400 0.002400 0.004800 0.002400 0.007200 0.002400 0.002400 0.002400 0.002400 0.004800 0.002400 0.002400 0.002400 0.002400 0.002400 0.002400 0.002400 0.012100 0.007200 0.002400 0.004800 0.002400 0.004800 0.002400 0.002400 0.007200 0.002400 0.002400 0.002400 0.002400 0.002400 0.002400 0.004800 0.004800 0.012100 0.007200 0.004800 0.007200 0.007200 0.002400 0.000000 0.002400 0.002400 0.002400 0.002400 0.002400 0.002400
Steenbok 0.000200 0.004800 0.000200 0.004700 0.000300 0.000200 0.000300 0.002400 0.000200 0.004800 0.000100 0.000100 0.000200 0.000200 0.002400 0.000200 0.000300 0.000300 0.000200 0.000200 0.000100 0.000200 0.009800 0.004800 0.000100 0.002400 0.000100 0.002400 0.000200 0.000200 0.004800 0.000300 0.000300 0.000200 0.000200 0.000200 0.000100 0.002400 0.002400 0.009700 0.004900 0.002400 0.004800 0.004800 0.000200 0.002400 0.000000 0.000200 0.000200 0.000300 0.000200 0.000200
Impala 0.000200 0.004800 0.000300 0.004700 0.000200 0.000200 0.000200 0.002400 0.000200 0.004800 0.000200 0.000200 0.000200 0.000200 0.002400 0.000300 0.000300 0.000300 0.000200 0.000200 0.000200 0.000200 0.009800 0.004800 0.000200 0.002400 0.000200 0.002400 0.000300 0.000200 0.004900 0.000200 0.000300 0.000300 0.000200 0.000200 0.000200 0.002400 0.002400 0.009800 0.004900 0.002400 0.004800 0.004800 0.000200 0.002400 0.000200 0.000000 0.000200 0.000400 0.000200 0.000200
Klipspring 0.000100 0.004800 0.000100 0.004700 0.000200 0.000100 0.000100 0.002400 0.000100 0.004800 0.000100 0.000100 0.000100 0.000100 0.002400 0.000200 0.000200 0.000200 0.000100 0.000100 0.000100 0.000100 0.009700 0.004800 0.000100 0.002400 0.000100 0.002400 0.000200 0.000100 0.004800 0.000200 0.000300 0.000200 0.000100 0.000100 0.000100 0.002400 0.002400 0.009700 0.004800 0.002400 0.004800 0.004800 0.000100 0.002400 0.000200 0.000200 0.000000 0.000300 0.000100 0.000100
ForestMusk 0.000300 0.004800 0.000300 0.004800 0.000400 0.000300 0.000300 0.002400 0.000300 0.004900 0.000300 0.000200 0.000300 0.000300 0.002400 0.000500 0.000400 0.000400 0.000300 0.000300 0.000400 0.000300 0.009800 0.004900 0.000300 0.002400 0.000300 0.002400 0.000400 0.000300 0.004900 0.000300 0.000300 0.000300 0.000300 0.000300 0.000300 0.002500 0.002500 0.009800 0.004900 0.002400 0.004900 0.004800 0.000300 0.002400 0.000300 0.000400 0.000300 0.000000 0.000300 0.000300
Bushbuck 0.000100 0.004800 0.000100 0.004700 0.000200 0.000100 0.000100 0.002400 0.000000 0.004800 0.000100 0.000100 0.000100 0.000100 0.002400 0.000100 0.000200 0.000200 0.000100 0.000000 0.000100 0.000100 0.009700 0.004800 0.000100 0.002400 0.000100 0.002400 0.000200 0.000000 0.004800 0.000100 0.000300 0.000100 0.000100 0.000100 0.000100 0.002400 0.002400 0.009700 0.004800 0.002400 0.004800 0.004800 0.000100 0.002400 0.000200 0.000200 0.000100 0.000300 0.000000 0.000000
GreaterKud 0.000100 0.004800 0.000100 0.004700 0.000200 0.000100 0.000200 0.002400 0.000100 0.004800 0.000100 0.000100 0.000200 0.000100 0.002400 0.000200 0.000200 0.000200 0.000200 0.000100 0.000200 0.000200 0.009700 0.004800 0.000200 0.002400 0.000100 0.002400 0.000200 0.000100 0.004800 0.000200 0.000300 0.000200 0.000100 0.000100 0.000100 0.002400 0.002400 0.009700 0.004800 0.002400 0.004800 0.004800 0.000100 0.002400 0.000200 0.000200 0.000100 0.000300 0.000000 0.000000
