1
52 1
Argali 0.000000 0.012000 0.004000 0.020300 0.000000 0.004000 0.000000 0.004000 0.000100 0.000100 0.007900 0.000100 0.000100 0.000100 0.000000 0.000100 0.000100 0.000100 0.000000 0.000100 0.000100 0.000000 0.000100 0.000100 0.007900 0.000100 0.000100 0.000100 0.000000 0.000100 0.000100 0.007900 0.000100 0.000100 0.004000 0.000100 0.004000 0.000000 0.008000 0.000100 0.000100 0.000100 0.000100 0.000100 0.000100 0.004000 0.000100 0.004000 0.000000 0.000100 0.004000 0.000100
LesserMous 0.012000 0.000000 0.016600 0.024600 0.011900 0.016000 0.012000 0.016000 0.012300 0.011900 0.019900 0.012300 0.012000 0.012000 0.012000 0.012000 0.012000 0.012100 0.012100 0.012300 0.012000 0.012000 0.012000 0.012000 0.020000 0.012000 0.012000 0.012300 0.012000 0.012300 0.012000 0.012000 0.012200 0.012000 0.016200 0.012400 0.016000 0.012000 0.020600 0.012100 0.011900 0.012000 0.011900 0.012000 0.012400 0.008000 0.012000 0.016100 0.012000 0.012000 0.016500 0.012300
LesserKudu 0.004000 0.016600 0.000000 0.020900 0.004000 0.008000 0.004000 0.008000 0.004000 0.004100 0.011900 0.004000 0.004000 0.004000 0.004000 0.004000 0.004100 0.004100 0.003900 0.004000 0.004000 0.004000 0.004200 0.004200 0.011900 0.004000 0.004000 0.004000 0.004000 0.004000 0.004100 0.011900 0.004200 0.004000 0.008100 0.004000 0.008000 0.004000 0.004000 0.004200 0.004200 0.004000 0.004100 0.004100 0.004000 0.008000 0.004000 0.008000 0.004000 0.004100 0.008100 0.004000
KillerWhal 0.020300 0.024600 0.020900 0.000000 0.020200 0.024400 0.020300 0.024300 0.020400 0.020100 0.028300 0.020400 0.020300 0.020300 0.020300 0.020300 0.020300 0.020400 0.020100 0.020400 0.020300 0.020200 0.020300 0.020300 0.028400 0.020300 0.020300 0.020500 0.020300 0.020300 0.020200 0.020200 0.020100 0.020300 0.024700 0.020500 0.024400 0.020200 0.025300 0.020400 0.020200 0.020300 0.020100 0.020300 0.020500 0.016300 0.020300 0.024500 0.020300 0.020300 0.024700 0.020300
DefassaWat 0.000000 0.011900 0.004000 0.020200 0.000000 0.003900 0.000000 0.003900 0.000100 0.000100 0.007900 0.000100 0.000000 0.000100 0.000000 0.000100 0.000100 0.000100 0.000000 0.000100 0.000100 0.000000 0.000100 0.000100 0.007900 0.000000 0.000000 0.000100 0.000000 0.000100 0.000100 0.007900 0.000100 0.000000 0.004000 0.000100 0.003900 0.000000 0.007900 0.000100 0.000100 0.000000 0.000100 0.000100 0.000100 0.004000 0.000000 0.004000 0.000000 0.000100 0.004000 0.000100
Sheep 0.004000 0.016000 0.008000 0.024400 0.003900 0.000000 0.004000 0.007900 0.004000 0.003900 0.011900 0.004000 0.004000 0.004000 0.004000 0.004000 0.004000 0.004000 0.003900 0.004000 0.004000 0.004000 0.004000 0.004000 0.011900 0.004000 0.004000 0.004000 0.004000 0.004000 0.003900 0.011900 0.003900 0.004000 0.008100 0.004000 0.007900 0.004000 0.012000 0.004000 0.003900 0.004000 0.003900 0.004000 0.004000 0.008000 0.004000 0.008000 0.004000 0.004000 0.008000 0.004000
MaxwellsDu 0.000000 0.012000 0.004000 0.020300 0.000000 0.004000 0.000000 0.004000 0.000100 0.000100 0.007900 0.000100 0.000000 0.000100 0.000100 0.000100 0.000100 0.000100 0.000100 0.000100 0.000100 0.000100 0.000100 0.000100 0.007900 0.000100 0.000000 0.000100 0.000100 0.000100 0.000100 0.008000 0.000100 0.000100 0.004000 0.000100 0.004000 0.000100 0.008000 0.000100 0.000100 0.000100 0.000100 0.000100 0.000200 0.004000 0.000100 0.004000 0.000100 0.000100 0.004000 0.000100
GazellaPrz 0.004000 0.016000 0.008000 0.024300 0.003900 0.007900 0.004000 0.000000 0.004000 0.003900 0.012400 0.004000 0.004000 0.004000 0.004000 0.004000 0.004000 0.004000 0.003900 0.004000 0.004000 0.003900 0.004000 0.003900 0.011900 0.004000 0.004000 0.004000 0.004000 0.004000 0.003900 0.011900 0.003900 0.004000 0.008000 0.004000 0.007900 0.003900 0.012000 0.004000 0.003900 0.004000 0.003900 0.004000 0.004000 0.008000 0.004000 0.008000 0.004000 0.004000 0.000200 0.004000
MountainNy 0.000100 0.012300 0.004000 0.020400 0.000100 0.004000 0.000100 0.004000 0.000000 0.000200 0.007900 0.000100 0.000100 0.000100 0.000100 0.000100 0.000200 0.000200 0.000100 0.000000 0.000100 0.000100 0.000200 0.000200 0.008000 0.000100 0.000100 0.000000 0.000100 0.000000 0.000200 0.008000 0.000200 0.000100 0.004000 0.000100 0.004000 0.000100 0.008000 0.000200 0.000200 0.000100 0.000200 0.000200 0.000200 0.004000 0.000100 0.004000 0.000100 0.000200 0.004000 0.000000
MuntiacusM 0.000100 0.011900 0.004100 0.020100 0.000100 0.003900 0.000100 0.003900 0.000200 0.000000 0.007800 0.000200 0.000100 0.000100 0.000100 0.000100 0.000200 0.000100 0.000100 0.000200 0.000100 0.000100 0.000100 0.000100 0.007800 0.000100 0.000100 0.000200 0.000100 0.000100 0.000000 0.007800 0.000100 0.000100 0.004000 0.000200 0.003900 0.000100 0.008300 0.000100 0.000000 0.000100 0.000000 0.000100 0.000200 0.004000 0.000100 0.003900 0.000100 0.000100 0.004000 0.000100
goat 0.007900 0.019900 0.011900 0.028300 0.007900 0.011900 0.007900 0.012400 0.007900 0.007800 0.000000 0.008000 0.007900 0.007900 0.007900 0.007900 0.007900 0.007900 0.007800 0.007900 0.007900 0.007900 0.007900 0.007900 0.000000 0.007900 0.007900 0.008000 0.007900 0.007900 0.007800 0.015800 0.007800 0.007900 0.012000 0.008000 0.003900 0.007900 0.015900 0.007900 0.007800 0.007900 0.007800 0.007900 0.008000 0.011900 0.007900 0.011900 0.007900 0.007900 0.012400 0.007900
AfricanBuf 0.000100 0.012300 0.004000 0.020400 0.000100 0.004000 0.000100 0.004000 0.000100 0.000200 0.008000 0.000000 0.000100 0.000100 0.000100 0.000200 0.000200 0.000200 0.000100 0.000100 0.000200 0.000100 0.000100 0.000200 0.008000 0.000100 0.000100 0.000100 0.000100 0.000100 0.000200 0.008000 0.000100 0.000100 0.004100 0.000100 0.004000 0.000100 0.008100 0.000200 0.000200 0.000100 0.000200 0.000200 0.000100 0.004000 0.000100 0.004000 0.000100 0.000200 0.004000 0.000100
Topi 0.000100 0.012000 0.004000 0.020300 0.000000 0.004000 0.000000 0.004000 0.000100 0.000100 0.007900 0.000100 0.000000 0.000100 0.000000 0.000100 0.000100 0.000100 0.000000 0.000100 0.000000 0.000000 0.000100 0.000100 0.007900 0.000100 0.000000 0.000100 0.000100 0.000100 0.000100 0.007900 0.000100 0.000000 0.004000 0.000200 0.004000 0.000000 0.008000 0.000100 0.000100 0.000100 0.000100 0.000100 0.000200 0.004000 0.000000 0.004000 0.000000 0.000100 0.004000 0.000100
CommonDuik 0.000100 0.012000 0.004000 0.020300 0.000100 0.004000 0.000100 0.004000 0.000100 0.000100 0.007900 0.000100 0.000100 0.000000 0.000100 0.000100 0.000100 0.000200 0.000100 0.000100 0.000100 0.000000 0.000100 0.000100 0.007900 0.000100 0.000100 0.000100 0.000100 0.000100 0.000200 0.007900 0.000100 0.000100 0.004000 0.000200 0.004000 0.000000 0.008000 0.000100 0.000100 0.000100 0.000100 0.000200 0.000200 0.004000 0.000100 0.004000 0.000100 0.000200 0.004000 0.000100
Suni 0.000000 0.012000 0.004000 0.020300 0.000000 0.004000 0.000100 0.004000 0.000100 0.000100 0.007900 0.000100 0.000000 0.000100 0.000000 0.000100 0.000100 0.000100 0.000100 0.000100 0.000100 0.000100 0.000100 0.000100 0.008000 0.000100 0.000000 0.000100 0.000100 0.000100 0.000100 0.008000 0.000100 0.000100 0.004000 0.000100 0.004000 0.000100 0.008000 0.000100 0.000100 0.000100 0.000100 0.000100 0.000200 0.004000 0.000100 0.004000 0.000100 0.000200 0.004000 0.000100
Springbuck 0.000100 0.012000 0.004000 0.020300 0.000100 0.004000 0.000100 0.004000 0.000100 0.000100 0.007900 0.000200 0.000100 0.000100 0.000100 0.000000 0.000100 0.000100 0.000100 0.000100 0.000100 0.000100 0.000100 0.000100 0.007900 0.000000 0.000100 0.000100 0.000000 0.000100 0.000200 0.007900 0.000100 0.000100 0.004000 0.000200 0.004000 0.000000 0.008000 0.000100 0.000100 0.000000 0.000100 0.000100 0.000200 0.004000 0.000000 0.004000 0.000100 0.000200 0.004000 0.000100
Okapi 0.000100 0.012000 0.004100 0.020300 0.000100 0.004000 0.000100 0.004000 0.000200 0.000200 0.007900 0.000200 0.000100 0.000100 0.000100 0.000100 0.000000 0.000100 0.000100 0.000200 0.000200 0.000100 0.000100 0.000100 0.007900 0.000100 0.000100 0.000200 0.000100 0.000200 0.000200 0.007900 0.000100 0.000100 0.004000 0.000200 0.004000 0.000100 0.008300 0.000100 0.000200 0.000100 0.000100 0.000200 0.000200 0.004000 0.000100 0.004000 0.000100 0.000100 0.004000 0.000100
Giraffe 0.000100 0.012100 0.004100 0.020400 0.000100 0.004000 0.000100 0.004000 0.000200 0.000100 0.007900 0.000200 0.000100 0.000200 0.000100 0.000100 0.000100 0.000000 0.000100 0.000200 0.000100 0.000100 0.000100 0.000100 0.008000 0.000100 0.000100 0.000200 0.000100 0.000100 0.000200 0.008000 0.000100 0.000100 0.004000 0.000200 0.004000 0.000100 0.008400 0.000100 0.000200 0.000100 0.000100 0.000100 0.000200 0.004000 0.000100 0.004000 0.000100 0.000100 0.004000 0.000100
TibetanAnt 0.000000 0.012100 0.003900 0.020100 0.000000 0.003900 0.000100 0.003900 0.000100 0.000100 0.007800 0.000100 0.000000 0.000100 0.000100 0.000100 0.000100 0.000100 0.000000 0.000100 0.000100 0.000000 0.000100 0.000100 0.007900 0.000000 0.000000 0.000100 0.000100 0.000100 0.000100 0.007900 0.000100 0.000100 0.004000 0.000100 0.003900 0.000000 0.007900 0.000100 0.000100 0.000000 0.000100 0.000100 0.000100 0.004000 0.000100 0.004000 0.000100 0.000100 0.004000 0.000100
Sitatunga 0.000100 0.012300 0.004000 0.020400 0.000100 0.004000 0.000100 0.004000 0.000000 0.000200 0.007900 0.000100 0.000100 0.000100 0.000100 0.000100 0.000200 0.000200 0.000100 0.000000 0.000100 0.000100 0.000200 0.000200 0.008000 0.000100 0.000100 0.000000 0.000100 0.000000 0.000200 0.008000 0.000100 0.000100 0.004000 0.000200 0.004000 0.000100 0.008000 0.000100 0.000100 0.000100 0.000200 0.000200 0.000200 0.004000 0.000100 0.004000 0.000100 0.000200 0.004000 0.000100
Oribi 0.000100 0.012000 0.004000 0.020300 0.000100 0.004000 0.000100 0.004000 0.000100 0.000100 0.007900 0.000200 0.000000 0.000100 0.000100 0.000100 0.000200 0.000100 0.000100 0.000100 0.000000 0.000100 0.000100 0.000100 0.007900 0.000000 0.000000 0.000100 0.000000 0.000100 0.000100 0.007900 0.000100 0.000100 0.004000 0.000200 0.004000 0.000000 0.008000 0.000100 0.000100 0.000000 0.000100 0.000200 0.000200 0.004000 0.000000 0.004000 0.000100 0.000100 0.004000 0.000100
BarbaryShe 0.000000 0.012000 0.004000 0.020200 0.000000 0.004000 0.000100 0.003900 0.000100 0.000100 0.007900 0.000100 0.000000 0.000000 0.000100 0.000100 0.000100 0.000100 0.000000 0.000100 0.000100 0.000000 0.000100 0.000100 0.007900 0.000000 0.000000 0.000100 0.000100 0.000100 0.000100 0.007900 0.000100 0.000100 0.004000 0.000100 0.004000 0.000000 0.008000 0.000100 0.000100 0.000000 0.000100 0.000100 0.000200 0.004000 0.000100 0.004000 0.000100 0.000100 0.004000 0.000100
Daviddeer 0.000100 0.012000 0.004200 0.020300 0.000100 0.004000 0.000100 0.004000 0.000200 0.000100 0.007900 0.000100 0.000100 0.000100 0.000100 0.000100 0.000100 0.000100 0.000100 0.000200 0.000100 0.000100 0.000000 0.000100 0.007900 0.000100 0.000100 0.000200 0.000100 0.000100 0.000100 0.007900 0.000100 0.000100 0.004000 0.000200 0.004000 0.000100 0.008300 0.000100 0.000100 0.000100 0.000100 0.000100 0.000200 0.004000 0.000100 0.004000 0.000100 0.000100 0.004000 0.000100
Reindeer 0.000100 0.012000 0.004200 0.020300 0.000100 0.004000 0.000100 0.003900 0.000200 0.000100 0.007900 0.000200 0.000100 0.000100 0.000100 0.000100 0.000100 0.000100 0.000100 0.000200 0.000100 0.000100 0.000100 0.000000 0.007900 0.000100 0.000100 0.000200 0.000100 0.000100 0.000100 0.007900 0.000100 0.000100 0.004000 0.000200 0.004000 0.000100 0.008400 0.000100 0.000100 0.000100 0.000100 0.000000 0.000200 0.004000 0.000100 0.004000 0.000100 0.000100 0.004000 0.000100
Ibex 0.007900 0.020000 0.011900 0.028400 0.007900 0.011900 0.007900 0.011900 0.008000 0.007800 0.000000 0.008000 0.007900 0.007900 0.008000 0.007900 0.007900 0.008000 0.007900 0.008000 0.007900 0.007900 0.007900 0.007900 0.000000 0.007900 0.007900 0.008000 0.007900 0.007900 0.007900 0.015900 0.007900 0.007900 0.012100 0.008000 0.004000 0.007900 0.016000 0.008000 0.007900 0.007900 0.007900 0.007900 0.008000 0.012000 0.007900 0.012000 0.007900 0.007900 0.012000 0.007900
GyrantGaze 0.000100 0.012000 0.004000 0.020300 0.000000 0.004000 0.000100 0.004000 0.000100 0.000100 0.007900 0.000100 0.000100 0.000100 0.000100 0.000000 0.000100 0.000100 0.000000 0.000100 0.000000 0.000000 0.000100 0.000100 0.007900 0.000000 0.000100 0.000100 0.000000 0.000100 0.000100 0.007900 0.000100 0.000100 0.004000 0.000200 0.004000 0.000000 0.008000 0.000100 0.000100 0.000000 0.000100 0.000100 0.000200 0.004000 0.000000 0.004000 0.000100 0.000100 0.004000 0.000100
Hartebeest 0.000100 0.012000 0.004000 0.020300 0.000000 0.004000 0.000000 0.004000 0.000100 0.000100 0.007900 0.000100 0.000000 0.000100 0.000000 0.000100 0.000100 0.000100 0.000000 0.000100 0.000000 0.000000 0.000100 0.000100 0.007900 0.000100 0.000000 0.000100 0.000100 0.000100 0.000100 0.007900 0.000100 0.000000 0.004000 0.000200 0.004000 0.000000 0.008000 0.000100 0.000100 0.000100 0.000100 0.000100 0.000200 0.004000 0.000000 0.004000 0.000000 0.000100 0.004000 0.000100
Bongo 0.000100 0.012300 0.004000 0.020500 0.000100 0.004000 0.000100 0.004000 0.000000 0.000200 0.008000 0.000100 0.000100 0.000100 0.000100 0.000100 0.000200 0.000200 0.000100 0.000000 0.000100 0.000100 0.000200 0.000200 0.008000 0.000100 0.000100 0.000000 0.000100 0.000000 0.000200 0.008000 0.000100 0.000200 0.004000 0.000200 0.004000 0.000100 0.008100 0.000200 0.000200 0.000100 0.000200 0.000200 0.000200 0.004000 0.000100 0.004000 0.000200 0.000200 0.004000 0.000000
Gerenuk 0.000000 0.012000 0.004000 0.020300 0.000000 0.004000 0.000100 0.004000 0.000100 0.000100 0.007900 0.000100 0.000100 0.000100 0.000100 0.000000 0.000100 0.000100 0.000100 0.000100 0.000000 0.000100 0.000100 0.000100 0.007900 0.000000 0.000100 0.000100 0.000000 0.000100 0.000100 0.007900 0.000100 0.000100 0.004000 0.000100 0.004000 0.000000 0.008000 0.000100 0.000100 0.000000 0.000100 0.000100 0.000200 0.004000 0.000000 0.004000 0.000100 0.000200 0.004000 0.000100
CommonElan 0.000100 0.012300 0.004000 0.020300 0.000100 0.004000 0.000100 0.004000 0.000000 0.000100 0.007900 0.000100 0.000100 0.000100 0.000100 0.000100 0.000200 0.000100 0.000100 0.000000 0.000100 0.000100 0.000100 0.000100 0.007900 0.000100 0.000100 0.000000 0.000100 0.000000 0.000200 0.007900 0.000100 0.000100 0.004000 0.000100 0.004000 0.000100 0.008000 0.000200 0.000200 0.000100 0.000100 0.000200 0.000200 0.004000 0.000100 0.004000 0.000100 0.000200 0.004000 0.000000
MuntiacusR 0.000100 0.012000 0.004100 0.020200 0.000100 0.003900 0.000100 0.003900 0.000200 0.000000 0.007800 0.000200 0.000100 0.000200 0.000100 0.000200 0.000200 0.000200 0.000100 0.000200 0.000100 0.000100 0.000100 0.000100 0.007900 0.000100 0.000100 0.000200 0.000100 0.000200 0.000000 0.007900 0.000200 0.000100 0.004000 0.000200 0.003900 0.000100 0.008400 0.000100 0.000100 0.000100 0.000100 0.000100 0.000200 0.004000 0.000100 0.004000 0.000100 0.000100 0.004000 0.000200
HarveysDui 0.007900 0.012000 0.011900 0.020200 0.007900 0.011900 0.008000 0.011900 0.008000 0.007800 0.015800 0.008000 0.007900 0.007900 0.008000 0.007900 0.007900 0.008000 0.007900 0.008000 0.007900 0.007900 0.007900 0.007900 0.015900 0.007900 0.007900 0.008000 0.007900 0.007900 0.007900 0.000000 0.007900 0.008000 0.012100 0.008100 0.011900 0.007900 0.016000 0.008000 0.007900 0.007900 0.007900 0.007900 0.008100 0.004000 0.007900 0.012000 0.007900 0.007900 0.012100 0.008000
Pronghorn 0.000100 0.012200 0.004200 0.020100 0.000100 0.003900 0.000100 0.003900 0.000200 0.000100 0.007800 0.000100 0.000100 0.000100 0.000100 0.000100 0.000100 0.000100 0.000100 0.000100 0.000100 0.000100 0.000100 0.000100 0.007900 0.000100 0.000100 0.000100 0.000100 0.000100 0.000200 0.007900 0.000000 0.000100 0.004000 0.000200 0.003900 0.000100 0.008400 0.000100 0.000100 0.000100 0.000100 0.000200 0.000200 0.004000 0.000100 0.004000 0.000100 0.000100 0.004000 0.000100
BlueWildeb 0.000100 0.012000 0.004000 0.020300 0.000000 0.004000 0.000100 0.004000 0.000100 0.000100 0.007900 0.000100 0.000000 0.000100 0.000100 0.000100 0.000100 0.000100 0.000100 0.000100 0.000100 0.000100 0.000100 0.000100 0.007900 0.000100 0.000000 0.000200 0.000100 0.000100 0.000100 0.008000 0.000100 0.000000 0.004000 0.000200 0.004000 0.000100 0.008000 0.000100 0.000100 0.000100 0.000100 0.000100 0.000200 0.004000 0.000100 0.004000 0.000100 0.000100 0.004000 0.000100
Gemsbok 0.004000 0.016200 0.008100 0.024700 0.004000 0.008100 0.004000 0.008000 0.004000 0.004000 0.012000 0.004100 0.004000 0.004000 0.004000 0.004000 0.004000 0.004000 0.004000 0.004000 0.004000 0.004000 0.004000 0.004000 0.012100 0.004000 0.004000 0.004000 0.004000 0.004000 0.004000 0.012100 0.004000 0.004000 0.000000 0.004100 0.008100 0.004000 0.012200 0.004000 0.004000 0.004000 0.004000 0.004000 0.004100 0.008100 0.004000 0.008100 0.004000 0.004000 0.008100 0.004000
Yak 0.000100 0.012400 0.004000 0.020500 0.000100 0.004000 0.000100 0.004000 0.000100 0.000200 0.008000 0.000100 0.000200 0.000200 0.000100 0.000200 0.000200 0.000200 0.000100 0.000200 0.000200 0.000100 0.000200 0.000200 0.008000 0.000200 0.000200 0.000200 0.000100 0.000100 0.000200 0.008100 0.000200 0.000200 0.004100 0.000000 0.004000 0.000100 0.008100 0.000200 0.000200 0.000200 0.000200 0.000200 0.000000 0.004000 0.000200 0.004000 0.000100 0.000200 0.004100 0.000100
BlueSheep 0.004000 0.016000 0.008000 0.024400 0.003900 0.007900 0.004000 0.007900 0.004000 0.003900 0.003900 0.004000 0.004000 0.004000 0.004000 0.004000 0.004000 0.004000 0.003900 0.004000 0.004000 0.004000 0.004000 0.004000 0.004000 0.004000 0.004000 0.004000 0.004000 0.004000 0.003900 0.011900 0.003900 0.004000 0.008100 0.004000 0.000000 0.004000 0.012000 0.004000 0.003900 0.004000 0.003900 0.004000 0.004000 0.008000 0.004000 0.008000 0.004000 0.004000 0.008000 0.004000
BohorReedb 0.000000 0.012000 0.004000 0.020200 0.000000 0.004000 0.000100 0.003900 0.000100 0.000100 0.007900 0.000100 0.000000 0.000000 0.000100 0.000000 0.000100 0.000100 0.000000 0.000100 0.000000 0.000000 0.000100 0.000100 0.007900 0.000000 0.000000 0.000100 0.000000 0.000100 0.000100 0.007900 0.000100 0.000100 0.004000 0.000100 0.004000 0.000000 0.008000 0.000100 0.000100 0.000000 0.000100 0.000100 0.000200 0.004000 0.000000 0.004000 0.000100 0.000100 0.004000 0.000100
KirksDik 0.008000 0.020600 0.004000 0.025300 0.007900 0.012000 0.008000 0.012000 0.008000 0.008300 0.015900 0.008100 0.008000 0.008000 0.008000 0.008000 0.008300 0.008400 0.007900 0.008000 0.008000 0.008000 0.008300 0.008400 0.016000 0.008000 0.008000 0.008100 0.008000 0.008000 0.008400 0.016000 0.008400 0.008000 0.012200 0.008100 0.012000 0.008000 0.000000 0.008400 0.008400 0.008000 0.008400 0.008400 0.008100 0.012100 0.008000 0.012100 0.008000 0.008300 0.012100 0.008000
RoeDeer 0.000100 0.012100 0.004200 0.020400 0.000100 0.004000 0.000100 0.004000 0.000200 0.000100 0.007900 0.000200 0.000100 0.000100 0.000100 0.000100 0.000100 0.000100 0.000100 0.000100 0.000100 0.000100 0.000100 0.000100 0.008000 0.000100 0.000100 0.000200 0.000100 0.000200 0.000100 0.008000 0.000100 0.000100 0.004000 0.000200 0.004000 0.000100 0.008400 0.000000 0.000100 0.000100 0.000100 0.000100 0.000200 0.004000 0.000100 0.004000 0.000100 0.000200 0.004000 0.000200
WhiteLippe 0.000100 0.011900 0.004200 0.020200 0.000100 0.003900 0.000100 0.003900 0.000200 0.000000 0.007800 0.000200 0.000100 0.000100 0.000100 0.000100 0.000200 0.000200 0.000100 0.000100 0.000100 0.000100 0.000100 0.000100 0.007900 0.000100 0.000100 0.000200 0.000100 0.000200 0.000100 0.007900 0.000100 0.000100 0.004000 0.000200 0.003900 0.000100 0.008400 0.000100 0.000000 0.000100 0.000000 0.000100 0.000200 0.004000 0.000100 0.004000 0.000100 0.000100 0.004000 0.000200
ThomsonGaz 0.000100 0.012000 0.004000 0.020300 0.000000 0.004000 0.000100 0.004000 0.000100 0.000100 0.007900 0.000100 0.000100 0.000100 0.000100 0.000000 0.000100 0.000100 0.000000 0.000100 0.000000 0.000000 0.000100 0.000100 0.007900 0.000000 0.000100 0.000100 0.000000 0.000100 0.000100 0.007900 0.000100 0.000100 0.004000 0.000200 0.004000 0.000000 0.008000 0.000100 0.000100 0.000000 0.000100 0.000100 0.000200 0.004000 0.000000 0.004000 0.000100 0.000100 0.004000 0.000100
MuntiacusC 0.000100 0.011900 0.004100 0.020100 0.000100 0.003900 0.000100 0.003900 0.000200 0.000000 0.007800 0.000200 0.000100 0.000100 0.000100 0.000100 0.000100 0.000100 0.000100 0.000200 0.000100 0.000100 0.000100 0.000100 0.007900 0.000100 0.000100 0.000200 0.000100 0.000100 0.000100 0.007900 0.000100 0.000100 0.004000 0.000200 0.003900 0.000100 0.008400 0.000100 0.000000 0.000100 0.000000 0.000100 0.000200 0.004000 0.000100 0.003900 0.000100 0.000100 0.004000 0.000100
WhiteTaile 0.000100 0.012000 0.004100 0.020300 0.000100 0.004000 0.000100 0.004000 0.000200 0.000100 0.007900 0.000200 0.000100 0.000200 0.000100 0.000100 0.000200 0.000100 0.000100 0.000200 0.000200 0.000100 0.000100 0.000000 0.007900 0.000100 0.000100 0.000200 0.000100 0.000200 0.000100 0.007900 0.000200 0.000100 0.004000 0.000200 0.004000 0.000100 0.008400 0.000100 0.000100 0.000100 0.000100 0.000000 0.000200 0.004000 0.000200 0.004000 0.000100 0.000200 0.004000 0.000200
Cattle 0.000100 0.012400 0.004000 0.020500 0.000100 0.004000 0.000200 0.004000 0.000200 0.000200 0.008000 0.000100 0.000200 0.000200 0.000200 0.000200 0.000200 0.000200 0.000100 0.000200 0.000200 0.000200 0.000200 0.000200 0.008000 0.000200 0.000200 0.000200 0.000200 0.000200 0.000200 0.008100 0.000200 0.000200 0.004100 0.000000 0.004000 0.000200 0.008100 0.000200 0.000200 0.000200 0.000200 0.000200 0.000000 0.004000 0.000200 0.004000 0.000200 0.000200 0.004100 0.000200
RoyalAntel 0.004000 0.008000 0.008000 0.016300 0.004000 0.008000 0.004000 0.008000 0.004000 0.004000 0.011900 0.004000 0.004000 0.004000 0.004000 0.004000 0.004000 0.004000 0.004000 0.004000 0.004000 0.004000 0.004000 0.004000 0.012000 0.004000 0.004000 0.004000 0.004000 0.004000 0.004000 0.004000 0.004000 0.004000 0.008100 0.004000 0.008000 0.004000 0.012100 0.004000 0.004000 0.004000 0.004000 0.004000 0.004000 0.000000 0.004000 0.008000 0.004000 0.004000 0.008100 0.004000
Steenbok 0.000100 0.012000 0.004000 0.020300 0.000000 0.004000 0.000100 0.004000 0.000100 0.000100 0.007900 0.000100 0.000000 0.000100 0.000100 0.000000 0.000100 0.000100 0.000100 0.000100 0.000000 0.000100 0.000100 0.000100 0.007900 0.000000 0.000000 0.000100 0.000000 0.000100 0.000100 0.007900 0.000100 0.000100 0.004000 0.000200 0.004000 0.000000 0.008000 0.000100 0.000100 0.000000 0.000100 0.000200 0.000200 0.004000 0.000000 0.004000 0.000100 0.000100 0.004000 0.000100
Impala 0.004000 0.016100 0.008000 0.024500 0.004000 0.008000 0.004000 0.008000 0.004000 0.003900 0.011900 0.004000 0.004000 0.004000 0.004000 0.004000 0.004000 0.004000 0.004000 0.004000 0.004000 0.004000 0.004000 0.004000 0.012000 0.004000 0.004000 0.004000 0.004000 0.004000 0.004000 0.012000 0.004000 0.004000 0.008100 0.004000 0.008000 0.004000 0.012100 0.004000 0.004000 0.004000 0.003900 0.004000 0.004000 0.008000 0.004000 0.000000 0.004000 0.004000 0.008100 0.004000
Klipspring 0.000000 0.012000 0.004000 0.020300 0.000000 0.004000 0.000100 0.004000 0.000100 0.000100 0.007900 0.000100 0.000000 0.000100 0.000100 0.000100 0.000100 0.000100 0.000100 0.000100 0.000100 0.000100 0.000100 0.000100 0.007900 0.000100 0.000000 0.000200 0.000100 0.000100 0.000100 0.007900 0.000100 0.000100 0.004000 0.000100 0.004000 0.000100 0.008000 0.000100 0.000100 0.000100 0.000100 0.000100 0.000200 0.004000 0.000100 0.004000 0.000000 0.000100 0.004000 0.000100
ForestMusk 0.000100 0.012000 0.004100 0.020300 0.000100 0.004000 0.000100 0.004000 0.000200 0.000100 0.007900 0.000200 0.000100 0.000200 0.000200 0.000200 0.000100 0.000100 0.000100 0.000200 0.000100 0.000100 0.000100 0.000100 0.007900 0.000100 0.000100 0.000200 0.000200 0.000200 0.000100 0.007900 0.000100 0.000100 0.004000 0.000200 0.004000 0.000100 0.008300 0.000200 0.000100 0.000100 0.000100 0.000200 0.000200 0.004000 0.000100 0.004000 0.000100 0.000000 0.004000 0.000200
Bushbuck 0.004000 0.016500 0.008100 0.024700 0.004000 0.008000 0.004000 0.000200 0.004000 0.004000 0.012400 0.004000 0.004000 0.004000 0.004000 0.004000 0.004000 0.004000 0.004000 0.004000 0.004000 0.004000 0.004000 0.004000 0.012000 0.004000 0.004000 0.004000 0.004000 0.004000 0.004000 0.012100 0.004000 0.004000 0.008100 0.004100 0.008000 0.004000 0.012100 0.004000 0.004000 0.004000 0.004000 0.004000 0.004100 0.008100 0.004000 0.008100 0.004000 0.004000 0.000000 0.004000
GreaterKud 0.000100 0.012300 0.004000 0.020300 0.000100 0.004000 0.000100 0.004000 0.000000 0.000100 0.007900 0.000100 0.000100 0.000100 0.000100 0.000100 0.000100 0.000100 0.000100 0.000100 0.000100 0.000100 0.000100 0.000100 0.007900 0.000100 0.000100 0.000000 0.000100 0.000000 0.000200 0.008000 0.000100 0.000100 0.004000 0.000100 0.004000 0.000100 0.008000 0.000200 0.000200 0.000100 0.000100 0.000200 0.000200 0.004000 0.000100 0.004000 0.000100 0.000200 0.004000 0.000000
