1
52 1
Argali 0.000000 0.011700 0.002300 0.011800 0.004700 0.000000 0.000100 0.002400 0.002300 0.004700 0.000000 0.002300 0.000000 0.000100 0.000100 0.002400 0.009400 0.011800 0.002300 0.002300 0.002400 0.002300 0.004700 0.007100 0.000000 0.002400 0.000000 0.002300 0.002400 0.002300 0.004700 0.000100 0.007100 0.000000 0.004700 0.002300 0.002300 0.004700 0.002400 0.007000 0.004700 0.002400 0.004700 0.007100 0.002300 0.007100 0.002400 0.002300 0.004700 0.007100 0.002300 0.002300
LesserMous 0.011700 0.000000 0.009300 0.018800 0.016400 0.011700 0.011700 0.014200 0.009300 0.007000 0.011700 0.009300 0.011700 0.011700 0.011800 0.014200 0.011800 0.014200 0.014000 0.009300 0.014200 0.014100 0.007000 0.009400 0.011700 0.014100 0.011700 0.009300 0.014100 0.009300 0.007000 0.011700 0.009300 0.011700 0.016500 0.009400 0.014100 0.016400 0.014200 0.009300 0.007000 0.014100 0.007000 0.009300 0.009300 0.018900 0.014100 0.014100 0.016500 0.009400 0.009300 0.009300
LesserKudu 0.002300 0.009300 0.000000 0.009400 0.007000 0.002300 0.002300 0.004700 0.000000 0.002300 0.002300 0.000000 0.002400 0.002300 0.002400 0.004700 0.007000 0.009400 0.004700 0.000000 0.004700 0.004700 0.002300 0.004700 0.002300 0.004700 0.002300 0.000000 0.004700 0.000000 0.002300 0.002300 0.004700 0.002300 0.007100 0.000000 0.004700 0.007000 0.004700 0.004700 0.002300 0.004700 0.002300 0.004700 0.000000 0.009500 0.004700 0.004700 0.007100 0.004700 0.000000 0.000000
KillerWhal 0.011800 0.018800 0.009400 0.000000 0.016600 0.011800 0.011800 0.014300 0.009400 0.011800 0.011800 0.009400 0.011900 0.011800 0.011900 0.014300 0.016500 0.019000 0.014200 0.009400 0.014300 0.014200 0.011800 0.014200 0.011800 0.014300 0.011800 0.009400 0.014300 0.009400 0.011800 0.011900 0.014200 0.011800 0.016700 0.009500 0.014200 0.016600 0.014300 0.014200 0.011800 0.014300 0.011800 0.014200 0.009500 0.019100 0.014300 0.014200 0.016700 0.014300 0.009400 0.009400
DefassaWat 0.004700 0.016400 0.007000 0.016600 0.000000 0.004700 0.004700 0.007100 0.007000 0.009400 0.004700 0.007000 0.004700 0.004700 0.004700 0.007100 0.014100 0.016500 0.007000 0.007000 0.007100 0.007100 0.009400 0.011800 0.004700 0.007100 0.004700 0.007000 0.007100 0.007000 0.009400 0.004700 0.011800 0.004700 0.009500 0.007100 0.007100 0.000000 0.007100 0.011800 0.009400 0.007100 0.009400 0.011800 0.007100 0.011900 0.007100 0.007000 0.009400 0.011800 0.007000 0.007000
Sheep 0.000000 0.011700 0.002300 0.011800 0.004700 0.000000 0.000100 0.002400 0.002300 0.004700 0.000000 0.002300 0.000000 0.000000 0.000000 0.002400 0.009400 0.011800 0.002300 0.002300 0.002400 0.002300 0.004700 0.007100 0.000000 0.002400 0.000000 0.002300 0.002400 0.002300 0.004700 0.000100 0.007100 0.000000 0.004700 0.002400 0.002300 0.004700 0.002400 0.007100 0.004700 0.002400 0.004700 0.007100 0.002400 0.007100 0.002400 0.002300 0.004700 0.007100 0.002300 0.002300
MaxwellsDu 0.000100 0.011700 0.002300 0.011800 0.004700 0.000100 0.000000 0.002400 0.002300 0.004700 0.000100 0.002300 0.000100 0.000000 0.000100 0.002400 0.009400 0.011800 0.002300 0.002300 0.002400 0.002300 0.004700 0.007100 0.000100 0.002400 0.000100 0.002300 0.002400 0.002300 0.004700 0.000000 0.007100 0.000100 0.004700 0.002400 0.002400 0.004700 0.002400 0.007100 0.004700 0.002400 0.004700 0.007100 0.002400 0.007100 0.002400 0.002300 0.004700 0.007100 0.002300 0.002300
GazellaPrz 0.002400 0.014200 0.004700 0.014300 0.007100 0.002400 0.002400 0.000000 0.004700 0.007100 0.002400 0.004700 0.002400 0.002400 0.002400 0.000100 0.011900 0.014300 0.004700 0.004700 0.000100 0.004700 0.007100 0.009500 0.002400 0.000000 0.002400 0.004700 0.000100 0.004700 0.007100 0.002400 0.009500 0.002400 0.007100 0.004700 0.004700 0.007100 0.002400 0.009500 0.007100 0.000000 0.007100 0.009500 0.004700 0.009600 0.000000 0.004700 0.007100 0.009500 0.004700 0.004700
MountainNy 0.002300 0.009300 0.000000 0.009400 0.007000 0.002300 0.002300 0.004700 0.000000 0.002300 0.002300 0.000000 0.002300 0.002300 0.002400 0.004700 0.007000 0.009400 0.004700 0.000000 0.004700 0.004700 0.002300 0.004700 0.002300 0.004700 0.002300 0.000000 0.004700 0.000000 0.002300 0.002300 0.004700 0.002300 0.007100 0.000000 0.004700 0.007000 0.004700 0.004700 0.002300 0.004700 0.002300 0.004700 0.000000 0.009500 0.004700 0.004700 0.007100 0.004700 0.000000 0.000000
MuntiacusM 0.004700 0.007000 0.002300 0.011800 0.009400 0.004700 0.004700 0.007100 0.002300 0.000000 0.004700 0.002300 0.004700 0.004700 0.004700 0.007100 0.004700 0.007000 0.007000 0.002300 0.007100 0.007000 0.000100 0.002300 0.004700 0.007100 0.004700 0.002300 0.007100 0.002300 0.000000 0.004700 0.002300 0.004700 0.009500 0.002300 0.007000 0.009400 0.007100 0.002300 0.000100 0.007100 0.000000 0.002300 0.002300 0.011800 0.007100 0.007000 0.009400 0.002300 0.002300 0.002300
goat 0.000000 0.011700 0.002300 0.011800 0.004700 0.000000 0.000100 0.002400 0.002300 0.004700 0.000000 0.002300 0.000000 0.000000 0.000000 0.002400 0.009400 0.011800 0.002300 0.002300 0.002400 0.002300 0.004700 0.007100 0.000000 0.002400 0.000000 0.002300 0.002400 0.002300 0.004700 0.000100 0.007100 0.000000 0.004700 0.002400 0.002300 0.004700 0.002400 0.007100 0.004700 0.002400 0.004700 0.007100 0.002400 0.007100 0.002400 0.002300 0.004700 0.007100 0.002300 0.002300
AfricanBuf 0.002300 0.009300 0.000000 0.009400 0.007000 0.002300 0.002300 0.004700 0.000000 0.002300 0.002300 0.000000 0.002400 0.002400 0.002400 0.004700 0.007000 0.009400 0.004700 0.000000 0.004700 0.004700 0.002300 0.004700 0.002300 0.004700 0.002300 0.000000 0.004700 0.000000 0.002300 0.002400 0.004700 0.002300 0.007100 0.000000 0.004700 0.007000 0.004700 0.004700 0.002300 0.004700 0.002300 0.004700 0.000000 0.009500 0.004700 0.004700 0.007100 0.004700 0.000000 0.000000
Topi 0.000000 0.011700 0.002400 0.011900 0.004700 0.000000 0.000100 0.002400 0.002300 0.004700 0.000000 0.002400 0.000000 0.000000 0.000100 0.002400 0.009400 0.011800 0.002300 0.002300 0.002400 0.002400 0.004700 0.007100 0.000000 0.002400 0.000000 0.002300 0.002400 0.002300 0.004700 0.000100 0.007100 0.000000 0.004700 0.002400 0.002400 0.004700 0.002400 0.007100 0.004700 0.002400 0.004700 0.007100 0.002400 0.007100 0.002400 0.002300 0.004700 0.007100 0.002300 0.002300
CommonDuik 0.000100 0.011700 0.002300 0.011800 0.004700 0.000000 0.000000 0.002400 0.002300 0.004700 0.000000 0.002400 0.000000 0.000000 0.000100 0.002400 0.009400 0.011800 0.002300 0.002300 0.002400 0.002300 0.004700 0.007100 0.000000 0.002400 0.000000 0.002300 0.002400 0.002300 0.004700 0.000000 0.007100 0.000000 0.004700 0.002400 0.002400 0.004700 0.002400 0.007100 0.004700 0.002400 0.004700 0.007100 0.002400 0.007100 0.002400 0.002300 0.004700 0.007100 0.002300 0.002300
Suni 0.000100 0.011800 0.002400 0.011900 0.004700 0.000000 0.000100 0.002400 0.002400 0.004700 0.000000 0.002400 0.000100 0.000100 0.000000 0.002400 0.009500 0.011800 0.002400 0.002400 0.002400 0.002400 0.004700 0.007100 0.000000 0.002400 0.000000 0.002400 0.002400 0.002400 0.004700 0.000100 0.007100 0.000100 0.004700 0.002400 0.002400 0.004700 0.002400 0.007100 0.004700 0.002400 0.004700 0.007100 0.002400 0.007100 0.002400 0.002400 0.004700 0.007100 0.002400 0.002400
Springbuck 0.002400 0.014200 0.004700 0.014300 0.007100 0.002400 0.002400 0.000100 0.004700 0.007100 0.002400 0.004700 0.002400 0.002400 0.002400 0.000000 0.011900 0.014300 0.004700 0.004700 0.000100 0.004700 0.007100 0.009500 0.002400 0.000100 0.002400 0.004700 0.000100 0.004700 0.007100 0.002400 0.009500 0.002400 0.007200 0.004700 0.004700 0.007100 0.002400 0.009500 0.007100 0.000100 0.007100 0.009500 0.004700 0.009600 0.000100 0.004700 0.007100 0.009500 0.004700 0.004700
Okapi 0.009400 0.011800 0.007000 0.016500 0.014100 0.009400 0.009400 0.011900 0.007000 0.004700 0.009400 0.007000 0.009400 0.009400 0.009500 0.011900 0.000000 0.002300 0.011700 0.007000 0.011800 0.011800 0.004700 0.007000 0.009400 0.011800 0.009400 0.007000 0.011800 0.007000 0.004700 0.009400 0.007000 0.009400 0.014200 0.007000 0.011800 0.014100 0.011900 0.007000 0.004700 0.011800 0.004700 0.007000 0.007000 0.016600 0.011800 0.011700 0.014200 0.007100 0.007000 0.007000
Giraffe 0.011800 0.014200 0.009400 0.019000 0.016500 0.011800 0.011800 0.014300 0.009400 0.007000 0.011800 0.009400 0.011800 0.011800 0.011800 0.014300 0.002300 0.000000 0.014100 0.009400 0.014200 0.014200 0.007000 0.009400 0.011800 0.014200 0.011800 0.009400 0.014200 0.009400 0.007000 0.011800 0.009400 0.011800 0.016600 0.009400 0.014200 0.016500 0.014300 0.009400 0.007100 0.014200 0.007000 0.009400 0.009400 0.019100 0.014200 0.014100 0.016600 0.009400 0.009400 0.009400
TibetanAnt 0.002300 0.014000 0.004700 0.014200 0.007000 0.002300 0.002300 0.004700 0.004700 0.007000 0.002300 0.004700 0.002300 0.002300 0.002400 0.004700 0.011700 0.014100 0.000000 0.004700 0.004700 0.004700 0.007000 0.009400 0.002300 0.004700 0.002300 0.004700 0.004700 0.004700 0.007000 0.002300 0.009400 0.002300 0.007100 0.004700 0.004700 0.007000 0.004700 0.009400 0.007000 0.004700 0.007000 0.009400 0.004700 0.009500 0.004700 0.004700 0.007100 0.009400 0.004700 0.004700
Sitatunga 0.002300 0.009300 0.000000 0.009400 0.007000 0.002300 0.002300 0.004700 0.000000 0.002300 0.002300 0.000000 0.002300 0.002300 0.002400 0.004700 0.007000 0.009400 0.004700 0.000000 0.004700 0.004700 0.002300 0.004700 0.002300 0.004700 0.002300 0.000000 0.004700 0.000000 0.002300 0.002300 0.004700 0.002300 0.007100 0.000000 0.004700 0.007000 0.004700 0.004700 0.002300 0.004700 0.002300 0.004700 0.000000 0.009500 0.004700 0.004700 0.007100 0.004700 0.000000 0.000000
Oribi 0.002400 0.014200 0.004700 0.014300 0.007100 0.002400 0.002400 0.000100 0.004700 0.007100 0.002400 0.004700 0.002400 0.002400 0.002400 0.000100 0.011800 0.014200 0.004700 0.004700 0.000000 0.004700 0.007100 0.009500 0.002400 0.000100 0.002400 0.004700 0.000100 0.004700 0.007100 0.002400 0.009500 0.002400 0.007100 0.004700 0.004700 0.007100 0.002400 0.009500 0.007100 0.000100 0.007100 0.009500 0.004700 0.009500 0.000000 0.004700 0.007100 0.009500 0.004700 0.004700
BarbaryShe 0.002300 0.014100 0.004700 0.014200 0.007100 0.002300 0.002300 0.004700 0.004700 0.007000 0.002300 0.004700 0.002400 0.002300 0.002400 0.004700 0.011800 0.014200 0.004700 0.004700 0.004700 0.000000 0.007100 0.009400 0.002300 0.004700 0.002300 0.004700 0.004700 0.004700 0.007000 0.002400 0.009700 0.002300 0.007100 0.004700 0.004700 0.007000 0.004700 0.009400 0.007100 0.004700 0.007100 0.009400 0.004700 0.009500 0.004700 0.004700 0.007100 0.009500 0.004700 0.004700
Daviddeer 0.004700 0.007000 0.002300 0.011800 0.009400 0.004700 0.004700 0.007100 0.002300 0.000100 0.004700 0.002300 0.004700 0.004700 0.004700 0.007100 0.004700 0.007000 0.007000 0.002300 0.007100 0.007100 0.000000 0.002300 0.004700 0.007100 0.004700 0.002300 0.007100 0.002300 0.000100 0.004700 0.002300 0.004700 0.009500 0.002300 0.007100 0.009400 0.007100 0.002300 0.000000 0.007100 0.000100 0.002300 0.002300 0.011900 0.007100 0.007000 0.009500 0.002400 0.002300 0.002300
Reindeer 0.007100 0.009400 0.004700 0.014200 0.011800 0.007100 0.007100 0.009500 0.004700 0.002300 0.007100 0.004700 0.007100 0.007100 0.007100 0.009500 0.007000 0.009400 0.009400 0.004700 0.009500 0.009400 0.002300 0.000000 0.007100 0.009500 0.007100 0.004700 0.009500 0.004700 0.002300 0.007100 0.004700 0.007100 0.011900 0.004700 0.009400 0.011800 0.009500 0.000000 0.002400 0.009500 0.002300 0.000000 0.004700 0.014300 0.009500 0.009400 0.011900 0.004700 0.004700 0.004700
Ibex 0.000000 0.011700 0.002300 0.011800 0.004700 0.000000 0.000100 0.002400 0.002300 0.004700 0.000000 0.002300 0.000000 0.000000 0.000000 0.002400 0.009400 0.011800 0.002300 0.002300 0.002400 0.002300 0.004700 0.007100 0.000000 0.002400 0.000000 0.002300 0.002400 0.002300 0.004700 0.000100 0.007100 0.000000 0.004700 0.002400 0.002300 0.004700 0.002400 0.007100 0.004700 0.002400 0.004700 0.007100 0.002400 0.007100 0.002400 0.002300 0.004700 0.007100 0.002300 0.002300
GyrantGaze 0.002400 0.014100 0.004700 0.014300 0.007100 0.002400 0.002400 0.000000 0.004700 0.007100 0.002400 0.004700 0.002400 0.002400 0.002400 0.000100 0.011800 0.014200 0.004700 0.004700 0.000100 0.004700 0.007100 0.009500 0.002400 0.000000 0.002400 0.004700 0.000100 0.004700 0.007100 0.002400 0.009500 0.002400 0.007100 0.004700 0.004700 0.007100 0.002400 0.009500 0.007100 0.000000 0.007100 0.009500 0.004700 0.009500 0.000000 0.004700 0.007100 0.009500 0.004700 0.004700
Hartebeest 0.000000 0.011700 0.002300 0.011800 0.004700 0.000000 0.000100 0.002400 0.002300 0.004700 0.000000 0.002300 0.000000 0.000000 0.000000 0.002400 0.009400 0.011800 0.002300 0.002300 0.002400 0.002300 0.004700 0.007100 0.000000 0.002400 0.000000 0.002300 0.002400 0.002300 0.004700 0.000000 0.007100 0.000000 0.004700 0.002400 0.002300 0.004700 0.002400 0.007000 0.004700 0.002400 0.004700 0.007100 0.002300 0.007100 0.002400 0.002300 0.004700 0.007100 0.002300 0.002300
Bongo 0.002300 0.009300 0.000000 0.009400 0.007000 0.002300 0.002300 0.004700 0.000000 0.002300 0.002300 0.000000 0.002300 0.002300 0.002400 0.004700 0.007000 0.009400 0.004700 0.000000 0.004700 0.004700 0.002300 0.004700 0.002300 0.004700 0.002300 0.000000 0.004700 0.000000 0.002300 0.002300 0.004700 0.002300 0.007100 0.000000 0.004700 0.007000 0.004700 0.004700 0.002300 0.004700 0.002300 0.004700 0.000000 0.009500 0.004700 0.004700 0.007100 0.004700 0.000000 0.000000
Gerenuk 0.002400 0.014100 0.004700 0.014300 0.007100 0.002400 0.002400 0.000100 0.004700 0.007100 0.002400 0.004700 0.002400 0.002400 0.002400 0.000100 0.011800 0.014200 0.004700 0.004700 0.000100 0.004700 0.007100 0.009500 0.002400 0.000100 0.002400 0.004700 0.000000 0.004700 0.007100 0.002400 0.009500 0.002400 0.007100 0.004700 0.004700 0.007100 0.002400 0.009500 0.007100 0.000100 0.007100 0.009500 0.004700 0.009500 0.000100 0.004700 0.007100 0.009500 0.004700 0.004700
CommonElan 0.002300 0.009300 0.000000 0.009400 0.007000 0.002300 0.002300 0.004700 0.000000 0.002300 0.002300 0.000000 0.002300 0.002300 0.002400 0.004700 0.007000 0.009400 0.004700 0.000000 0.004700 0.004700 0.002300 0.004700 0.002300 0.004700 0.002300 0.000000 0.004700 0.000000 0.002300 0.002300 0.004700 0.002300 0.007100 0.000000 0.004700 0.007000 0.004700 0.004700 0.002300 0.004700 0.002300 0.004700 0.000000 0.009500 0.004700 0.004700 0.007100 0.004700 0.000000 0.000000
MuntiacusR 0.004700 0.007000 0.002300 0.011800 0.009400 0.004700 0.004700 0.007100 0.002300 0.000000 0.004700 0.002300 0.004700 0.004700 0.004700 0.007100 0.004700 0.007000 0.007000 0.002300 0.007100 0.007000 0.000100 0.002300 0.004700 0.007100 0.004700 0.002300 0.007100 0.002300 0.000000 0.004700 0.002300 0.004700 0.009500 0.002300 0.007000 0.009400 0.007100 0.002300 0.000100 0.007100 0.000000 0.002300 0.002300 0.011900 0.007100 0.007000 0.009400 0.002300 0.002300 0.002300
HarveysDui 0.000100 0.011700 0.002300 0.011900 0.004700 0.000100 0.000000 0.002400 0.002300 0.004700 0.000100 0.002400 0.000100 0.000000 0.000100 0.002400 0.009400 0.011800 0.002300 0.002300 0.002400 0.002400 0.004700 0.007100 0.000100 0.002400 0.000000 0.002300 0.002400 0.002300 0.004700 0.000000 0.007100 0.000100 0.004700 0.002400 0.002400 0.004700 0.002400 0.007100 0.004700 0.002400 0.004700 0.007100 0.002400 0.007100 0.002400 0.002300 0.004700 0.007100 0.002300 0.002300
Pronghorn 0.007100 0.009300 0.004700 0.014200 0.011800 0.007100 0.007100 0.009500 0.004700 0.002300 0.007100 0.004700 0.007100 0.007100 0.007100 0.009500 0.007000 0.009400 0.009400 0.004700 0.009500 0.009700 0.002300 0.004700 0.007100 0.009500 0.007100 0.004700 0.009500 0.004700 0.002300 0.007100 0.000000 0.007100 0.011900 0.004700 0.009400 0.011800 0.009500 0.004700 0.002300 0.009500 0.002300 0.004700 0.004700 0.014300 0.009500 0.009400 0.011800 0.004700 0.004700 0.004700
BlueWildeb 0.000000 0.011700 0.002300 0.011800 0.004700 0.000000 0.000100 0.002400 0.002300 0.004700 0.000000 0.002300 0.000000 0.000000 0.000100 0.002400 0.009400 0.011800 0.002300 0.002300 0.002400 0.002300 0.004700 0.007100 0.000000 0.002400 0.000000 0.002300 0.002400 0.002300 0.004700 0.000100 0.007100 0.000000 0.004700 0.002300 0.002300 0.004700 0.002400 0.007000 0.004700 0.002400 0.004700 0.007100 0.002300 0.007100 0.002400 0.002300 0.004700 0.007100 0.002300 0.002300
Gemsbok 0.004700 0.016500 0.007100 0.016700 0.009500 0.004700 0.004700 0.007100 0.007100 0.009500 0.004700 0.007100 0.004700 0.004700 0.004700 0.007200 0.014200 0.016600 0.007100 0.007100 0.007100 0.007100 0.009500 0.011900 0.004700 0.007100 0.004700 0.007100 0.007100 0.007100 0.009500 0.004700 0.011900 0.004700 0.000000 0.007100 0.007100 0.009500 0.007200 0.011800 0.009500 0.007100 0.009500 0.011900 0.007100 0.011900 0.007100 0.007100 0.009500 0.007100 0.007100 0.007100
Yak 0.002300 0.009400 0.000000 0.009500 0.007100 0.002400 0.002400 0.004700 0.000000 0.002300 0.002400 0.000000 0.002400 0.002400 0.002400 0.004700 0.007000 0.009400 0.004700 0.000000 0.004700 0.004700 0.002300 0.004700 0.002400 0.004700 0.002400 0.000000 0.004700 0.000000 0.002300 0.002400 0.004700 0.002300 0.007100 0.000000 0.004700 0.007100 0.004700 0.004700 0.002400 0.004700 0.002300 0.004700 0.000000 0.009500 0.004700 0.004700 0.007100 0.004700 0.000000 0.000000
BlueSheep 0.002300 0.014100 0.004700 0.014200 0.007100 0.002300 0.002400 0.004700 0.004700 0.007000 0.002300 0.004700 0.002400 0.002400 0.002400 0.004700 0.011800 0.014200 0.004700 0.004700 0.004700 0.004700 0.007100 0.009400 0.002300 0.004700 0.002300 0.004700 0.004700 0.004700 0.007000 0.002400 0.009400 0.002300 0.007100 0.004700 0.000000 0.007000 0.004700 0.009400 0.007100 0.004700 0.007100 0.009400 0.004700 0.009500 0.004700 0.004700 0.007100 0.009500 0.004700 0.004700
BohorReedb 0.004700 0.016400 0.007000 0.016600 0.000000 0.004700 0.004700 0.007100 0.007000 0.009400 0.004700 0.007000 0.004700 0.004700 0.004700 0.007100 0.014100 0.016500 0.007000 0.007000 0.007100 0.007000 0.009400 0.011800 0.004700 0.007100 0.004700 0.007000 0.007100 0.007000 0.009400 0.004700 0.011800 0.004700 0.009500 0.007100 0.007000 0.000000 0.007100 0.011800 0.009400 0.007100 0.009400 0.011800 0.007100 0.011900 0.007100 0.007000 0.009400 0.011800 0.007000 0.007000
KirksDik 0.002400 0.014200 0.004700 0.014300 0.007100 0.002400 0.002400 0.002400 0.004700 0.007100 0.002400 0.004700 0.002400 0.002400 0.002400 0.002400 0.011900 0.014300 0.004700 0.004700 0.002400 0.004700 0.007100 0.009500 0.002400 0.002400 0.002400 0.004700 0.002400 0.004700 0.007100 0.002400 0.009500 0.002400 0.007200 0.004700 0.004700 0.007100 0.000000 0.009500 0.007100 0.002400 0.007100 0.009500 0.004700 0.009600 0.002400 0.004700 0.007100 0.009500 0.004700 0.004700
RoeDeer 0.007000 0.009300 0.004700 0.014200 0.011800 0.007100 0.007100 0.009500 0.004700 0.002300 0.007100 0.004700 0.007100 0.007100 0.007100 0.009500 0.007000 0.009400 0.009400 0.004700 0.009500 0.009400 0.002300 0.000000 0.007100 0.009500 0.007000 0.004700 0.009500 0.004700 0.002300 0.007100 0.004700 0.007000 0.011800 0.004700 0.009400 0.011800 0.009500 0.000000 0.002300 0.009400 0.002300 0.000000 0.004700 0.014300 0.009500 0.009400 0.011800 0.004700 0.004700 0.004700
WhiteLippe 0.004700 0.007000 0.002300 0.011800 0.009400 0.004700 0.004700 0.007100 0.002300 0.000100 0.004700 0.002300 0.004700 0.004700 0.004700 0.007100 0.004700 0.007100 0.007000 0.002300 0.007100 0.007100 0.000000 0.002400 0.004700 0.007100 0.004700 0.002300 0.007100 0.002300 0.000100 0.004700 0.002300 0.004700 0.009500 0.002400 0.007100 0.009400 0.007100 0.002300 0.000000 0.007100 0.000100 0.002300 0.002400 0.011900 0.007100 0.007000 0.009500 0.002400 0.002300 0.002300
ThomsonGaz 0.002400 0.014100 0.004700 0.014300 0.007100 0.002400 0.002400 0.000000 0.004700 0.007100 0.002400 0.004700 0.002400 0.002400 0.002400 0.000100 0.011800 0.014200 0.004700 0.004700 0.000100 0.004700 0.007100 0.009500 0.002400 0.000000 0.002400 0.004700 0.000100 0.004700 0.007100 0.002400 0.009500 0.002400 0.007100 0.004700 0.004700 0.007100 0.002400 0.009400 0.007100 0.000000 0.007100 0.009500 0.004700 0.009500 0.000000 0.004700 0.007100 0.009500 0.004700 0.004700
MuntiacusC 0.004700 0.007000 0.002300 0.011800 0.009400 0.004700 0.004700 0.007100 0.002300 0.000000 0.004700 0.002300 0.004700 0.004700 0.004700 0.007100 0.004700 0.007000 0.007000 0.002300 0.007100 0.007100 0.000100 0.002300 0.004700 0.007100 0.004700 0.002300 0.007100 0.002300 0.000000 0.004700 0.002300 0.004700 0.009500 0.002300 0.007100 0.009400 0.007100 0.002300 0.000100 0.007100 0.000000 0.002300 0.002300 0.011900 0.007100 0.007000 0.009500 0.002400 0.002300 0.002300
WhiteTaile 0.007100 0.009300 0.004700 0.014200 0.011800 0.007100 0.007100 0.009500 0.004700 0.002300 0.007100 0.004700 0.007100 0.007100 0.007100 0.009500 0.007000 0.009400 0.009400 0.004700 0.009500 0.009400 0.002300 0.000000 0.007100 0.009500 0.007100 0.004700 0.009500 0.004700 0.002300 0.007100 0.004700 0.007100 0.011900 0.004700 0.009400 0.011800 0.009500 0.000000 0.002300 0.009500 0.002300 0.000000 0.004700 0.014300 0.009500 0.009400 0.011800 0.004700 0.004700 0.004700
Cattle 0.002300 0.009300 0.000000 0.009500 0.007100 0.002400 0.002400 0.004700 0.000000 0.002300 0.002400 0.000000 0.002400 0.002400 0.002400 0.004700 0.007000 0.009400 0.004700 0.000000 0.004700 0.004700 0.002300 0.004700 0.002400 0.004700 0.002300 0.000000 0.004700 0.000000 0.002300 0.002400 0.004700 0.002300 0.007100 0.000000 0.004700 0.007100 0.004700 0.004700 0.002400 0.004700 0.002300 0.004700 0.000000 0.009500 0.004700 0.004700 0.007100 0.004700 0.000000 0.000000
RoyalAntel 0.007100 0.018900 0.009500 0.019100 0.011900 0.007100 0.007100 0.009600 0.009500 0.011800 0.007100 0.009500 0.007100 0.007100 0.007100 0.009600 0.016600 0.019100 0.009500 0.009500 0.009500 0.009500 0.011900 0.014300 0.007100 0.009500 0.007100 0.009500 0.009500 0.009500 0.011900 0.007100 0.014300 0.007100 0.011900 0.009500 0.009500 0.011900 0.009600 0.014300 0.011900 0.009500 0.011900 0.014300 0.009500 0.000000 0.009500 0.004700 0.011900 0.014300 0.009500 0.009500
Steenbok 0.002400 0.014100 0.004700 0.014300 0.007100 0.002400 0.002400 0.000000 0.004700 0.007100 0.002400 0.004700 0.002400 0.002400 0.002400 0.000100 0.011800 0.014200 0.004700 0.004700 0.000000 0.004700 0.007100 0.009500 0.002400 0.000000 0.002400 0.004700 0.000100 0.004700 0.007100 0.002400 0.009500 0.002400 0.007100 0.004700 0.004700 0.007100 0.002400 0.009500 0.007100 0.000000 0.007100 0.009500 0.004700 0.009500 0.000000 0.004700 0.007100 0.009500 0.004700 0.004700
Impala 0.002300 0.014100 0.004700 0.014200 0.007000 0.002300 0.002300 0.004700 0.004700 0.007000 0.002300 0.004700 0.002300 0.002300 0.002400 0.004700 0.011700 0.014100 0.004700 0.004700 0.004700 0.004700 0.007000 0.009400 0.002300 0.004700 0.002300 0.004700 0.004700 0.004700 0.007000 0.002300 0.009400 0.002300 0.007100 0.004700 0.004700 0.007000 0.004700 0.009400 0.007000 0.004700 0.007000 0.009400 0.004700 0.004700 0.004700 0.000000 0.007100 0.009400 0.004700 0.004700
Klipspring 0.004700 0.016500 0.007100 0.016700 0.009400 0.004700 0.004700 0.007100 0.007100 0.009400 0.004700 0.007100 0.004700 0.004700 0.004700 0.007100 0.014200 0.016600 0.007100 0.007100 0.007100 0.007100 0.009500 0.011900 0.004700 0.007100 0.004700 0.007100 0.007100 0.007100 0.009400 0.004700 0.011800 0.004700 0.009500 0.007100 0.007100 0.009400 0.007100 0.011800 0.009500 0.007100 0.009500 0.011800 0.007100 0.011900 0.007100 0.007100 0.000000 0.011900 0.007100 0.007100
ForestMusk 0.007100 0.009400 0.004700 0.014300 0.011800 0.007100 0.007100 0.009500 0.004700 0.002300 0.007100 0.004700 0.007100 0.007100 0.007100 0.009500 0.007100 0.009400 0.009400 0.004700 0.009500 0.009500 0.002400 0.004700 0.007100 0.009500 0.007100 0.004700 0.009500 0.004700 0.002300 0.007100 0.004700 0.007100 0.007100 0.004700 0.009500 0.011800 0.009500 0.004700 0.002400 0.009500 0.002400 0.004700 0.004700 0.014300 0.009500 0.009400 0.011900 0.000000 0.004700 0.004700
Bushbuck 0.002300 0.009300 0.000000 0.009400 0.007000 0.002300 0.002300 0.004700 0.000000 0.002300 0.002300 0.000000 0.002300 0.002300 0.002400 0.004700 0.007000 0.009400 0.004700 0.000000 0.004700 0.004700 0.002300 0.004700 0.002300 0.004700 0.002300 0.000000 0.004700 0.000000 0.002300 0.002300 0.004700 0.002300 0.007100 0.000000 0.004700 0.007000 0.004700 0.004700 0.002300 0.004700 0.002300 0.004700 0.000000 0.009500 0.004700 0.004700 0.007100 0.004700 0.000000 0.000000
GreaterKud 0.002300 0.009300 0.000000 0.009400 0.007000 0.002300 0.002300 0.004700 0.000000 0.002300 0.002300 0.000000 0.002300 0.002300 0.002400 0.004700 0.007000 0.009400 0.004700 0.000000 0.004700 0.004700 0.002300 0.004700 0.002300 0.004700 0.002300 0.000000 0.004700 0.000000 0.002300 0.002300 0.004700 0.002300 0.007100 0.000000 0.004700 0.007000 0.004700 0.004700 0.002300 0.004700 0.002300 0.004700 0.000000 0.009500 0.004700 0.004700 0.007100 0.004700 0.000000 0.000000
