1
52 1
Argali 0.000000 0.010600 0.005300 0.005300 0.000000 0.000000 0.000000 0.000100 0.005300 0.005300 0.000000 0.005300 0.000000 0.000000 0.000000 0.000000 0.005300 0.005300 0.000000 0.005300 0.000000 0.000000 0.005300 0.005300 0.000000 0.000000 0.000000 0.005300 0.000000 0.005300 0.005300 0.000000 0.005300 0.000000 0.000000 0.005300 0.000000 0.000000 0.000000 0.005300 0.005300 0.000000 0.005300 0.005300 0.005300 0.005300 0.000000 0.000000 0.000000 0.010600 0.005300 0.005300
LesserMous 0.010600 0.000000 0.005300 0.005300 0.010600 0.010600 0.010600 0.010600 0.005300 0.005300 0.010600 0.005300 0.010600 0.010600 0.010600 0.010700 0.005300 0.005300 0.010600 0.005300 0.010600 0.010600 0.005300 0.005300 0.010600 0.010600 0.010600 0.005300 0.010600 0.005300 0.005300 0.010600 0.005300 0.010600 0.010600 0.005300 0.010600 0.010600 0.010600 0.005300 0.005300 0.010600 0.005300 0.005300 0.005300 0.015900 0.010600 0.010700 0.010600 0.010500 0.005300 0.005300
LesserKudu 0.005300 0.005300 0.000000 0.000100 0.005300 0.005300 0.005300 0.005300 0.000000 0.000000 0.005300 0.000000 0.005300 0.005300 0.005300 0.005300 0.000100 0.000100 0.005300 0.000000 0.005300 0.005300 0.000000 0.000000 0.005300 0.005300 0.005300 0.000000 0.005300 0.000000 0.000100 0.005300 0.000100 0.005300 0.005300 0.000000 0.005300 0.005300 0.005300 0.000100 0.000000 0.005300 0.000000 0.000000 0.000000 0.010700 0.005300 0.005300 0.005300 0.005300 0.000000 0.000000
KillerWhal 0.005300 0.005300 0.000100 0.000000 0.005300 0.005300 0.005300 0.005300 0.000100 0.000100 0.005300 0.000100 0.005300 0.005300 0.005300 0.005300 0.000100 0.000100 0.005300 0.000100 0.005300 0.005300 0.000100 0.000100 0.005300 0.005300 0.005300 0.000100 0.005300 0.000100 0.000100 0.005300 0.000100 0.005300 0.005300 0.000100 0.005300 0.005300 0.005300 0.000100 0.000100 0.005300 0.000100 0.000100 0.000100 0.010700 0.005300 0.005300 0.005300 0.005300 0.000100 0.000100
DefassaWat 0.000000 0.010600 0.005300 0.005300 0.000000 0.000000 0.000100 0.000100 0.005300 0.005300 0.000000 0.005300 0.000000 0.000000 0.000100 0.000100 0.005300 0.005300 0.000000 0.005300 0.000000 0.000000 0.005300 0.005300 0.000000 0.000000 0.000000 0.005300 0.000100 0.005300 0.005300 0.000000 0.005300 0.000000 0.000000 0.005300 0.000000 0.000000 0.000000 0.005300 0.005300 0.000000 0.005300 0.005300 0.005300 0.005300 0.000000 0.000100 0.000000 0.010600 0.005300 0.005300
Sheep 0.000000 0.010600 0.005300 0.005300 0.000000 0.000000 0.000100 0.000100 0.005300 0.005300 0.000000 0.005300 0.000000 0.000000 0.000000 0.000100 0.005300 0.005300 0.000000 0.005300 0.000000 0.000000 0.005300 0.005300 0.000000 0.000000 0.000000 0.005300 0.000100 0.005300 0.005300 0.000000 0.005300 0.000000 0.000000 0.005300 0.000000 0.000000 0.000000 0.005300 0.005300 0.000000 0.005300 0.005300 0.005300 0.005300 0.000000 0.000100 0.000000 0.010600 0.005300 0.005300
MaxwellsDu 0.000000 0.010600 0.005300 0.005300 0.000100 0.000100 0.000000 0.000100 0.005300 0.005300 0.000000 0.005300 0.000000 0.000000 0.000100 0.000100 0.005300 0.005300 0.000000 0.005300 0.000100 0.000000 0.005300 0.005300 0.000000 0.000100 0.000000 0.005300 0.000100 0.005300 0.005300 0.000000 0.005300 0.000000 0.000000 0.005300 0.000000 0.000100 0.000000 0.005300 0.005300 0.000100 0.005300 0.005300 0.005300 0.005600 0.000000 0.000100 0.000100 0.010600 0.005300 0.005300
GazellaPrz 0.000100 0.010600 0.005300 0.005300 0.000100 0.000100 0.000100 0.000000 0.005300 0.005300 0.000100 0.005300 0.000100 0.000100 0.000100 0.000100 0.005300 0.005300 0.000100 0.005300 0.000000 0.000100 0.005300 0.005300 0.000100 0.000000 0.000100 0.005300 0.000100 0.005300 0.005300 0.000100 0.005300 0.000100 0.000100 0.005300 0.000100 0.000100 0.000100 0.005300 0.005300 0.000000 0.005300 0.005300 0.005300 0.005300 0.000100 0.000100 0.000100 0.010600 0.005300 0.005300
MountainNy 0.005300 0.005300 0.000000 0.000100 0.005300 0.005300 0.005300 0.005300 0.000000 0.000100 0.005300 0.000000 0.005300 0.005300 0.005300 0.005300 0.000100 0.000100 0.005300 0.000000 0.005300 0.005300 0.000000 0.000000 0.005300 0.005300 0.005300 0.000000 0.005300 0.000000 0.000100 0.005300 0.000100 0.005300 0.005300 0.000100 0.005300 0.005300 0.005300 0.000100 0.000100 0.005300 0.000100 0.000000 0.000100 0.010700 0.005300 0.005300 0.005300 0.005300 0.000000 0.000000
MuntiacusM 0.005300 0.005300 0.000000 0.000100 0.005300 0.005300 0.005300 0.005300 0.000100 0.000000 0.005300 0.000000 0.005300 0.005300 0.005300 0.005300 0.000100 0.000100 0.005300 0.000100 0.005300 0.005300 0.000000 0.000000 0.005300 0.005300 0.005300 0.000100 0.005300 0.000000 0.000000 0.005300 0.000100 0.005300 0.005300 0.000000 0.005300 0.005300 0.005300 0.000000 0.000000 0.005300 0.000000 0.000000 0.000000 0.010600 0.005300 0.005300 0.005300 0.005300 0.000000 0.000000
goat 0.000000 0.010600 0.005300 0.005300 0.000000 0.000000 0.000000 0.000100 0.005300 0.005300 0.000000 0.005300 0.000000 0.000000 0.000000 0.000000 0.005300 0.005300 0.000000 0.005300 0.000000 0.000000 0.005300 0.005300 0.000000 0.000000 0.000000 0.005300 0.000000 0.005300 0.005300 0.000000 0.005300 0.000000 0.000000 0.005300 0.000000 0.000000 0.000000 0.005300 0.005300 0.000000 0.005300 0.005300 0.005300 0.005300 0.000000 0.000000 0.000000 0.010600 0.005300 0.005300
AfricanBuf 0.005300 0.005300 0.000000 0.000100 0.005300 0.005300 0.005300 0.005300 0.000000 0.000000 0.005300 0.000000 0.005300 0.005300 0.005300 0.005300 0.000000 0.000100 0.005300 0.000000 0.005300 0.005300 0.000000 0.000000 0.005300 0.005300 0.005300 0.000000 0.005300 0.000000 0.000000 0.005300 0.000100 0.005300 0.005300 0.000000 0.005300 0.005300 0.005300 0.000100 0.000000 0.005300 0.000000 0.000000 0.000000 0.010700 0.005300 0.005300 0.005300 0.005300 0.000000 0.000000
Topi 0.000000 0.010600 0.005300 0.005300 0.000000 0.000000 0.000000 0.000100 0.005300 0.005300 0.000000 0.005300 0.000000 0.000000 0.000000 0.000000 0.005300 0.005300 0.000000 0.005300 0.000000 0.000000 0.005300 0.005300 0.000000 0.000000 0.000000 0.005300 0.000000 0.005300 0.005300 0.000000 0.005300 0.000000 0.000000 0.005300 0.000000 0.000000 0.000000 0.005300 0.005300 0.000000 0.005300 0.005300 0.005300 0.005300 0.000000 0.000000 0.000000 0.010600 0.005300 0.005300
CommonDuik 0.000000 0.010600 0.005300 0.005300 0.000000 0.000000 0.000000 0.000100 0.005300 0.005300 0.000000 0.005300 0.000000 0.000000 0.000100 0.000100 0.005300 0.005300 0.000000 0.005300 0.000000 0.000000 0.005300 0.005300 0.000000 0.000000 0.000000 0.005300 0.000100 0.005300 0.005300 0.000000 0.005300 0.000000 0.000000 0.005300 0.000000 0.000100 0.000000 0.005300 0.005300 0.000000 0.005300 0.005300 0.005300 0.005700 0.000000 0.000100 0.000000 0.010600 0.005300 0.005300
Suni 0.000000 0.010600 0.005300 0.005300 0.000100 0.000000 0.000100 0.000100 0.005300 0.005300 0.000000 0.005300 0.000000 0.000100 0.000000 0.000100 0.005300 0.005300 0.000000 0.005300 0.000100 0.000000 0.005300 0.005300 0.000000 0.000100 0.000000 0.005300 0.000100 0.005300 0.005300 0.000100 0.005300 0.000000 0.000000 0.005300 0.000000 0.000100 0.000100 0.005300 0.005300 0.000100 0.005300 0.005300 0.005300 0.005300 0.000000 0.000100 0.000100 0.010600 0.005300 0.005300
Springbuck 0.000000 0.010700 0.005300 0.005300 0.000100 0.000100 0.000100 0.000100 0.005300 0.005300 0.000000 0.005300 0.000000 0.000100 0.000100 0.000000 0.005300 0.005300 0.000000 0.005300 0.000000 0.000000 0.005300 0.005300 0.000000 0.000000 0.000000 0.005300 0.000000 0.005300 0.005300 0.000100 0.005300 0.000000 0.000000 0.005300 0.000000 0.000100 0.000100 0.005300 0.005300 0.000000 0.005300 0.005300 0.005300 0.005300 0.000000 0.000100 0.000100 0.010700 0.005300 0.005300
Okapi 0.005300 0.005300 0.000100 0.000100 0.005300 0.005300 0.005300 0.005300 0.000100 0.000100 0.005300 0.000000 0.005300 0.005300 0.005300 0.005300 0.000000 0.000100 0.005300 0.000100 0.005300 0.005300 0.000100 0.000100 0.005300 0.005300 0.005300 0.000100 0.005300 0.000100 0.000100 0.005300 0.000100 0.005300 0.005300 0.000100 0.005300 0.005300 0.005300 0.000100 0.000100 0.005300 0.000100 0.000100 0.000100 0.010700 0.005300 0.005300 0.005300 0.005300 0.000100 0.000100
Giraffe 0.005300 0.005300 0.000100 0.000100 0.005300 0.005300 0.005300 0.005300 0.000100 0.000100 0.005300 0.000100 0.005300 0.005300 0.005300 0.005300 0.000100 0.000000 0.005300 0.000100 0.005300 0.005300 0.000100 0.000100 0.005300 0.005300 0.005300 0.000100 0.005300 0.000100 0.000100 0.005300 0.000100 0.005300 0.005300 0.000100 0.005300 0.005300 0.005300 0.000100 0.000100 0.005300 0.000100 0.000100 0.000100 0.010700 0.005300 0.005300 0.005300 0.005300 0.000100 0.000100
TibetanAnt 0.000000 0.010600 0.005300 0.005300 0.000000 0.000000 0.000000 0.000100 0.005300 0.005300 0.000000 0.005300 0.000000 0.000000 0.000000 0.000000 0.005300 0.005300 0.000000 0.005300 0.000000 0.000000 0.005300 0.005300 0.000000 0.000000 0.000000 0.005300 0.000000 0.005300 0.005300 0.000000 0.005300 0.000000 0.000000 0.005300 0.000000 0.000000 0.000000 0.005300 0.005300 0.000000 0.005300 0.005300 0.005300 0.005300 0.000000 0.000000 0.000000 0.010600 0.005300 0.005300
Sitatunga 0.005300 0.005300 0.000000 0.000100 0.005300 0.005300 0.005300 0.005300 0.000000 0.000100 0.005300 0.000000 0.005300 0.005300 0.005300 0.005300 0.000100 0.000100 0.005300 0.000000 0.005300 0.005300 0.000100 0.000100 0.005300 0.005300 0.005300 0.000000 0.005300 0.000000 0.000100 0.005300 0.000100 0.005300 0.005300 0.000100 0.005300 0.005300 0.005300 0.000100 0.000100 0.005300 0.000000 0.000100 0.000100 0.010700 0.005300 0.005300 0.005300 0.005300 0.000000 0.000000
Oribi 0.000000 0.010600 0.005300 0.005300 0.000000 0.000000 0.000100 0.000000 0.005300 0.005300 0.000000 0.005300 0.000000 0.000000 0.000100 0.000000 0.005300 0.005300 0.000000 0.005300 0.000000 0.000000 0.005300 0.005300 0.000000 0.000000 0.000000 0.005300 0.000000 0.005300 0.005300 0.000000 0.005300 0.000000 0.000000 0.005300 0.000000 0.000000 0.000000 0.005300 0.005300 0.000000 0.005300 0.005300 0.005300 0.005300 0.000000 0.000100 0.000000 0.010600 0.005300 0.005300
BarbaryShe 0.000000 0.010600 0.005300 0.005300 0.000000 0.000000 0.000000 0.000100 0.005300 0.005300 0.000000 0.005300 0.000000 0.000000 0.000000 0.000000 0.005300 0.005300 0.000000 0.005300 0.000000 0.000000 0.005300 0.005300 0.000000 0.000000 0.000000 0.005300 0.000000 0.005300 0.005300 0.000000 0.005300 0.000000 0.000000 0.005300 0.000000 0.000000 0.000000 0.005300 0.005300 0.000000 0.005300 0.005300 0.005300 0.005300 0.000000 0.000000 0.000000 0.010600 0.005300 0.005300
Daviddeer 0.005300 0.005300 0.000000 0.000100 0.005300 0.005300 0.005300 0.005300 0.000000 0.000000 0.005300 0.000000 0.005300 0.005300 0.005300 0.005300 0.000100 0.000100 0.005300 0.000100 0.005300 0.005300 0.000000 0.000000 0.005300 0.005300 0.005300 0.000100 0.005300 0.000000 0.000000 0.005300 0.000100 0.005300 0.005300 0.000000 0.005300 0.005300 0.005300 0.000100 0.000000 0.005300 0.000000 0.000000 0.000000 0.010600 0.005300 0.005300 0.005300 0.005300 0.000000 0.000000
Reindeer 0.005300 0.005300 0.000000 0.000100 0.005300 0.005300 0.005300 0.005300 0.000000 0.000000 0.005300 0.000000 0.005300 0.005300 0.005300 0.005300 0.000100 0.000100 0.005300 0.000100 0.005300 0.005300 0.000000 0.000000 0.005300 0.005300 0.005300 0.000100 0.005300 0.000000 0.000000 0.005300 0.000100 0.005300 0.005300 0.000000 0.005300 0.005300 0.005300 0.000100 0.000000 0.005300 0.000000 0.000000 0.000000 0.010600 0.005300 0.005300 0.005300 0.005300 0.000000 0.000000
Ibex 0.000000 0.010600 0.005300 0.005300 0.000000 0.000000 0.000000 0.000100 0.005300 0.005300 0.000000 0.005300 0.000000 0.000000 0.000000 0.000000 0.005300 0.005300 0.000000 0.005300 0.000000 0.000000 0.005300 0.005300 0.000000 0.000000 0.000000 0.005300 0.000000 0.005300 0.005300 0.000000 0.005300 0.000000 0.000000 0.005300 0.000000 0.000000 0.000000 0.005300 0.005300 0.000000 0.005300 0.005300 0.005300 0.005300 0.000000 0.000000 0.000000 0.010600 0.005300 0.005300
GyrantGaze 0.000000 0.010600 0.005300 0.005300 0.000000 0.000000 0.000100 0.000000 0.005300 0.005300 0.000000 0.005300 0.000000 0.000000 0.000100 0.000000 0.005300 0.005300 0.000000 0.005300 0.000000 0.000000 0.005300 0.005300 0.000000 0.000000 0.000000 0.005300 0.000000 0.005300 0.005300 0.000000 0.005300 0.000000 0.000000 0.005300 0.000000 0.000000 0.000000 0.005300 0.005300 0.000000 0.005300 0.005300 0.005300 0.005300 0.000000 0.000100 0.000000 0.010600 0.005300 0.005300
Hartebeest 0.000000 0.010600 0.005300 0.005300 0.000000 0.000000 0.000000 0.000100 0.005300 0.005300 0.000000 0.005300 0.000000 0.000000 0.000000 0.000000 0.005300 0.005300 0.000000 0.005300 0.000000 0.000000 0.005300 0.005300 0.000000 0.000000 0.000000 0.005300 0.000000 0.005300 0.005300 0.000000 0.005300 0.000000 0.000000 0.005300 0.000000 0.000000 0.000000 0.005300 0.005300 0.000000 0.005300 0.005300 0.005300 0.005300 0.000000 0.000000 0.000000 0.010600 0.005300 0.005300
Bongo 0.005300 0.005300 0.000000 0.000100 0.005300 0.005300 0.005300 0.005300 0.000000 0.000100 0.005300 0.000000 0.005300 0.005300 0.005300 0.005300 0.000100 0.000100 0.005300 0.000000 0.005300 0.005300 0.000100 0.000100 0.005300 0.005300 0.005300 0.000000 0.005300 0.000000 0.000100 0.005300 0.000100 0.005300 0.005300 0.000100 0.005300 0.005300 0.005300 0.000100 0.000000 0.005300 0.000100 0.000000 0.000100 0.010700 0.005300 0.005300 0.005300 0.005300 0.000000 0.000000
Gerenuk 0.000000 0.010600 0.005300 0.005300 0.000100 0.000100 0.000100 0.000100 0.005300 0.005300 0.000000 0.005300 0.000000 0.000100 0.000100 0.000000 0.005300 0.005300 0.000000 0.005300 0.000000 0.000000 0.005300 0.005300 0.000000 0.000000 0.000000 0.005300 0.000000 0.005300 0.005300 0.000100 0.005300 0.000000 0.000000 0.005300 0.000000 0.000100 0.000100 0.005300 0.005300 0.000000 0.005300 0.005300 0.005300 0.005300 0.000000 0.000100 0.000100 0.010600 0.005300 0.005300
CommonElan 0.005300 0.005300 0.000000 0.000100 0.005300 0.005300 0.005300 0.005300 0.000000 0.000000 0.005300 0.000000 0.005300 0.005300 0.005300 0.005300 0.000100 0.000100 0.005300 0.000000 0.005300 0.005300 0.000000 0.000000 0.005300 0.005300 0.005300 0.000000 0.005300 0.000000 0.000100 0.005300 0.000100 0.005300 0.005300 0.000000 0.005300 0.005300 0.005300 0.000100 0.000000 0.005300 0.000000 0.000000 0.000000 0.010700 0.005300 0.005300 0.005300 0.005300 0.000000 0.000000
MuntiacusR 0.005300 0.005300 0.000100 0.000100 0.005300 0.005300 0.005300 0.005300 0.000100 0.000000 0.005300 0.000000 0.005300 0.005300 0.005300 0.005300 0.000100 0.000100 0.005300 0.000100 0.005300 0.005300 0.000000 0.000000 0.005300 0.005300 0.005300 0.000100 0.005300 0.000100 0.000000 0.005300 0.000100 0.005300 0.005300 0.000100 0.005300 0.005300 0.005300 0.000100 0.000000 0.005300 0.000000 0.000000 0.000100 0.010600 0.005300 0.005300 0.005300 0.005300 0.000000 0.000100
HarveysDui 0.000000 0.010600 0.005300 0.005300 0.000000 0.000000 0.000000 0.000100 0.005300 0.005300 0.000000 0.005300 0.000000 0.000000 0.000100 0.000100 0.005300 0.005300 0.000000 0.005300 0.000000 0.000000 0.005300 0.005300 0.000000 0.000000 0.000000 0.005300 0.000100 0.005300 0.005300 0.000000 0.005300 0.000000 0.000000 0.005300 0.000000 0.000100 0.000000 0.005300 0.005300 0.000000 0.005300 0.005300 0.005300 0.005700 0.000000 0.000100 0.000000 0.010600 0.005300 0.005300
Pronghorn 0.005300 0.005300 0.000100 0.000100 0.005300 0.005300 0.005300 0.005300 0.000100 0.000100 0.005300 0.000100 0.005300 0.005300 0.005300 0.005300 0.000100 0.000100 0.005300 0.000100 0.005300 0.005300 0.000100 0.000100 0.005300 0.005300 0.005300 0.000100 0.005300 0.000100 0.000100 0.005300 0.000000 0.005300 0.005300 0.000100 0.005300 0.005300 0.005300 0.000200 0.000100 0.005300 0.000100 0.000100 0.000100 0.010600 0.005300 0.005300 0.005300 0.005300 0.000100 0.000100
BlueWildeb 0.000000 0.010600 0.005300 0.005300 0.000000 0.000000 0.000000 0.000100 0.005300 0.005300 0.000000 0.005300 0.000000 0.000000 0.000000 0.000000 0.005300 0.005300 0.000000 0.005300 0.000000 0.000000 0.005300 0.005300 0.000000 0.000000 0.000000 0.005300 0.000000 0.005300 0.005300 0.000000 0.005300 0.000000 0.000000 0.005300 0.000000 0.000000 0.000000 0.005300 0.005300 0.000000 0.005300 0.005300 0.005300 0.005300 0.000000 0.000000 0.000000 0.010600 0.005300 0.005300
Gemsbok 0.000000 0.010600 0.005300 0.005300 0.000000 0.000000 0.000000 0.000100 0.005300 0.005300 0.000000 0.005300 0.000000 0.000000 0.000000 0.000000 0.005300 0.005300 0.000000 0.005300 0.000000 0.000000 0.005300 0.005300 0.000000 0.000000 0.000000 0.005300 0.000000 0.005300 0.005300 0.000000 0.005300 0.000000 0.000000 0.005300 0.000000 0.000000 0.000000 0.005300 0.005300 0.000000 0.005300 0.005300 0.005300 0.005300 0.000000 0.000000 0.000000 0.010600 0.005300 0.005300
Yak 0.005300 0.005300 0.000000 0.000100 0.005300 0.005300 0.005300 0.005300 0.000100 0.000000 0.005300 0.000000 0.005300 0.005300 0.005300 0.005300 0.000100 0.000100 0.005300 0.000100 0.005300 0.005300 0.000000 0.000000 0.005300 0.005300 0.005300 0.000100 0.005300 0.000000 0.000100 0.005300 0.000100 0.005300 0.005300 0.000000 0.005300 0.005300 0.005300 0.000100 0.000000 0.005300 0.000000 0.000000 0.000000 0.010600 0.005300 0.005300 0.005300 0.005300 0.000000 0.000000
BlueSheep 0.000000 0.010600 0.005300 0.005300 0.000000 0.000000 0.000000 0.000100 0.005300 0.005300 0.000000 0.005300 0.000000 0.000000 0.000000 0.000000 0.005300 0.005300 0.000000 0.005300 0.000000 0.000000 0.005300 0.005300 0.000000 0.000000 0.000000 0.005300 0.000000 0.005300 0.005300 0.000000 0.005300 0.000000 0.000000 0.005300 0.000000 0.000000 0.000000 0.005300 0.005300 0.000000 0.005300 0.005300 0.005300 0.005300 0.000000 0.000000 0.000000 0.010600 0.005300 0.005300
BohorReedb 0.000000 0.010600 0.005300 0.005300 0.000000 0.000000 0.000100 0.000100 0.005300 0.005300 0.000000 0.005300 0.000000 0.000100 0.000100 0.000100 0.005300 0.005300 0.000000 0.005300 0.000000 0.000000 0.005300 0.005300 0.000000 0.000000 0.000000 0.005300 0.000100 0.005300 0.005300 0.000100 0.005300 0.000000 0.000000 0.005300 0.000000 0.000000 0.000100 0.005300 0.005300 0.000000 0.005300 0.005300 0.005300 0.005300 0.000000 0.000100 0.000000 0.010600 0.005300 0.005300
KirksDik 0.000000 0.010600 0.005300 0.005300 0.000000 0.000000 0.000000 0.000100 0.005300 0.005300 0.000000 0.005300 0.000000 0.000000 0.000100 0.000100 0.005300 0.005300 0.000000 0.005300 0.000000 0.000000 0.005300 0.005300 0.000000 0.000000 0.000000 0.005300 0.000100 0.005300 0.005300 0.000000 0.005300 0.000000 0.000000 0.005300 0.000000 0.000100 0.000000 0.005300 0.005300 0.000000 0.005300 0.005300 0.005300 0.005300 0.000000 0.000100 0.000000 0.010600 0.005300 0.005300
RoeDeer 0.005300 0.005300 0.000100 0.000100 0.005300 0.005300 0.005300 0.005300 0.000100 0.000000 0.005300 0.000100 0.005300 0.005300 0.005300 0.005300 0.000100 0.000100 0.005300 0.000100 0.005300 0.005300 0.000100 0.000100 0.005300 0.005300 0.005300 0.000100 0.005300 0.000100 0.000100 0.005300 0.000200 0.005300 0.005300 0.000100 0.005300 0.005300 0.005300 0.000000 0.000100 0.005300 0.000100 0.000100 0.000100 0.010700 0.005300 0.005300 0.005300 0.005300 0.000100 0.000100
WhiteLippe 0.005300 0.005300 0.000000 0.000100 0.005300 0.005300 0.005300 0.005300 0.000100 0.000000 0.005300 0.000000 0.005300 0.005300 0.005300 0.005300 0.000100 0.000100 0.005300 0.000100 0.005300 0.005300 0.000000 0.000000 0.005300 0.005300 0.005300 0.000000 0.005300 0.000000 0.000000 0.005300 0.000100 0.005300 0.005300 0.000000 0.005300 0.005300 0.005300 0.000100 0.000000 0.005300 0.000000 0.000000 0.000000 0.010600 0.005300 0.005300 0.005300 0.005300 0.000000 0.000000
ThomsonGaz 0.000000 0.010600 0.005300 0.005300 0.000000 0.000000 0.000100 0.000000 0.005300 0.005300 0.000000 0.005300 0.000000 0.000000 0.000100 0.000000 0.005300 0.005300 0.000000 0.005300 0.000000 0.000000 0.005300 0.005300 0.000000 0.000000 0.000000 0.005300 0.000000 0.005300 0.005300 0.000000 0.005300 0.000000 0.000000 0.005300 0.000000 0.000000 0.000000 0.005300 0.005300 0.000000 0.005300 0.005300 0.005300 0.005300 0.000000 0.000100 0.000000 0.010600 0.005300 0.005300
MuntiacusC 0.005300 0.005300 0.000000 0.000100 0.005300 0.005300 0.005300 0.005300 0.000100 0.000000 0.005300 0.000000 0.005300 0.005300 0.005300 0.005300 0.000100 0.000100 0.005300 0.000000 0.005300 0.005300 0.000000 0.000000 0.005300 0.005300 0.005300 0.000100 0.005300 0.000000 0.000000 0.005300 0.000100 0.005300 0.005300 0.000000 0.005300 0.005300 0.005300 0.000100 0.000000 0.005300 0.000000 0.000000 0.000000 0.010600 0.005300 0.005300 0.005300 0.005300 0.000000 0.000000
WhiteTaile 0.005300 0.005300 0.000000 0.000100 0.005300 0.005300 0.005300 0.005300 0.000000 0.000000 0.005300 0.000000 0.005300 0.005300 0.005300 0.005300 0.000100 0.000100 0.005300 0.000100 0.005300 0.005300 0.000000 0.000000 0.005300 0.005300 0.005300 0.000000 0.005300 0.000000 0.000000 0.005300 0.000100 0.005300 0.005300 0.000000 0.005300 0.005300 0.005300 0.000100 0.000000 0.005300 0.000000 0.000000 0.000000 0.010600 0.005300 0.005300 0.005300 0.005300 0.000000 0.000000
Cattle 0.005300 0.005300 0.000000 0.000100 0.005300 0.005300 0.005300 0.005300 0.000100 0.000000 0.005300 0.000000 0.005300 0.005300 0.005300 0.005300 0.000100 0.000100 0.005300 0.000100 0.005300 0.005300 0.000000 0.000000 0.005300 0.005300 0.005300 0.000100 0.005300 0.000000 0.000100 0.005300 0.000100 0.005300 0.005300 0.000000 0.005300 0.005300 0.005300 0.000100 0.000000 0.005300 0.000000 0.000000 0.000000 0.010600 0.005300 0.005300 0.005300 0.005300 0.000000 0.000000
RoyalAntel 0.005300 0.015900 0.010700 0.010700 0.005300 0.005300 0.005600 0.005300 0.010700 0.010600 0.005300 0.010700 0.005300 0.005700 0.005300 0.005300 0.010700 0.010700 0.005300 0.010700 0.005300 0.005300 0.010600 0.010600 0.005300 0.005300 0.005300 0.010700 0.005300 0.010700 0.010600 0.005700 0.010600 0.005300 0.005300 0.010600 0.005300 0.005300 0.005300 0.010700 0.010600 0.005300 0.010600 0.010600 0.010600 0.000000 0.005300 0.005300 0.005300 0.015900 0.010700 0.010700
Steenbok 0.000000 0.010600 0.005300 0.005300 0.000000 0.000000 0.000000 0.000100 0.005300 0.005300 0.000000 0.005300 0.000000 0.000000 0.000000 0.000000 0.005300 0.005300 0.000000 0.005300 0.000000 0.000000 0.005300 0.005300 0.000000 0.000000 0.000000 0.005300 0.000000 0.005300 0.005300 0.000000 0.005300 0.000000 0.000000 0.005300 0.000000 0.000000 0.000000 0.005300 0.005300 0.000000 0.005300 0.005300 0.005300 0.005300 0.000000 0.000000 0.000000 0.010600 0.005300 0.005300
Impala 0.000000 0.010700 0.005300 0.005300 0.000100 0.000100 0.000100 0.000100 0.005300 0.005300 0.000000 0.005300 0.000000 0.000100 0.000100 0.000100 0.005300 0.005300 0.000000 0.005300 0.000100 0.000000 0.005300 0.005300 0.000000 0.000100 0.000000 0.005300 0.000100 0.005300 0.005300 0.000100 0.005300 0.000000 0.000000 0.005300 0.000000 0.000100 0.000100 0.005300 0.005300 0.000100 0.005300 0.005300 0.005300 0.005300 0.000000 0.000000 0.000100 0.010600 0.005300 0.005300
Klipspring 0.000000 0.010600 0.005300 0.005300 0.000000 0.000000 0.000100 0.000100 0.005300 0.005300 0.000000 0.005300 0.000000 0.000000 0.000100 0.000100 0.005300 0.005300 0.000000 0.005300 0.000000 0.000000 0.005300 0.005300 0.000000 0.000000 0.000000 0.005300 0.000100 0.005300 0.005300 0.000000 0.005300 0.000000 0.000000 0.005300 0.000000 0.000000 0.000000 0.005300 0.005300 0.000000 0.005300 0.005300 0.005300 0.005300 0.000000 0.000100 0.000000 0.010600 0.005300 0.005300
ForestMusk 0.010600 0.010500 0.005300 0.005300 0.010600 0.010600 0.010600 0.010600 0.005300 0.005300 0.010600 0.005300 0.010600 0.010600 0.010600 0.010700 0.005300 0.005300 0.010600 0.005300 0.010600 0.010600 0.005300 0.005300 0.010600 0.010600 0.010600 0.005300 0.010600 0.005300 0.005300 0.010600 0.005300 0.010600 0.010600 0.005300 0.010600 0.010600 0.010600 0.005300 0.005300 0.010600 0.005300 0.005300 0.005300 0.015900 0.010600 0.010600 0.010600 0.000000 0.005300 0.005300
Bushbuck 0.005300 0.005300 0.000000 0.000100 0.005300 0.005300 0.005300 0.005300 0.000000 0.000000 0.005300 0.000000 0.005300 0.005300 0.005300 0.005300 0.000100 0.000100 0.005300 0.000000 0.005300 0.005300 0.000000 0.000000 0.005300 0.005300 0.005300 0.000000 0.005300 0.000000 0.000000 0.005300 0.000100 0.005300 0.005300 0.000000 0.005300 0.005300 0.005300 0.000100 0.000000 0.005300 0.000000 0.000000 0.000000 0.010700 0.005300 0.005300 0.005300 0.005300 0.000000 0.000000
GreaterKud 0.005300 0.005300 0.000000 0.000100 0.005300 0.005300 0.005300 0.005300 0.000000 0.000000 0.005300 0.000000 0.005300 0.005300 0.005300 0.005300 0.000100 0.000100 0.005300 0.000000 0.005300 0.005300 0.000000 0.000000 0.005300 0.005300 0.005300 0.000000 0.005300 0.000000 0.000100 0.005300 0.000100 0.005300 0.005300 0.000000 0.005300 0.005300 0.005300 0.000100 0.000000 0.005300 0.000000 0.000000 0.000000 0.010700 0.005300 0.005300 0.005300 0.005300 0.000000 0.000000
