1
52 1
Argali 0.000000 0.129200 0.063500 0.127300 0.041300 0.009600 0.020400 0.030800 0.052400 0.106400 0.010100 0.063000 0.030900 0.030900 0.063000 0.030600 0.085000 0.074400 0.020400 0.062800 0.020400 0.010100 0.118800 0.107700 0.030500 0.020400 0.052000 0.062800 0.030900 0.062800 0.118000 0.030500 0.062800 0.030900 0.062400 0.041800 0.041000 0.030800 0.061900 0.095500 0.118500 0.020400 0.106100 0.117400 0.041800 0.064100 0.056200 0.040700 0.041100 0.063700 0.062700 0.063100
LesserMous 0.129200 0.000000 0.119400 0.137700 0.118300 0.140300 0.118200 0.129100 0.107400 0.094700 0.117300 0.130400 0.130200 0.129900 0.142000 0.128800 0.095700 0.063000 0.117900 0.118100 0.117900 0.117300 0.106800 0.095800 0.140000 0.117900 0.153400 0.118100 0.129900 0.118100 0.106000 0.128400 0.095300 0.130200 0.141000 0.119200 0.129000 0.107000 0.163000 0.084000 0.118400 0.117900 0.094700 0.105500 0.119200 0.144700 0.161500 0.139000 0.094900 0.120100 0.141200 0.118600
LesserKudu 0.063500 0.119400 0.000000 0.129500 0.063900 0.074300 0.042200 0.074800 0.031600 0.085600 0.052500 0.064100 0.053200 0.053100 0.064200 0.052600 0.086600 0.053400 0.042000 0.042100 0.042000 0.052500 0.097800 0.086600 0.074200 0.042000 0.075100 0.042100 0.053000 0.042100 0.097000 0.052500 0.063900 0.053200 0.085900 0.042500 0.085700 0.053000 0.085100 0.074700 0.097500 0.042000 0.085600 0.096600 0.042500 0.088200 0.073600 0.062900 0.041900 0.064800 0.063900 0.042300
KillerWhal 0.127300 0.137700 0.129500 0.000000 0.105500 0.138200 0.105400 0.116500 0.117300 0.126800 0.115600 0.128400 0.117000 0.116800 0.152000 0.115900 0.105400 0.094900 0.105200 0.128000 0.105200 0.115600 0.139300 0.128300 0.115500 0.105200 0.139600 0.128000 0.116800 0.128000 0.138500 0.115600 0.061700 0.117000 0.150500 0.106300 0.127400 0.094500 0.149300 0.115900 0.151300 0.105200 0.126800 0.137700 0.106300 0.108000 0.148100 0.103900 0.104800 0.107000 0.105400 0.128600
DefassaWat 0.041300 0.118300 0.063900 0.105500 0.000000 0.051800 0.020600 0.052100 0.052700 0.084700 0.030700 0.063400 0.031100 0.031000 0.063400 0.030800 0.063500 0.052900 0.020500 0.063100 0.020500 0.030700 0.096700 0.085700 0.051700 0.020500 0.052300 0.063100 0.031000 0.063100 0.096100 0.030700 0.041700 0.031100 0.062800 0.042000 0.062700 0.010200 0.062200 0.051800 0.096500 0.020500 0.084700 0.095600 0.042000 0.042500 0.061700 0.040900 0.041300 0.042300 0.063100 0.063400
Sheep 0.009600 0.140300 0.074300 0.138200 0.051800 0.000000 0.030700 0.041100 0.063000 0.117400 0.020000 0.073700 0.041300 0.041300 0.073700 0.040900 0.095900 0.085200 0.030700 0.073400 0.029400 0.020200 0.130000 0.118800 0.040700 0.030700 0.062600 0.073400 0.041200 0.073400 0.129100 0.040800 0.073500 0.041300 0.073000 0.052300 0.051400 0.041200 0.072400 0.106400 0.129600 0.030700 0.117400 0.128400 0.052300 0.074900 0.071800 0.051000 0.051500 0.074500 0.073400 0.073700
MaxwellsDu 0.020400 0.118200 0.042200 0.105400 0.020600 0.030700 0.000000 0.030900 0.031300 0.084700 0.010100 0.041800 0.010300 0.010200 0.041700 0.010200 0.063400 0.052900 0.000000 0.041700 0.000000 0.010100 0.096700 0.085700 0.030700 0.000000 0.031100 0.041700 0.010200 0.041700 0.096000 0.010100 0.041700 0.010300 0.041300 0.020800 0.041400 0.010200 0.041100 0.073900 0.096500 0.000000 0.084700 0.095600 0.020800 0.042500 0.040700 0.020200 0.020500 0.042100 0.041600 0.041700
GazellaPrz 0.030800 0.129100 0.074800 0.116500 0.052100 0.041100 0.030900 0.000000 0.063400 0.118100 0.041100 0.063300 0.041600 0.041500 0.074200 0.041200 0.096500 0.085800 0.030800 0.073900 0.030800 0.041100 0.130800 0.119600 0.041000 0.030800 0.062900 0.073900 0.041500 0.073900 0.129900 0.041100 0.073900 0.041600 0.073400 0.052700 0.030800 0.041500 0.072800 0.107100 0.130400 0.030800 0.118100 0.129200 0.052700 0.053400 0.072300 0.051200 0.051900 0.075000 0.052200 0.074200
MountainNy 0.052400 0.107400 0.031600 0.117300 0.052700 0.063000 0.031300 0.063400 0.000000 0.074100 0.041500 0.052900 0.042100 0.042000 0.053000 0.041600 0.074900 0.042300 0.031200 0.010300 0.031200 0.041500 0.086000 0.075000 0.062900 0.031200 0.063700 0.010300 0.042000 0.010300 0.085300 0.041500 0.052700 0.042100 0.074300 0.030300 0.074200 0.042000 0.073700 0.063300 0.085700 0.031200 0.074100 0.063000 0.031500 0.076300 0.073000 0.051800 0.031100 0.053500 0.031300 0.010400
MuntiacusM 0.106400 0.094700 0.085600 0.126800 0.084700 0.117400 0.084700 0.118100 0.074100 0.000000 0.094900 0.107400 0.096100 0.096000 0.107600 0.095200 0.084700 0.052300 0.084400 0.084600 0.075300 0.094900 0.030600 0.041600 0.117100 0.084400 0.118600 0.084600 0.095900 0.084600 0.010000 0.094900 0.062600 0.096100 0.106800 0.085400 0.129200 0.073800 0.128400 0.030700 0.041100 0.084400 0.000000 0.051500 0.085400 0.109600 0.105000 0.105300 0.084100 0.074700 0.107000 0.085000
goat 0.010100 0.117300 0.052500 0.115600 0.030700 0.020000 0.010100 0.041100 0.041500 0.094900 0.000000 0.052000 0.020400 0.020400 0.052100 0.020300 0.073700 0.063200 0.009600 0.051900 0.010100 0.000000 0.106700 0.096000 0.020100 0.010100 0.041200 0.051900 0.020400 0.051900 0.106300 0.020200 0.051900 0.020400 0.051600 0.031000 0.030500 0.020400 0.051200 0.084200 0.106700 0.009600 0.094900 0.105800 0.031000 0.052900 0.050700 0.030200 0.030600 0.052600 0.051800 0.052100
AfricanBuf 0.063000 0.130400 0.064100 0.128400 0.063400 0.073700 0.041800 0.063300 0.052900 0.107400 0.052000 0.000000 0.052700 0.052600 0.086000 0.052200 0.085800 0.075100 0.041700 0.063400 0.041700 0.052000 0.120000 0.085900 0.073500 0.041700 0.074500 0.056400 0.052600 0.063400 0.119000 0.052000 0.063400 0.052700 0.085200 0.020800 0.074100 0.052600 0.084400 0.096500 0.119700 0.041700 0.107400 0.118500 0.020800 0.087400 0.083700 0.062300 0.063100 0.064300 0.063300 0.063700
Topi 0.030900 0.130200 0.053200 0.117000 0.031100 0.041300 0.010300 0.041600 0.042100 0.096100 0.020400 0.052700 0.000000 0.020700 0.052800 0.020500 0.074700 0.064000 0.010200 0.052600 0.009700 0.020400 0.108500 0.097400 0.041300 0.009700 0.020700 0.052600 0.020700 0.052600 0.107700 0.020400 0.052600 0.000000 0.052300 0.031500 0.052100 0.020700 0.051800 0.085300 0.108200 0.010200 0.096100 0.107200 0.031500 0.053600 0.051300 0.030600 0.031000 0.053300 0.052500 0.052800
CommonDuik 0.030900 0.129900 0.053100 0.116800 0.031000 0.041300 0.010200 0.041500 0.042000 0.096000 0.020400 0.052600 0.020700 0.000000 0.052600 0.020500 0.074600 0.063900 0.009800 0.052500 0.010200 0.020400 0.108300 0.097200 0.041200 0.010200 0.041700 0.052500 0.020600 0.052500 0.107500 0.020400 0.052500 0.020700 0.052100 0.031400 0.052100 0.020600 0.051700 0.085100 0.108000 0.010200 0.096000 0.106900 0.031400 0.053500 0.051300 0.030600 0.030900 0.053200 0.052400 0.052700
Suni 0.063000 0.142000 0.064200 0.152000 0.063400 0.073700 0.041700 0.074200 0.053000 0.107600 0.052100 0.086000 0.052800 0.052600 0.000000 0.052300 0.108900 0.075200 0.041700 0.063500 0.041700 0.052100 0.120300 0.108900 0.073600 0.041700 0.063400 0.063500 0.052500 0.063500 0.119300 0.052100 0.085800 0.052800 0.085000 0.064100 0.085000 0.052600 0.084500 0.096600 0.119900 0.041700 0.107600 0.118800 0.064100 0.087300 0.083700 0.062200 0.041500 0.086600 0.085600 0.063500
Springbuck 0.030600 0.128800 0.052600 0.115900 0.030800 0.040900 0.010200 0.041200 0.041600 0.095200 0.020300 0.052200 0.020500 0.020500 0.052300 0.000000 0.073900 0.063400 0.010100 0.052000 0.010100 0.020300 0.107400 0.096300 0.040900 0.010100 0.041400 0.052000 0.020500 0.052000 0.106600 0.020200 0.052000 0.020500 0.051800 0.031100 0.051600 0.020400 0.051300 0.084400 0.107100 0.009600 0.095200 0.106100 0.031100 0.053000 0.050800 0.030300 0.030700 0.052700 0.052000 0.052200
Okapi 0.085000 0.095700 0.086600 0.105400 0.063500 0.095900 0.063400 0.096500 0.074900 0.084700 0.073700 0.085800 0.074700 0.074600 0.108900 0.073900 0.000000 0.031400 0.063300 0.085600 0.063300 0.073700 0.096900 0.085800 0.095700 0.063300 0.097000 0.085600 0.074500 0.085600 0.096100 0.073700 0.041700 0.074700 0.107800 0.064000 0.107500 0.052700 0.106800 0.074000 0.108500 0.063300 0.084700 0.095600 0.064000 0.087600 0.105800 0.084100 0.085100 0.064400 0.085500 0.086000
Giraffe 0.074400 0.063000 0.053400 0.094900 0.052900 0.085200 0.052900 0.085800 0.042300 0.052300 0.063200 0.075100 0.064000 0.063900 0.075200 0.063400 0.031400 0.000000 0.052700 0.052800 0.052700 0.063200 0.063800 0.053000 0.085000 0.052700 0.086200 0.052800 0.063900 0.052800 0.063300 0.063100 0.031300 0.064000 0.097000 0.053300 0.096800 0.042100 0.096100 0.041700 0.074900 0.052700 0.052300 0.062900 0.053300 0.076700 0.095200 0.073600 0.052500 0.053700 0.074800 0.053000
TibetanAnt 0.020400 0.117900 0.042000 0.105200 0.020500 0.030700 0.000000 0.030800 0.031200 0.084400 0.009600 0.041700 0.010200 0.009800 0.041700 0.010100 0.063300 0.052700 0.000000 0.041600 0.000000 0.010100 0.096500 0.085500 0.030600 0.000000 0.031000 0.041600 0.010200 0.041600 0.095700 0.009700 0.041600 0.009700 0.041300 0.020700 0.041200 0.010200 0.041000 0.073700 0.096200 0.000000 0.084400 0.095300 0.020700 0.042400 0.040600 0.020200 0.020400 0.042100 0.041500 0.041700
Sitatunga 0.062800 0.118100 0.042100 0.128000 0.063100 0.073400 0.041700 0.073900 0.010300 0.084600 0.051900 0.063400 0.052600 0.052500 0.063500 0.052000 0.085600 0.052800 0.041600 0.000000 0.041600 0.051900 0.096700 0.085600 0.073300 0.041600 0.074200 0.000000 0.052400 0.000000 0.095900 0.051800 0.063200 0.052600 0.084900 0.042000 0.084700 0.052400 0.084100 0.073900 0.096400 0.041600 0.084600 0.073400 0.042000 0.087200 0.083400 0.062100 0.041400 0.064100 0.020600 0.000000
Oribi 0.020400 0.117900 0.042000 0.105200 0.020500 0.029400 0.000000 0.030800 0.031200 0.075300 0.010100 0.041700 0.009700 0.010200 0.041700 0.010100 0.063300 0.052700 0.000000 0.041600 0.000000 0.010100 0.096500 0.085500 0.030600 0.000000 0.031000 0.041600 0.010200 0.041600 0.095700 0.010100 0.041600 0.010200 0.041300 0.020700 0.041200 0.009700 0.041000 0.073700 0.096200 0.000000 0.084400 0.095300 0.020700 0.042400 0.040600 0.020200 0.020400 0.042100 0.041500 0.041700
BarbaryShe 0.010100 0.117300 0.052500 0.115600 0.030700 0.020200 0.010100 0.041100 0.041500 0.094900 0.000000 0.052000 0.020400 0.020400 0.052100 0.020300 0.073700 0.063200 0.010100 0.051900 0.010100 0.000000 0.107000 0.096000 0.018500 0.010100 0.041200 0.051900 0.020400 0.051900 0.106300 0.020200 0.051900 0.020400 0.051600 0.031000 0.030500 0.020400 0.051200 0.084200 0.106700 0.010100 0.094900 0.105800 0.031000 0.052900 0.050700 0.030200 0.030600 0.052600 0.051800 0.052100
Daviddeer 0.118800 0.106800 0.097800 0.139300 0.096700 0.130000 0.096700 0.130800 0.086000 0.030600 0.106700 0.120000 0.108500 0.108300 0.120300 0.107400 0.096900 0.063800 0.096500 0.096700 0.096500 0.107000 0.000000 0.052700 0.129700 0.096500 0.131500 0.096700 0.108300 0.096700 0.041100 0.107000 0.074200 0.108500 0.119400 0.097600 0.142100 0.085600 0.141200 0.041600 0.010200 0.096500 0.030600 0.062700 0.097600 0.122400 0.117100 0.117600 0.096100 0.086700 0.119600 0.097100
Reindeer 0.107700 0.095800 0.086600 0.128300 0.085700 0.118800 0.085700 0.119600 0.075000 0.041600 0.096000 0.085900 0.097400 0.097200 0.108900 0.096300 0.085800 0.053000 0.085500 0.085600 0.085500 0.096000 0.052700 0.000000 0.118500 0.085500 0.120100 0.085600 0.097100 0.085600 0.052300 0.096000 0.063400 0.097400 0.108100 0.064100 0.130800 0.074700 0.130000 0.031100 0.063800 0.085500 0.041600 0.030800 0.064100 0.111000 0.106200 0.106600 0.085100 0.075800 0.108300 0.086000
Ibex 0.030500 0.140000 0.074200 0.115500 0.051700 0.040700 0.030700 0.041000 0.062900 0.117100 0.020100 0.073500 0.041300 0.041200 0.073600 0.040900 0.095700 0.085000 0.030600 0.073300 0.030600 0.018500 0.129700 0.118500 0.000000 0.030600 0.062400 0.073300 0.041200 0.073300 0.128800 0.040700 0.065700 0.041300 0.072900 0.052200 0.030500 0.041100 0.072300 0.106200 0.129300 0.030600 0.117100 0.128100 0.052200 0.052800 0.071700 0.050900 0.051400 0.074300 0.051800 0.073600
GyrantGaze 0.020400 0.117900 0.042000 0.105200 0.020500 0.030700 0.000000 0.030800 0.031200 0.084400 0.010100 0.041700 0.009700 0.010200 0.041700 0.010100 0.063300 0.052700 0.000000 0.041600 0.000000 0.010100 0.096500 0.085500 0.030600 0.000000 0.031000 0.041600 0.010200 0.041600 0.095700 0.010100 0.041600 0.010200 0.041300 0.020700 0.041200 0.010200 0.041000 0.073700 0.096200 0.000000 0.084400 0.095300 0.020700 0.042400 0.040600 0.020200 0.020400 0.042100 0.041500 0.041700
Hartebeest 0.052000 0.153400 0.075100 0.139600 0.052300 0.062600 0.031100 0.062900 0.063700 0.118600 0.041200 0.074500 0.020700 0.041700 0.063400 0.041400 0.097000 0.086200 0.031000 0.074200 0.031000 0.041200 0.131500 0.120100 0.062400 0.031000 0.000000 0.074200 0.041700 0.074200 0.130400 0.041200 0.074300 0.020700 0.073800 0.052900 0.073600 0.041700 0.073200 0.107600 0.131100 0.031000 0.118600 0.129800 0.052900 0.075700 0.072500 0.051500 0.052000 0.075300 0.074200 0.074600
Bongo 0.062800 0.118100 0.042100 0.128000 0.063100 0.073400 0.041700 0.073900 0.010300 0.084600 0.051900 0.056400 0.052600 0.052500 0.063500 0.052000 0.085600 0.052800 0.041600 0.000000 0.041600 0.051900 0.096700 0.085600 0.073300 0.041600 0.074200 0.000000 0.052400 0.000000 0.095900 0.051800 0.063200 0.052600 0.084900 0.042000 0.084700 0.052400 0.084100 0.073900 0.096400 0.041600 0.084600 0.073400 0.042000 0.087200 0.083400 0.062100 0.041400 0.064100 0.020600 0.000000
Gerenuk 0.030900 0.129900 0.053000 0.116800 0.031000 0.041200 0.010200 0.041500 0.042000 0.095900 0.020400 0.052600 0.020700 0.020600 0.052500 0.020500 0.074500 0.063900 0.010200 0.052400 0.010200 0.020400 0.108300 0.097100 0.041200 0.010200 0.041700 0.052400 0.000000 0.052400 0.107500 0.020400 0.052400 0.020700 0.052000 0.031400 0.052000 0.020600 0.051700 0.085100 0.108000 0.010200 0.095900 0.107000 0.031400 0.053500 0.051200 0.030400 0.030900 0.053000 0.052400 0.052500
CommonElan 0.062800 0.118100 0.042100 0.128000 0.063100 0.073400 0.041700 0.073900 0.010300 0.084600 0.051900 0.063400 0.052600 0.052500 0.063500 0.052000 0.085600 0.052800 0.041600 0.000000 0.041600 0.051900 0.096700 0.085600 0.073300 0.041600 0.074200 0.000000 0.052400 0.000000 0.095900 0.051800 0.063200 0.052600 0.084900 0.042000 0.084700 0.052400 0.084100 0.073900 0.096400 0.041600 0.084600 0.073400 0.042000 0.087200 0.083400 0.062100 0.041400 0.064100 0.020600 0.000000
MuntiacusR 0.118000 0.106000 0.097000 0.138500 0.096100 0.129100 0.096000 0.129900 0.085300 0.010000 0.106300 0.119000 0.107700 0.107500 0.119300 0.106600 0.096100 0.063300 0.095700 0.095900 0.095700 0.106300 0.041100 0.052300 0.128800 0.095700 0.130400 0.095900 0.107500 0.095900 0.000000 0.106200 0.073600 0.107700 0.118400 0.096800 0.141100 0.085000 0.140200 0.041300 0.051800 0.095700 0.009600 0.062300 0.096800 0.121600 0.116400 0.116700 0.095400 0.086000 0.118600 0.096400
HarveysDui 0.030500 0.128400 0.052500 0.115600 0.030700 0.040800 0.010100 0.041100 0.041500 0.094900 0.020200 0.052000 0.020400 0.020400 0.052100 0.020200 0.073700 0.063100 0.009700 0.051800 0.010100 0.020200 0.107000 0.096000 0.040700 0.010100 0.041200 0.051800 0.020400 0.051800 0.106200 0.000000 0.051900 0.020400 0.051600 0.031000 0.051500 0.020400 0.051100 0.084100 0.106700 0.010100 0.094900 0.105700 0.031000 0.052900 0.050700 0.030200 0.030600 0.052600 0.051800 0.052100
Pronghorn 0.062800 0.095300 0.063900 0.061700 0.041700 0.073500 0.041700 0.073900 0.052700 0.062600 0.051900 0.063400 0.052600 0.052500 0.085800 0.052000 0.041700 0.031300 0.041600 0.063200 0.041600 0.051900 0.074200 0.063400 0.065700 0.041600 0.074300 0.063200 0.052400 0.063200 0.073600 0.051900 0.000000 0.052600 0.084900 0.042000 0.084700 0.031100 0.084200 0.052100 0.085400 0.041600 0.062600 0.073300 0.042000 0.064700 0.083400 0.062200 0.062900 0.042300 0.063100 0.063500
BlueWildeb 0.030900 0.130200 0.053200 0.117000 0.031100 0.041300 0.010300 0.041600 0.042100 0.096100 0.020400 0.052700 0.000000 0.020700 0.052800 0.020500 0.074700 0.064000 0.009700 0.052600 0.010200 0.020400 0.108500 0.097400 0.041300 0.010200 0.020700 0.052600 0.020700 0.052600 0.107700 0.020400 0.052600 0.000000 0.052300 0.031500 0.052100 0.020700 0.051800 0.085300 0.108200 0.010200 0.096100 0.107200 0.031500 0.053600 0.046900 0.030600 0.031000 0.053300 0.052500 0.052800
Gemsbok 0.062400 0.141000 0.085900 0.150500 0.062800 0.073000 0.041300 0.073400 0.074300 0.106800 0.051600 0.085200 0.052300 0.052100 0.085000 0.051800 0.107800 0.097000 0.041300 0.084900 0.041300 0.051600 0.119400 0.108100 0.072900 0.041300 0.073800 0.084900 0.052000 0.084900 0.118400 0.051600 0.084900 0.052300 0.000000 0.063500 0.084200 0.052100 0.083700 0.095900 0.119100 0.041300 0.106800 0.117900 0.063500 0.086400 0.082900 0.061600 0.062500 0.085800 0.084800 0.084900
Yak 0.041800 0.119200 0.042500 0.106300 0.042000 0.052300 0.020800 0.052700 0.030300 0.085400 0.031000 0.020800 0.031500 0.031400 0.064100 0.031100 0.064000 0.053300 0.020700 0.042000 0.020700 0.031000 0.097600 0.064100 0.052200 0.020700 0.052900 0.042000 0.031400 0.042000 0.096800 0.031000 0.042000 0.031500 0.063500 0.000000 0.063400 0.031400 0.062900 0.074600 0.097300 0.020700 0.085400 0.096400 0.000000 0.065200 0.062400 0.041300 0.041800 0.042600 0.042000 0.042200
BlueSheep 0.041000 0.129000 0.085700 0.127400 0.062700 0.051400 0.041400 0.030800 0.074200 0.129200 0.030500 0.074100 0.052100 0.052100 0.085000 0.051600 0.107500 0.096800 0.041200 0.084700 0.041200 0.030500 0.142100 0.130800 0.030500 0.041200 0.073600 0.084700 0.052000 0.084700 0.141100 0.051500 0.084700 0.052100 0.084200 0.063400 0.000000 0.052000 0.083500 0.118200 0.141700 0.041200 0.129200 0.140400 0.063400 0.064200 0.082800 0.061700 0.062400 0.085900 0.062800 0.085100
BohorReedb 0.030800 0.107000 0.053000 0.094500 0.010200 0.041200 0.010200 0.041500 0.042000 0.073800 0.020400 0.052600 0.020700 0.020600 0.052600 0.020400 0.052700 0.042100 0.010200 0.052400 0.009700 0.020400 0.085600 0.074700 0.041100 0.010200 0.041700 0.052400 0.020600 0.052400 0.085000 0.020400 0.031100 0.020700 0.052100 0.031400 0.052000 0.000000 0.051600 0.063100 0.085400 0.010200 0.073800 0.084600 0.031400 0.031800 0.051200 0.030500 0.030900 0.031600 0.052300 0.052600
KirksDik 0.061900 0.163000 0.085100 0.149300 0.062200 0.072400 0.041100 0.072800 0.073700 0.128400 0.051200 0.084400 0.051800 0.051700 0.084500 0.051300 0.106800 0.096100 0.041000 0.084100 0.041000 0.051200 0.141200 0.130000 0.072300 0.041000 0.073200 0.084100 0.051700 0.084100 0.140200 0.051100 0.084200 0.051800 0.083700 0.062900 0.083500 0.051600 0.000000 0.117400 0.140800 0.041000 0.128400 0.139500 0.062600 0.085800 0.082300 0.061300 0.062000 0.085300 0.084000 0.084500
RoeDeer 0.095500 0.084000 0.074700 0.115900 0.051800 0.106400 0.073900 0.107100 0.063300 0.030700 0.084200 0.096500 0.085300 0.085100 0.096600 0.084400 0.074000 0.041700 0.073700 0.073900 0.073700 0.084200 0.041600 0.031100 0.106200 0.073700 0.107600 0.073900 0.085100 0.073900 0.041300 0.084100 0.052100 0.085300 0.095900 0.074600 0.118200 0.063100 0.117400 0.000000 0.052400 0.073700 0.030700 0.041100 0.074600 0.098400 0.094200 0.094600 0.073400 0.075100 0.096100 0.074200
WhiteLippe 0.118500 0.118400 0.097500 0.151300 0.096500 0.129600 0.096500 0.130400 0.085700 0.041100 0.106700 0.119700 0.108200 0.108000 0.119900 0.107100 0.108500 0.074900 0.096200 0.096400 0.096200 0.106700 0.010200 0.063800 0.129300 0.096200 0.131100 0.096400 0.108000 0.096400 0.051800 0.106700 0.085400 0.108200 0.119100 0.097300 0.141700 0.085400 0.140800 0.052400 0.000000 0.096200 0.041100 0.073700 0.097300 0.122000 0.116800 0.117300 0.095800 0.086500 0.119200 0.096800
ThomsonGaz 0.020400 0.117900 0.042000 0.105200 0.020500 0.030700 0.000000 0.030800 0.031200 0.084400 0.009600 0.041700 0.010200 0.010200 0.041700 0.009600 0.063300 0.052700 0.000000 0.041600 0.000000 0.010100 0.096500 0.085500 0.030600 0.000000 0.031000 0.041600 0.010200 0.041600 0.095700 0.010100 0.041600 0.010200 0.041300 0.020700 0.041200 0.010200 0.041000 0.073700 0.096200 0.000000 0.075100 0.095300 0.020700 0.042400 0.040600 0.020200 0.020400 0.042100 0.041500 0.041700
MuntiacusC 0.106100 0.094700 0.085600 0.126800 0.084700 0.117400 0.084700 0.118100 0.074100 0.000000 0.094900 0.107400 0.096100 0.096000 0.107600 0.095200 0.084700 0.052300 0.084400 0.084600 0.084400 0.094900 0.030600 0.041600 0.117100 0.084400 0.118600 0.084600 0.095900 0.084600 0.009600 0.094900 0.062600 0.096100 0.106800 0.085400 0.129200 0.073800 0.128400 0.030700 0.041100 0.075100 0.000000 0.051500 0.085400 0.109600 0.105000 0.105300 0.084100 0.074700 0.107000 0.085000
WhiteTaile 0.117400 0.105500 0.096600 0.137700 0.095600 0.128400 0.095600 0.129200 0.063000 0.051500 0.105800 0.118500 0.107200 0.106900 0.118800 0.106100 0.095600 0.062900 0.095300 0.073400 0.095300 0.105800 0.062700 0.030800 0.128100 0.095300 0.129800 0.073400 0.107000 0.073400 0.062300 0.105700 0.073300 0.107200 0.117900 0.096400 0.140400 0.084600 0.139500 0.041100 0.073700 0.095300 0.051500 0.000000 0.096400 0.120900 0.093800 0.116200 0.094900 0.085800 0.095500 0.073800
Cattle 0.041800 0.119200 0.042500 0.106300 0.042000 0.052300 0.020800 0.052700 0.031500 0.085400 0.031000 0.020800 0.031500 0.031400 0.064100 0.031100 0.064000 0.053300 0.020700 0.042000 0.020700 0.031000 0.097600 0.064100 0.052200 0.020700 0.052900 0.042000 0.031400 0.042000 0.096800 0.031000 0.042000 0.031500 0.063500 0.000000 0.063400 0.031400 0.062600 0.074600 0.097300 0.020700 0.085400 0.096400 0.000000 0.065200 0.062400 0.041300 0.041800 0.042600 0.042000 0.042200
RoyalAntel 0.064100 0.144700 0.088200 0.108000 0.042500 0.074900 0.042500 0.053400 0.076300 0.109600 0.052900 0.087400 0.053600 0.053500 0.087300 0.053000 0.087600 0.076700 0.042400 0.087200 0.042400 0.052900 0.122400 0.111000 0.052800 0.042400 0.075700 0.087200 0.053500 0.087200 0.121600 0.052900 0.064700 0.053600 0.086400 0.065200 0.064200 0.031800 0.085800 0.098400 0.122000 0.042400 0.109600 0.120900 0.065200 0.000000 0.073800 0.063300 0.064100 0.065600 0.064600 0.087500
Steenbok 0.056200 0.161500 0.073600 0.148100 0.061700 0.071800 0.040700 0.072300 0.073000 0.105000 0.050700 0.083700 0.051300 0.051300 0.083700 0.050800 0.105800 0.095200 0.040600 0.083400 0.040600 0.050700 0.117100 0.106200 0.071700 0.040600 0.072500 0.083400 0.051200 0.083400 0.116400 0.050700 0.083400 0.046900 0.082900 0.062400 0.082800 0.051200 0.082300 0.094200 0.116800 0.040600 0.105000 0.093800 0.062400 0.073800 0.000000 0.060800 0.061500 0.084600 0.083300 0.083700
Impala 0.040700 0.139000 0.062900 0.103900 0.040900 0.051000 0.020200 0.051200 0.051800 0.105300 0.030200 0.062300 0.030600 0.030600 0.062200 0.030300 0.084100 0.073600 0.020200 0.062100 0.020200 0.030200 0.117600 0.106600 0.050900 0.020200 0.051500 0.062100 0.030400 0.062100 0.116700 0.030200 0.062200 0.030600 0.061600 0.041300 0.061700 0.030500 0.061300 0.094600 0.117300 0.020200 0.105300 0.116200 0.041300 0.063300 0.060800 0.000000 0.040700 0.062800 0.062100 0.062200
Klipspring 0.041100 0.094900 0.041900 0.104800 0.041300 0.051500 0.020500 0.051900 0.031100 0.084100 0.030600 0.063100 0.031000 0.030900 0.041500 0.030700 0.085100 0.052500 0.020400 0.041400 0.020400 0.030600 0.096100 0.085100 0.051400 0.020400 0.052000 0.041400 0.030900 0.041400 0.095400 0.030600 0.062900 0.031000 0.062500 0.041800 0.062400 0.030900 0.062000 0.073400 0.095800 0.020400 0.084100 0.094900 0.041800 0.064100 0.061500 0.040700 0.000000 0.063700 0.062800 0.041600
ForestMusk 0.063700 0.120100 0.064800 0.107000 0.042300 0.074500 0.042100 0.075000 0.053500 0.074700 0.052600 0.064300 0.053300 0.053200 0.086600 0.052700 0.064400 0.053700 0.042100 0.064100 0.042100 0.052600 0.086700 0.075800 0.074300 0.042100 0.075300 0.064100 0.053000 0.064100 0.086000 0.052600 0.042300 0.053300 0.085800 0.042600 0.085900 0.031600 0.085300 0.075100 0.086500 0.042100 0.074700 0.085800 0.042600 0.065600 0.084600 0.062800 0.063700 0.000000 0.064000 0.064100
Bushbuck 0.062700 0.141200 0.063900 0.105400 0.063100 0.073400 0.041600 0.052200 0.031300 0.107000 0.051800 0.063300 0.052500 0.052400 0.085600 0.052000 0.085500 0.074800 0.041500 0.020600 0.041500 0.051800 0.119600 0.108300 0.051800 0.041500 0.074200 0.020600 0.052400 0.020600 0.118600 0.051800 0.063100 0.052500 0.084800 0.042000 0.062800 0.052300 0.084000 0.096100 0.119200 0.041500 0.107000 0.095500 0.042000 0.064600 0.083300 0.062100 0.062800 0.064000 0.000000 0.020700
GreaterKud 0.063100 0.118600 0.042300 0.128600 0.063400 0.073700 0.041700 0.074200 0.010400 0.085000 0.052100 0.063700 0.052800 0.052700 0.063500 0.052200 0.086000 0.053000 0.041700 0.000000 0.041700 0.052100 0.097100 0.086000 0.073600 0.041700 0.074600 0.000000 0.052500 0.000000 0.096400 0.052100 0.063500 0.052800 0.084900 0.042200 0.085100 0.052600 0.084500 0.074200 0.096800 0.041700 0.085000 0.073800 0.042200 0.087500 0.083700 0.062200 0.041600 0.064100 0.020700 0.000000
