1
52 1
Argali 0.000000 0.367200 0.078400 0.351200 0.078400 0.000000 0.186000 0.164000 0.094500 0.112400 0.029000 0.080300 0.115600 0.233100 0.092900 0.110000 0.092600 0.142500 0.014900 0.062200 0.094400 0.045200 0.077400 0.087700 0.045200 0.128500 0.118900 0.094400 0.094300 0.078400 0.094900 0.118600 0.077100 0.115600 0.081100 0.046600 0.030000 0.094900 0.111700 0.110700 0.093100 0.129400 0.129000 0.106600 0.062600 0.150800 0.145100 0.077900 0.061800 0.078100 0.078400 0.128100
LesserMous 0.367200 0.000000 0.316500 0.215000 0.341500 0.367200 0.470500 0.334800 0.337000 0.346500 0.319800 0.347600 0.318200 0.439600 0.289400 0.376400 0.334900 0.309700 0.341500 0.338200 0.406800 0.340300 0.383700 0.358600 0.295400 0.406500 0.303400 0.336800 0.359000 0.316500 0.321000 0.381900 0.333600 0.318200 0.317800 0.298900 0.319800 0.342200 0.339600 0.361300 0.403500 0.362700 0.368000 0.339400 0.320200 0.330500 0.427500 0.338400 0.273200 0.252100 0.316500 0.383700
LesserKudu 0.078400 0.316500 0.000000 0.302800 0.094200 0.078400 0.202800 0.127500 0.014900 0.128100 0.046300 0.047100 0.134800 0.229200 0.076300 0.092800 0.075800 0.091200 0.062100 0.015000 0.110000 0.030400 0.126200 0.096900 0.061900 0.110600 0.138500 0.014500 0.077200 0.000000 0.110400 0.135900 0.092200 0.134800 0.099100 0.062300 0.046300 0.110800 0.093900 0.126200 0.142200 0.111300 0.144900 0.115300 0.078400 0.149000 0.126900 0.093700 0.077500 0.061400 0.000000 0.045300
KillerWhal 0.351200 0.215000 0.302800 0.000000 0.327000 0.351200 0.429100 0.302200 0.280800 0.331900 0.306300 0.332700 0.219300 0.397900 0.278400 0.319900 0.320300 0.257900 0.327400 0.323700 0.346500 0.326000 0.368000 0.344500 0.283500 0.347300 0.204100 0.280700 0.302800 0.302800 0.307700 0.391300 0.321100 0.219300 0.260100 0.285600 0.306300 0.327800 0.284300 0.303900 0.387200 0.306000 0.352500 0.325700 0.304700 0.358000 0.366600 0.324100 0.261800 0.242000 0.302800 0.323100
DefassaWat 0.078400 0.341500 0.094200 0.327000 0.000000 0.078400 0.203100 0.180700 0.110300 0.128700 0.046200 0.096400 0.099700 0.251100 0.108600 0.125900 0.108100 0.124200 0.062000 0.110700 0.144200 0.061900 0.126300 0.139700 0.061900 0.144900 0.102400 0.110300 0.110100 0.094200 0.111000 0.135500 0.125600 0.099700 0.065200 0.062200 0.046200 0.015000 0.127700 0.161300 0.142300 0.145800 0.145500 0.159400 0.078200 0.167600 0.161400 0.093600 0.077400 0.093800 0.094200 0.144300
Sheep 0.000000 0.367200 0.078400 0.351200 0.078400 0.000000 0.186000 0.164000 0.094500 0.112400 0.030000 0.080300 0.115600 0.233100 0.092900 0.110000 0.092600 0.142500 0.014900 0.062200 0.094400 0.045200 0.077400 0.087700 0.045200 0.128500 0.118900 0.094400 0.094300 0.078400 0.094900 0.118600 0.077100 0.115600 0.081100 0.046600 0.030000 0.094900 0.111700 0.110700 0.093100 0.129400 0.129000 0.106600 0.062600 0.150800 0.145100 0.077900 0.061800 0.078100 0.078400 0.128100
MaxwellsDu 0.186000 0.470500 0.202800 0.429100 0.203100 0.186000 0.000000 0.223600 0.220700 0.283900 0.149000 0.208100 0.177000 0.214000 0.215800 0.199300 0.216000 0.273500 0.166600 0.221700 0.220600 0.166200 0.238200 0.237800 0.166400 0.222200 0.182400 0.220500 0.182900 0.202800 0.261600 0.118500 0.199200 0.177000 0.138900 0.131300 0.149000 0.221300 0.166300 0.279200 0.255700 0.186200 0.303400 0.221400 0.148600 0.173200 0.239800 0.165300 0.147500 0.202200 0.202800 0.259500
GazellaPrz 0.164000 0.334800 0.127500 0.302200 0.180700 0.164000 0.223600 0.000000 0.144100 0.257800 0.128600 0.166800 0.154000 0.231600 0.177000 0.076500 0.176400 0.231100 0.145800 0.144700 0.093400 0.110700 0.215000 0.233400 0.110800 0.093800 0.158400 0.144000 0.061200 0.127500 0.236600 0.153200 0.213800 0.154000 0.117300 0.111800 0.128600 0.180700 0.045800 0.234800 0.232000 0.061900 0.276800 0.217100 0.128600 0.224600 0.109800 0.144400 0.127200 0.144100 0.127500 0.179300
MountainNy 0.094500 0.337000 0.014900 0.280800 0.110300 0.094500 0.220700 0.144100 0.000000 0.144800 0.061900 0.062900 0.152300 0.248300 0.091900 0.108700 0.102400 0.075100 0.077900 0.030000 0.126300 0.045800 0.142700 0.113100 0.077700 0.126900 0.156400 0.000000 0.093000 0.014900 0.126800 0.153200 0.108100 0.152300 0.116100 0.078100 0.061900 0.127100 0.110000 0.109100 0.158900 0.127700 0.161800 0.131700 0.094400 0.166200 0.143300 0.109800 0.093300 0.077000 0.014900 0.029900
MuntiacusM 0.112400 0.346500 0.128100 0.331900 0.128700 0.112400 0.283900 0.257800 0.144800 0.000000 0.112000 0.131100 0.173500 0.317000 0.143000 0.196700 0.142600 0.159700 0.095100 0.111100 0.162300 0.128600 0.060800 0.054600 0.128700 0.218400 0.178600 0.144600 0.180400 0.128100 0.014900 0.212700 0.093200 0.173500 0.136000 0.129400 0.112000 0.146200 0.200000 0.076700 0.076100 0.219900 0.015000 0.073100 0.146800 0.224800 0.236100 0.127300 0.144900 0.094300 0.128100 0.180200
goat 0.029000 0.319800 0.046300 0.306300 0.046200 0.030000 0.149000 0.128600 0.061900 0.112000 0.000000 0.047300 0.080800 0.192300 0.060900 0.077200 0.060500 0.108500 0.014900 0.062200 0.094200 0.014800 0.077200 0.087300 0.014500 0.094600 0.083000 0.061900 0.061700 0.046300 0.094600 0.083100 0.076800 0.080800 0.047600 0.015300 0.000000 0.062000 0.078200 0.110300 0.092800 0.095300 0.128600 0.106100 0.030700 0.114900 0.110800 0.045900 0.030300 0.046000 0.046300 0.094300
AfricanBuf 0.080300 0.347600 0.047100 0.332700 0.096400 0.080300 0.208100 0.166800 0.062900 0.131100 0.047300 0.000000 0.138200 0.235200 0.111400 0.112000 0.110900 0.127100 0.063500 0.063200 0.130300 0.047200 0.129100 0.106800 0.063400 0.095400 0.142100 0.062900 0.095900 0.047100 0.113000 0.139200 0.094400 0.138200 0.101700 0.063800 0.047300 0.113400 0.113500 0.129200 0.145500 0.131700 0.148300 0.126300 0.080200 0.166700 0.147800 0.095900 0.079300 0.062800 0.047100 0.095900
Topi 0.115600 0.318200 0.134800 0.219300 0.099700 0.115600 0.177000 0.154000 0.152300 0.173500 0.080800 0.138200 0.000000 0.226300 0.114300 0.132900 0.149000 0.167300 0.097600 0.153000 0.152700 0.097200 0.169400 0.184000 0.097400 0.153200 0.000000 0.152200 0.116500 0.134800 0.153600 0.124600 0.168700 0.000000 0.032600 0.065700 0.080800 0.117300 0.099900 0.208300 0.186700 0.118100 0.191700 0.167300 0.082600 0.140100 0.170800 0.098800 0.048000 0.134400 0.134800 0.189700
CommonDuik 0.233100 0.439600 0.229200 0.397900 0.251100 0.233100 0.214000 0.231600 0.248300 0.317000 0.192300 0.235200 0.226300 0.000000 0.264200 0.226700 0.263900 0.303900 0.211600 0.249400 0.250400 0.210600 0.288800 0.285800 0.191500 0.250700 0.233900 0.248000 0.209700 0.229200 0.292900 0.122800 0.264900 0.226300 0.184700 0.174000 0.192300 0.228600 0.192400 0.265500 0.307700 0.212700 0.337900 0.270300 0.192800 0.257600 0.269600 0.209900 0.190500 0.208900 0.229200 0.289800
Suni 0.092900 0.289400 0.076300 0.278400 0.108600 0.092900 0.215800 0.177000 0.091900 0.143000 0.060900 0.111400 0.114300 0.264200 0.000000 0.139900 0.059100 0.074500 0.076700 0.092300 0.158000 0.076600 0.107600 0.120500 0.076500 0.159500 0.117200 0.091800 0.124100 0.076300 0.125300 0.150000 0.106700 0.114300 0.113800 0.076500 0.060900 0.124700 0.141500 0.141300 0.123300 0.160300 0.159900 0.139400 0.092400 0.146000 0.176100 0.108000 0.060200 0.076100 0.076300 0.124500
Springbuck 0.110000 0.376400 0.092800 0.319900 0.125900 0.110000 0.199300 0.076500 0.108700 0.196700 0.077200 0.112000 0.132900 0.226700 0.139900 0.000000 0.139600 0.191100 0.093300 0.109100 0.044800 0.060900 0.158300 0.173400 0.060900 0.014800 0.136500 0.108600 0.014700 0.092800 0.177500 0.133400 0.156800 0.132900 0.097700 0.093200 0.077200 0.125400 0.029700 0.176200 0.174500 0.014900 0.214400 0.193500 0.109400 0.201100 0.060400 0.125200 0.108600 0.092200 0.092800 0.142000
Okapi 0.092600 0.334900 0.075800 0.320300 0.108100 0.092600 0.216000 0.176400 0.102400 0.142600 0.060500 0.110900 0.149000 0.263900 0.059100 0.139600 0.000000 0.074200 0.076200 0.102300 0.158000 0.076100 0.107100 0.117200 0.076100 0.158600 0.153000 0.091200 0.124000 0.075800 0.124900 0.149600 0.075000 0.149000 0.113600 0.076400 0.060500 0.124600 0.141500 0.140800 0.122800 0.159500 0.159300 0.136100 0.092300 0.181100 0.174900 0.107400 0.091300 0.088000 0.075800 0.123700
Giraffe 0.142500 0.309700 0.091200 0.257900 0.124200 0.142500 0.273500 0.231100 0.075100 0.159700 0.108500 0.127100 0.167300 0.303900 0.074500 0.191100 0.074200 0.000000 0.125200 0.107300 0.211000 0.124800 0.157700 0.135800 0.124900 0.212100 0.171800 0.075100 0.174900 0.091200 0.141600 0.203900 0.090800 0.167300 0.166300 0.125100 0.108500 0.141100 0.193600 0.124200 0.174200 0.213000 0.176700 0.155000 0.141800 0.180400 0.228900 0.157500 0.107400 0.091500 0.091200 0.107000
TibetanAnt 0.014900 0.341500 0.062100 0.327400 0.062000 0.014900 0.166600 0.145800 0.077900 0.095100 0.014900 0.063500 0.097600 0.211600 0.076700 0.093300 0.076200 0.125200 0.000000 0.046200 0.077800 0.029900 0.061300 0.063800 0.029900 0.111200 0.100300 0.077800 0.077700 0.062100 0.078100 0.100200 0.061000 0.097600 0.063900 0.030700 0.014900 0.078100 0.094500 0.093800 0.076800 0.111900 0.111500 0.081200 0.046400 0.132200 0.127600 0.061600 0.045800 0.061700 0.062100 0.110800
Sitatunga 0.062200 0.338200 0.015000 0.323700 0.110700 0.062200 0.221700 0.144700 0.030000 0.111100 0.062200 0.063200 0.153000 0.249400 0.092300 0.109100 0.102300 0.107300 0.046200 0.000000 0.093500 0.046000 0.109600 0.079500 0.078000 0.127500 0.157200 0.030000 0.093400 0.015000 0.093900 0.153900 0.076300 0.153000 0.116600 0.078500 0.062200 0.127600 0.110400 0.109600 0.125500 0.128200 0.127700 0.097100 0.094800 0.166900 0.143900 0.110300 0.093700 0.077300 0.015000 0.061000
Oribi 0.094400 0.406800 0.110000 0.346500 0.144200 0.094400 0.220600 0.093400 0.126300 0.162300 0.094200 0.130300 0.152700 0.250400 0.158000 0.044800 0.158000 0.211000 0.077800 0.093500 0.000000 0.077400 0.125300 0.139300 0.077300 0.061200 0.157000 0.126200 0.028500 0.110000 0.143900 0.153300 0.141300 0.152700 0.116300 0.110600 0.094200 0.143700 0.045300 0.142700 0.141300 0.061500 0.179500 0.158800 0.127300 0.222500 0.076700 0.143400 0.126300 0.109500 0.110000 0.160600
BarbaryShe 0.045200 0.340300 0.030400 0.326000 0.061900 0.045200 0.166200 0.110700 0.045800 0.128600 0.014800 0.047200 0.097200 0.210600 0.076600 0.060900 0.076100 0.124800 0.029900 0.046000 0.077400 0.000000 0.093200 0.104100 0.029700 0.077700 0.099900 0.045700 0.045600 0.030400 0.110800 0.100100 0.092700 0.097200 0.063700 0.030700 0.014800 0.077900 0.061600 0.126800 0.108900 0.078200 0.145500 0.123000 0.046300 0.131800 0.093600 0.061500 0.045700 0.061600 0.030400 0.077500
Daviddeer 0.077400 0.383700 0.126200 0.368000 0.126300 0.077400 0.238200 0.215000 0.142700 0.060800 0.077200 0.129100 0.169400 0.288800 0.107600 0.158300 0.107100 0.157700 0.061300 0.109600 0.125300 0.093200 0.000000 0.053700 0.093200 0.178400 0.174000 0.142600 0.142300 0.126200 0.045000 0.169600 0.091900 0.169400 0.132700 0.093500 0.077200 0.143300 0.160500 0.075600 0.014500 0.179300 0.076300 0.071900 0.093300 0.201700 0.195100 0.092200 0.108700 0.092900 0.126200 0.177600
Reindeer 0.087700 0.358600 0.096900 0.344500 0.139700 0.087700 0.237800 0.233400 0.113100 0.054600 0.087300 0.106800 0.184000 0.285800 0.120500 0.173400 0.117200 0.135800 0.063800 0.079500 0.139300 0.104100 0.053700 0.000000 0.104300 0.194000 0.188700 0.113400 0.157000 0.096900 0.037400 0.185200 0.070500 0.184000 0.146600 0.106100 0.087300 0.158300 0.176100 0.038200 0.070100 0.195000 0.071000 0.014600 0.123300 0.195900 0.204000 0.103800 0.122800 0.070300 0.096900 0.148400
Ibex 0.045200 0.295400 0.061900 0.283500 0.061900 0.045200 0.166400 0.110800 0.077700 0.128700 0.014500 0.063400 0.097400 0.191500 0.076500 0.060900 0.076100 0.124900 0.029900 0.078000 0.077300 0.029700 0.093200 0.104300 0.000000 0.077700 0.100100 0.077700 0.045600 0.061900 0.110900 0.100000 0.092800 0.097400 0.063800 0.030600 0.014800 0.061800 0.061700 0.110000 0.109000 0.078200 0.145600 0.123300 0.046300 0.131900 0.093600 0.061400 0.045700 0.030200 0.061900 0.110600
GyrantGaze 0.128500 0.406500 0.110600 0.347300 0.144900 0.128500 0.222200 0.093800 0.126900 0.218400 0.094600 0.095400 0.153200 0.250700 0.159500 0.014800 0.158600 0.212100 0.111200 0.127500 0.061200 0.077700 0.178400 0.194000 0.077700 0.000000 0.157400 0.126800 0.030000 0.110600 0.198400 0.153500 0.177300 0.153200 0.116600 0.111500 0.094600 0.144800 0.045700 0.197100 0.195000 0.030200 0.236800 0.214800 0.128300 0.223100 0.077100 0.144000 0.126800 0.110000 0.110600 0.161400
Hartebeest 0.118900 0.303400 0.138500 0.204100 0.102400 0.118900 0.182400 0.158400 0.156400 0.178600 0.083000 0.142100 0.000000 0.233900 0.117200 0.136500 0.153000 0.171800 0.100300 0.157200 0.157000 0.099900 0.174000 0.188700 0.100100 0.157400 0.000000 0.156300 0.119700 0.138500 0.158000 0.128500 0.173300 0.000000 0.033600 0.067500 0.083000 0.120600 0.102700 0.214100 0.191700 0.121400 0.197300 0.171600 0.084900 0.144300 0.175400 0.101500 0.049300 0.138100 0.138500 0.194900
Bongo 0.094400 0.336800 0.014500 0.280700 0.110300 0.094400 0.220500 0.144000 0.000000 0.144600 0.061900 0.062900 0.152200 0.248000 0.091800 0.108600 0.091200 0.075100 0.077800 0.030000 0.126200 0.045700 0.142600 0.113400 0.077700 0.126800 0.156300 0.000000 0.092900 0.014600 0.126700 0.153200 0.108100 0.152200 0.116000 0.078100 0.061900 0.127100 0.109900 0.109000 0.158700 0.127600 0.161600 0.132200 0.094300 0.166100 0.143200 0.109700 0.093200 0.077000 0.014500 0.029800
Gerenuk 0.094300 0.359000 0.077200 0.302800 0.110100 0.094300 0.182900 0.061200 0.093000 0.180400 0.061700 0.095900 0.116500 0.209700 0.124100 0.014700 0.124000 0.174900 0.077700 0.093400 0.028500 0.045600 0.142300 0.157000 0.045600 0.030000 0.119700 0.092900 0.000000 0.077200 0.161400 0.116800 0.141100 0.116500 0.081500 0.077600 0.061700 0.109700 0.014500 0.160100 0.158500 0.030200 0.197900 0.177000 0.093700 0.184600 0.045200 0.109400 0.093000 0.076800 0.077200 0.126000
CommonElan 0.078400 0.316500 0.000000 0.302800 0.094200 0.078400 0.202800 0.127500 0.014900 0.128100 0.046300 0.047100 0.134800 0.229200 0.076300 0.092800 0.075800 0.091200 0.062100 0.015000 0.110000 0.030400 0.126200 0.096900 0.061900 0.110600 0.138500 0.014600 0.077200 0.000000 0.110400 0.135900 0.092200 0.134800 0.099100 0.062300 0.046300 0.110800 0.093900 0.126200 0.142200 0.111300 0.144900 0.115300 0.078400 0.149000 0.126900 0.093700 0.077500 0.061400 0.000000 0.045300
MuntiacusR 0.094900 0.321000 0.110400 0.307700 0.111000 0.094900 0.261600 0.236600 0.126800 0.014900 0.094600 0.113000 0.153600 0.292900 0.125300 0.177500 0.124900 0.141600 0.078100 0.093900 0.143900 0.110800 0.045000 0.037400 0.110900 0.198400 0.158000 0.126700 0.161400 0.110400 0.000000 0.191800 0.076600 0.153600 0.117200 0.111600 0.094600 0.128000 0.180500 0.060500 0.060100 0.199700 0.029300 0.055900 0.128500 0.204200 0.215600 0.109800 0.126900 0.077500 0.110400 0.161300
HarveysDui 0.118600 0.381900 0.135900 0.391300 0.135500 0.118600 0.118500 0.153200 0.153200 0.212700 0.083100 0.139200 0.124600 0.122800 0.150000 0.133400 0.149600 0.203900 0.100200 0.153900 0.153300 0.100100 0.169600 0.185200 0.100000 0.153500 0.128500 0.153200 0.116800 0.135900 0.191800 0.000000 0.168500 0.124600 0.087600 0.083200 0.083100 0.153800 0.117400 0.208400 0.186700 0.136000 0.231600 0.187000 0.100300 0.198100 0.134100 0.116500 0.099000 0.134800 0.135900 0.190700
Pronghorn 0.077100 0.333600 0.092200 0.321100 0.125600 0.077100 0.199200 0.213800 0.108100 0.093200 0.076800 0.094400 0.168700 0.264900 0.106700 0.156800 0.075000 0.090800 0.061000 0.076300 0.141300 0.092700 0.091900 0.070500 0.092800 0.177300 0.173300 0.108100 0.141100 0.092200 0.076600 0.168500 0.000000 0.168700 0.132100 0.092700 0.076800 0.142100 0.159100 0.092100 0.107600 0.178200 0.109200 0.088900 0.108900 0.146700 0.193900 0.124800 0.108200 0.060500 0.092200 0.141400
BlueWildeb 0.115600 0.318200 0.134800 0.219300 0.099700 0.115600 0.177000 0.154000 0.152300 0.173500 0.080800 0.138200 0.000000 0.226300 0.114300 0.132900 0.149000 0.167300 0.097600 0.153000 0.152700 0.097200 0.169400 0.184000 0.097400 0.153200 0.000000 0.152200 0.116500 0.134800 0.153600 0.124600 0.168700 0.000000 0.032600 0.065700 0.080800 0.117300 0.099900 0.208300 0.186700 0.118100 0.191700 0.167300 0.082600 0.140100 0.170800 0.098800 0.048000 0.134400 0.134800 0.189700
Gemsbok 0.081100 0.317800 0.099100 0.260100 0.065200 0.081100 0.138900 0.117300 0.116100 0.136000 0.047600 0.101700 0.032600 0.184700 0.113800 0.097700 0.113600 0.166300 0.063900 0.116600 0.116300 0.063700 0.132700 0.146600 0.063800 0.116600 0.033600 0.116000 0.081500 0.099100 0.117200 0.087600 0.132100 0.032600 0.000000 0.032300 0.047600 0.082200 0.065300 0.169700 0.149400 0.082700 0.153600 0.130400 0.048700 0.140000 0.133700 0.064700 0.048100 0.098800 0.099100 0.151800
Yak 0.046600 0.298900 0.062300 0.285600 0.062200 0.046600 0.131300 0.111800 0.078100 0.129400 0.015300 0.063800 0.065700 0.174000 0.076500 0.093200 0.076400 0.125100 0.030700 0.078500 0.110600 0.030700 0.093500 0.106100 0.030600 0.111500 0.067500 0.078100 0.077600 0.062300 0.111600 0.083200 0.092700 0.065700 0.032300 0.000000 0.015300 0.078100 0.062000 0.127300 0.109300 0.078900 0.146300 0.090800 0.014900 0.098100 0.127900 0.030400 0.015100 0.061900 0.062300 0.111200
BlueSheep 0.030000 0.319800 0.046300 0.306300 0.046200 0.030000 0.149000 0.128600 0.061900 0.112000 0.000000 0.047300 0.080800 0.192300 0.060900 0.077200 0.060500 0.108500 0.014900 0.062200 0.094200 0.014800 0.077200 0.087300 0.014800 0.094600 0.083000 0.061900 0.061700 0.046300 0.094600 0.083100 0.076800 0.080800 0.047600 0.015300 0.000000 0.062000 0.078200 0.110300 0.092800 0.095300 0.128600 0.106100 0.030700 0.114900 0.110800 0.045900 0.030300 0.046000 0.046300 0.094300
BohorReedb 0.094900 0.342200 0.110800 0.327800 0.015000 0.094900 0.221300 0.180700 0.127100 0.146200 0.062000 0.113400 0.117300 0.228600 0.124700 0.125400 0.124600 0.141100 0.078100 0.127600 0.143700 0.077900 0.143300 0.158300 0.061800 0.144800 0.120600 0.127100 0.109700 0.110800 0.128000 0.153800 0.142100 0.117300 0.082200 0.078100 0.062000 0.000000 0.127300 0.142400 0.159600 0.145800 0.163300 0.178600 0.094300 0.186100 0.161400 0.110100 0.093600 0.093700 0.110800 0.161800
KirksDik 0.111700 0.339600 0.093900 0.284300 0.127700 0.111700 0.166300 0.045800 0.110000 0.200000 0.078200 0.113500 0.099900 0.192400 0.141500 0.029700 0.141500 0.193600 0.094500 0.110400 0.045300 0.061600 0.160500 0.176100 0.061700 0.045700 0.102700 0.109900 0.014500 0.093900 0.180500 0.117400 0.159100 0.099900 0.065300 0.062000 0.078200 0.127300 0.000000 0.178800 0.176900 0.015100 0.217900 0.160400 0.078000 0.167900 0.061100 0.093700 0.077400 0.093500 0.093900 0.143800
RoeDeer 0.110700 0.361300 0.126200 0.303900 0.161300 0.110700 0.279200 0.234800 0.109100 0.076700 0.110300 0.129200 0.208300 0.265500 0.141300 0.176200 0.140800 0.124200 0.093800 0.109600 0.142700 0.126800 0.075600 0.038200 0.110000 0.197100 0.214100 0.109000 0.160100 0.126200 0.060500 0.208400 0.092100 0.208300 0.169700 0.127300 0.110300 0.142400 0.178800 0.000000 0.091000 0.198100 0.092400 0.056700 0.144400 0.221000 0.214100 0.125500 0.142800 0.076800 0.126200 0.142800
WhiteLippe 0.093100 0.403500 0.142200 0.387200 0.142300 0.093100 0.255700 0.232000 0.158900 0.076100 0.092800 0.145500 0.186700 0.307700 0.123300 0.174500 0.122800 0.174200 0.076800 0.125500 0.141300 0.108900 0.014500 0.070100 0.109000 0.195000 0.191700 0.158700 0.158500 0.142200 0.060100 0.186700 0.107600 0.186700 0.149400 0.109300 0.092800 0.159600 0.176900 0.091000 0.000000 0.196000 0.091800 0.088200 0.109100 0.218900 0.211800 0.107700 0.124400 0.108600 0.142200 0.194200
ThomsonGaz 0.129400 0.362700 0.111300 0.306000 0.145800 0.129400 0.186200 0.061900 0.127700 0.219900 0.095300 0.131700 0.118100 0.212700 0.160300 0.014900 0.159500 0.213000 0.111900 0.128200 0.061500 0.078200 0.179300 0.195000 0.078200 0.030200 0.121400 0.127600 0.030200 0.111300 0.199700 0.136000 0.178200 0.118100 0.082700 0.078900 0.095300 0.145800 0.015100 0.198100 0.196000 0.000000 0.238200 0.178800 0.095300 0.187100 0.077600 0.110900 0.094300 0.110700 0.111300 0.162400
MuntiacusC 0.129000 0.368000 0.144900 0.352500 0.145500 0.129000 0.303400 0.276800 0.161800 0.015000 0.128600 0.148300 0.191700 0.337900 0.159900 0.214400 0.159300 0.176700 0.111500 0.127700 0.179500 0.145500 0.076300 0.071000 0.145600 0.236800 0.197300 0.161600 0.197900 0.144900 0.029300 0.231600 0.109200 0.191700 0.153600 0.146300 0.128600 0.163300 0.217900 0.092400 0.091800 0.238200 0.000000 0.089500 0.164000 0.243300 0.254600 0.143900 0.161800 0.110500 0.144900 0.197800
WhiteTaile 0.106600 0.339400 0.115300 0.325700 0.159400 0.106600 0.221400 0.217100 0.131700 0.073100 0.106100 0.126300 0.167300 0.270300 0.139400 0.193500 0.136100 0.155000 0.081200 0.097100 0.158800 0.123000 0.071900 0.014600 0.123300 0.214800 0.171600 0.132200 0.177000 0.115300 0.055900 0.187000 0.088900 0.167300 0.130400 0.090800 0.106100 0.178600 0.160400 0.056700 0.088200 0.178800 0.089500 0.000000 0.107900 0.182200 0.225400 0.088500 0.107700 0.088800 0.115300 0.168100
Cattle 0.062600 0.320200 0.078400 0.304700 0.078200 0.062600 0.148600 0.128600 0.094400 0.146800 0.030700 0.080200 0.082600 0.192800 0.092400 0.109400 0.092300 0.141800 0.046400 0.094800 0.127300 0.046300 0.093300 0.123300 0.046300 0.128300 0.084900 0.094300 0.093700 0.078400 0.128500 0.100300 0.108900 0.082600 0.048700 0.014900 0.030700 0.094300 0.078000 0.144400 0.109100 0.095300 0.164000 0.107900 0.000000 0.115000 0.144900 0.045900 0.030400 0.077900 0.078400 0.127900
RoyalAntel 0.150800 0.330500 0.149000 0.358000 0.167600 0.150800 0.173200 0.224600 0.166200 0.224800 0.114900 0.166700 0.140100 0.257600 0.146000 0.201100 0.181100 0.180400 0.132200 0.166900 0.222500 0.131800 0.201700 0.195900 0.131900 0.223100 0.144300 0.166100 0.184600 0.149000 0.204200 0.198100 0.146700 0.140100 0.140000 0.098100 0.114900 0.186100 0.167900 0.221000 0.218900 0.187100 0.243300 0.182200 0.115000 0.000000 0.241000 0.131100 0.079900 0.148300 0.149000 0.202900
Steenbok 0.145100 0.427500 0.126900 0.366600 0.161400 0.145100 0.239800 0.109800 0.143300 0.236100 0.110800 0.147800 0.170800 0.269600 0.176100 0.060400 0.174900 0.228900 0.127600 0.143900 0.076700 0.093600 0.195100 0.204000 0.093600 0.077100 0.175400 0.143200 0.045200 0.126900 0.215600 0.134100 0.193900 0.170800 0.133700 0.127900 0.110800 0.161400 0.061100 0.214100 0.211800 0.077600 0.254600 0.225400 0.144900 0.241000 0.000000 0.160600 0.143200 0.126100 0.126900 0.178200
Impala 0.077900 0.338400 0.093700 0.324100 0.093600 0.077900 0.165300 0.144400 0.109800 0.127300 0.045900 0.095900 0.098800 0.209900 0.108000 0.125200 0.107400 0.157500 0.061600 0.110300 0.143400 0.061500 0.092200 0.103800 0.061400 0.144000 0.101500 0.109700 0.109400 0.093700 0.109800 0.116500 0.124800 0.098800 0.064700 0.030400 0.045900 0.110100 0.093700 0.125500 0.107700 0.110900 0.143900 0.088500 0.045900 0.131100 0.160600 0.000000 0.045400 0.093200 0.093700 0.143600
Klipspring 0.061800 0.273200 0.077500 0.261800 0.077400 0.061800 0.147500 0.127200 0.093300 0.144900 0.030300 0.079300 0.048000 0.190500 0.060200 0.108600 0.091300 0.107400 0.045800 0.093700 0.126300 0.045700 0.108700 0.122800 0.045700 0.126800 0.049300 0.093200 0.093000 0.077500 0.126900 0.099000 0.108200 0.048000 0.048100 0.015100 0.030300 0.093600 0.077400 0.142800 0.124400 0.094300 0.161800 0.107700 0.030400 0.079900 0.143200 0.045400 0.000000 0.077000 0.077500 0.126500
ForestMusk 0.078100 0.252100 0.061400 0.242000 0.093800 0.078100 0.202200 0.144100 0.077000 0.094300 0.046000 0.062800 0.134400 0.208900 0.076100 0.092200 0.088000 0.091500 0.061700 0.077300 0.109500 0.061600 0.092900 0.070300 0.030200 0.110000 0.138100 0.077000 0.076800 0.061400 0.077500 0.134800 0.060500 0.134400 0.098800 0.061900 0.046000 0.093700 0.093500 0.076800 0.108600 0.110700 0.110500 0.088800 0.077900 0.148300 0.126100 0.093200 0.077000 0.000000 0.061400 0.109600
Bushbuck 0.078400 0.316500 0.000000 0.302800 0.094200 0.078400 0.202800 0.127500 0.014900 0.128100 0.046300 0.047100 0.134800 0.229200 0.076300 0.092800 0.075800 0.091200 0.062100 0.015000 0.110000 0.030400 0.126200 0.096900 0.061900 0.110600 0.138500 0.014500 0.077200 0.000000 0.110400 0.135900 0.092200 0.134800 0.099100 0.062300 0.046300 0.110800 0.093900 0.126200 0.142200 0.111300 0.144900 0.115300 0.078400 0.149000 0.126900 0.093700 0.077500 0.061400 0.000000 0.045300
GreaterKud 0.128100 0.383700 0.045300 0.323100 0.144300 0.128100 0.259500 0.179300 0.029900 0.180200 0.094300 0.095900 0.189700 0.289800 0.124500 0.142000 0.123700 0.107000 0.110800 0.061000 0.160600 0.077500 0.177600 0.148400 0.110600 0.161400 0.194900 0.029800 0.126000 0.045300 0.161300 0.190700 0.141400 0.189700 0.151800 0.111200 0.094300 0.161800 0.143800 0.142800 0.194200 0.162400 0.197800 0.168100 0.127900 0.202900 0.178200 0.143600 0.126500 0.109600 0.045300 0.000000
