1
52 1
Argali 0.000000 0.002200 0.000900 0.009500 0.000900 0.000000 0.000100 0.000500 0.000900 0.000100 0.000500 0.000500 0.000900 0.000900 0.001400 0.000500 0.000500 0.000100 0.000000 0.000900 0.000100 0.000000 0.000100 0.000500 0.000900 0.000900 0.001400 0.000900 0.000900 0.000900 0.000500 0.000900 0.000900 0.000100 0.000100 0.000100 0.000500 0.000500 0.000900 0.000500 0.000100 0.000900 0.000100 0.000500 0.000100 0.000500 0.000100 0.000500 0.000900 0.001800 0.001400 0.000900
LesserMous 0.002200 0.000000 0.003100 0.007900 0.003100 0.002200 0.002200 0.002600 0.003100 0.002200 0.002600 0.002600 0.002700 0.003100 0.003500 0.002600 0.002700 0.002200 0.002200 0.003100 0.002200 0.002200 0.002200 0.002600 0.003100 0.003100 0.003500 0.003100 0.003100 0.003100 0.002600 0.003100 0.003100 0.002200 0.002200 0.002200 0.002600 0.002600 0.003100 0.002600 0.002200 0.003100 0.002200 0.002600 0.002200 0.002600 0.002200 0.002600 0.003100 0.004000 0.003600 0.003100
LesserKudu 0.000900 0.003100 0.000000 0.010500 0.001800 0.000900 0.000900 0.001400 0.000900 0.000900 0.001400 0.001400 0.001800 0.001800 0.002300 0.001400 0.001400 0.000900 0.000900 0.000900 0.000900 0.000900 0.000900 0.001400 0.001800 0.001800 0.002300 0.000900 0.001800 0.000900 0.001400 0.001800 0.000900 0.000900 0.000900 0.000900 0.001400 0.001400 0.000900 0.001400 0.000900 0.001800 0.000900 0.001400 0.000900 0.001400 0.000900 0.001400 0.001800 0.002700 0.001400 0.000900
KillerWhal 0.009500 0.007900 0.010500 0.000000 0.010400 0.009500 0.009500 0.009900 0.010500 0.009500 0.009900 0.009000 0.010000 0.010400 0.010800 0.009900 0.010000 0.009500 0.009500 0.010500 0.009500 0.009500 0.009500 0.009900 0.010400 0.010400 0.010800 0.010500 0.010400 0.010500 0.009900 0.010400 0.010500 0.009500 0.009500 0.009500 0.009900 0.009900 0.010400 0.009900 0.009500 0.010400 0.009500 0.009900 0.009500 0.009900 0.009500 0.009900 0.010400 0.011300 0.010900 0.010500
DefassaWat 0.000900 0.003100 0.001800 0.010400 0.000000 0.000900 0.000900 0.001400 0.001800 0.000900 0.001400 0.001400 0.001800 0.001800 0.002300 0.001400 0.001400 0.000900 0.000900 0.001800 0.000900 0.000900 0.000900 0.001400 0.001800 0.001800 0.002300 0.001800 0.001800 0.001800 0.001400 0.001800 0.001800 0.000900 0.000900 0.000900 0.001400 0.000500 0.001800 0.001400 0.000900 0.001800 0.000900 0.001400 0.000900 0.001400 0.000900 0.001400 0.001800 0.002700 0.002300 0.001800
Sheep 0.000000 0.002200 0.000900 0.009500 0.000900 0.000000 0.000100 0.000500 0.000900 0.000100 0.000500 0.000500 0.000900 0.000900 0.001400 0.000500 0.000500 0.000100 0.000000 0.000900 0.000100 0.000000 0.000100 0.000500 0.000900 0.000900 0.001400 0.000900 0.000900 0.000900 0.000500 0.000900 0.000900 0.000100 0.000100 0.000100 0.000500 0.000500 0.000900 0.000500 0.000100 0.000900 0.000100 0.000500 0.000100 0.000500 0.000100 0.000500 0.000900 0.001800 0.001400 0.000900
MaxwellsDu 0.000100 0.002200 0.000900 0.009500 0.000900 0.000100 0.000000 0.000500 0.000900 0.000100 0.000500 0.000500 0.000900 0.000900 0.001400 0.000500 0.000500 0.000100 0.000100 0.000900 0.000100 0.000100 0.000100 0.000500 0.000900 0.000900 0.001400 0.000900 0.000900 0.000900 0.000500 0.000900 0.000900 0.000100 0.000100 0.000100 0.000500 0.000500 0.000900 0.000500 0.000100 0.000900 0.000100 0.000500 0.000100 0.000500 0.000100 0.000500 0.000900 0.001800 0.001400 0.000900
GazellaPrz 0.000500 0.002600 0.001400 0.009900 0.001400 0.000500 0.000500 0.000000 0.001400 0.000500 0.000900 0.000900 0.001400 0.001400 0.001800 0.000900 0.000900 0.000500 0.000500 0.001400 0.000500 0.000500 0.000500 0.000900 0.001400 0.001400 0.001800 0.001400 0.001400 0.001400 0.000900 0.001400 0.001400 0.000500 0.000500 0.000500 0.000900 0.000900 0.001400 0.000900 0.000500 0.001400 0.000500 0.000900 0.000500 0.000900 0.000500 0.000900 0.001400 0.002300 0.001800 0.001400
MountainNy 0.000900 0.003100 0.000900 0.010500 0.001800 0.000900 0.000900 0.001400 0.000000 0.000900 0.001400 0.001400 0.001800 0.001800 0.002300 0.001400 0.001400 0.000900 0.000900 0.000000 0.000900 0.000900 0.000900 0.001400 0.001800 0.001800 0.002300 0.000000 0.001800 0.000000 0.001400 0.001800 0.000900 0.000900 0.000900 0.000900 0.001400 0.001400 0.000900 0.001400 0.000900 0.001800 0.000900 0.001400 0.000900 0.001400 0.000900 0.001400 0.001800 0.002700 0.000500 0.000000
MuntiacusM 0.000100 0.002200 0.000900 0.009500 0.000900 0.000100 0.000100 0.000500 0.000900 0.000000 0.000500 0.000500 0.000900 0.000900 0.001400 0.000500 0.000500 0.000100 0.000100 0.000900 0.000100 0.000100 0.000100 0.000500 0.000900 0.000900 0.001400 0.000900 0.000900 0.000900 0.000500 0.000900 0.000900 0.000100 0.000100 0.000100 0.000500 0.000500 0.000900 0.000500 0.000100 0.000900 0.000000 0.000500 0.000100 0.000500 0.000100 0.000500 0.000900 0.001800 0.001400 0.000900
goat 0.000500 0.002600 0.001400 0.009900 0.001400 0.000500 0.000500 0.000900 0.001400 0.000500 0.000000 0.000900 0.001400 0.001400 0.001800 0.000900 0.000900 0.000500 0.000500 0.001400 0.000500 0.000500 0.000500 0.000900 0.000500 0.001400 0.001800 0.001400 0.000500 0.001400 0.000900 0.000500 0.001400 0.000500 0.000500 0.000500 0.000900 0.000900 0.001400 0.000900 0.000500 0.001400 0.000500 0.000900 0.000500 0.000900 0.000500 0.000900 0.001400 0.001400 0.001800 0.001400
AfricanBuf 0.000500 0.002600 0.001400 0.009000 0.001400 0.000500 0.000500 0.000900 0.001400 0.000500 0.000900 0.000000 0.001400 0.001400 0.001800 0.000900 0.000900 0.000500 0.000500 0.001400 0.000500 0.000500 0.000500 0.000900 0.001400 0.001400 0.001800 0.001400 0.001400 0.001400 0.000900 0.001400 0.001400 0.000500 0.000500 0.000500 0.000900 0.000900 0.001400 0.000900 0.000500 0.001400 0.000500 0.000900 0.000500 0.000900 0.000500 0.000900 0.001400 0.002300 0.001800 0.001400
Topi 0.000900 0.002700 0.001800 0.010000 0.001800 0.000900 0.000900 0.001400 0.001800 0.000900 0.001400 0.001400 0.000000 0.001800 0.002300 0.001400 0.001400 0.000900 0.000900 0.001800 0.000900 0.000900 0.000900 0.001400 0.001800 0.001800 0.002300 0.001800 0.001800 0.001800 0.001400 0.001800 0.001800 0.000900 0.000900 0.000900 0.001400 0.001400 0.001800 0.001400 0.000900 0.001800 0.000900 0.001400 0.000900 0.001400 0.000900 0.001400 0.001800 0.002700 0.002300 0.001800
CommonDuik 0.000900 0.003100 0.001800 0.010400 0.001800 0.000900 0.000900 0.001400 0.001800 0.000900 0.001400 0.001400 0.001800 0.000000 0.002300 0.001400 0.001400 0.000900 0.000900 0.001800 0.000900 0.000900 0.000900 0.001400 0.001800 0.001800 0.002300 0.001800 0.001800 0.001800 0.001400 0.000900 0.001800 0.000900 0.000900 0.000900 0.001400 0.001400 0.001800 0.001400 0.000900 0.001800 0.000900 0.001400 0.000900 0.001400 0.000900 0.001400 0.001800 0.001800 0.002300 0.001800
Suni 0.001400 0.003500 0.002300 0.010800 0.002300 0.001400 0.001400 0.001800 0.002300 0.001400 0.001800 0.001800 0.002300 0.002300 0.000000 0.001800 0.001800 0.001400 0.001400 0.002300 0.001400 0.001400 0.001400 0.001800 0.002300 0.002300 0.002700 0.002300 0.002300 0.002300 0.001800 0.002300 0.002300 0.001400 0.001400 0.001400 0.001800 0.001800 0.002300 0.001800 0.001400 0.002300 0.001400 0.001800 0.001400 0.001800 0.001400 0.001800 0.002300 0.003200 0.002700 0.002300
Springbuck 0.000500 0.002600 0.001400 0.009900 0.001400 0.000500 0.000500 0.000900 0.001400 0.000500 0.000900 0.000900 0.001400 0.001400 0.001800 0.000000 0.000900 0.000500 0.000500 0.001400 0.000500 0.000500 0.000500 0.000900 0.001400 0.000500 0.001800 0.001400 0.000500 0.001400 0.000900 0.001400 0.001400 0.000500 0.000500 0.000500 0.000900 0.000900 0.001400 0.000900 0.000500 0.000500 0.000500 0.000900 0.000500 0.000900 0.000500 0.000900 0.001400 0.002300 0.001800 0.001400
Okapi 0.000500 0.002700 0.001400 0.010000 0.001400 0.000500 0.000500 0.000900 0.001400 0.000500 0.000900 0.000900 0.001400 0.001400 0.001800 0.000900 0.000000 0.000500 0.000500 0.001400 0.000500 0.000500 0.000500 0.000900 0.001400 0.000900 0.001800 0.001400 0.001400 0.001400 0.000900 0.001400 0.001400 0.000500 0.000500 0.000500 0.000900 0.000900 0.001400 0.000900 0.000500 0.000900 0.000500 0.000900 0.000500 0.000900 0.000500 0.000900 0.001400 0.002300 0.001800 0.001400
Giraffe 0.000100 0.002200 0.000900 0.009500 0.000900 0.000100 0.000100 0.000500 0.000900 0.000100 0.000500 0.000500 0.000900 0.000900 0.001400 0.000500 0.000500 0.000000 0.000100 0.000900 0.000100 0.000100 0.000100 0.000400 0.000900 0.000900 0.001400 0.000900 0.000900 0.000900 0.000500 0.000900 0.000900 0.000100 0.000100 0.000100 0.000500 0.000500 0.000900 0.000500 0.000100 0.000900 0.000100 0.000500 0.000100 0.000500 0.000100 0.000500 0.000900 0.001800 0.001400 0.000900
TibetanAnt 0.000000 0.002200 0.000900 0.009500 0.000900 0.000000 0.000100 0.000500 0.000900 0.000100 0.000500 0.000500 0.000900 0.000900 0.001400 0.000500 0.000500 0.000100 0.000000 0.000900 0.000100 0.000000 0.000100 0.000500 0.000900 0.000900 0.001400 0.000900 0.000900 0.000900 0.000500 0.000900 0.000900 0.000100 0.000100 0.000100 0.000500 0.000500 0.000900 0.000500 0.000100 0.000900 0.000100 0.000500 0.000100 0.000500 0.000100 0.000500 0.000900 0.001800 0.001400 0.000900
Sitatunga 0.000900 0.003100 0.000900 0.010500 0.001800 0.000900 0.000900 0.001400 0.000000 0.000900 0.001400 0.001400 0.001800 0.001800 0.002300 0.001400 0.001400 0.000900 0.000900 0.000000 0.000900 0.000900 0.000900 0.001400 0.001800 0.001800 0.002300 0.000000 0.001800 0.000000 0.001400 0.001800 0.000900 0.000900 0.000900 0.000900 0.001400 0.001400 0.000900 0.001400 0.000900 0.001800 0.000900 0.001400 0.000900 0.001400 0.000900 0.001400 0.001800 0.002700 0.000500 0.000000
Oribi 0.000100 0.002200 0.000900 0.009500 0.000900 0.000100 0.000100 0.000500 0.000900 0.000100 0.000500 0.000500 0.000900 0.000900 0.001400 0.000500 0.000500 0.000100 0.000100 0.000900 0.000000 0.000100 0.000100 0.000400 0.000900 0.000900 0.001400 0.000900 0.000900 0.000900 0.000500 0.000900 0.000900 0.000100 0.000100 0.000100 0.000500 0.000500 0.000900 0.000500 0.000100 0.000900 0.000100 0.000400 0.000100 0.000500 0.000100 0.000500 0.000900 0.001800 0.001400 0.000900
BarbaryShe 0.000000 0.002200 0.000900 0.009500 0.000900 0.000000 0.000100 0.000500 0.000900 0.000100 0.000500 0.000500 0.000900 0.000900 0.001400 0.000500 0.000500 0.000100 0.000000 0.000900 0.000100 0.000000 0.000100 0.000500 0.000900 0.000900 0.001400 0.000900 0.000900 0.000900 0.000500 0.000900 0.000900 0.000100 0.000100 0.000100 0.000500 0.000500 0.000900 0.000500 0.000100 0.000900 0.000100 0.000500 0.000100 0.000500 0.000100 0.000500 0.000900 0.001800 0.001400 0.000900
Daviddeer 0.000100 0.002200 0.000900 0.009500 0.000900 0.000100 0.000100 0.000500 0.000900 0.000100 0.000500 0.000500 0.000900 0.000900 0.001400 0.000500 0.000500 0.000100 0.000100 0.000900 0.000100 0.000100 0.000000 0.000500 0.000900 0.000900 0.001400 0.000900 0.000900 0.000900 0.000500 0.000900 0.000900 0.000100 0.000100 0.000100 0.000500 0.000500 0.000900 0.000500 0.000000 0.000900 0.000100 0.000500 0.000100 0.000500 0.000100 0.000500 0.000900 0.001800 0.001400 0.000900
Reindeer 0.000500 0.002600 0.001400 0.009900 0.001400 0.000500 0.000500 0.000900 0.001400 0.000500 0.000900 0.000900 0.001400 0.001400 0.001800 0.000900 0.000900 0.000400 0.000500 0.001400 0.000400 0.000500 0.000500 0.000000 0.001400 0.001400 0.001800 0.001400 0.001400 0.001400 0.000900 0.001400 0.001400 0.000400 0.000500 0.000500 0.000900 0.000900 0.001400 0.000900 0.000500 0.001400 0.000500 0.000000 0.000500 0.000900 0.000400 0.000900 0.001300 0.002300 0.001800 0.001400
Ibex 0.000900 0.003100 0.001800 0.010400 0.001800 0.000900 0.000900 0.001400 0.001800 0.000900 0.000500 0.001400 0.001800 0.001800 0.002300 0.001400 0.001400 0.000900 0.000900 0.001800 0.000900 0.000900 0.000900 0.001400 0.000000 0.001800 0.002300 0.001800 0.000900 0.001800 0.001400 0.000900 0.001800 0.000900 0.000900 0.000900 0.001400 0.001400 0.001800 0.001400 0.000900 0.001800 0.000900 0.001400 0.000900 0.001400 0.000900 0.001400 0.001800 0.001800 0.002300 0.001800
GyrantGaze 0.000900 0.003100 0.001800 0.010400 0.001800 0.000900 0.000900 0.001400 0.001800 0.000900 0.001400 0.001400 0.001800 0.001800 0.002300 0.000500 0.000900 0.000900 0.000900 0.001800 0.000900 0.000900 0.000900 0.001400 0.001800 0.000000 0.002300 0.001800 0.000900 0.001800 0.001400 0.001800 0.001800 0.000900 0.000900 0.000900 0.001400 0.001400 0.001800 0.001400 0.000900 0.000000 0.000900 0.001400 0.000900 0.001400 0.000900 0.001400 0.001800 0.002700 0.002300 0.001800
Hartebeest 0.001400 0.003500 0.002300 0.010800 0.002300 0.001400 0.001400 0.001800 0.002300 0.001400 0.001800 0.001800 0.002300 0.002300 0.002700 0.001800 0.001800 0.001400 0.001400 0.002300 0.001400 0.001400 0.001400 0.001800 0.002300 0.002300 0.000000 0.002300 0.002300 0.002300 0.001800 0.002300 0.001400 0.001400 0.001400 0.001400 0.001800 0.001800 0.002300 0.001800 0.001400 0.002300 0.001400 0.001800 0.001400 0.001400 0.001400 0.001800 0.002300 0.003200 0.002700 0.002300
Bongo 0.000900 0.003100 0.000900 0.010500 0.001800 0.000900 0.000900 0.001400 0.000000 0.000900 0.001400 0.001400 0.001800 0.001800 0.002300 0.001400 0.001400 0.000900 0.000900 0.000000 0.000900 0.000900 0.000900 0.001400 0.001800 0.001800 0.002300 0.000000 0.001800 0.000000 0.001400 0.001800 0.000900 0.000900 0.000900 0.000900 0.001400 0.001400 0.000900 0.001400 0.000900 0.001800 0.000900 0.001400 0.000900 0.001400 0.000900 0.001400 0.001800 0.002700 0.000500 0.000000
Gerenuk 0.000900 0.003100 0.001800 0.010400 0.001800 0.000900 0.000900 0.001400 0.001800 0.000900 0.000500 0.001400 0.001800 0.001800 0.002300 0.000500 0.001400 0.000900 0.000900 0.001800 0.000900 0.000900 0.000900 0.001400 0.000900 0.000900 0.002300 0.001800 0.000000 0.001800 0.001400 0.000900 0.001800 0.000900 0.000900 0.000900 0.001400 0.001400 0.001800 0.001400 0.000900 0.000900 0.000900 0.001400 0.000900 0.001400 0.000900 0.001400 0.001800 0.001800 0.002300 0.001800
CommonElan 0.000900 0.003100 0.000900 0.010500 0.001800 0.000900 0.000900 0.001400 0.000000 0.000900 0.001400 0.001400 0.001800 0.001800 0.002300 0.001400 0.001400 0.000900 0.000900 0.000000 0.000900 0.000900 0.000900 0.001400 0.001800 0.001800 0.002300 0.000000 0.001800 0.000000 0.001400 0.001800 0.000900 0.000900 0.000900 0.000900 0.001400 0.001400 0.000900 0.001400 0.000900 0.001800 0.000900 0.001400 0.000900 0.001400 0.000900 0.001400 0.001800 0.002700 0.000500 0.000000
MuntiacusR 0.000500 0.002600 0.001400 0.009900 0.001400 0.000500 0.000500 0.000900 0.001400 0.000500 0.000900 0.000900 0.001400 0.001400 0.001800 0.000900 0.000900 0.000500 0.000500 0.001400 0.000500 0.000500 0.000500 0.000900 0.001400 0.001400 0.001800 0.001400 0.001400 0.001400 0.000000 0.001400 0.001400 0.000500 0.000500 0.000500 0.000900 0.000900 0.001400 0.000900 0.000500 0.001400 0.000500 0.000900 0.000500 0.000900 0.000500 0.000900 0.001400 0.002300 0.001800 0.001400
HarveysDui 0.000900 0.003100 0.001800 0.010400 0.001800 0.000900 0.000900 0.001400 0.001800 0.000900 0.000500 0.001400 0.001800 0.000900 0.002300 0.001400 0.001400 0.000900 0.000900 0.001800 0.000900 0.000900 0.000900 0.001400 0.000900 0.001800 0.002300 0.001800 0.000900 0.001800 0.001400 0.000000 0.001800 0.000900 0.000900 0.000900 0.001400 0.001400 0.001800 0.001400 0.000900 0.001800 0.000900 0.001400 0.000900 0.001400 0.000900 0.001400 0.001800 0.000900 0.002300 0.001800
Pronghorn 0.000900 0.003100 0.000900 0.010500 0.001800 0.000900 0.000900 0.001400 0.000900 0.000900 0.001400 0.001400 0.001800 0.001800 0.002300 0.001400 0.001400 0.000900 0.000900 0.000900 0.000900 0.000900 0.000900 0.001400 0.001800 0.001800 0.001400 0.000900 0.001800 0.000900 0.001400 0.001800 0.000000 0.000900 0.000900 0.000900 0.001400 0.001400 0.000900 0.001400 0.000900 0.001800 0.000900 0.001400 0.000900 0.001400 0.000900 0.001400 0.001800 0.002700 0.001400 0.000900
BlueWildeb 0.000100 0.002200 0.000900 0.009500 0.000900 0.000100 0.000100 0.000500 0.000900 0.000100 0.000500 0.000500 0.000900 0.000900 0.001400 0.000500 0.000500 0.000100 0.000100 0.000900 0.000100 0.000100 0.000100 0.000400 0.000900 0.000900 0.001400 0.000900 0.000900 0.000900 0.000500 0.000900 0.000900 0.000000 0.000000 0.000100 0.000500 0.000500 0.000900 0.000500 0.000100 0.000900 0.000100 0.000500 0.000100 0.000500 0.000100 0.000500 0.000900 0.001800 0.001400 0.000900
Gemsbok 0.000100 0.002200 0.000900 0.009500 0.000900 0.000100 0.000100 0.000500 0.000900 0.000100 0.000500 0.000500 0.000900 0.000900 0.001400 0.000500 0.000500 0.000100 0.000100 0.000900 0.000100 0.000100 0.000100 0.000500 0.000900 0.000900 0.001400 0.000900 0.000900 0.000900 0.000500 0.000900 0.000900 0.000000 0.000000 0.000100 0.000500 0.000500 0.000900 0.000500 0.000100 0.000900 0.000100 0.000500 0.000100 0.000500 0.000100 0.000500 0.000900 0.001800 0.001400 0.000900
Yak 0.000100 0.002200 0.000900 0.009500 0.000900 0.000100 0.000100 0.000500 0.000900 0.000100 0.000500 0.000500 0.000900 0.000900 0.001400 0.000500 0.000500 0.000100 0.000100 0.000900 0.000100 0.000100 0.000100 0.000500 0.000900 0.000900 0.001400 0.000900 0.000900 0.000900 0.000500 0.000900 0.000900 0.000100 0.000100 0.000000 0.000500 0.000500 0.000900 0.000500 0.000100 0.000900 0.000100 0.000500 0.000000 0.000500 0.000100 0.000500 0.000900 0.001800 0.001400 0.000900
BlueSheep 0.000500 0.002600 0.001400 0.009900 0.001400 0.000500 0.000500 0.000900 0.001400 0.000500 0.000900 0.000900 0.001400 0.001400 0.001800 0.000900 0.000900 0.000500 0.000500 0.001400 0.000500 0.000500 0.000500 0.000900 0.001400 0.001400 0.001800 0.001400 0.001400 0.001400 0.000900 0.001400 0.001400 0.000500 0.000500 0.000500 0.000000 0.000900 0.001400 0.000900 0.000500 0.001400 0.000500 0.000900 0.000500 0.000900 0.000500 0.000900 0.001400 0.002300 0.001800 0.001400
BohorReedb 0.000500 0.002600 0.001400 0.009900 0.000500 0.000500 0.000500 0.000900 0.001400 0.000500 0.000900 0.000900 0.001400 0.001400 0.001800 0.000900 0.000900 0.000500 0.000500 0.001400 0.000500 0.000500 0.000500 0.000900 0.001400 0.001400 0.001800 0.001400 0.001400 0.001400 0.000900 0.001400 0.001400 0.000500 0.000500 0.000500 0.000900 0.000000 0.001400 0.000900 0.000500 0.001400 0.000500 0.000900 0.000500 0.000900 0.000500 0.000900 0.001400 0.002300 0.001800 0.001400
KirksDik 0.000900 0.003100 0.000900 0.010400 0.001800 0.000900 0.000900 0.001400 0.000900 0.000900 0.001400 0.001400 0.001800 0.001800 0.002300 0.001400 0.001400 0.000900 0.000900 0.000900 0.000900 0.000900 0.000900 0.001400 0.001800 0.001800 0.002300 0.000900 0.001800 0.000900 0.001400 0.001800 0.000900 0.000900 0.000900 0.000900 0.001400 0.001400 0.000000 0.001400 0.000900 0.001800 0.000900 0.001400 0.000900 0.001400 0.000900 0.001400 0.001800 0.002700 0.001400 0.000900
RoeDeer 0.000500 0.002600 0.001400 0.009900 0.001400 0.000500 0.000500 0.000900 0.001400 0.000500 0.000900 0.000900 0.001400 0.001400 0.001800 0.000900 0.000900 0.000500 0.000500 0.001400 0.000500 0.000500 0.000500 0.000900 0.001400 0.001400 0.001800 0.001400 0.001400 0.001400 0.000900 0.001400 0.001400 0.000500 0.000500 0.000500 0.000900 0.000900 0.001400 0.000000 0.000500 0.001400 0.000500 0.000900 0.000500 0.000900 0.000500 0.000900 0.001400 0.002300 0.001800 0.001400
WhiteLippe 0.000100 0.002200 0.000900 0.009500 0.000900 0.000100 0.000100 0.000500 0.000900 0.000100 0.000500 0.000500 0.000900 0.000900 0.001400 0.000500 0.000500 0.000100 0.000100 0.000900 0.000100 0.000100 0.000000 0.000500 0.000900 0.000900 0.001400 0.000900 0.000900 0.000900 0.000500 0.000900 0.000900 0.000100 0.000100 0.000100 0.000500 0.000500 0.000900 0.000500 0.000000 0.000900 0.000100 0.000500 0.000100 0.000500 0.000100 0.000500 0.000900 0.001800 0.001400 0.000900
ThomsonGaz 0.000900 0.003100 0.001800 0.010400 0.001800 0.000900 0.000900 0.001400 0.001800 0.000900 0.001400 0.001400 0.001800 0.001800 0.002300 0.000500 0.000900 0.000900 0.000900 0.001800 0.000900 0.000900 0.000900 0.001400 0.001800 0.000000 0.002300 0.001800 0.000900 0.001800 0.001400 0.001800 0.001800 0.000900 0.000900 0.000900 0.001400 0.001400 0.001800 0.001400 0.000900 0.000000 0.000900 0.001400 0.000900 0.001400 0.000900 0.001400 0.001800 0.002700 0.002300 0.001800
MuntiacusC 0.000100 0.002200 0.000900 0.009500 0.000900 0.000100 0.000100 0.000500 0.000900 0.000000 0.000500 0.000500 0.000900 0.000900 0.001400 0.000500 0.000500 0.000100 0.000100 0.000900 0.000100 0.000100 0.000100 0.000500 0.000900 0.000900 0.001400 0.000900 0.000900 0.000900 0.000500 0.000900 0.000900 0.000100 0.000100 0.000100 0.000500 0.000500 0.000900 0.000500 0.000100 0.000900 0.000000 0.000500 0.000100 0.000500 0.000100 0.000500 0.000900 0.001800 0.001400 0.000900
WhiteTaile 0.000500 0.002600 0.001400 0.009900 0.001400 0.000500 0.000500 0.000900 0.001400 0.000500 0.000900 0.000900 0.001400 0.001400 0.001800 0.000900 0.000900 0.000500 0.000500 0.001400 0.000400 0.000500 0.000500 0.000000 0.001400 0.001400 0.001800 0.001400 0.001400 0.001400 0.000900 0.001400 0.001400 0.000500 0.000500 0.000500 0.000900 0.000900 0.001400 0.000900 0.000500 0.001400 0.000500 0.000000 0.000500 0.000900 0.000500 0.000900 0.001300 0.002300 0.001800 0.001400
Cattle 0.000100 0.002200 0.000900 0.009500 0.000900 0.000100 0.000100 0.000500 0.000900 0.000100 0.000500 0.000500 0.000900 0.000900 0.001400 0.000500 0.000500 0.000100 0.000100 0.000900 0.000100 0.000100 0.000100 0.000500 0.000900 0.000900 0.001400 0.000900 0.000900 0.000900 0.000500 0.000900 0.000900 0.000100 0.000100 0.000000 0.000500 0.000500 0.000900 0.000500 0.000100 0.000900 0.000100 0.000500 0.000000 0.000500 0.000100 0.000500 0.000900 0.001800 0.001400 0.000900
RoyalAntel 0.000500 0.002600 0.001400 0.009900 0.001400 0.000500 0.000500 0.000900 0.001400 0.000500 0.000900 0.000900 0.001400 0.001400 0.001800 0.000900 0.000900 0.000500 0.000500 0.001400 0.000500 0.000500 0.000500 0.000900 0.001400 0.001400 0.001400 0.001400 0.001400 0.001400 0.000900 0.001400 0.001400 0.000500 0.000500 0.000500 0.000900 0.000900 0.001400 0.000900 0.000500 0.001400 0.000500 0.000900 0.000500 0.000000 0.000500 0.000900 0.001400 0.002300 0.001800 0.001400
Steenbok 0.000100 0.002200 0.000900 0.009500 0.000900 0.000100 0.000100 0.000500 0.000900 0.000100 0.000500 0.000500 0.000900 0.000900 0.001400 0.000500 0.000500 0.000100 0.000100 0.000900 0.000100 0.000100 0.000100 0.000400 0.000900 0.000900 0.001400 0.000900 0.000900 0.000900 0.000500 0.000900 0.000900 0.000100 0.000100 0.000100 0.000500 0.000500 0.000900 0.000500 0.000100 0.000900 0.000100 0.000500 0.000100 0.000500 0.000000 0.000500 0.000900 0.001800 0.001400 0.000900
Impala 0.000500 0.002600 0.001400 0.009900 0.001400 0.000500 0.000500 0.000900 0.001400 0.000500 0.000900 0.000900 0.001400 0.001400 0.001800 0.000900 0.000900 0.000500 0.000500 0.001400 0.000500 0.000500 0.000500 0.000900 0.001400 0.001400 0.001800 0.001400 0.001400 0.001400 0.000900 0.001400 0.001400 0.000500 0.000500 0.000500 0.000900 0.000900 0.001400 0.000900 0.000500 0.001400 0.000500 0.000900 0.000500 0.000900 0.000500 0.000000 0.001400 0.002300 0.001800 0.001400
Klipspring 0.000900 0.003100 0.001800 0.010400 0.001800 0.000900 0.000900 0.001400 0.001800 0.000900 0.001400 0.001400 0.001800 0.001800 0.002300 0.001400 0.001400 0.000900 0.000900 0.001800 0.000900 0.000900 0.000900 0.001300 0.001800 0.001800 0.002300 0.001800 0.001800 0.001800 0.001400 0.001800 0.001800 0.000900 0.000900 0.000900 0.001400 0.001400 0.001800 0.001400 0.000900 0.001800 0.000900 0.001300 0.000900 0.001400 0.000900 0.001400 0.000000 0.002700 0.002300 0.001800
ForestMusk 0.001800 0.004000 0.002700 0.011300 0.002700 0.001800 0.001800 0.002300 0.002700 0.001800 0.001400 0.002300 0.002700 0.001800 0.003200 0.002300 0.002300 0.001800 0.001800 0.002700 0.001800 0.001800 0.001800 0.002300 0.001800 0.002700 0.003200 0.002700 0.001800 0.002700 0.002300 0.000900 0.002700 0.001800 0.001800 0.001800 0.002300 0.002300 0.002700 0.002300 0.001800 0.002700 0.001800 0.002300 0.001800 0.002300 0.001800 0.002300 0.002700 0.000000 0.003200 0.002700
Bushbuck 0.001400 0.003600 0.001400 0.010900 0.002300 0.001400 0.001400 0.001800 0.000500 0.001400 0.001800 0.001800 0.002300 0.002300 0.002700 0.001800 0.001800 0.001400 0.001400 0.000500 0.001400 0.001400 0.001400 0.001800 0.002300 0.002300 0.002700 0.000500 0.002300 0.000500 0.001800 0.002300 0.001400 0.001400 0.001400 0.001400 0.001800 0.001800 0.001400 0.001800 0.001400 0.002300 0.001400 0.001800 0.001400 0.001800 0.001400 0.001800 0.002300 0.003200 0.000000 0.000500
GreaterKud 0.000900 0.003100 0.000900 0.010500 0.001800 0.000900 0.000900 0.001400 0.000000 0.000900 0.001400 0.001400 0.001800 0.001800 0.002300 0.001400 0.001400 0.000900 0.000900 0.000000 0.000900 0.000900 0.000900 0.001400 0.001800 0.001800 0.002300 0.000000 0.001800 0.000000 0.001400 0.001800 0.000900 0.000900 0.000900 0.000900 0.001400 0.001400 0.000900 0.001400 0.000900 0.001800 0.000900 0.001400 0.000900 0.001400 0.000900 0.001400 0.001800 0.002700 0.000500 0.000000
