1
52 1
Argali 0.000000 0.244900 0.106800 0.121900 0.039900 0.007600 0.048200 0.075400 0.089600 0.073500 0.007700 0.073600 0.081300 0.040100 0.083200 0.057200 0.057700 0.048900 0.055800 0.115000 0.049000 0.007500 0.142500 0.157000 0.007500 0.056600 0.081300 0.105700 0.065400 0.097700 0.081900 0.048400 0.073600 0.081300 0.072700 0.073400 0.007500 0.048000 0.056700 0.122900 0.143700 0.056600 0.081900 0.148500 0.064600 0.040100 0.064800 0.057500 0.048100 0.091600 0.106600 0.115900
LesserMous 0.244900 0.000000 0.280700 0.237700 0.224600 0.256900 0.213300 0.273700 0.238200 0.219100 0.254400 0.240800 0.252300 0.224600 0.235700 0.247700 0.203000 0.212200 0.323200 0.267100 0.238300 0.254400 0.256000 0.252000 0.254400 0.245000 0.252300 0.255400 0.257500 0.247000 0.228800 0.235100 0.200400 0.252300 0.263400 0.219700 0.254400 0.233000 0.245900 0.254900 0.257700 0.245000 0.228800 0.242700 0.229400 0.224600 0.223200 0.226300 0.213000 0.221400 0.258000 0.269100
LesserKudu 0.106800 0.280700 0.000000 0.137300 0.064300 0.116100 0.072300 0.100600 0.046400 0.071700 0.097500 0.063600 0.088700 0.064300 0.090400 0.081700 0.064600 0.056000 0.151800 0.054000 0.090900 0.097500 0.130100 0.144600 0.097500 0.080900 0.088700 0.045900 0.072800 0.038300 0.079900 0.072600 0.097200 0.088700 0.080200 0.063400 0.097500 0.072200 0.098700 0.111500 0.131200 0.080900 0.079900 0.136300 0.054900 0.064300 0.107100 0.082200 0.089200 0.080700 0.046200 0.054400
KillerWhal 0.121900 0.237700 0.137300 0.000000 0.104000 0.132100 0.112600 0.145700 0.119100 0.119700 0.130700 0.102300 0.130200 0.104000 0.152700 0.123700 0.103700 0.094000 0.190600 0.127100 0.095900 0.130700 0.192600 0.208900 0.130700 0.122200 0.130200 0.135900 0.132800 0.127600 0.128500 0.113300 0.120200 0.130200 0.111600 0.102400 0.130700 0.112400 0.142100 0.172900 0.194500 0.122200 0.128500 0.199900 0.092800 0.104000 0.151500 0.124100 0.112400 0.120600 0.137000 0.128000
DefassaWat 0.039900 0.224600 0.064300 0.104000 0.000000 0.048400 0.007900 0.032900 0.047900 0.032000 0.031800 0.032100 0.039800 0.000000 0.040700 0.016000 0.016200 0.008000 0.082200 0.072300 0.023300 0.031800 0.098100 0.112800 0.031800 0.015800 0.039800 0.063700 0.024000 0.055800 0.040100 0.007700 0.048600 0.039800 0.031700 0.030800 0.031800 0.007900 0.030900 0.080100 0.099000 0.015800 0.040100 0.104600 0.022700 0.000000 0.040200 0.016100 0.023800 0.048900 0.064100 0.072900
Sheep 0.007600 0.256900 0.116100 0.132100 0.048400 0.000000 0.056700 0.084700 0.098800 0.082500 0.015600 0.082700 0.090300 0.048600 0.083400 0.048900 0.066600 0.057700 0.064400 0.124400 0.057800 0.015600 0.133600 0.166900 0.015600 0.065300 0.090300 0.114900 0.057000 0.106900 0.091000 0.057000 0.082600 0.090300 0.081600 0.082400 0.015100 0.056600 0.065500 0.132400 0.134700 0.065300 0.091000 0.158300 0.073400 0.048600 0.073700 0.066400 0.056600 0.100900 0.115900 0.125400
MaxwellsDu 0.048200 0.213300 0.072300 0.112600 0.007900 0.056700 0.000000 0.041000 0.055800 0.040000 0.039700 0.040100 0.047700 0.007900 0.048800 0.024000 0.024200 0.016000 0.090400 0.080300 0.032400 0.039700 0.106300 0.120900 0.039700 0.023800 0.047700 0.071600 0.032000 0.063800 0.048100 0.015800 0.056600 0.047700 0.039600 0.039900 0.039700 0.015200 0.040200 0.088100 0.107200 0.023800 0.048100 0.112700 0.031600 0.007900 0.048300 0.024200 0.015700 0.057000 0.072100 0.080900
GazellaPrz 0.075400 0.273700 0.100600 0.145700 0.032900 0.084700 0.041000 0.000000 0.083300 0.066800 0.066300 0.067000 0.074900 0.032900 0.076700 0.033000 0.050700 0.041800 0.120300 0.109000 0.041700 0.066300 0.136600 0.151300 0.066300 0.032600 0.074900 0.099600 0.041300 0.091500 0.075300 0.041200 0.084500 0.074900 0.066100 0.066800 0.066300 0.041000 0.049700 0.117000 0.137900 0.032600 0.075300 0.142700 0.057800 0.031100 0.058100 0.050500 0.058000 0.085100 0.100400 0.109900
MountainNy 0.089600 0.238200 0.046400 0.119100 0.047900 0.098800 0.055800 0.083300 0.000000 0.063600 0.080600 0.047300 0.088900 0.047900 0.073400 0.064900 0.048100 0.039700 0.133700 0.022700 0.073800 0.080600 0.112800 0.127300 0.080600 0.064300 0.088900 0.015000 0.073100 0.007300 0.071700 0.056100 0.080400 0.088900 0.062300 0.047200 0.080600 0.055700 0.081600 0.094700 0.113800 0.064300 0.071700 0.119200 0.038900 0.047900 0.089900 0.065300 0.072500 0.064100 0.015100 0.038500
MuntiacusM 0.073500 0.219100 0.071700 0.119700 0.032000 0.082500 0.040000 0.066800 0.063600 0.000000 0.064600 0.047700 0.072900 0.032000 0.074300 0.048800 0.031900 0.022700 0.117200 0.071300 0.057600 0.064600 0.096100 0.094500 0.064600 0.048300 0.072900 0.062800 0.057000 0.071500 0.007700 0.040200 0.047700 0.072900 0.064400 0.047800 0.064600 0.039900 0.065400 0.062600 0.096800 0.048300 0.007500 0.086500 0.039400 0.032000 0.073700 0.048900 0.056500 0.047800 0.079900 0.071900
goat 0.007700 0.254400 0.097500 0.130700 0.031800 0.015600 0.039700 0.066300 0.080600 0.064600 0.000000 0.064800 0.072400 0.031800 0.074100 0.048500 0.048900 0.040300 0.047300 0.104500 0.057200 0.000000 0.132600 0.147100 0.000000 0.048000 0.072400 0.096500 0.056600 0.088700 0.072900 0.039900 0.081800 0.072400 0.064000 0.064500 0.000000 0.037300 0.048100 0.113500 0.133700 0.048000 0.072900 0.138800 0.055900 0.031800 0.056100 0.048800 0.056100 0.082300 0.097300 0.106500
AfricanBuf 0.073600 0.240800 0.063600 0.102300 0.032100 0.082700 0.040100 0.067000 0.047300 0.047700 0.064800 0.000000 0.073100 0.032100 0.074500 0.049000 0.032100 0.023900 0.117500 0.071500 0.057700 0.064800 0.113700 0.128700 0.064800 0.048400 0.073100 0.063000 0.057200 0.055200 0.055800 0.040300 0.064300 0.073100 0.048000 0.015700 0.064800 0.040000 0.065600 0.095900 0.114700 0.048400 0.055800 0.120500 0.007800 0.032100 0.073900 0.049100 0.056600 0.064700 0.063400 0.072000
Topi 0.081300 0.252300 0.088700 0.130200 0.039800 0.090300 0.047700 0.074900 0.088900 0.072900 0.072400 0.073100 0.000000 0.039800 0.082500 0.056700 0.057200 0.048600 0.125100 0.114100 0.065500 0.072400 0.141000 0.137500 0.072400 0.056100 0.000000 0.104900 0.048100 0.097000 0.081200 0.048000 0.090200 0.000000 0.072200 0.072900 0.072400 0.047700 0.073200 0.121900 0.142300 0.056100 0.081200 0.129200 0.064200 0.039800 0.081500 0.057100 0.064300 0.090700 0.105700 0.114900
CommonDuik 0.040100 0.224600 0.064300 0.104000 0.000000 0.048600 0.007900 0.032900 0.047900 0.032000 0.031800 0.032100 0.039800 0.000000 0.040700 0.016000 0.016200 0.008000 0.082200 0.072300 0.024300 0.031800 0.098100 0.112800 0.031800 0.015800 0.039800 0.063700 0.024000 0.055800 0.040100 0.007600 0.048600 0.039800 0.031700 0.032000 0.031800 0.007900 0.032200 0.080100 0.099000 0.015800 0.040100 0.104600 0.023800 0.000000 0.040200 0.016100 0.023800 0.048900 0.064100 0.072900
Suni 0.083200 0.235700 0.090400 0.152700 0.040700 0.083400 0.048800 0.076700 0.073400 0.074300 0.074100 0.074500 0.082500 0.040700 0.000000 0.049400 0.041200 0.049500 0.128000 0.098600 0.067100 0.074100 0.134100 0.158900 0.074100 0.057400 0.082500 0.089500 0.057700 0.081500 0.082700 0.049100 0.091900 0.082500 0.056800 0.057300 0.074100 0.032200 0.057600 0.124500 0.116900 0.057400 0.082700 0.150300 0.065600 0.040700 0.065900 0.041100 0.065800 0.092500 0.090200 0.099400
Springbuck 0.057200 0.247700 0.081700 0.123700 0.016000 0.048900 0.024000 0.033000 0.064900 0.048800 0.048500 0.049000 0.056700 0.016000 0.049400 0.000000 0.032900 0.024400 0.100400 0.089900 0.024400 0.048500 0.098600 0.131200 0.048500 0.015900 0.056700 0.080900 0.007900 0.073000 0.057100 0.024100 0.065900 0.056700 0.048300 0.048800 0.048500 0.024000 0.032300 0.097800 0.099400 0.015400 0.057100 0.122900 0.040300 0.016000 0.040400 0.032800 0.039000 0.066300 0.081600 0.090600
Okapi 0.057700 0.203000 0.064600 0.103700 0.016200 0.066600 0.024200 0.050700 0.048100 0.031900 0.048900 0.032100 0.057200 0.016200 0.041200 0.032900 0.000000 0.007700 0.101400 0.072700 0.041600 0.048900 0.097800 0.113300 0.048900 0.032500 0.057200 0.064000 0.041100 0.056100 0.040000 0.024300 0.048600 0.057200 0.048800 0.032100 0.048900 0.024200 0.049500 0.080500 0.098600 0.032500 0.038700 0.105100 0.023900 0.016200 0.057900 0.016300 0.040800 0.048700 0.064500 0.073200
Giraffe 0.048900 0.212200 0.056000 0.094000 0.008000 0.057700 0.016000 0.041800 0.039700 0.022700 0.040300 0.023900 0.048600 0.008000 0.049500 0.024400 0.007700 0.000000 0.092000 0.064000 0.032900 0.040300 0.088700 0.104200 0.040300 0.024100 0.048600 0.055400 0.032600 0.047600 0.031700 0.016100 0.040100 0.048600 0.040200 0.023900 0.040300 0.016000 0.040800 0.071700 0.089500 0.024100 0.030400 0.096100 0.015800 0.008000 0.049100 0.024500 0.032300 0.040200 0.055800 0.064400
TibetanAnt 0.055800 0.323200 0.151800 0.190600 0.082200 0.064400 0.090400 0.120300 0.133700 0.117200 0.047300 0.117500 0.125100 0.082200 0.128000 0.100400 0.101400 0.092000 0.000000 0.160200 0.110000 0.047300 0.189300 0.203700 0.047300 0.099400 0.125100 0.150200 0.108900 0.142100 0.125900 0.090800 0.135700 0.125100 0.116000 0.117100 0.047300 0.090200 0.099600 0.168200 0.191100 0.099400 0.125900 0.194800 0.107600 0.082200 0.108000 0.101100 0.107900 0.136600 0.151400 0.161400
Sitatunga 0.115000 0.267100 0.054000 0.127100 0.072300 0.124400 0.080300 0.109000 0.022700 0.071300 0.104500 0.071500 0.114100 0.072300 0.098600 0.089900 0.072700 0.064000 0.160200 0.000000 0.081600 0.105600 0.120600 0.135100 0.105600 0.088000 0.114100 0.007300 0.098200 0.015000 0.079500 0.080700 0.105300 0.114100 0.079600 0.071300 0.105600 0.080200 0.106800 0.102400 0.121600 0.089000 0.079500 0.126900 0.062800 0.072300 0.115300 0.090500 0.097300 0.088700 0.022600 0.014700
Oribi 0.049000 0.238300 0.090900 0.095900 0.023300 0.057800 0.032400 0.041700 0.073800 0.057600 0.057200 0.057700 0.065500 0.024300 0.067100 0.024400 0.041600 0.032900 0.110000 0.081600 0.000000 0.057200 0.126300 0.141000 0.057200 0.024100 0.065500 0.090000 0.032500 0.082000 0.065900 0.031600 0.057700 0.065500 0.048500 0.057500 0.057200 0.031100 0.040800 0.107100 0.127400 0.024300 0.065900 0.132500 0.048800 0.023300 0.049000 0.041500 0.032300 0.075500 0.090400 0.082300
BarbaryShe 0.007500 0.254400 0.097500 0.130700 0.031800 0.015600 0.039700 0.066300 0.080600 0.064600 0.000000 0.064800 0.072400 0.031800 0.074100 0.048500 0.048900 0.040300 0.047300 0.105600 0.057200 0.000000 0.132600 0.147100 0.000000 0.048000 0.072400 0.096500 0.056600 0.088700 0.072900 0.039900 0.081800 0.072400 0.064000 0.064500 0.000000 0.039600 0.048100 0.113500 0.133700 0.048000 0.072900 0.138800 0.055900 0.031800 0.056100 0.048800 0.056100 0.082300 0.097300 0.106500
Daviddeer 0.142500 0.256000 0.130100 0.192600 0.098100 0.133600 0.106300 0.136600 0.112800 0.096100 0.132600 0.113700 0.141000 0.098100 0.134100 0.098600 0.097800 0.088700 0.189300 0.120600 0.126300 0.132600 0.000000 0.045000 0.132600 0.097900 0.141000 0.111500 0.106900 0.120900 0.087300 0.106800 0.131600 0.141000 0.131900 0.113700 0.132600 0.106000 0.115700 0.061400 0.045900 0.097900 0.087300 0.037400 0.104600 0.098100 0.142700 0.116700 0.123900 0.114200 0.129800 0.121500
Reindeer 0.157000 0.252000 0.144600 0.208900 0.112800 0.166900 0.120900 0.151300 0.127300 0.094500 0.147100 0.128700 0.137500 0.112800 0.158900 0.131200 0.113300 0.104200 0.203700 0.135100 0.141000 0.147100 0.045000 0.000000 0.147100 0.130000 0.137500 0.125900 0.139600 0.135300 0.086000 0.121500 0.128900 0.137500 0.146400 0.128300 0.147100 0.120700 0.130300 0.044600 0.077000 0.130000 0.086000 0.007100 0.119100 0.112800 0.157300 0.131900 0.138400 0.112300 0.144800 0.136000
Ibex 0.007500 0.254400 0.097500 0.130700 0.031800 0.015600 0.039700 0.066300 0.080600 0.064600 0.000000 0.064800 0.072400 0.031800 0.074100 0.048500 0.048900 0.040300 0.047300 0.105600 0.057200 0.000000 0.132600 0.147100 0.000000 0.048000 0.072400 0.096500 0.056600 0.088700 0.072900 0.039900 0.081800 0.072400 0.064000 0.059400 0.000000 0.039600 0.048100 0.113500 0.133700 0.048000 0.072900 0.138800 0.055900 0.031800 0.056100 0.048800 0.056100 0.082300 0.097300 0.106500
GyrantGaze 0.056600 0.245000 0.080900 0.122200 0.015800 0.065300 0.023800 0.032600 0.064300 0.048300 0.048000 0.048400 0.056100 0.015800 0.057400 0.015900 0.032500 0.024100 0.099400 0.088000 0.024100 0.048000 0.097900 0.130000 0.048000 0.000000 0.056100 0.080100 0.023900 0.072300 0.056500 0.023900 0.065200 0.056100 0.047800 0.048300 0.048000 0.023700 0.032000 0.096800 0.116400 0.000000 0.056500 0.121800 0.039800 0.015300 0.040000 0.032400 0.040000 0.065600 0.080800 0.089700
Hartebeest 0.081300 0.252300 0.088700 0.130200 0.039800 0.090300 0.047700 0.074900 0.088900 0.072900 0.072400 0.073100 0.000000 0.039800 0.082500 0.056700 0.057200 0.048600 0.125100 0.114100 0.065500 0.072400 0.141000 0.137500 0.072400 0.056100 0.000000 0.104900 0.048100 0.097000 0.081200 0.048000 0.090200 0.000000 0.072200 0.072900 0.072400 0.047700 0.073200 0.121900 0.142300 0.056100 0.081200 0.129200 0.064200 0.039800 0.081500 0.057100 0.064300 0.090700 0.105000 0.114900
Bongo 0.105700 0.255400 0.045900 0.135900 0.063700 0.114900 0.071600 0.099600 0.015000 0.062800 0.096500 0.063000 0.104900 0.063700 0.089500 0.080900 0.064000 0.055400 0.150200 0.007300 0.090000 0.096500 0.111500 0.125900 0.096500 0.080100 0.104900 0.000000 0.089100 0.007300 0.070800 0.071900 0.096200 0.104900 0.079400 0.062800 0.096500 0.071500 0.097600 0.093700 0.112400 0.080100 0.070800 0.117800 0.054400 0.063700 0.106000 0.081400 0.088300 0.079900 0.014900 0.022200
Gerenuk 0.065400 0.257500 0.072800 0.132800 0.024000 0.057000 0.032000 0.041300 0.073100 0.057000 0.056600 0.057200 0.048100 0.024000 0.057700 0.007900 0.041100 0.032600 0.108900 0.098200 0.032500 0.056600 0.106900 0.139600 0.056600 0.023900 0.048100 0.089100 0.000000 0.081200 0.065300 0.030500 0.074200 0.048100 0.056400 0.057000 0.056600 0.030700 0.040400 0.106000 0.107800 0.023900 0.065300 0.131200 0.048300 0.024000 0.048500 0.041000 0.048500 0.074600 0.089800 0.099000
CommonElan 0.097700 0.247000 0.038300 0.127600 0.055800 0.106900 0.063800 0.091500 0.007300 0.071500 0.088700 0.055200 0.097000 0.055800 0.081500 0.073000 0.056100 0.047600 0.142100 0.015000 0.082000 0.088700 0.120900 0.135300 0.088700 0.072300 0.097000 0.007300 0.081200 0.000000 0.079600 0.064100 0.088400 0.097000 0.071600 0.055000 0.088700 0.063700 0.089700 0.102600 0.121900 0.072300 0.079600 0.127100 0.046700 0.055800 0.098000 0.073400 0.080500 0.072000 0.007300 0.030500
MuntiacusR 0.081900 0.228800 0.079900 0.128500 0.040100 0.091000 0.048100 0.075300 0.071700 0.007700 0.072900 0.055800 0.081200 0.040100 0.082700 0.057100 0.040000 0.031700 0.125900 0.079500 0.065900 0.072900 0.087300 0.086000 0.072900 0.056500 0.081200 0.070800 0.065300 0.079600 0.000000 0.048300 0.055700 0.081200 0.072600 0.055800 0.072900 0.048000 0.073800 0.054300 0.088000 0.056500 0.000000 0.078000 0.047400 0.040100 0.082100 0.057200 0.064700 0.055800 0.088100 0.080000
HarveysDui 0.048400 0.235100 0.072600 0.113300 0.007700 0.057000 0.015800 0.041200 0.056100 0.040200 0.039900 0.040300 0.048000 0.007600 0.049100 0.024100 0.024300 0.016100 0.090800 0.080700 0.031600 0.039900 0.106800 0.121500 0.039900 0.023900 0.048000 0.071900 0.030500 0.064100 0.048300 0.000000 0.056900 0.048000 0.039800 0.037600 0.039900 0.015800 0.040400 0.088500 0.107700 0.023900 0.048300 0.113300 0.030100 0.007600 0.048500 0.024300 0.031900 0.057200 0.072500 0.081300
Pronghorn 0.073600 0.200400 0.097200 0.120200 0.048600 0.082600 0.056600 0.084500 0.080400 0.047700 0.081800 0.064300 0.090200 0.048600 0.091900 0.065900 0.048600 0.040100 0.135700 0.105300 0.057700 0.081800 0.131600 0.128900 0.081800 0.065200 0.090200 0.096200 0.074200 0.088400 0.055700 0.056900 0.000000 0.090200 0.081500 0.064400 0.081800 0.056500 0.082800 0.095900 0.132700 0.065200 0.055700 0.120700 0.055800 0.048600 0.073700 0.066100 0.056600 0.064700 0.097000 0.106100
BlueWildeb 0.081300 0.252300 0.088700 0.130200 0.039800 0.090300 0.047700 0.074900 0.088900 0.072900 0.072400 0.073100 0.000000 0.039800 0.082500 0.056700 0.057200 0.048600 0.125100 0.114100 0.065500 0.072400 0.141000 0.137500 0.072400 0.056100 0.000000 0.104900 0.048100 0.097000 0.081200 0.048000 0.090200 0.000000 0.072200 0.072900 0.072400 0.047700 0.073200 0.121900 0.142300 0.056100 0.081200 0.129200 0.064200 0.039800 0.081500 0.057100 0.064300 0.090700 0.105700 0.114600
Gemsbok 0.072700 0.263400 0.080200 0.111600 0.031700 0.081600 0.039600 0.066100 0.062300 0.064400 0.064000 0.048000 0.072200 0.031700 0.056800 0.048300 0.048800 0.040200 0.116000 0.079600 0.048500 0.064000 0.131900 0.146400 0.064000 0.047800 0.072200 0.079400 0.056400 0.071600 0.072600 0.039800 0.081500 0.072200 0.000000 0.047800 0.064000 0.023500 0.064700 0.111600 0.133000 0.047800 0.072600 0.138000 0.037700 0.031700 0.072900 0.048600 0.055900 0.064500 0.080000 0.080200
Yak 0.073400 0.219700 0.063400 0.102400 0.030800 0.082400 0.039900 0.066800 0.047200 0.047800 0.064500 0.015700 0.072900 0.032000 0.057300 0.048800 0.032100 0.023900 0.117100 0.071300 0.057500 0.064500 0.113700 0.128300 0.059400 0.048300 0.072900 0.062800 0.057000 0.055000 0.055800 0.037600 0.064400 0.072900 0.047800 0.000000 0.064500 0.039900 0.048400 0.095600 0.097100 0.048300 0.055800 0.120100 0.007700 0.032000 0.056100 0.049100 0.056400 0.064700 0.063200 0.071800
BlueSheep 0.007500 0.254400 0.097500 0.130700 0.031800 0.015100 0.039700 0.066300 0.080600 0.064600 0.000000 0.064800 0.072400 0.031800 0.074100 0.048500 0.048900 0.040300 0.047300 0.105600 0.057200 0.000000 0.132600 0.147100 0.000000 0.048000 0.072400 0.096500 0.056600 0.088700 0.072900 0.039900 0.081800 0.072400 0.064000 0.064500 0.000000 0.039600 0.048100 0.113500 0.133700 0.048000 0.072900 0.138800 0.055900 0.031800 0.056100 0.048800 0.056100 0.082300 0.097300 0.106500
BohorReedb 0.048000 0.233000 0.072200 0.112400 0.007900 0.056600 0.015200 0.041000 0.055700 0.039900 0.037300 0.040000 0.047700 0.007900 0.032200 0.024000 0.024200 0.016000 0.090200 0.080200 0.031100 0.039600 0.106000 0.120700 0.039600 0.023700 0.047700 0.071500 0.030700 0.063700 0.048000 0.015800 0.056500 0.047700 0.023500 0.039900 0.039600 0.000000 0.037700 0.087900 0.107000 0.023700 0.048000 0.112500 0.029900 0.007900 0.048200 0.024100 0.030600 0.056900 0.072000 0.080800
KirksDik 0.056700 0.245900 0.098700 0.142100 0.030900 0.065500 0.040200 0.049700 0.081600 0.065400 0.048100 0.065600 0.073200 0.032200 0.057600 0.032300 0.049500 0.040800 0.099600 0.106800 0.040800 0.048100 0.115700 0.130300 0.048100 0.032000 0.073200 0.097600 0.040400 0.089700 0.073800 0.040400 0.082800 0.073200 0.064700 0.048400 0.048100 0.037700 0.000000 0.114700 0.098700 0.032000 0.073800 0.122000 0.056600 0.032200 0.037600 0.049400 0.056800 0.083300 0.098400 0.107700
RoeDeer 0.122900 0.254900 0.111500 0.172900 0.080100 0.132400 0.088100 0.117000 0.094700 0.062600 0.113500 0.095900 0.121900 0.080100 0.124500 0.097800 0.080500 0.071700 0.168200 0.102400 0.107100 0.113500 0.061400 0.044600 0.113500 0.096800 0.121900 0.093700 0.106000 0.102600 0.054300 0.088500 0.095900 0.121900 0.111600 0.095600 0.113500 0.087900 0.114700 0.000000 0.078100 0.096800 0.054300 0.037100 0.086800 0.080100 0.123200 0.098300 0.105100 0.079600 0.111200 0.103100
WhiteLippe 0.143700 0.257700 0.131200 0.194500 0.099000 0.134700 0.107200 0.137900 0.113800 0.096800 0.133700 0.114700 0.142300 0.099000 0.116900 0.099400 0.098600 0.089500 0.191100 0.121600 0.127400 0.133700 0.045900 0.077000 0.133700 0.116400 0.142300 0.112400 0.107800 0.121900 0.088000 0.107700 0.132700 0.142300 0.133000 0.097100 0.133700 0.107000 0.098700 0.078100 0.000000 0.116400 0.087700 0.069200 0.105500 0.099000 0.125300 0.117800 0.125000 0.115200 0.130900 0.122500
ThomsonGaz 0.056600 0.245000 0.080900 0.122200 0.015800 0.065300 0.023800 0.032600 0.064300 0.048300 0.048000 0.048400 0.056100 0.015800 0.057400 0.015400 0.032500 0.024100 0.099400 0.089000 0.024300 0.048000 0.097900 0.130000 0.048000 0.000000 0.056100 0.080100 0.023900 0.072300 0.056500 0.023900 0.065200 0.056100 0.047800 0.048300 0.048000 0.023700 0.032000 0.096800 0.116400 0.000000 0.056500 0.121800 0.039800 0.015300 0.040000 0.032400 0.040000 0.065600 0.080800 0.089700
MuntiacusC 0.081900 0.228800 0.079900 0.128500 0.040100 0.091000 0.048100 0.075300 0.071700 0.007500 0.072900 0.055800 0.081200 0.040100 0.082700 0.057100 0.038700 0.030400 0.125900 0.079500 0.065900 0.072900 0.087300 0.086000 0.072900 0.056500 0.081200 0.070800 0.065300 0.079600 0.000000 0.048300 0.055700 0.081200 0.072600 0.055800 0.072900 0.048000 0.073800 0.054300 0.087700 0.056500 0.000000 0.078000 0.047400 0.040100 0.082100 0.057200 0.064700 0.055800 0.088100 0.080000
WhiteTaile 0.148500 0.242700 0.136300 0.199900 0.104600 0.158300 0.112700 0.142700 0.119200 0.086500 0.138800 0.120500 0.129200 0.104600 0.150300 0.122900 0.105100 0.096100 0.194800 0.126900 0.132500 0.138800 0.037400 0.007100 0.138800 0.121800 0.129200 0.117800 0.131200 0.127100 0.078000 0.113300 0.120700 0.129200 0.138000 0.120100 0.138800 0.112500 0.122000 0.037100 0.069200 0.121800 0.078000 0.000000 0.111000 0.104600 0.148800 0.123500 0.130100 0.104200 0.136000 0.127700
Cattle 0.064600 0.229400 0.054900 0.092800 0.022700 0.073400 0.031600 0.057800 0.038900 0.039400 0.055900 0.007800 0.064200 0.023800 0.065600 0.040300 0.023900 0.015800 0.107600 0.062800 0.048800 0.055900 0.104600 0.119100 0.055900 0.039800 0.064200 0.054400 0.048300 0.046700 0.047400 0.030100 0.055800 0.064200 0.037700 0.007700 0.055900 0.029900 0.056600 0.086800 0.105500 0.039800 0.047400 0.111000 0.000000 0.023800 0.064800 0.040500 0.045100 0.056100 0.054800 0.063200
RoyalAntel 0.040100 0.224600 0.064300 0.104000 0.000000 0.048600 0.007900 0.031100 0.047900 0.032000 0.031800 0.032100 0.039800 0.000000 0.040700 0.016000 0.016200 0.008000 0.082200 0.072300 0.023300 0.031800 0.098100 0.112800 0.031800 0.015300 0.039800 0.063700 0.024000 0.055800 0.040100 0.007600 0.048600 0.039800 0.031700 0.032000 0.031800 0.007900 0.032200 0.080100 0.099000 0.015300 0.040100 0.104600 0.023800 0.000000 0.040200 0.016100 0.023800 0.048900 0.064100 0.072900
Steenbok 0.064800 0.223200 0.107100 0.151500 0.040200 0.073700 0.048300 0.058100 0.089900 0.073700 0.056100 0.073900 0.081500 0.040200 0.065900 0.040400 0.057900 0.049100 0.108000 0.115300 0.049000 0.056100 0.142700 0.157300 0.056100 0.040000 0.081500 0.106000 0.048500 0.098000 0.082100 0.048500 0.073700 0.081500 0.072900 0.056100 0.056100 0.048200 0.037600 0.123200 0.125300 0.040000 0.082100 0.148800 0.064800 0.040200 0.000000 0.057700 0.065000 0.091800 0.106900 0.116200
Impala 0.057500 0.226300 0.082200 0.124100 0.016100 0.066400 0.024200 0.050500 0.065300 0.048900 0.048800 0.049100 0.057100 0.016100 0.041100 0.032800 0.016300 0.024500 0.101100 0.090500 0.041500 0.048800 0.116700 0.131900 0.048800 0.032400 0.057100 0.081400 0.041000 0.073400 0.057200 0.024300 0.066100 0.057100 0.048600 0.049100 0.048800 0.024100 0.049400 0.098300 0.117800 0.032400 0.057200 0.123500 0.040500 0.016100 0.057700 0.000000 0.040600 0.066500 0.082100 0.091200
Klipspring 0.048100 0.213000 0.089200 0.112400 0.023800 0.056600 0.015700 0.058000 0.072500 0.056500 0.056100 0.056600 0.064300 0.023800 0.065800 0.039000 0.040800 0.032300 0.107900 0.097300 0.032300 0.056100 0.123900 0.138400 0.056100 0.040000 0.064300 0.088300 0.048500 0.080500 0.064700 0.031900 0.056600 0.064300 0.055900 0.056400 0.056100 0.030600 0.056800 0.105100 0.125000 0.040000 0.064700 0.130100 0.045100 0.023800 0.065000 0.040600 0.000000 0.074000 0.089000 0.098100
ForestMusk 0.091600 0.221400 0.080700 0.120600 0.048900 0.100900 0.057000 0.085100 0.064100 0.047800 0.082300 0.064700 0.090700 0.048900 0.092500 0.066300 0.048700 0.040200 0.136600 0.088700 0.075500 0.082300 0.114200 0.112300 0.082300 0.065600 0.090700 0.079900 0.074600 0.072000 0.055800 0.057200 0.064700 0.090700 0.064500 0.064700 0.082300 0.056900 0.083300 0.079600 0.115200 0.065600 0.055800 0.104200 0.056100 0.048900 0.091800 0.066500 0.074000 0.000000 0.080500 0.089400
Bushbuck 0.106600 0.258000 0.046200 0.137000 0.064100 0.115900 0.072100 0.100400 0.015100 0.079900 0.097300 0.063400 0.105700 0.064100 0.090200 0.081600 0.064500 0.055800 0.151400 0.022600 0.090400 0.097300 0.129800 0.144800 0.097300 0.080800 0.105000 0.014900 0.089800 0.007300 0.088100 0.072500 0.097000 0.105700 0.080000 0.063200 0.097300 0.072000 0.098400 0.111200 0.130900 0.080800 0.088100 0.136000 0.054800 0.064100 0.106900 0.082100 0.089000 0.080500 0.000000 0.038300
GreaterKud 0.115900 0.269100 0.054400 0.128000 0.072900 0.125400 0.080900 0.109900 0.038500 0.071900 0.106500 0.072000 0.114900 0.072900 0.099400 0.090600 0.073200 0.064400 0.161400 0.014700 0.082300 0.106500 0.121500 0.136000 0.106500 0.089700 0.114900 0.022200 0.099000 0.030500 0.080000 0.081300 0.106100 0.114600 0.080200 0.071800 0.106500 0.080800 0.107700 0.103100 0.122500 0.089700 0.080000 0.127700 0.063200 0.072900 0.116200 0.091200 0.098100 0.089400 0.038300 0.000000
