1
52 1
Argali 0.000000 0.018900 0.008600 0.017300 0.003400 0.002300 0.005700 0.009100 0.007400 0.006300 0.001100 0.007400 0.003400 0.006300 0.006800 0.006300 0.010300 0.006300 0.002800 0.007400 0.004600 0.001700 0.006800 0.006300 0.001100 0.006800 0.003400 0.006800 0.007400 0.007400 0.006800 0.005100 0.008000 0.004600 0.004000 0.008600 0.000600 0.004000 0.009100 0.006300 0.006300 0.006800 0.006300 0.006300 0.008600 0.005100 0.008000 0.003400 0.007400 0.011400 0.006800 0.006300
LesserMous 0.018900 0.000000 0.020700 0.020800 0.018300 0.021300 0.019500 0.021800 0.019500 0.017800 0.018400 0.019500 0.019500 0.021200 0.020700 0.021300 0.020600 0.016600 0.020100 0.019600 0.018900 0.018900 0.018300 0.017800 0.018400 0.021900 0.019500 0.018900 0.022400 0.019500 0.018400 0.020100 0.018900 0.020700 0.018900 0.019500 0.018300 0.018900 0.023000 0.017800 0.017800 0.020700 0.017800 0.017800 0.019500 0.020100 0.021800 0.017200 0.022400 0.024800 0.018900 0.019500
LesserKudu 0.008600 0.020700 0.000000 0.018400 0.007400 0.009700 0.008600 0.011400 0.002300 0.008000 0.007400 0.006800 0.008600 0.010300 0.009700 0.010300 0.009700 0.009100 0.009100 0.002300 0.008600 0.008000 0.008500 0.008000 0.007400 0.010900 0.008600 0.001700 0.011400 0.002300 0.008500 0.009100 0.009700 0.009700 0.008000 0.008000 0.008000 0.008000 0.012000 0.006800 0.008000 0.009700 0.008000 0.008000 0.008000 0.009100 0.010800 0.006300 0.011400 0.014900 0.001700 0.002300
KillerWhal 0.017300 0.020800 0.018400 0.000000 0.017300 0.019600 0.018500 0.020800 0.017300 0.016100 0.017300 0.018400 0.018400 0.020200 0.019600 0.020200 0.020200 0.016700 0.019000 0.017300 0.017300 0.017900 0.016700 0.016100 0.017300 0.020800 0.018500 0.016700 0.020200 0.017300 0.016700 0.019000 0.017900 0.019600 0.017900 0.019600 0.016700 0.017900 0.022000 0.016100 0.016100 0.018500 0.016100 0.016100 0.019000 0.019000 0.020800 0.016100 0.021400 0.023700 0.016700 0.017300
DefassaWat 0.003400 0.018300 0.007400 0.017300 0.000000 0.005700 0.004500 0.008000 0.006300 0.006300 0.002300 0.006300 0.003400 0.005100 0.005700 0.004000 0.010300 0.006300 0.004000 0.006300 0.004500 0.002800 0.006800 0.006300 0.002300 0.005700 0.003400 0.005700 0.006300 0.006300 0.006800 0.004000 0.008000 0.004500 0.002800 0.007400 0.002800 0.001700 0.008000 0.006300 0.006300 0.005700 0.006300 0.006300 0.007400 0.004000 0.006800 0.002300 0.006300 0.011400 0.005700 0.006300
Sheep 0.002300 0.021300 0.009700 0.019600 0.005700 0.000000 0.008000 0.010900 0.008600 0.008600 0.003400 0.009700 0.005700 0.008600 0.009100 0.008600 0.012600 0.008600 0.005100 0.008600 0.006800 0.004000 0.009100 0.008600 0.003400 0.009100 0.005700 0.008000 0.009700 0.008600 0.009100 0.007400 0.010300 0.006800 0.006300 0.010900 0.002800 0.006300 0.011400 0.008600 0.008600 0.009100 0.008600 0.008600 0.010900 0.007400 0.010300 0.005700 0.009700 0.013200 0.008000 0.007400
MaxwellsDu 0.005700 0.019500 0.008600 0.018500 0.004500 0.008000 0.000000 0.009100 0.007400 0.007400 0.004600 0.007400 0.005700 0.005100 0.006800 0.007400 0.011400 0.008600 0.006300 0.007400 0.005700 0.005100 0.008000 0.007400 0.004600 0.008000 0.005700 0.006800 0.008600 0.007400 0.008000 0.004000 0.009100 0.006800 0.005100 0.008600 0.005100 0.005100 0.009100 0.007400 0.007400 0.006900 0.007400 0.007400 0.008600 0.006300 0.008000 0.003400 0.008600 0.013800 0.006800 0.007400
GazellaPrz 0.009100 0.021800 0.011400 0.020800 0.008000 0.010900 0.009100 0.000000 0.010300 0.010800 0.008000 0.010800 0.009100 0.010800 0.009100 0.007400 0.014900 0.012000 0.009700 0.010300 0.005700 0.008500 0.011400 0.010800 0.008000 0.006800 0.009100 0.009700 0.008600 0.010300 0.011400 0.009700 0.012000 0.009100 0.008600 0.012000 0.008500 0.008500 0.009100 0.010800 0.010800 0.006800 0.010800 0.010800 0.012000 0.009700 0.006800 0.006800 0.012000 0.016000 0.009700 0.010300
MountainNy 0.007400 0.019500 0.002300 0.017300 0.006300 0.008600 0.007400 0.010300 0.000000 0.006800 0.006300 0.005700 0.007400 0.009100 0.008600 0.009100 0.009700 0.008000 0.008000 0.001100 0.007400 0.006800 0.007400 0.006800 0.006300 0.009700 0.007400 0.000600 0.010300 0.001100 0.007400 0.008000 0.008500 0.008600 0.006900 0.006800 0.006800 0.006800 0.010900 0.005700 0.006800 0.008600 0.006800 0.006800 0.006800 0.008000 0.009700 0.005100 0.010300 0.013700 0.000600 0.001100
MuntiacusM 0.006300 0.017800 0.008000 0.016100 0.006300 0.008600 0.007400 0.010800 0.006800 0.000000 0.006300 0.006300 0.007400 0.009100 0.008600 0.009100 0.008500 0.005700 0.008000 0.006800 0.006300 0.006800 0.001700 0.001100 0.006300 0.009700 0.007400 0.006300 0.010300 0.006800 0.000600 0.008000 0.006300 0.008500 0.006800 0.008000 0.005700 0.006800 0.010800 0.002300 0.001100 0.008600 0.000000 0.001100 0.008000 0.008000 0.009700 0.005100 0.010300 0.012000 0.006300 0.006800
goat 0.001100 0.018400 0.007400 0.017300 0.002300 0.003400 0.004600 0.008000 0.006300 0.006300 0.000000 0.006300 0.002300 0.005100 0.005700 0.005100 0.010300 0.006300 0.001700 0.006300 0.004600 0.000600 0.006800 0.006300 0.000000 0.005700 0.002300 0.005700 0.006300 0.006300 0.006800 0.004000 0.008000 0.003400 0.002800 0.007400 0.000600 0.002800 0.008000 0.006300 0.006300 0.005700 0.006300 0.006300 0.007400 0.004000 0.006800 0.002300 0.006300 0.011400 0.005700 0.005100
AfricanBuf 0.007400 0.019500 0.006800 0.018400 0.006300 0.009700 0.007400 0.010800 0.005700 0.006300 0.006300 0.000000 0.007400 0.009100 0.008500 0.009100 0.010800 0.008000 0.008000 0.005700 0.007400 0.006800 0.006800 0.006800 0.006300 0.009700 0.007400 0.005100 0.010300 0.005700 0.006800 0.008000 0.008500 0.008500 0.006800 0.004500 0.006800 0.006800 0.010800 0.006800 0.006300 0.008600 0.006300 0.006800 0.004500 0.008000 0.008500 0.005100 0.010300 0.014300 0.005100 0.005700
Topi 0.003400 0.019500 0.008600 0.018400 0.003400 0.005700 0.005700 0.009100 0.007400 0.007400 0.002300 0.007400 0.000000 0.006300 0.006800 0.006300 0.011400 0.007400 0.004000 0.007400 0.005700 0.002800 0.008000 0.007400 0.002300 0.006800 0.000000 0.006800 0.007400 0.007400 0.008000 0.005100 0.009100 0.001100 0.002800 0.008600 0.002800 0.004000 0.009100 0.007400 0.007400 0.006800 0.007400 0.007400 0.008600 0.005100 0.008000 0.003400 0.007400 0.012000 0.006800 0.007400
CommonDuik 0.006300 0.021200 0.010300 0.020200 0.005100 0.008600 0.005100 0.010800 0.009100 0.009100 0.005100 0.009100 0.006300 0.000000 0.008600 0.008000 0.013100 0.008800 0.006800 0.009100 0.007400 0.005700 0.009700 0.009100 0.005100 0.008600 0.006300 0.008600 0.009100 0.009100 0.009700 0.003400 0.011000 0.007400 0.005700 0.010300 0.005700 0.005700 0.010800 0.009100 0.009100 0.008600 0.009100 0.009100 0.010300 0.006800 0.009700 0.005100 0.009100 0.014300 0.008600 0.009100
Suni 0.006800 0.020700 0.009700 0.019600 0.005700 0.009100 0.006800 0.009100 0.008600 0.008600 0.005700 0.008500 0.006800 0.008600 0.000000 0.008600 0.012600 0.009700 0.007400 0.008600 0.006800 0.006300 0.009100 0.008600 0.005700 0.008000 0.006800 0.008000 0.009700 0.007400 0.009100 0.007400 0.009100 0.008000 0.006300 0.009700 0.006300 0.006300 0.010300 0.008600 0.008600 0.008000 0.008600 0.008600 0.009700 0.006300 0.009100 0.004600 0.008600 0.014900 0.008000 0.008600
Springbuck 0.006300 0.021300 0.010300 0.020200 0.004000 0.008600 0.007400 0.007400 0.009100 0.009100 0.005100 0.009100 0.006300 0.008000 0.008600 0.000000 0.013200 0.009100 0.006800 0.009100 0.002800 0.005700 0.009700 0.009100 0.005100 0.001700 0.006300 0.008600 0.002300 0.009100 0.009700 0.006800 0.010900 0.006300 0.005700 0.010300 0.005700 0.005700 0.006300 0.009100 0.009100 0.001700 0.009100 0.009100 0.010300 0.006800 0.006300 0.005100 0.009100 0.014300 0.008600 0.009100
Okapi 0.010300 0.020600 0.009700 0.020200 0.010300 0.012600 0.011400 0.014900 0.009700 0.008500 0.010300 0.010800 0.011400 0.013100 0.012600 0.013200 0.000000 0.006200 0.012000 0.009700 0.010300 0.010800 0.009100 0.008500 0.010300 0.013700 0.011400 0.009100 0.014300 0.009700 0.009100 0.012000 0.009100 0.012600 0.010900 0.012000 0.009700 0.010800 0.014900 0.007400 0.008500 0.012600 0.008500 0.008500 0.012000 0.012000 0.013700 0.009100 0.014300 0.014300 0.009100 0.009700
Giraffe 0.006300 0.016600 0.009100 0.016700 0.006300 0.008600 0.008600 0.012000 0.008000 0.005700 0.006300 0.008000 0.007400 0.008800 0.009700 0.009100 0.006200 0.000000 0.008000 0.008000 0.007400 0.006800 0.006300 0.005700 0.006300 0.009700 0.007400 0.007400 0.010300 0.008000 0.006200 0.008000 0.006300 0.008500 0.006800 0.009100 0.005700 0.006800 0.012000 0.005700 0.005700 0.009700 0.005700 0.005700 0.009100 0.008000 0.010900 0.006300 0.010300 0.010300 0.007400 0.008000
TibetanAnt 0.002800 0.020100 0.009100 0.019000 0.004000 0.005100 0.006300 0.009700 0.008000 0.008000 0.001700 0.008000 0.004000 0.006800 0.007400 0.006800 0.012000 0.008000 0.000000 0.008000 0.006300 0.002300 0.008600 0.008000 0.001700 0.007400 0.004000 0.007400 0.008000 0.008000 0.008600 0.005700 0.008600 0.005100 0.004600 0.009100 0.002300 0.004500 0.009700 0.008000 0.008000 0.007400 0.008000 0.007400 0.009100 0.005700 0.008500 0.004000 0.008000 0.013200 0.007400 0.006800
Sitatunga 0.007400 0.019600 0.002300 0.017300 0.006300 0.008600 0.007400 0.010300 0.001100 0.006800 0.006300 0.005700 0.007400 0.009100 0.008600 0.009100 0.009700 0.008000 0.008000 0.000000 0.007400 0.006800 0.007400 0.006800 0.006300 0.009700 0.007400 0.000600 0.010300 0.001100 0.007400 0.008000 0.008500 0.008600 0.006900 0.006800 0.006800 0.006800 0.010900 0.005700 0.006800 0.008600 0.006800 0.006800 0.006800 0.008000 0.009700 0.005100 0.010300 0.013700 0.000600 0.001100
Oribi 0.004600 0.018900 0.008600 0.017300 0.004500 0.006800 0.005700 0.005700 0.007400 0.006300 0.004600 0.007400 0.005700 0.007400 0.006800 0.002800 0.010300 0.007400 0.006300 0.007400 0.000000 0.005100 0.006800 0.006300 0.004600 0.003400 0.005700 0.006800 0.004000 0.007400 0.006800 0.006300 0.008000 0.005700 0.005100 0.008600 0.004000 0.005100 0.004600 0.006300 0.006300 0.002300 0.006300 0.006300 0.008600 0.006300 0.004600 0.003400 0.008600 0.012600 0.006800 0.007400
BarbaryShe 0.001700 0.018900 0.008000 0.017900 0.002800 0.004000 0.005100 0.008500 0.006800 0.006800 0.000600 0.006800 0.002800 0.005700 0.006300 0.005700 0.010800 0.006800 0.002300 0.006800 0.005100 0.000000 0.007400 0.006800 0.000600 0.006300 0.002800 0.006300 0.006800 0.006800 0.007400 0.004600 0.008600 0.004000 0.003400 0.008000 0.001100 0.003400 0.008600 0.006800 0.006800 0.006300 0.006800 0.006800 0.008000 0.004500 0.007400 0.002800 0.006900 0.012000 0.006300 0.005700
Daviddeer 0.006800 0.018300 0.008500 0.016700 0.006800 0.009100 0.008000 0.011400 0.007400 0.001700 0.006800 0.006800 0.008000 0.009700 0.009100 0.009700 0.009100 0.006300 0.008600 0.007400 0.006800 0.007400 0.000000 0.002800 0.006800 0.010300 0.008000 0.006800 0.010900 0.007400 0.002300 0.008600 0.006800 0.009100 0.007400 0.008500 0.006300 0.007400 0.011400 0.002800 0.000600 0.009100 0.001700 0.002800 0.008500 0.008600 0.010300 0.005700 0.010900 0.012600 0.006800 0.007400
Reindeer 0.006300 0.017800 0.008000 0.016100 0.006300 0.008600 0.007400 0.010800 0.006800 0.001100 0.006300 0.006800 0.007400 0.009100 0.008600 0.009100 0.008500 0.005700 0.008000 0.006800 0.006300 0.006800 0.002800 0.000000 0.006300 0.009700 0.007400 0.006300 0.010300 0.006800 0.001700 0.008000 0.006300 0.008500 0.006800 0.008000 0.005700 0.006800 0.010900 0.002300 0.002300 0.008600 0.001100 0.001100 0.008000 0.008000 0.009700 0.005100 0.010300 0.012000 0.006300 0.006800
Ibex 0.001100 0.018400 0.007400 0.017300 0.002300 0.003400 0.004600 0.008000 0.006300 0.006300 0.000000 0.006300 0.002300 0.005100 0.005700 0.005100 0.010300 0.006300 0.001700 0.006300 0.004600 0.000600 0.006800 0.006300 0.000000 0.005700 0.002300 0.005700 0.006300 0.006300 0.006800 0.004000 0.008000 0.003400 0.002800 0.007400 0.000600 0.002800 0.008000 0.006300 0.006300 0.005700 0.006300 0.006300 0.007400 0.004000 0.006800 0.002300 0.006300 0.011400 0.005700 0.005100
GyrantGaze 0.006800 0.021900 0.010900 0.020800 0.005700 0.009100 0.008000 0.006800 0.009700 0.009700 0.005700 0.009700 0.006800 0.008600 0.008000 0.001700 0.013700 0.009700 0.007400 0.009700 0.003400 0.006300 0.010300 0.009700 0.005700 0.000000 0.006800 0.009100 0.002800 0.009700 0.010300 0.007400 0.011400 0.006800 0.006300 0.010900 0.006300 0.006300 0.006800 0.009700 0.009700 0.002300 0.009700 0.009700 0.010900 0.007400 0.006800 0.005700 0.009700 0.014900 0.009100 0.009700
Hartebeest 0.003400 0.019500 0.008600 0.018500 0.003400 0.005700 0.005700 0.009100 0.007400 0.007400 0.002300 0.007400 0.000000 0.006300 0.006800 0.006300 0.011400 0.007400 0.004000 0.007400 0.005700 0.002800 0.008000 0.007400 0.002300 0.006800 0.000000 0.006800 0.007400 0.007400 0.008000 0.005100 0.009100 0.001100 0.002800 0.008600 0.002800 0.004000 0.009100 0.007400 0.007400 0.006800 0.007400 0.007400 0.008600 0.005100 0.008000 0.003400 0.007400 0.012000 0.006800 0.007400
Bongo 0.006800 0.018900 0.001700 0.016700 0.005700 0.008000 0.006800 0.009700 0.000600 0.006300 0.005700 0.005100 0.006800 0.008600 0.008000 0.008600 0.009100 0.007400 0.007400 0.000600 0.006800 0.006300 0.006800 0.006300 0.005700 0.009100 0.006800 0.000000 0.009700 0.000600 0.006800 0.007400 0.008000 0.008000 0.006300 0.006300 0.006300 0.006300 0.010300 0.005100 0.006300 0.008000 0.006300 0.006300 0.006300 0.007400 0.009100 0.004600 0.009700 0.013200 0.000000 0.000600
Gerenuk 0.007400 0.022400 0.011400 0.020200 0.006300 0.009700 0.008600 0.008600 0.010300 0.010300 0.006300 0.010300 0.007400 0.009100 0.009700 0.002300 0.014300 0.010300 0.008000 0.010300 0.004000 0.006800 0.010900 0.010300 0.006300 0.002800 0.007400 0.009700 0.000000 0.010300 0.010800 0.008000 0.012000 0.007400 0.006900 0.011400 0.006800 0.006800 0.007400 0.010300 0.010300 0.002800 0.010300 0.010300 0.011400 0.006300 0.007400 0.006300 0.010300 0.015500 0.009700 0.010300
CommonElan 0.007400 0.019500 0.002300 0.017300 0.006300 0.008600 0.007400 0.010300 0.001100 0.006800 0.006300 0.005700 0.007400 0.009100 0.007400 0.009100 0.009700 0.008000 0.008000 0.001100 0.007400 0.006800 0.007400 0.006800 0.006300 0.009700 0.007400 0.000600 0.010300 0.000000 0.007400 0.008000 0.008500 0.008600 0.006900 0.006800 0.006800 0.006800 0.010900 0.005700 0.006800 0.008600 0.006800 0.006800 0.006800 0.008000 0.009700 0.005100 0.009100 0.013700 0.000600 0.001100
MuntiacusR 0.006800 0.018400 0.008500 0.016700 0.006800 0.009100 0.008000 0.011400 0.007400 0.000600 0.006800 0.006800 0.008000 0.009700 0.009100 0.009700 0.009100 0.006200 0.008600 0.007400 0.006800 0.007400 0.002300 0.001700 0.006800 0.010300 0.008000 0.006800 0.010800 0.007400 0.000000 0.008600 0.006800 0.009100 0.007400 0.008500 0.006300 0.007400 0.011400 0.002800 0.001700 0.009100 0.000600 0.001700 0.008500 0.008500 0.010300 0.005700 0.010900 0.012600 0.006800 0.007400
HarveysDui 0.005100 0.020100 0.009100 0.019000 0.004000 0.007400 0.004000 0.009700 0.008000 0.008000 0.004000 0.008000 0.005100 0.003400 0.007400 0.006800 0.012000 0.008000 0.005700 0.008000 0.006300 0.004600 0.008600 0.008000 0.004000 0.007400 0.005100 0.007400 0.008000 0.008000 0.008600 0.000000 0.009700 0.006300 0.004600 0.009100 0.004600 0.004600 0.009700 0.008000 0.008000 0.007400 0.008000 0.008000 0.009100 0.004600 0.008500 0.004000 0.008000 0.013200 0.007400 0.008000
Pronghorn 0.008000 0.018900 0.009700 0.017900 0.008000 0.010300 0.009100 0.012000 0.008500 0.006300 0.008000 0.008500 0.009100 0.011000 0.009100 0.010900 0.009100 0.006300 0.008600 0.008500 0.008000 0.008600 0.006800 0.006300 0.008000 0.011400 0.009100 0.008000 0.012000 0.008500 0.006800 0.009700 0.000000 0.010300 0.008600 0.009700 0.007400 0.008500 0.012600 0.006300 0.006300 0.010300 0.006300 0.005700 0.009700 0.009700 0.011400 0.006800 0.012000 0.012000 0.008000 0.008500
BlueWildeb 0.004600 0.020700 0.009700 0.019600 0.004500 0.006800 0.006800 0.009100 0.008600 0.008500 0.003400 0.008500 0.001100 0.007400 0.008000 0.006300 0.012600 0.008500 0.005100 0.008600 0.005700 0.004000 0.009100 0.008500 0.003400 0.006800 0.001100 0.008000 0.007400 0.008600 0.009100 0.006300 0.010300 0.000000 0.004000 0.009700 0.004000 0.005100 0.009100 0.008600 0.008600 0.006800 0.008500 0.008600 0.009700 0.006300 0.008000 0.004500 0.008600 0.013200 0.008000 0.008500
Gemsbok 0.004000 0.018900 0.008000 0.017900 0.002800 0.006300 0.005100 0.008600 0.006900 0.006800 0.002800 0.006800 0.002800 0.005700 0.006300 0.005700 0.010900 0.006800 0.004600 0.006900 0.005100 0.003400 0.007400 0.006800 0.002800 0.006300 0.002800 0.006300 0.006900 0.006900 0.007400 0.004600 0.008600 0.004000 0.000000 0.008000 0.003400 0.003400 0.008600 0.006800 0.006800 0.006300 0.006800 0.006800 0.008000 0.004600 0.007400 0.002800 0.006900 0.012000 0.006300 0.006900
Yak 0.008600 0.019500 0.008000 0.019600 0.007400 0.010900 0.008600 0.012000 0.006800 0.008000 0.007400 0.004500 0.008600 0.010300 0.009700 0.010300 0.012000 0.009100 0.009100 0.006800 0.008600 0.008000 0.008500 0.008000 0.007400 0.010900 0.008600 0.006300 0.011400 0.006800 0.008500 0.009100 0.009700 0.009700 0.008000 0.000000 0.008000 0.008000 0.012000 0.008000 0.008000 0.009700 0.008000 0.008000 0.001100 0.009100 0.009700 0.006300 0.011400 0.015500 0.006300 0.006800
BlueSheep 0.000600 0.018300 0.008000 0.016700 0.002800 0.002800 0.005100 0.008500 0.006800 0.005700 0.000600 0.006800 0.002800 0.005700 0.006300 0.005700 0.009700 0.005700 0.002300 0.006800 0.004000 0.001100 0.006300 0.005700 0.000600 0.006300 0.002800 0.006300 0.006800 0.006800 0.006300 0.004600 0.007400 0.004000 0.003400 0.008000 0.000000 0.003400 0.008500 0.005700 0.005700 0.006300 0.005700 0.005700 0.008000 0.004500 0.007400 0.002800 0.006800 0.010900 0.006300 0.005700
BohorReedb 0.004000 0.018900 0.008000 0.017900 0.001700 0.006300 0.005100 0.008500 0.006800 0.006800 0.002800 0.006800 0.004000 0.005700 0.006300 0.005700 0.010800 0.006800 0.004500 0.006800 0.005100 0.003400 0.007400 0.006800 0.002800 0.006300 0.004000 0.006300 0.006800 0.006800 0.007400 0.004600 0.008500 0.005100 0.003400 0.008000 0.003400 0.000000 0.008500 0.006800 0.006800 0.006300 0.006800 0.006800 0.008000 0.004500 0.006300 0.002800 0.006800 0.012000 0.006300 0.006800
KirksDik 0.009100 0.023000 0.012000 0.022000 0.008000 0.011400 0.009100 0.009100 0.010900 0.010800 0.008000 0.010800 0.009100 0.010800 0.010300 0.006300 0.014900 0.012000 0.009700 0.010900 0.004600 0.008600 0.011400 0.010900 0.008000 0.006800 0.009100 0.010300 0.007400 0.010900 0.011400 0.009700 0.012600 0.009100 0.008600 0.012000 0.008500 0.008500 0.000000 0.010900 0.010900 0.005700 0.010800 0.010900 0.012000 0.009700 0.008000 0.006800 0.012000 0.017200 0.010300 0.010900
RoeDeer 0.006300 0.017800 0.006800 0.016100 0.006300 0.008600 0.007400 0.010800 0.005700 0.002300 0.006300 0.006800 0.007400 0.009100 0.008600 0.009100 0.007400 0.005700 0.008000 0.005700 0.006300 0.006800 0.002800 0.002300 0.006300 0.009700 0.007400 0.005100 0.010300 0.005700 0.002800 0.008000 0.006300 0.008600 0.006800 0.008000 0.005700 0.006800 0.010900 0.000000 0.002300 0.008600 0.002300 0.002300 0.008000 0.008000 0.009700 0.005100 0.010300 0.012000 0.005100 0.005700
WhiteLippe 0.006300 0.017800 0.008000 0.016100 0.006300 0.008600 0.007400 0.010800 0.006800 0.001100 0.006300 0.006300 0.007400 0.009100 0.008600 0.009100 0.008500 0.005700 0.008000 0.006800 0.006300 0.006800 0.000600 0.002300 0.006300 0.009700 0.007400 0.006300 0.010300 0.006800 0.001700 0.008000 0.006300 0.008600 0.006800 0.008000 0.005700 0.006800 0.010900 0.002300 0.000000 0.008600 0.001100 0.002300 0.008000 0.008000 0.009700 0.005100 0.010300 0.012000 0.006300 0.006800
ThomsonGaz 0.006800 0.020700 0.009700 0.018500 0.005700 0.009100 0.006900 0.006800 0.008600 0.008600 0.005700 0.008600 0.006800 0.008600 0.008000 0.001700 0.012600 0.009700 0.007400 0.008600 0.002300 0.006300 0.009100 0.008600 0.005700 0.002300 0.006800 0.008000 0.002800 0.008600 0.009100 0.007400 0.010300 0.006800 0.006300 0.009700 0.006300 0.006300 0.005700 0.008600 0.008600 0.000000 0.008600 0.008600 0.009700 0.007400 0.005700 0.004600 0.009700 0.014900 0.008000 0.008600
MuntiacusC 0.006300 0.017800 0.008000 0.016100 0.006300 0.008600 0.007400 0.010800 0.006800 0.000000 0.006300 0.006300 0.007400 0.009100 0.008600 0.009100 0.008500 0.005700 0.008000 0.006800 0.006300 0.006800 0.001700 0.001100 0.006300 0.009700 0.007400 0.006300 0.010300 0.006800 0.000600 0.008000 0.006300 0.008500 0.006800 0.008000 0.005700 0.006800 0.010800 0.002300 0.001100 0.008600 0.000000 0.001100 0.008000 0.008000 0.009700 0.005100 0.010300 0.012000 0.006300 0.006800
WhiteTaile 0.006300 0.017800 0.008000 0.016100 0.006300 0.008600 0.007400 0.010800 0.006800 0.001100 0.006300 0.006800 0.007400 0.009100 0.008600 0.009100 0.008500 0.005700 0.007400 0.006800 0.006300 0.006800 0.002800 0.001100 0.006300 0.009700 0.007400 0.006300 0.010300 0.006800 0.001700 0.008000 0.005700 0.008600 0.006800 0.008000 0.005700 0.006800 0.010900 0.002300 0.002300 0.008600 0.001100 0.000000 0.008000 0.008000 0.009700 0.005100 0.010300 0.012000 0.006300 0.006800
Cattle 0.008600 0.019500 0.008000 0.019000 0.007400 0.010900 0.008600 0.012000 0.006800 0.008000 0.007400 0.004500 0.008600 0.010300 0.009700 0.010300 0.012000 0.009100 0.009100 0.006800 0.008600 0.008000 0.008500 0.008000 0.007400 0.010900 0.008600 0.006300 0.011400 0.006800 0.008500 0.009100 0.009700 0.009700 0.008000 0.001100 0.008000 0.008000 0.012000 0.008000 0.008000 0.009700 0.008000 0.008000 0.000000 0.009100 0.009700 0.006300 0.011400 0.015500 0.006300 0.006800
RoyalAntel 0.005100 0.020100 0.009100 0.019000 0.004000 0.007400 0.006300 0.009700 0.008000 0.008000 0.004000 0.008000 0.005100 0.006800 0.006300 0.006800 0.012000 0.008000 0.005700 0.008000 0.006300 0.004500 0.008600 0.008000 0.004000 0.007400 0.005100 0.007400 0.006300 0.008000 0.008500 0.004600 0.009700 0.006300 0.004600 0.009100 0.004500 0.004500 0.009700 0.008000 0.008000 0.007400 0.008000 0.008000 0.009100 0.000000 0.008500 0.004000 0.008000 0.013200 0.007400 0.008000
Steenbok 0.008000 0.021800 0.010800 0.020800 0.006800 0.010300 0.008000 0.006800 0.009700 0.009700 0.006800 0.008500 0.008000 0.009700 0.009100 0.006300 0.013700 0.010900 0.008500 0.009700 0.004600 0.007400 0.010300 0.009700 0.006800 0.006800 0.008000 0.009100 0.007400 0.009700 0.010300 0.008500 0.011400 0.008000 0.007400 0.009700 0.007400 0.006300 0.008000 0.009700 0.009700 0.005700 0.009700 0.009700 0.009700 0.008500 0.000000 0.005700 0.010900 0.016000 0.009100 0.009700
Impala 0.003400 0.017200 0.006300 0.016100 0.002300 0.005700 0.003400 0.006800 0.005100 0.005100 0.002300 0.005100 0.003400 0.005100 0.004600 0.005100 0.009100 0.006300 0.004000 0.005100 0.003400 0.002800 0.005700 0.005100 0.002300 0.005700 0.003400 0.004600 0.006300 0.005100 0.005700 0.004000 0.006800 0.004500 0.002800 0.006300 0.002800 0.002800 0.006800 0.005100 0.005100 0.004600 0.005100 0.005100 0.006300 0.004000 0.005700 0.000000 0.006300 0.011400 0.004600 0.005100
Klipspring 0.007400 0.022400 0.011400 0.021400 0.006300 0.009700 0.008600 0.012000 0.010300 0.010300 0.006300 0.010300 0.007400 0.009100 0.008600 0.009100 0.014300 0.010300 0.008000 0.010300 0.008600 0.006900 0.010900 0.010300 0.006300 0.009700 0.007400 0.009700 0.010300 0.009100 0.010900 0.008000 0.012000 0.008600 0.006900 0.011400 0.006800 0.006800 0.012000 0.010300 0.010300 0.009700 0.010300 0.010300 0.011400 0.008000 0.010900 0.006300 0.000000 0.014900 0.009700 0.010300
ForestMusk 0.011400 0.024800 0.014900 0.023700 0.011400 0.013200 0.013800 0.016000 0.013700 0.012000 0.011400 0.014300 0.012000 0.014300 0.014900 0.014300 0.014300 0.010300 0.013200 0.013700 0.012600 0.012000 0.012600 0.012000 0.011400 0.014900 0.012000 0.013200 0.015500 0.013700 0.012600 0.013200 0.012000 0.013200 0.012000 0.015500 0.010900 0.012000 0.017200 0.012000 0.012000 0.014900 0.012000 0.012000 0.015500 0.013200 0.016000 0.011400 0.014900 0.000000 0.013200 0.013700
Bushbuck 0.006800 0.018900 0.001700 0.016700 0.005700 0.008000 0.006800 0.009700 0.000600 0.006300 0.005700 0.005100 0.006800 0.008600 0.008000 0.008600 0.009100 0.007400 0.007400 0.000600 0.006800 0.006300 0.006800 0.006300 0.005700 0.009100 0.006800 0.000000 0.009700 0.000600 0.006800 0.007400 0.008000 0.008000 0.006300 0.006300 0.006300 0.006300 0.010300 0.005100 0.006300 0.008000 0.006300 0.006300 0.006300 0.007400 0.009100 0.004600 0.009700 0.013200 0.000000 0.000600
GreaterKud 0.006300 0.019500 0.002300 0.017300 0.006300 0.007400 0.007400 0.010300 0.001100 0.006800 0.005100 0.005700 0.007400 0.009100 0.008600 0.009100 0.009700 0.008000 0.006800 0.001100 0.007400 0.005700 0.007400 0.006800 0.005100 0.009700 0.007400 0.000600 0.010300 0.001100 0.007400 0.008000 0.008500 0.008500 0.006900 0.006800 0.005700 0.006800 0.010900 0.005700 0.006800 0.008600 0.006800 0.006800 0.006800 0.008000 0.009700 0.005100 0.010300 0.013700 0.000600 0.000000
