1
52 1
Argali 0.000000 0.041800 0.009800 0.043800 0.007300 0.000000 0.003800 0.004900 0.011100 0.009800 0.003700 0.009800 0.001200 0.007300 0.013500 0.007400 0.004900 0.004900 0.001200 0.009800 0.007400 0.000000 0.006100 0.012300 0.002400 0.008600 0.002400 0.009800 0.006100 0.008600 0.007300 0.006100 0.006100 0.002400 0.006100 0.013500 0.003700 0.009800 0.006100 0.006100 0.004900 0.009800 0.011100 0.011000 0.011100 0.008600 0.014800 0.004900 0.012500 0.009800 0.009800 0.011000
LesserMous 0.041800 0.000000 0.044500 0.047300 0.046400 0.041800 0.043700 0.042000 0.043200 0.045800 0.045800 0.045900 0.043100 0.047400 0.054100 0.041900 0.041700 0.041800 0.043000 0.041900 0.040600 0.041900 0.043200 0.044500 0.044400 0.045700 0.044400 0.044500 0.043200 0.043200 0.043200 0.045900 0.043000 0.041800 0.048600 0.048400 0.045800 0.049200 0.046200 0.043200 0.041900 0.046900 0.044500 0.044500 0.047100 0.045700 0.052500 0.044500 0.051300 0.047100 0.044500 0.045800
LesserKudu 0.009800 0.044500 0.000000 0.046500 0.014800 0.009800 0.011400 0.012300 0.003700 0.014800 0.013500 0.009900 0.011000 0.014800 0.021100 0.012300 0.009800 0.009800 0.011100 0.002500 0.014800 0.009800 0.011100 0.017300 0.012300 0.013500 0.012300 0.002400 0.011100 0.001200 0.012300 0.013600 0.011000 0.012300 0.013500 0.013600 0.013500 0.017300 0.008800 0.011100 0.009800 0.014700 0.016100 0.016000 0.011100 0.016000 0.019800 0.009800 0.020100 0.015100 0.002400 0.003700
KillerWhal 0.043800 0.047300 0.046500 0.000000 0.049400 0.043800 0.046900 0.047600 0.045200 0.049000 0.047700 0.046500 0.045000 0.047600 0.055800 0.045100 0.046200 0.046300 0.045100 0.043800 0.050400 0.043800 0.045200 0.046400 0.046400 0.048400 0.046300 0.046500 0.046300 0.045100 0.046400 0.049100 0.047500 0.046300 0.047800 0.051600 0.047700 0.052100 0.044200 0.045100 0.043900 0.049600 0.050300 0.047700 0.050300 0.050400 0.053000 0.046400 0.053400 0.048100 0.046400 0.045100
DefassaWat 0.007300 0.046400 0.014800 0.049400 0.000000 0.007300 0.009000 0.009800 0.016000 0.014700 0.008600 0.014100 0.008500 0.009800 0.016000 0.012300 0.009800 0.009800 0.008600 0.014800 0.009800 0.007300 0.011000 0.017200 0.007300 0.013500 0.009800 0.014800 0.011000 0.013500 0.012300 0.011100 0.011000 0.009800 0.013500 0.017900 0.008600 0.002400 0.008600 0.011000 0.009800 0.012200 0.016000 0.013500 0.016000 0.013500 0.018500 0.009800 0.017500 0.014800 0.014700 0.016000
Sheep 0.000000 0.041800 0.009800 0.043800 0.007300 0.000000 0.003800 0.004900 0.011100 0.009800 0.003700 0.009800 0.001200 0.007300 0.013500 0.007400 0.004900 0.004900 0.001200 0.009800 0.007400 0.000000 0.006100 0.012300 0.002400 0.008600 0.002400 0.009800 0.006100 0.008600 0.007300 0.006100 0.006100 0.002400 0.006100 0.013500 0.003700 0.009800 0.006100 0.006100 0.004900 0.009800 0.011100 0.011000 0.011100 0.008600 0.014800 0.004900 0.012500 0.009800 0.009800 0.011000
MaxwellsDu 0.003800 0.043700 0.011400 0.046900 0.009000 0.003800 0.000000 0.003800 0.012600 0.011300 0.007600 0.011400 0.005000 0.006600 0.015300 0.006300 0.006300 0.006300 0.004900 0.011400 0.006400 0.003900 0.007500 0.013800 0.006400 0.007600 0.006300 0.011400 0.005200 0.010200 0.008800 0.005200 0.007500 0.006300 0.010300 0.015100 0.007600 0.011600 0.005100 0.007500 0.006300 0.008800 0.012500 0.012500 0.012600 0.009000 0.013900 0.006400 0.014100 0.011400 0.011300 0.012600
GazellaPrz 0.004900 0.042000 0.012300 0.047600 0.009800 0.004900 0.003800 0.000000 0.013500 0.009800 0.008600 0.012300 0.006100 0.007300 0.013500 0.004900 0.007300 0.007300 0.006100 0.012300 0.004900 0.004900 0.008600 0.014800 0.007300 0.006100 0.007300 0.012300 0.003700 0.011000 0.009800 0.006100 0.008500 0.007300 0.011000 0.016000 0.008600 0.012300 0.006100 0.008600 0.007400 0.007300 0.013500 0.013500 0.013500 0.004900 0.012300 0.007300 0.015000 0.012300 0.012300 0.013500
MountainNy 0.011100 0.043200 0.003700 0.045200 0.016000 0.011100 0.012600 0.013500 0.000000 0.016000 0.014800 0.011100 0.012300 0.016000 0.019800 0.013600 0.011000 0.011100 0.012300 0.003700 0.016100 0.011100 0.012300 0.018500 0.013500 0.014800 0.013500 0.003700 0.012300 0.002400 0.013500 0.014800 0.012300 0.013500 0.014800 0.017300 0.014800 0.018500 0.012500 0.012300 0.011100 0.016000 0.017300 0.017300 0.014800 0.017300 0.021100 0.011100 0.021300 0.016400 0.003700 0.004900
MuntiacusM 0.009800 0.045800 0.014800 0.049000 0.014700 0.009800 0.011300 0.009800 0.016000 0.000000 0.013500 0.013600 0.011000 0.014700 0.018500 0.014800 0.009800 0.009800 0.011000 0.014800 0.014800 0.009800 0.008600 0.014800 0.012300 0.016000 0.012300 0.014800 0.013500 0.013500 0.002400 0.013600 0.011000 0.012300 0.016100 0.017300 0.013500 0.017200 0.013500 0.008600 0.007400 0.017200 0.006100 0.011000 0.014800 0.013500 0.022300 0.012300 0.020000 0.013600 0.014800 0.016000
goat 0.003700 0.045800 0.013500 0.047700 0.008600 0.003700 0.007600 0.008600 0.014800 0.013500 0.000000 0.013600 0.004900 0.009800 0.014800 0.011100 0.006100 0.006100 0.004900 0.013500 0.008600 0.003700 0.009800 0.016000 0.001200 0.009800 0.006100 0.013500 0.009800 0.012300 0.011000 0.009800 0.009800 0.006100 0.009800 0.017300 0.002400 0.011000 0.009800 0.009800 0.008600 0.008500 0.014800 0.014800 0.014800 0.012300 0.017300 0.008600 0.016300 0.013500 0.013500 0.014800
AfricanBuf 0.009800 0.045900 0.009900 0.046500 0.014100 0.009800 0.011400 0.012300 0.011100 0.013600 0.013600 0.000000 0.011100 0.014800 0.021100 0.009900 0.009800 0.009800 0.011100 0.009900 0.014800 0.009800 0.011100 0.017300 0.012300 0.013500 0.012300 0.009900 0.011100 0.008600 0.011100 0.013600 0.011100 0.012300 0.013500 0.008600 0.013600 0.016700 0.011300 0.011100 0.009900 0.014800 0.014800 0.014000 0.008600 0.016000 0.019900 0.009800 0.018600 0.015100 0.009800 0.011100
Topi 0.001200 0.043100 0.011000 0.045000 0.008500 0.001200 0.005000 0.006100 0.012300 0.011000 0.004900 0.011100 0.000000 0.008500 0.014700 0.008600 0.006100 0.006100 0.002400 0.011000 0.008600 0.001200 0.007300 0.013500 0.003700 0.009800 0.001200 0.011000 0.007300 0.009800 0.008600 0.007300 0.007300 0.001200 0.007400 0.014700 0.004900 0.011000 0.007300 0.007300 0.006100 0.011000 0.012300 0.012300 0.012300 0.009800 0.016000 0.006100 0.013700 0.011000 0.011000 0.012300
CommonDuik 0.007300 0.047400 0.014800 0.047600 0.009800 0.007300 0.006600 0.007300 0.016000 0.014700 0.009800 0.014800 0.008500 0.000000 0.018500 0.009800 0.008500 0.008600 0.008600 0.014800 0.009800 0.007300 0.011100 0.017200 0.008600 0.009800 0.009800 0.014800 0.008600 0.013500 0.012300 0.006100 0.011000 0.009800 0.013500 0.018500 0.009800 0.011000 0.006100 0.011000 0.009800 0.011000 0.016000 0.016000 0.016000 0.012300 0.017300 0.009800 0.017600 0.014800 0.014800 0.016000
Suni 0.013500 0.054100 0.021100 0.055800 0.016000 0.013500 0.015300 0.013500 0.019800 0.018500 0.014800 0.021100 0.014700 0.018500 0.000000 0.018500 0.016100 0.016200 0.014800 0.021100 0.016100 0.013500 0.017300 0.023500 0.013500 0.019700 0.016000 0.021000 0.017300 0.019800 0.018500 0.017300 0.017200 0.016000 0.017200 0.024800 0.014800 0.018500 0.017300 0.017300 0.016100 0.018400 0.022300 0.022300 0.022300 0.017300 0.022400 0.016000 0.023900 0.021100 0.021000 0.022300
Springbuck 0.007400 0.041900 0.012300 0.045100 0.012300 0.007400 0.006300 0.004900 0.013600 0.014800 0.011100 0.009900 0.008600 0.009800 0.018500 0.000000 0.009800 0.009800 0.008600 0.012300 0.007400 0.007400 0.011100 0.017300 0.009800 0.006100 0.009800 0.012300 0.003700 0.011100 0.012300 0.008600 0.011000 0.009800 0.011000 0.016000 0.011100 0.014800 0.006100 0.011100 0.009800 0.007300 0.016000 0.016000 0.013600 0.009800 0.012300 0.007400 0.017600 0.014800 0.012300 0.013500
Okapi 0.004900 0.041700 0.009800 0.046200 0.009800 0.004900 0.006300 0.007300 0.011000 0.009800 0.006100 0.009800 0.006100 0.008500 0.016100 0.009800 0.000000 0.000000 0.006100 0.009800 0.009800 0.004900 0.006100 0.012200 0.004900 0.008500 0.007300 0.009800 0.008500 0.008600 0.007300 0.008600 0.006100 0.007300 0.011100 0.013500 0.006100 0.012200 0.008600 0.006100 0.004900 0.009700 0.011000 0.011000 0.011000 0.011000 0.014800 0.007300 0.014900 0.009800 0.009800 0.011000
Giraffe 0.004900 0.041800 0.009800 0.046300 0.009800 0.004900 0.006300 0.007300 0.011100 0.009800 0.006100 0.009800 0.006100 0.008600 0.016200 0.009800 0.000000 0.000000 0.006100 0.009800 0.009800 0.004900 0.006100 0.012300 0.004900 0.008600 0.007300 0.009800 0.008600 0.008600 0.007300 0.008600 0.006100 0.007300 0.011100 0.013500 0.006100 0.012300 0.008600 0.006100 0.004900 0.009800 0.011100 0.011000 0.011100 0.011000 0.014800 0.007300 0.015000 0.009800 0.009800 0.011000
TibetanAnt 0.001200 0.043000 0.011100 0.045100 0.008600 0.001200 0.004900 0.006100 0.012300 0.011000 0.004900 0.011100 0.002400 0.008600 0.014800 0.008600 0.006100 0.006100 0.000000 0.011100 0.008600 0.001200 0.007400 0.013500 0.003700 0.009800 0.003700 0.011100 0.007300 0.009800 0.008600 0.007400 0.007300 0.003700 0.007300 0.014800 0.004900 0.011000 0.007300 0.007300 0.006100 0.011000 0.012300 0.012300 0.012300 0.009800 0.016100 0.006100 0.013800 0.011100 0.011000 0.012300
Sitatunga 0.009800 0.041900 0.002500 0.043800 0.014800 0.009800 0.011400 0.012300 0.003700 0.014800 0.013500 0.009900 0.011000 0.014800 0.021100 0.012300 0.009800 0.009800 0.011100 0.000000 0.014800 0.009800 0.011100 0.017300 0.012300 0.013500 0.012300 0.002400 0.011100 0.001200 0.012300 0.013600 0.011000 0.012300 0.013500 0.014800 0.013500 0.017300 0.011300 0.011100 0.009800 0.014700 0.016100 0.016000 0.013600 0.016000 0.019800 0.009800 0.020100 0.015100 0.002400 0.003700
Oribi 0.007400 0.040600 0.014800 0.050400 0.009800 0.007400 0.006400 0.004900 0.016100 0.014800 0.008600 0.014800 0.008600 0.009800 0.016100 0.007400 0.009800 0.009800 0.008600 0.014800 0.000000 0.007400 0.011100 0.017300 0.007400 0.008600 0.009800 0.014800 0.006100 0.013600 0.012300 0.008600 0.011000 0.008600 0.013500 0.018600 0.008600 0.012300 0.008600 0.011100 0.009800 0.007300 0.014800 0.016000 0.016100 0.009800 0.013600 0.009800 0.017600 0.014800 0.014800 0.016000
BarbaryShe 0.000000 0.041900 0.009800 0.043800 0.007300 0.000000 0.003900 0.004900 0.011100 0.009800 0.003700 0.009800 0.001200 0.007300 0.013500 0.007400 0.004900 0.004900 0.001200 0.009800 0.007400 0.000000 0.006100 0.012300 0.002400 0.008600 0.002400 0.009800 0.006100 0.008600 0.007300 0.006100 0.006100 0.002400 0.006100 0.013500 0.003700 0.009800 0.006100 0.006100 0.004900 0.009800 0.011100 0.011100 0.011100 0.008600 0.014800 0.004900 0.012500 0.009800 0.009800 0.011100
Daviddeer 0.006100 0.043200 0.011100 0.045200 0.011000 0.006100 0.007500 0.008600 0.012300 0.008600 0.009800 0.011100 0.007300 0.011100 0.017300 0.011100 0.006100 0.006100 0.007400 0.011100 0.011100 0.006100 0.000000 0.011100 0.008600 0.012300 0.008600 0.011100 0.009800 0.009800 0.006100 0.009900 0.007300 0.008600 0.012300 0.014800 0.009800 0.013500 0.009800 0.004900 0.001200 0.013500 0.009800 0.009800 0.012300 0.012300 0.018600 0.008600 0.016300 0.009800 0.011100 0.012300
Reindeer 0.012300 0.044500 0.017300 0.046400 0.017200 0.012300 0.013800 0.014800 0.018500 0.014800 0.016000 0.017300 0.013500 0.017200 0.023500 0.017300 0.012200 0.012300 0.013500 0.017300 0.017300 0.012300 0.011100 0.000000 0.014800 0.018500 0.014700 0.017300 0.016000 0.016000 0.012300 0.016100 0.013500 0.014800 0.018500 0.021000 0.016000 0.019700 0.016000 0.006100 0.009800 0.019700 0.016000 0.006100 0.018500 0.018500 0.024800 0.014800 0.022500 0.016000 0.017300 0.018500
Ibex 0.002400 0.044400 0.012300 0.046400 0.007300 0.002400 0.006400 0.007300 0.013500 0.012300 0.001200 0.012300 0.003700 0.008600 0.013500 0.009800 0.004900 0.004900 0.003700 0.012300 0.007400 0.002400 0.008600 0.014800 0.000000 0.008600 0.004900 0.012300 0.008600 0.011100 0.009800 0.008600 0.008500 0.004900 0.008600 0.016000 0.001200 0.009800 0.008600 0.008600 0.007400 0.007300 0.013500 0.013500 0.013500 0.011000 0.016100 0.007300 0.015000 0.012300 0.012300 0.013500
GyrantGaze 0.008600 0.045700 0.013500 0.048400 0.013500 0.008600 0.007600 0.006100 0.014800 0.016000 0.009800 0.013500 0.009800 0.009800 0.019700 0.006100 0.008500 0.008600 0.009800 0.013500 0.008600 0.008600 0.012300 0.018500 0.008600 0.000000 0.011000 0.013500 0.004900 0.012300 0.013500 0.009800 0.012200 0.011000 0.012200 0.017200 0.009800 0.016000 0.007300 0.012300 0.011000 0.001200 0.017200 0.017200 0.014800 0.011000 0.013500 0.008600 0.018800 0.016000 0.013500 0.014700
Hartebeest 0.002400 0.044400 0.012300 0.046300 0.009800 0.002400 0.006300 0.007300 0.013500 0.012300 0.006100 0.012300 0.001200 0.009800 0.016000 0.009800 0.007300 0.007300 0.003700 0.012300 0.009800 0.002400 0.008600 0.014700 0.004900 0.011000 0.000000 0.012300 0.008600 0.011000 0.009800 0.008600 0.006100 0.002400 0.008600 0.016000 0.006100 0.012300 0.008600 0.008600 0.007300 0.012200 0.013500 0.013500 0.013500 0.011000 0.017300 0.007300 0.015000 0.012300 0.012300 0.013500
Bongo 0.009800 0.044500 0.002400 0.046500 0.014800 0.009800 0.011400 0.012300 0.003700 0.014800 0.013500 0.009900 0.011000 0.014800 0.021000 0.012300 0.009800 0.009800 0.011100 0.002400 0.014800 0.009800 0.011100 0.017300 0.012300 0.013500 0.012300 0.000000 0.011000 0.001200 0.012300 0.013600 0.011000 0.012300 0.013500 0.016400 0.013500 0.017300 0.011300 0.011100 0.009800 0.014700 0.016000 0.016000 0.013600 0.016000 0.019800 0.009800 0.020100 0.015100 0.002400 0.001200
Gerenuk 0.006100 0.043200 0.011100 0.046300 0.011000 0.006100 0.005200 0.003700 0.012300 0.013500 0.009800 0.011100 0.007300 0.008600 0.017300 0.003700 0.008500 0.008600 0.007300 0.011100 0.006100 0.006100 0.009800 0.016000 0.008600 0.004900 0.008600 0.011000 0.000000 0.009800 0.011000 0.007400 0.009800 0.008600 0.009800 0.014800 0.009800 0.013500 0.004900 0.009800 0.008600 0.006100 0.014800 0.014800 0.012300 0.008600 0.011100 0.006100 0.016300 0.013500 0.011000 0.012300
CommonElan 0.008600 0.043200 0.001200 0.045100 0.013500 0.008600 0.010200 0.011000 0.002400 0.013500 0.012300 0.008600 0.009800 0.013500 0.019800 0.011100 0.008600 0.008600 0.009800 0.001200 0.013600 0.008600 0.009800 0.016000 0.011100 0.012300 0.011000 0.001200 0.009800 0.000000 0.011100 0.012300 0.009800 0.011000 0.012300 0.014800 0.012300 0.016000 0.010000 0.009800 0.008600 0.013500 0.014800 0.014800 0.012300 0.014800 0.018600 0.008600 0.018800 0.013900 0.001200 0.002400
MuntiacusR 0.007300 0.043200 0.012300 0.046400 0.012300 0.007300 0.008800 0.009800 0.013500 0.002400 0.011000 0.011100 0.008600 0.012300 0.018500 0.012300 0.007300 0.007300 0.008600 0.012300 0.012300 0.007300 0.006100 0.012300 0.009800 0.013500 0.009800 0.012300 0.011000 0.011100 0.000000 0.011100 0.008600 0.009800 0.013600 0.014800 0.011000 0.014800 0.011100 0.006100 0.004900 0.014700 0.003700 0.008600 0.012300 0.013500 0.019800 0.009800 0.017500 0.011100 0.012300 0.013500
HarveysDui 0.006100 0.045900 0.013600 0.049100 0.011100 0.006100 0.005200 0.006100 0.014800 0.013600 0.009800 0.013600 0.007300 0.006100 0.017300 0.008600 0.008600 0.008600 0.007400 0.013600 0.008600 0.006100 0.009900 0.016100 0.008600 0.009800 0.008600 0.013600 0.007400 0.012300 0.011100 0.000000 0.009800 0.008600 0.012300 0.017300 0.009800 0.012300 0.007400 0.009800 0.008600 0.011000 0.014800 0.014800 0.014800 0.011100 0.016100 0.008600 0.016300 0.013600 0.013600 0.014800
Pronghorn 0.006100 0.043000 0.011000 0.047500 0.011000 0.006100 0.007500 0.008500 0.012300 0.011000 0.009800 0.011100 0.007300 0.011000 0.017200 0.011000 0.006100 0.006100 0.007300 0.011000 0.011000 0.006100 0.007300 0.013500 0.008500 0.012200 0.006100 0.011000 0.009800 0.009800 0.008600 0.009800 0.000000 0.008500 0.012200 0.014700 0.009800 0.013500 0.009800 0.007300 0.006100 0.013400 0.012300 0.012300 0.012300 0.012200 0.018500 0.008600 0.016200 0.011000 0.011000 0.012200
BlueWildeb 0.002400 0.041800 0.012300 0.046300 0.009800 0.002400 0.006300 0.007300 0.013500 0.012300 0.006100 0.012300 0.001200 0.009800 0.016000 0.009800 0.007300 0.007300 0.003700 0.012300 0.008600 0.002400 0.008600 0.014800 0.004900 0.011000 0.002400 0.012300 0.008600 0.011000 0.009800 0.008600 0.008500 0.000000 0.008600 0.016000 0.006100 0.012300 0.008600 0.008600 0.007400 0.012200 0.011100 0.013500 0.013500 0.011000 0.017300 0.007300 0.015000 0.012300 0.012300 0.013500
Gemsbok 0.006100 0.048600 0.013500 0.047800 0.013500 0.006100 0.010300 0.011000 0.014800 0.016100 0.009800 0.013500 0.007400 0.013500 0.017200 0.011000 0.011100 0.011100 0.007300 0.013500 0.013500 0.006100 0.012300 0.018500 0.008600 0.012200 0.008600 0.013500 0.009800 0.012300 0.013600 0.012300 0.012200 0.008600 0.000000 0.017200 0.009800 0.016000 0.009800 0.012300 0.011000 0.013400 0.017200 0.017200 0.014800 0.014700 0.018500 0.008600 0.018800 0.016000 0.013500 0.014700
Yak 0.013500 0.048400 0.013600 0.051600 0.017900 0.013500 0.015100 0.016000 0.017300 0.017300 0.017300 0.008600 0.014700 0.018500 0.024800 0.016000 0.013500 0.013500 0.014800 0.014800 0.018600 0.013500 0.014800 0.021000 0.016000 0.017200 0.016000 0.016400 0.014800 0.014800 0.014800 0.017300 0.014700 0.016000 0.017200 0.000000 0.017300 0.020400 0.012300 0.014800 0.013600 0.018400 0.018500 0.017800 0.004900 0.019700 0.023600 0.013500 0.019800 0.018600 0.013500 0.017600
BlueSheep 0.003700 0.045800 0.013500 0.047700 0.008600 0.003700 0.007600 0.008600 0.014800 0.013500 0.002400 0.013600 0.004900 0.009800 0.014800 0.011100 0.006100 0.006100 0.004900 0.013500 0.008600 0.003700 0.009800 0.016000 0.001200 0.009800 0.006100 0.013500 0.009800 0.012300 0.011000 0.009800 0.009800 0.006100 0.009800 0.017300 0.000000 0.011000 0.009800 0.009800 0.008600 0.008500 0.014800 0.014800 0.014800 0.012300 0.017300 0.008600 0.016300 0.013500 0.013500 0.014800
BohorReedb 0.009800 0.049200 0.017300 0.052100 0.002400 0.009800 0.011600 0.012300 0.018500 0.017200 0.011000 0.016700 0.011000 0.011000 0.018500 0.014800 0.012200 0.012300 0.011000 0.017300 0.012300 0.009800 0.013500 0.019700 0.009800 0.016000 0.012300 0.017300 0.013500 0.016000 0.014800 0.012300 0.013500 0.012300 0.016000 0.020400 0.011000 0.000000 0.011000 0.013500 0.012300 0.014700 0.018500 0.016000 0.018500 0.016000 0.021100 0.012300 0.020100 0.017300 0.017200 0.018500
KirksDik 0.006100 0.046200 0.008800 0.044200 0.008600 0.006100 0.005100 0.006100 0.012500 0.013500 0.009800 0.011300 0.007300 0.006100 0.017300 0.006100 0.008600 0.008600 0.007300 0.011300 0.008600 0.006100 0.009800 0.016000 0.008600 0.007300 0.008600 0.011300 0.004900 0.010000 0.011100 0.007400 0.009800 0.008600 0.009800 0.012300 0.009800 0.011000 0.000000 0.009800 0.008600 0.008500 0.014800 0.014800 0.009800 0.011000 0.013600 0.006100 0.016300 0.013600 0.011300 0.012500
RoeDeer 0.006100 0.043200 0.011100 0.045100 0.011000 0.006100 0.007500 0.008600 0.012300 0.008600 0.009800 0.011100 0.007300 0.011000 0.017300 0.011100 0.006100 0.006100 0.007300 0.011100 0.011100 0.006100 0.004900 0.006100 0.008600 0.012300 0.008600 0.011100 0.009800 0.009800 0.006100 0.009800 0.007300 0.008600 0.012300 0.014800 0.009800 0.013500 0.009800 0.000000 0.003700 0.013500 0.009800 0.004900 0.012300 0.012300 0.018600 0.008600 0.016200 0.009800 0.011100 0.012300
WhiteLippe 0.004900 0.041900 0.009800 0.043900 0.009800 0.004900 0.006300 0.007400 0.011100 0.007400 0.008600 0.009900 0.006100 0.009800 0.016100 0.009800 0.004900 0.004900 0.006100 0.009800 0.009800 0.004900 0.001200 0.009800 0.007400 0.011000 0.007300 0.009800 0.008600 0.008600 0.004900 0.008600 0.006100 0.007400 0.011000 0.013600 0.008600 0.012300 0.008600 0.003700 0.000000 0.012300 0.008600 0.008600 0.011100 0.011100 0.017300 0.007400 0.015000 0.008600 0.009800 0.011100
ThomsonGaz 0.009800 0.046900 0.014700 0.049600 0.012200 0.009800 0.008800 0.007300 0.016000 0.017200 0.008500 0.014800 0.011000 0.011000 0.018400 0.007300 0.009700 0.009800 0.011000 0.014700 0.007300 0.009800 0.013500 0.019700 0.007300 0.001200 0.012200 0.014700 0.006100 0.013500 0.014700 0.011000 0.013400 0.012200 0.013400 0.018400 0.008500 0.014700 0.008500 0.013500 0.012300 0.000000 0.018500 0.018400 0.016000 0.012200 0.013500 0.009800 0.020000 0.017200 0.014700 0.015900
MuntiacusC 0.011100 0.044500 0.016100 0.050300 0.016000 0.011100 0.012500 0.013500 0.017300 0.006100 0.014800 0.014800 0.012300 0.016000 0.022300 0.016000 0.011000 0.011100 0.012300 0.016100 0.014800 0.011100 0.009800 0.016000 0.013500 0.017200 0.013500 0.016000 0.014800 0.014800 0.003700 0.014800 0.012300 0.011100 0.017200 0.018500 0.014800 0.018500 0.014800 0.009800 0.008600 0.018500 0.000000 0.012300 0.016100 0.017300 0.023600 0.013500 0.021300 0.014800 0.016000 0.017300
WhiteTaile 0.011000 0.044500 0.016000 0.047700 0.013500 0.011000 0.012500 0.013500 0.017300 0.011000 0.014800 0.014000 0.012300 0.016000 0.022300 0.016000 0.011000 0.011000 0.012300 0.016000 0.016000 0.011100 0.009800 0.006100 0.013500 0.017200 0.013500 0.016000 0.014800 0.014800 0.008600 0.014800 0.012300 0.013500 0.017200 0.017800 0.014800 0.016000 0.014800 0.004900 0.008600 0.018400 0.012300 0.000000 0.016000 0.017200 0.023600 0.013500 0.021300 0.014800 0.016000 0.017300
Cattle 0.011100 0.047100 0.011100 0.050300 0.016000 0.011100 0.012600 0.013500 0.014800 0.014800 0.014800 0.008600 0.012300 0.016000 0.022300 0.013600 0.011000 0.011100 0.012300 0.013600 0.016100 0.011100 0.012300 0.018500 0.013500 0.014800 0.013500 0.013600 0.012300 0.012300 0.012300 0.014800 0.012300 0.013500 0.014800 0.004900 0.014800 0.018500 0.009800 0.012300 0.011100 0.016000 0.016100 0.016000 0.000000 0.017300 0.021100 0.011100 0.019800 0.016100 0.011100 0.014800
RoyalAntel 0.008600 0.045700 0.016000 0.050400 0.013500 0.008600 0.009000 0.004900 0.017300 0.013500 0.012300 0.016000 0.009800 0.012300 0.017300 0.009800 0.011000 0.011000 0.009800 0.016000 0.009800 0.008600 0.012300 0.018500 0.011000 0.011000 0.011000 0.016000 0.008600 0.014800 0.013500 0.011100 0.012200 0.011000 0.014700 0.019700 0.012300 0.016000 0.011000 0.012300 0.011100 0.012200 0.017300 0.017200 0.017300 0.000000 0.017300 0.011000 0.018800 0.016000 0.016000 0.017200
Steenbok 0.014800 0.052500 0.019800 0.053000 0.018500 0.014800 0.013900 0.012300 0.021100 0.022300 0.017300 0.019900 0.016000 0.017300 0.022400 0.012300 0.014800 0.014800 0.016100 0.019800 0.013600 0.014800 0.018600 0.024800 0.016100 0.013500 0.017300 0.019800 0.011100 0.018600 0.019800 0.016100 0.018500 0.017300 0.018500 0.023600 0.017300 0.021100 0.013600 0.018600 0.017300 0.013500 0.023600 0.023600 0.021100 0.017300 0.000000 0.014800 0.024000 0.022400 0.019800 0.021100
Impala 0.004900 0.044500 0.009800 0.046400 0.009800 0.004900 0.006400 0.007300 0.011100 0.012300 0.008600 0.009800 0.006100 0.009800 0.016000 0.007400 0.007300 0.007300 0.006100 0.009800 0.009800 0.004900 0.008600 0.014800 0.007300 0.008600 0.007300 0.009800 0.006100 0.008600 0.009800 0.008600 0.008600 0.007300 0.008600 0.013500 0.008600 0.012300 0.006100 0.008600 0.007400 0.009800 0.013500 0.013500 0.011100 0.011000 0.014800 0.000000 0.015000 0.012300 0.009800 0.011100
Klipspring 0.012500 0.051300 0.020100 0.053400 0.017500 0.012500 0.014100 0.015000 0.021300 0.020000 0.016300 0.018600 0.013700 0.017600 0.023900 0.017600 0.014900 0.015000 0.013800 0.020100 0.017600 0.012500 0.016300 0.022500 0.015000 0.018800 0.015000 0.020100 0.016300 0.018800 0.017500 0.016300 0.016200 0.015000 0.018800 0.019800 0.016300 0.020100 0.016300 0.016200 0.015000 0.020000 0.021300 0.021300 0.019800 0.018800 0.024000 0.015000 0.000000 0.020100 0.020000 0.021300
ForestMusk 0.009800 0.047100 0.015100 0.048100 0.014800 0.009800 0.011400 0.012300 0.016400 0.013600 0.013500 0.015100 0.011000 0.014800 0.021100 0.014800 0.009800 0.009800 0.011100 0.015100 0.014800 0.009800 0.009800 0.016000 0.012300 0.016000 0.012300 0.015100 0.013500 0.013900 0.011100 0.013600 0.011000 0.012300 0.016000 0.018600 0.013500 0.017300 0.013600 0.009800 0.008600 0.017200 0.014800 0.014800 0.016100 0.016000 0.022400 0.012300 0.020100 0.000000 0.015100 0.016300
Bushbuck 0.009800 0.044500 0.002400 0.046400 0.014700 0.009800 0.011300 0.012300 0.003700 0.014800 0.013500 0.009800 0.011000 0.014800 0.021000 0.012300 0.009800 0.009800 0.011000 0.002400 0.014800 0.009800 0.011100 0.017300 0.012300 0.013500 0.012300 0.002400 0.011000 0.001200 0.012300 0.013600 0.011000 0.012300 0.013500 0.013500 0.013500 0.017200 0.011300 0.011100 0.009800 0.014700 0.016000 0.016000 0.011100 0.016000 0.019800 0.009800 0.020000 0.015100 0.000000 0.003700
GreaterKud 0.011000 0.045800 0.003700 0.045100 0.016000 0.011000 0.012600 0.013500 0.004900 0.016000 0.014800 0.011100 0.012300 0.016000 0.022300 0.013500 0.011000 0.011000 0.012300 0.003700 0.016000 0.011100 0.012300 0.018500 0.013500 0.014700 0.013500 0.001200 0.012300 0.002400 0.013500 0.014800 0.012200 0.013500 0.014700 0.017600 0.014800 0.018500 0.012500 0.012300 0.011100 0.015900 0.017300 0.017300 0.014800 0.017200 0.021100 0.011100 0.021300 0.016300 0.003700 0.000000
