1
52 1
Argali 0.000000 0.184200 0.032900 0.164400 0.046700 0.004600 0.033000 0.047600 0.052300 0.072500 0.018800 0.038100 0.042900 0.023500 0.037600 0.042300 0.057600 0.037500 0.032800 0.042500 0.042500 0.018800 0.052600 0.047100 0.023500 0.032700 0.033300 0.037800 0.037500 0.032900 0.072900 0.052900 0.057300 0.033400 0.023500 0.028300 0.028400 0.037100 0.037500 0.072000 0.057800 0.037900 0.067800 0.056800 0.028300 0.048100 0.033000 0.046900 0.037600 0.052400 0.032900 0.032900
LesserMous 0.184200 0.000000 0.178600 0.228900 0.181800 0.179100 0.168000 0.209600 0.202300 0.203700 0.173600 0.186900 0.192600 0.167500 0.183600 0.188900 0.191100 0.172000 0.190000 0.190600 0.202600 0.173600 0.203700 0.194900 0.179200 0.190100 0.181500 0.184400 0.201800 0.178600 0.205100 0.186700 0.196600 0.181800 0.179000 0.173600 0.185800 0.183300 0.194900 0.226400 0.210800 0.184900 0.199000 0.194400 0.173600 0.199500 0.190000 0.205300 0.195300 0.190800 0.178600 0.183800
LesserKudu 0.032900 0.178600 0.000000 0.164300 0.042000 0.027800 0.028300 0.042800 0.018300 0.077700 0.023600 0.033300 0.038100 0.018800 0.032900 0.037600 0.072800 0.052100 0.037700 0.009200 0.037800 0.023600 0.057700 0.052000 0.028300 0.027300 0.028600 0.004600 0.037700 0.000000 0.078200 0.048100 0.062400 0.028700 0.018800 0.023600 0.033300 0.032500 0.032800 0.077200 0.063000 0.033100 0.073100 0.061800 0.023600 0.043300 0.028200 0.042100 0.032900 0.057400 0.000000 0.004600
KillerWhal 0.164400 0.228900 0.164300 0.000000 0.174100 0.159300 0.171100 0.176900 0.187100 0.200000 0.153900 0.177900 0.171900 0.159300 0.175100 0.180300 0.181400 0.169100 0.169900 0.164500 0.182000 0.153900 0.176900 0.174700 0.159400 0.170000 0.161100 0.170000 0.181200 0.164300 0.201300 0.189300 0.187700 0.161200 0.159200 0.165200 0.165600 0.169400 0.179400 0.187300 0.183500 0.176200 0.195400 0.174500 0.165200 0.166400 0.174900 0.185000 0.175100 0.158900 0.164300 0.169500
DefassaWat 0.046700 0.181800 0.042000 0.174100 0.000000 0.042100 0.042200 0.056700 0.061300 0.091700 0.037500 0.046600 0.052000 0.032600 0.037200 0.051300 0.081800 0.066000 0.051500 0.051500 0.051600 0.037500 0.071600 0.065900 0.042200 0.041900 0.042500 0.047000 0.051500 0.042000 0.092200 0.062100 0.076300 0.042700 0.032600 0.027900 0.047200 0.009000 0.041800 0.091200 0.077000 0.047000 0.087100 0.065800 0.027900 0.057300 0.037400 0.046300 0.027700 0.071300 0.042000 0.046800
Sheep 0.004600 0.179100 0.027800 0.159300 0.042100 0.000000 0.028200 0.042900 0.047600 0.067700 0.014100 0.033300 0.038200 0.018800 0.032900 0.037600 0.052800 0.032800 0.027900 0.037900 0.037200 0.014100 0.047900 0.042400 0.018800 0.028200 0.028300 0.033100 0.037700 0.028200 0.068100 0.048200 0.052600 0.028700 0.018800 0.023600 0.023600 0.032800 0.032800 0.067300 0.053000 0.033200 0.063000 0.052100 0.023600 0.043400 0.028300 0.042200 0.032900 0.047600 0.028200 0.028200
MaxwellsDu 0.033000 0.168000 0.028300 0.171100 0.042200 0.028200 0.000000 0.042300 0.047600 0.067900 0.023600 0.023300 0.028600 0.009400 0.033000 0.037700 0.063000 0.042600 0.037200 0.038000 0.037900 0.023600 0.057900 0.052200 0.028400 0.028200 0.018900 0.033200 0.037800 0.028300 0.068300 0.028600 0.062500 0.019100 0.018800 0.014100 0.033400 0.032800 0.032900 0.077500 0.063200 0.033200 0.063200 0.062000 0.014100 0.033600 0.028300 0.042200 0.033000 0.057600 0.028200 0.033100
GazellaPrz 0.047600 0.209600 0.042800 0.176900 0.056700 0.042900 0.042300 0.000000 0.062200 0.093400 0.038100 0.047400 0.053000 0.033200 0.037800 0.037700 0.078100 0.067200 0.052400 0.042800 0.042800 0.038100 0.073000 0.067000 0.043000 0.028300 0.043300 0.047800 0.037900 0.042100 0.094000 0.063200 0.077700 0.043500 0.033200 0.038100 0.048000 0.047300 0.037700 0.092900 0.078500 0.033300 0.088800 0.077000 0.038100 0.058400 0.033200 0.056800 0.047500 0.072600 0.041800 0.047700
MountainNy 0.052300 0.202300 0.018300 0.187100 0.061300 0.047600 0.047600 0.062200 0.000000 0.092900 0.042900 0.043000 0.057800 0.037900 0.052200 0.056900 0.093200 0.071900 0.057200 0.018300 0.047500 0.042900 0.077700 0.071700 0.047700 0.047400 0.048100 0.023400 0.057100 0.018400 0.093500 0.047900 0.082400 0.048300 0.037900 0.042800 0.052800 0.051100 0.052100 0.097600 0.083200 0.052600 0.088300 0.081700 0.042800 0.063200 0.047600 0.061500 0.052200 0.077400 0.018600 0.023400
MuntiacusM 0.072500 0.203700 0.077700 0.200000 0.091700 0.067700 0.067900 0.093400 0.092900 0.000000 0.062800 0.073400 0.078400 0.067700 0.082300 0.087100 0.083200 0.066900 0.077400 0.088000 0.077700 0.062800 0.028400 0.032900 0.067700 0.077500 0.068500 0.082800 0.087600 0.077700 0.009400 0.094100 0.093100 0.068600 0.067600 0.062800 0.063000 0.082100 0.077100 0.052400 0.033400 0.082800 0.014100 0.042400 0.062800 0.083900 0.077600 0.086500 0.082200 0.077600 0.077700 0.082500
goat 0.018800 0.173600 0.023600 0.153900 0.037500 0.014100 0.023600 0.038100 0.042900 0.062800 0.000000 0.028600 0.033400 0.014100 0.028200 0.032900 0.057900 0.037700 0.023500 0.033200 0.033200 0.009300 0.043000 0.037600 0.004600 0.023500 0.023900 0.028400 0.033100 0.023600 0.063100 0.043400 0.047700 0.023900 0.014100 0.018900 0.009400 0.028100 0.028100 0.062400 0.048100 0.028400 0.058100 0.047300 0.018900 0.038500 0.023500 0.027900 0.028200 0.042800 0.023600 0.028300
AfricanBuf 0.038100 0.186900 0.033300 0.177900 0.046600 0.033300 0.023300 0.047400 0.043000 0.073400 0.028600 0.000000 0.033600 0.023700 0.038000 0.042700 0.068400 0.047700 0.042900 0.033400 0.042200 0.028600 0.063200 0.057400 0.033400 0.033200 0.024000 0.038300 0.042900 0.032900 0.073800 0.043600 0.068000 0.024100 0.023700 0.019000 0.038400 0.037800 0.037900 0.083000 0.068600 0.038300 0.068700 0.067300 0.019000 0.038800 0.033300 0.047300 0.038000 0.062900 0.032300 0.038200
Topi 0.042900 0.192600 0.038100 0.171900 0.052000 0.038200 0.028600 0.053000 0.057800 0.078400 0.033400 0.033600 0.000000 0.028500 0.042800 0.047600 0.073500 0.052600 0.047200 0.048000 0.047900 0.033400 0.058200 0.062300 0.038300 0.037800 0.009500 0.043100 0.047700 0.037500 0.068600 0.057600 0.073000 0.009500 0.028500 0.023800 0.043300 0.042600 0.042700 0.088100 0.063500 0.043100 0.063500 0.072300 0.023800 0.038700 0.038200 0.052100 0.042800 0.067900 0.038000 0.043000
CommonDuik 0.023500 0.167500 0.018800 0.159300 0.032600 0.018800 0.009400 0.033200 0.037900 0.067700 0.014100 0.023700 0.028500 0.000000 0.023400 0.028100 0.062800 0.042500 0.028200 0.028300 0.028300 0.014100 0.047900 0.042400 0.018800 0.018700 0.019000 0.023500 0.028200 0.018800 0.068100 0.028600 0.052600 0.019000 0.009300 0.014100 0.023600 0.023300 0.023300 0.067300 0.053100 0.023500 0.063100 0.052100 0.014100 0.033500 0.018700 0.032600 0.023400 0.047600 0.018800 0.023500
Suni 0.037600 0.183600 0.032900 0.175100 0.037200 0.032900 0.033000 0.037800 0.052200 0.082300 0.028200 0.038000 0.042800 0.023400 0.000000 0.037400 0.067300 0.056700 0.042400 0.042600 0.042500 0.028200 0.062300 0.056600 0.032900 0.028100 0.033300 0.037700 0.037600 0.032900 0.082800 0.052800 0.067000 0.033300 0.023400 0.028200 0.037900 0.027900 0.037400 0.081800 0.067600 0.032900 0.077700 0.066400 0.028200 0.047900 0.032800 0.046700 0.037400 0.062000 0.032900 0.037600
Springbuck 0.042300 0.188900 0.037600 0.180300 0.051300 0.037600 0.037700 0.037700 0.056900 0.087100 0.032900 0.042700 0.047600 0.028100 0.037400 0.000000 0.077200 0.061400 0.047100 0.047300 0.037600 0.032900 0.067100 0.061300 0.037600 0.018500 0.038000 0.042400 0.027900 0.037600 0.087600 0.057600 0.071700 0.038000 0.028000 0.032800 0.042600 0.042100 0.032500 0.086600 0.072400 0.023300 0.082500 0.071100 0.032300 0.052600 0.028000 0.051300 0.042100 0.066700 0.037600 0.042300
Okapi 0.057600 0.191100 0.072800 0.181400 0.081800 0.052800 0.063000 0.078100 0.093200 0.083200 0.057900 0.068400 0.073500 0.062800 0.067300 0.077200 0.000000 0.037800 0.072500 0.083100 0.083000 0.057900 0.073000 0.077100 0.062800 0.067600 0.063600 0.077900 0.077700 0.072800 0.083700 0.094400 0.088000 0.063600 0.062800 0.057900 0.068100 0.077200 0.077200 0.092900 0.068300 0.072900 0.078600 0.087200 0.057900 0.078900 0.072700 0.086800 0.077300 0.062100 0.072800 0.077700
Giraffe 0.037500 0.172000 0.052100 0.169100 0.066000 0.032800 0.042600 0.067200 0.071900 0.066900 0.037700 0.047700 0.052600 0.042500 0.056700 0.061400 0.037800 0.000000 0.052000 0.062000 0.062000 0.037700 0.052300 0.056500 0.042500 0.052000 0.043000 0.057000 0.061800 0.052100 0.067300 0.072800 0.066900 0.043000 0.042400 0.037700 0.047500 0.056600 0.051800 0.071600 0.057500 0.057100 0.062300 0.066300 0.037700 0.057800 0.052100 0.070600 0.056700 0.052100 0.052100 0.056900
TibetanAnt 0.032800 0.190000 0.037700 0.169900 0.051500 0.027900 0.037200 0.052400 0.057200 0.077400 0.023500 0.042900 0.047200 0.028200 0.042400 0.047100 0.072500 0.052000 0.000000 0.046600 0.047400 0.023500 0.057500 0.051900 0.028200 0.037600 0.038200 0.042700 0.047200 0.037700 0.077900 0.057900 0.052300 0.038300 0.028200 0.033100 0.033100 0.042100 0.042300 0.077000 0.062800 0.042700 0.072800 0.061600 0.033100 0.053100 0.037800 0.051600 0.042400 0.047500 0.037700 0.042500
Sitatunga 0.042500 0.190600 0.009200 0.164500 0.051500 0.037900 0.038000 0.042800 0.018300 0.088000 0.033200 0.033400 0.048000 0.028300 0.042600 0.047300 0.083100 0.062000 0.046600 0.000000 0.047600 0.033200 0.067800 0.061900 0.038000 0.037800 0.038300 0.014000 0.047400 0.009200 0.088600 0.048200 0.072500 0.038500 0.028300 0.033200 0.043000 0.042400 0.042400 0.087500 0.073200 0.042800 0.083400 0.071800 0.033200 0.053300 0.037900 0.051800 0.042500 0.067500 0.009200 0.014000
Oribi 0.042500 0.202600 0.037800 0.182000 0.051600 0.037200 0.037900 0.042800 0.047500 0.077700 0.033200 0.042200 0.047900 0.028300 0.042500 0.037600 0.083000 0.062000 0.047400 0.047600 0.000000 0.033200 0.067700 0.061800 0.038000 0.028100 0.038000 0.042800 0.037700 0.037800 0.088500 0.058000 0.072400 0.038400 0.028300 0.033200 0.043000 0.042300 0.032800 0.077300 0.073100 0.033100 0.083300 0.071700 0.033200 0.053200 0.028300 0.051800 0.042500 0.067400 0.037800 0.042600
BarbaryShe 0.018800 0.173600 0.023600 0.153900 0.037500 0.014100 0.023600 0.038100 0.042900 0.062800 0.009300 0.028600 0.033400 0.014100 0.028200 0.032900 0.057900 0.037700 0.023500 0.033200 0.033200 0.000000 0.043000 0.037600 0.014000 0.023500 0.023900 0.028400 0.033100 0.023600 0.063100 0.043400 0.047700 0.023900 0.014100 0.018900 0.018900 0.028100 0.028100 0.062400 0.048200 0.028400 0.058100 0.047300 0.018900 0.038500 0.023500 0.037500 0.028200 0.042800 0.023600 0.028300
Daviddeer 0.052600 0.203700 0.057700 0.176900 0.071600 0.047900 0.057900 0.073000 0.077700 0.028400 0.043000 0.063200 0.058200 0.047900 0.062300 0.067100 0.073000 0.052300 0.057500 0.067800 0.067700 0.043000 0.000000 0.013900 0.047900 0.057500 0.048400 0.062700 0.067500 0.057700 0.018900 0.078800 0.072700 0.048400 0.047800 0.052900 0.043100 0.062200 0.062100 0.033000 0.004700 0.062700 0.023700 0.023300 0.052900 0.073700 0.057600 0.071600 0.062200 0.057600 0.057700 0.062500
Reindeer 0.047100 0.194900 0.052000 0.174700 0.065900 0.042400 0.052200 0.067000 0.071700 0.032900 0.037600 0.057400 0.062300 0.042400 0.056600 0.061300 0.077100 0.056500 0.051900 0.061900 0.061800 0.037600 0.013900 0.000000 0.042400 0.051900 0.052700 0.056900 0.061700 0.052000 0.033000 0.072600 0.066800 0.052700 0.042400 0.047300 0.037700 0.056500 0.056500 0.023200 0.018700 0.057000 0.028200 0.009100 0.047300 0.067600 0.052000 0.065800 0.056500 0.061800 0.052000 0.056800
Ibex 0.023500 0.179200 0.028300 0.159400 0.042200 0.018800 0.028400 0.043000 0.047700 0.067700 0.004600 0.033400 0.038300 0.018800 0.032900 0.037600 0.062800 0.042500 0.028200 0.038000 0.038000 0.014000 0.047900 0.042400 0.000000 0.028200 0.028700 0.033100 0.037900 0.028300 0.068100 0.048300 0.052600 0.028700 0.018800 0.023600 0.014100 0.032900 0.032800 0.067300 0.053100 0.033200 0.063100 0.052100 0.023600 0.043400 0.028300 0.032700 0.032900 0.047600 0.028300 0.033000
GyrantGaze 0.032700 0.190100 0.027300 0.170000 0.041900 0.028200 0.028200 0.028300 0.047400 0.077500 0.023500 0.033200 0.037800 0.018700 0.028100 0.018500 0.067600 0.052000 0.037600 0.037800 0.028100 0.023500 0.057500 0.051900 0.028200 0.000000 0.028500 0.033000 0.009200 0.028100 0.078000 0.047900 0.062200 0.028600 0.018700 0.023500 0.033200 0.032000 0.023300 0.077000 0.062800 0.004600 0.072900 0.061600 0.023500 0.043200 0.018700 0.042000 0.032800 0.057300 0.028100 0.032900
Hartebeest 0.033300 0.181500 0.028600 0.161100 0.042500 0.028300 0.018900 0.043300 0.048100 0.068500 0.023900 0.024000 0.009500 0.019000 0.033300 0.038000 0.063600 0.043000 0.038200 0.038300 0.038000 0.023900 0.048400 0.052700 0.028700 0.028500 0.000000 0.033500 0.038100 0.028600 0.058800 0.048700 0.063100 0.000000 0.019000 0.014200 0.033700 0.032700 0.033200 0.078200 0.053600 0.033500 0.063800 0.062500 0.014200 0.029000 0.028600 0.042600 0.033200 0.058100 0.027900 0.033400
Bongo 0.037800 0.184400 0.004600 0.170000 0.047000 0.033100 0.033200 0.047800 0.023400 0.082800 0.028400 0.038300 0.043100 0.023500 0.037700 0.042400 0.077900 0.057000 0.042700 0.014000 0.042800 0.028400 0.062700 0.056900 0.033100 0.033000 0.033500 0.000000 0.042600 0.004600 0.083300 0.053200 0.067400 0.033500 0.023500 0.028400 0.038100 0.037600 0.028100 0.082300 0.068000 0.038000 0.078200 0.066700 0.028400 0.048300 0.023500 0.046900 0.037700 0.062400 0.004600 0.009300
Gerenuk 0.037500 0.201800 0.037700 0.181200 0.051500 0.037700 0.037800 0.037900 0.057100 0.087600 0.033100 0.042900 0.047700 0.028200 0.037600 0.027900 0.077700 0.061800 0.047200 0.047400 0.037700 0.033100 0.067500 0.061700 0.037900 0.009200 0.038100 0.042600 0.000000 0.037700 0.088200 0.057800 0.067300 0.038300 0.028200 0.033100 0.042900 0.040400 0.032700 0.087100 0.072800 0.013900 0.083000 0.071500 0.033100 0.053000 0.028200 0.051700 0.042300 0.067200 0.037300 0.042500
CommonElan 0.032900 0.178600 0.000000 0.164300 0.042000 0.028200 0.028300 0.042100 0.018400 0.077700 0.023600 0.032900 0.037500 0.018800 0.032900 0.037600 0.072800 0.052100 0.037700 0.009200 0.037800 0.023600 0.057700 0.052000 0.028300 0.028100 0.028600 0.004600 0.037700 0.000000 0.078200 0.048100 0.062400 0.028700 0.018800 0.023600 0.033300 0.032200 0.032800 0.077200 0.063000 0.033100 0.073100 0.061800 0.023600 0.043300 0.028200 0.042100 0.032900 0.057400 0.000000 0.004600
MuntiacusR 0.072900 0.205100 0.078200 0.201300 0.092200 0.068100 0.068300 0.094000 0.093500 0.009400 0.063100 0.073800 0.068600 0.068100 0.082800 0.087600 0.083700 0.067300 0.077900 0.088600 0.088500 0.063100 0.018900 0.033000 0.068100 0.078000 0.058800 0.083300 0.088200 0.078200 0.000000 0.094700 0.093600 0.058800 0.068000 0.063200 0.063300 0.082600 0.077600 0.052700 0.023800 0.083300 0.014000 0.042700 0.063200 0.084500 0.078100 0.087000 0.082700 0.078100 0.078200 0.083100
HarveysDui 0.052900 0.186700 0.048100 0.189300 0.062100 0.048200 0.028600 0.063200 0.047900 0.094100 0.043400 0.043600 0.057600 0.028600 0.052800 0.057600 0.094400 0.072800 0.057900 0.048200 0.058000 0.043400 0.078800 0.072600 0.048300 0.047900 0.048700 0.053200 0.057800 0.048100 0.094700 0.000000 0.083500 0.048900 0.038400 0.043400 0.053500 0.052600 0.052700 0.098900 0.084300 0.053200 0.089500 0.077500 0.043400 0.064000 0.048200 0.062200 0.052800 0.078400 0.048100 0.053100
Pronghorn 0.057300 0.196600 0.062400 0.187700 0.076300 0.052600 0.062500 0.077700 0.082400 0.093100 0.047700 0.068000 0.073000 0.052600 0.067000 0.071700 0.088000 0.066900 0.052300 0.072500 0.072400 0.047700 0.072700 0.066800 0.052600 0.062200 0.063100 0.067400 0.067300 0.062400 0.093600 0.083500 0.000000 0.063200 0.052500 0.057600 0.057700 0.066800 0.066800 0.092500 0.078100 0.067400 0.088400 0.076700 0.057600 0.078400 0.062300 0.076300 0.066900 0.072300 0.062400 0.067200
BlueWildeb 0.033400 0.181800 0.028700 0.161200 0.042700 0.028700 0.019100 0.043500 0.048300 0.068600 0.023900 0.024100 0.009500 0.019000 0.033300 0.038000 0.063600 0.043000 0.038300 0.038500 0.038400 0.023900 0.048400 0.052700 0.028700 0.028600 0.000000 0.033500 0.038300 0.028700 0.058800 0.048900 0.063200 0.000000 0.019000 0.014300 0.033700 0.033200 0.033200 0.078200 0.053700 0.033500 0.063900 0.062600 0.014300 0.029000 0.028600 0.042600 0.033300 0.058200 0.028700 0.033400
Gemsbok 0.023500 0.179000 0.018800 0.159200 0.032600 0.018800 0.018800 0.033200 0.037900 0.067600 0.014100 0.023700 0.028500 0.009300 0.023400 0.028000 0.062800 0.042400 0.028200 0.028300 0.028300 0.014100 0.047800 0.042400 0.018800 0.018700 0.019000 0.023500 0.028200 0.018800 0.068000 0.038400 0.052500 0.019000 0.000000 0.014000 0.023600 0.023300 0.023300 0.067200 0.053000 0.023500 0.063000 0.052000 0.013900 0.033100 0.018700 0.032600 0.023300 0.047600 0.018800 0.023400
Yak 0.028300 0.173600 0.023600 0.165200 0.027900 0.023600 0.014100 0.038100 0.042800 0.062800 0.018900 0.019000 0.023800 0.014100 0.028200 0.032800 0.057900 0.037700 0.033100 0.033200 0.033200 0.018900 0.052900 0.047300 0.023600 0.023500 0.014200 0.028400 0.033100 0.023600 0.063200 0.043400 0.057600 0.014300 0.014000 0.000000 0.028500 0.028100 0.028100 0.072400 0.058100 0.028400 0.058200 0.047200 0.000000 0.028700 0.023500 0.037400 0.028200 0.052600 0.023600 0.028300
BlueSheep 0.028400 0.185800 0.033300 0.165600 0.047200 0.023600 0.033400 0.048000 0.052800 0.063000 0.009400 0.038400 0.043300 0.023600 0.037900 0.042600 0.068100 0.047500 0.033100 0.043000 0.043000 0.018900 0.043100 0.037700 0.014100 0.033200 0.033700 0.038100 0.042900 0.033300 0.063300 0.053500 0.057700 0.033700 0.023600 0.028500 0.000000 0.037800 0.037800 0.062500 0.048300 0.038100 0.058300 0.047400 0.028500 0.048500 0.033200 0.037500 0.037800 0.052700 0.033300 0.038000
BohorReedb 0.037100 0.183300 0.032500 0.169400 0.009000 0.032800 0.032800 0.047300 0.051100 0.082100 0.028100 0.037800 0.042600 0.023300 0.027900 0.042100 0.077200 0.056600 0.042100 0.042400 0.042300 0.028100 0.062200 0.056500 0.032900 0.032000 0.032700 0.037600 0.040400 0.032200 0.082600 0.052600 0.066800 0.033200 0.023300 0.028100 0.037800 0.000000 0.032600 0.081600 0.067500 0.037600 0.077500 0.066200 0.028100 0.047900 0.028100 0.037100 0.018500 0.061900 0.032700 0.037500
KirksDik 0.037500 0.194900 0.032800 0.179400 0.041800 0.032800 0.032900 0.037700 0.052100 0.077100 0.028100 0.037900 0.042700 0.023300 0.037400 0.032500 0.077200 0.051800 0.042300 0.042400 0.032800 0.028100 0.062100 0.056500 0.032800 0.023300 0.033200 0.028100 0.032700 0.032800 0.077600 0.052700 0.066800 0.033200 0.023300 0.028100 0.037800 0.032600 0.000000 0.081600 0.067400 0.028100 0.072500 0.066200 0.028100 0.047800 0.013900 0.037100 0.032600 0.061800 0.032800 0.037500
RoeDeer 0.072000 0.226400 0.077200 0.187300 0.091200 0.067300 0.077500 0.092900 0.097600 0.052400 0.062400 0.083000 0.088100 0.067300 0.081800 0.086600 0.092900 0.071600 0.077000 0.087500 0.077300 0.062400 0.033000 0.023200 0.067300 0.077000 0.078200 0.082300 0.087100 0.077200 0.052700 0.098900 0.092500 0.078200 0.067200 0.072400 0.062500 0.081600 0.081600 0.000000 0.038000 0.082300 0.047700 0.032600 0.072400 0.093700 0.077100 0.091200 0.081700 0.077100 0.077200 0.082100
WhiteLippe 0.057800 0.210800 0.063000 0.183500 0.077000 0.053000 0.063200 0.078500 0.083200 0.033400 0.048100 0.068600 0.063500 0.053100 0.067600 0.072400 0.068300 0.057500 0.062800 0.073200 0.073100 0.048200 0.004700 0.018700 0.053100 0.062800 0.053600 0.068000 0.072800 0.063000 0.023800 0.084300 0.078100 0.053700 0.053000 0.058100 0.048300 0.067500 0.067400 0.038000 0.000000 0.068000 0.028700 0.028200 0.058100 0.079200 0.062900 0.077000 0.067500 0.062900 0.063000 0.067800
ThomsonGaz 0.037900 0.184900 0.033100 0.176200 0.047000 0.033200 0.033200 0.033300 0.052600 0.082800 0.028400 0.038300 0.043100 0.023500 0.032900 0.023300 0.072900 0.057100 0.042700 0.042800 0.033100 0.028400 0.062700 0.057000 0.033200 0.004600 0.033500 0.038000 0.013900 0.033100 0.083300 0.053200 0.067400 0.033500 0.023500 0.028400 0.038100 0.037600 0.028100 0.082300 0.068000 0.000000 0.078200 0.066800 0.028400 0.048200 0.023500 0.047000 0.037700 0.062400 0.033100 0.037800
MuntiacusC 0.067800 0.199000 0.073100 0.195400 0.087100 0.063000 0.063200 0.088800 0.088300 0.014100 0.058100 0.068700 0.063500 0.063100 0.077700 0.082500 0.078600 0.062300 0.072800 0.083400 0.083300 0.058100 0.023700 0.028200 0.063100 0.072900 0.063800 0.078200 0.083000 0.073100 0.014000 0.089500 0.088400 0.063900 0.063000 0.058200 0.058300 0.077500 0.072500 0.047700 0.028700 0.078200 0.000000 0.037800 0.058200 0.079300 0.073000 0.086800 0.077600 0.073000 0.073100 0.078000
WhiteTaile 0.056800 0.194400 0.061800 0.174500 0.065800 0.052100 0.062000 0.077000 0.081700 0.042400 0.047300 0.067300 0.072300 0.052100 0.066400 0.071100 0.087200 0.066300 0.061600 0.071800 0.071700 0.047300 0.023300 0.009100 0.052100 0.061600 0.062500 0.066700 0.071500 0.061800 0.042700 0.077500 0.076700 0.062600 0.052000 0.047200 0.047400 0.066200 0.066200 0.032600 0.028200 0.066800 0.037800 0.000000 0.047200 0.077700 0.061700 0.075700 0.066300 0.071700 0.061800 0.066500
Cattle 0.028300 0.173600 0.023600 0.165200 0.027900 0.023600 0.014100 0.038100 0.042800 0.062800 0.018900 0.019000 0.023800 0.014100 0.028200 0.032300 0.057900 0.037700 0.033100 0.033200 0.033200 0.018900 0.052900 0.047300 0.023600 0.023500 0.014200 0.028400 0.033100 0.023600 0.063200 0.043400 0.057600 0.014300 0.013900 0.000000 0.028500 0.028100 0.028100 0.072400 0.058100 0.028400 0.058200 0.047200 0.000000 0.028700 0.023500 0.037400 0.028200 0.052600 0.023600 0.028300
RoyalAntel 0.048100 0.199500 0.043300 0.166400 0.057300 0.043400 0.033600 0.058400 0.063200 0.083900 0.038500 0.038800 0.038700 0.033500 0.047900 0.052600 0.078900 0.057800 0.053100 0.053300 0.053200 0.038500 0.073700 0.067600 0.043400 0.043200 0.029000 0.048300 0.053000 0.043300 0.084500 0.064000 0.078400 0.029000 0.033100 0.028700 0.048500 0.047900 0.047800 0.093700 0.079200 0.048200 0.079300 0.077700 0.028700 0.000000 0.043200 0.057300 0.047900 0.073300 0.043300 0.048100
Steenbok 0.033000 0.190000 0.028200 0.174900 0.037400 0.028300 0.028300 0.033200 0.047600 0.077600 0.023500 0.033300 0.038200 0.018700 0.032800 0.028000 0.072700 0.052100 0.037800 0.037900 0.028300 0.023500 0.057600 0.052000 0.028300 0.018700 0.028600 0.023500 0.028200 0.028200 0.078100 0.048200 0.062300 0.028600 0.018700 0.023500 0.033200 0.028100 0.013900 0.077100 0.062900 0.023500 0.073000 0.061700 0.023500 0.043200 0.000000 0.037400 0.028100 0.057300 0.028200 0.033000
Impala 0.046900 0.205300 0.042100 0.185000 0.046300 0.042200 0.042200 0.056800 0.061500 0.086500 0.027900 0.047300 0.052100 0.032600 0.046700 0.051300 0.086800 0.070600 0.051600 0.051800 0.051800 0.037500 0.071600 0.065800 0.032700 0.042000 0.042600 0.046900 0.051700 0.042100 0.087000 0.062200 0.076300 0.042600 0.032600 0.037400 0.037500 0.037100 0.037100 0.091200 0.077000 0.047000 0.086800 0.075700 0.037400 0.057300 0.037400 0.000000 0.037100 0.071300 0.042100 0.046800
Klipspring 0.037600 0.195300 0.032900 0.175100 0.027700 0.032900 0.033000 0.047500 0.052200 0.082200 0.028200 0.038000 0.042800 0.023400 0.037400 0.042100 0.077300 0.056700 0.042400 0.042500 0.042500 0.028200 0.062200 0.056500 0.032900 0.032800 0.033200 0.037700 0.042300 0.032900 0.082700 0.052800 0.066900 0.033300 0.023300 0.028200 0.037800 0.018500 0.032600 0.081700 0.067500 0.037700 0.077600 0.066300 0.028200 0.047900 0.028100 0.037100 0.000000 0.061900 0.032900 0.037600
ForestMusk 0.052400 0.190800 0.057400 0.158900 0.071300 0.047600 0.057600 0.072600 0.077400 0.077600 0.042800 0.062900 0.067900 0.047600 0.062000 0.066700 0.062100 0.052100 0.047500 0.067500 0.067400 0.042800 0.057600 0.061800 0.047600 0.057300 0.058100 0.062400 0.067200 0.057400 0.078100 0.078400 0.072300 0.058200 0.047600 0.052600 0.052700 0.061900 0.061800 0.077100 0.062900 0.062400 0.073000 0.071700 0.052600 0.073300 0.057300 0.071300 0.061900 0.000000 0.057400 0.062200
Bushbuck 0.032900 0.178600 0.000000 0.164300 0.042000 0.028200 0.028200 0.041800 0.018600 0.077700 0.023600 0.032300 0.038000 0.018800 0.032900 0.037600 0.072800 0.052100 0.037700 0.009200 0.037800 0.023600 0.057700 0.052000 0.028300 0.028100 0.027900 0.004600 0.037300 0.000000 0.078200 0.048100 0.062400 0.028700 0.018800 0.023600 0.033300 0.032700 0.032800 0.077200 0.063000 0.033100 0.073100 0.061800 0.023600 0.043300 0.028200 0.042100 0.032900 0.057400 0.000000 0.004600
GreaterKud 0.032900 0.183800 0.004600 0.169500 0.046800 0.028200 0.033100 0.047700 0.023400 0.082500 0.028300 0.038200 0.043000 0.023500 0.037600 0.042300 0.077700 0.056900 0.042500 0.014000 0.042600 0.028300 0.062500 0.056800 0.033000 0.032900 0.033400 0.009300 0.042500 0.004600 0.083100 0.053100 0.067200 0.033400 0.023400 0.028300 0.038000 0.037500 0.037500 0.082100 0.067800 0.037800 0.078000 0.066500 0.028300 0.048100 0.033000 0.046800 0.037600 0.062200 0.004600 0.000000
