1
52 1
Argali 0.000000 0.002000 0.002000 0.002000 0.002000 0.000000 0.002000 0.002000 0.002000 0.002000 0.000000 0.002000 0.000000 0.002000 0.002000 0.002000 0.002000 0.002000 0.000000 0.002000 0.002000 0.000000 0.002000 0.002000 0.000000 0.002000 0.000000 0.002000 0.004000 0.002000 0.002000 0.002000 0.002000 0.000000 0.000000 0.002000 0.000000 0.002000 0.002000 0.002000 0.002000 0.002000 0.002000 0.002000 0.002000 0.002000 0.002000 0.002000 0.000000 0.002000 0.002000 0.002000
LesserMous 0.002000 0.000000 0.000100 0.000100 0.000200 0.002000 0.000200 0.000100 0.000200 0.000200 0.002000 0.000200 0.002000 0.000200 0.000200 0.000200 0.000200 0.000200 0.002000 0.000200 0.000200 0.002000 0.000200 0.000200 0.002000 0.000200 0.002000 0.000200 0.002000 0.000200 0.000200 0.000200 0.000200 0.002000 0.002000 0.000200 0.002000 0.000200 0.000200 0.000200 0.000200 0.000200 0.000200 0.000200 0.000200 0.000200 0.000200 0.000200 0.002000 0.000200 0.000200 0.000200
LesserKudu 0.002000 0.000100 0.000000 0.000100 0.000000 0.002000 0.000000 0.000000 0.000000 0.000000 0.002000 0.000000 0.002000 0.000000 0.000000 0.000000 0.000100 0.000100 0.002000 0.000000 0.000000 0.002000 0.000100 0.000100 0.002000 0.000000 0.002000 0.000000 0.002000 0.000000 0.000000 0.000000 0.000000 0.002000 0.002000 0.000000 0.002000 0.000000 0.000000 0.000000 0.000100 0.000000 0.000000 0.000100 0.000000 0.000000 0.000000 0.000000 0.002000 0.000100 0.000000 0.000000
KillerWhal 0.002000 0.000100 0.000100 0.000000 0.000100 0.002000 0.000100 0.000100 0.000100 0.000100 0.002000 0.000100 0.002000 0.000100 0.000100 0.000100 0.000100 0.000100 0.002000 0.000100 0.000100 0.002000 0.000100 0.000100 0.002000 0.000100 0.002000 0.000100 0.002000 0.000100 0.000100 0.000100 0.000100 0.002000 0.002000 0.000100 0.002000 0.000100 0.000100 0.000100 0.000100 0.000100 0.000100 0.000100 0.000100 0.000100 0.000100 0.000100 0.002000 0.000100 0.000100 0.000100
DefassaWat 0.002000 0.000200 0.000000 0.000100 0.000000 0.002000 0.000000 0.000000 0.000000 0.000000 0.002000 0.000000 0.002000 0.000000 0.000000 0.000000 0.000100 0.000100 0.002000 0.000000 0.000000 0.002000 0.000100 0.000100 0.002000 0.000000 0.002000 0.000000 0.002000 0.000000 0.000000 0.000000 0.000100 0.002000 0.002000 0.000000 0.002000 0.000000 0.000000 0.000100 0.000100 0.000000 0.000000 0.000100 0.000100 0.000000 0.000000 0.000000 0.002000 0.000100 0.000000 0.000000
Sheep 0.000000 0.002000 0.002000 0.002000 0.002000 0.000000 0.002000 0.002000 0.002000 0.002000 0.000000 0.002000 0.000000 0.002000 0.002000 0.002000 0.002000 0.002000 0.000000 0.002000 0.002000 0.000000 0.002000 0.002000 0.000000 0.002000 0.000000 0.002000 0.004000 0.002000 0.002000 0.002000 0.002000 0.000000 0.000000 0.002000 0.000000 0.002000 0.002000 0.002000 0.002000 0.002000 0.002000 0.002000 0.002000 0.002000 0.002000 0.002000 0.000000 0.002000 0.002000 0.002000
MaxwellsDu 0.002000 0.000200 0.000000 0.000100 0.000000 0.002000 0.000000 0.000000 0.000000 0.000000 0.002000 0.000000 0.002000 0.000000 0.000000 0.000000 0.000100 0.000100 0.002000 0.000000 0.000000 0.002000 0.000100 0.000100 0.002000 0.000000 0.002000 0.000000 0.002000 0.000000 0.000000 0.000000 0.000100 0.002000 0.002000 0.000000 0.002000 0.000000 0.000000 0.000100 0.000100 0.000000 0.000000 0.000100 0.000000 0.000000 0.000000 0.000000 0.002000 0.000100 0.000000 0.000000
GazellaPrz 0.002000 0.000100 0.000000 0.000100 0.000000 0.002000 0.000000 0.000000 0.000000 0.000000 0.002000 0.000000 0.002000 0.000000 0.000000 0.000000 0.000000 0.000000 0.002000 0.000000 0.000000 0.002000 0.000100 0.000000 0.002000 0.000000 0.002000 0.000000 0.002000 0.000000 0.000000 0.000000 0.000000 0.002000 0.002000 0.000000 0.002000 0.000000 0.000000 0.000000 0.000000 0.000000 0.000000 0.000100 0.000000 0.000000 0.000000 0.000000 0.002000 0.000000 0.000000 0.000000
MountainNy 0.002000 0.000200 0.000000 0.000100 0.000000 0.002000 0.000000 0.000000 0.000000 0.000000 0.002000 0.000000 0.002000 0.000000 0.000000 0.000000 0.000100 0.000100 0.002000 0.000000 0.000000 0.002000 0.000100 0.000100 0.002000 0.000000 0.002000 0.000000 0.002000 0.000000 0.000000 0.000000 0.000100 0.002000 0.002000 0.000000 0.002000 0.000000 0.000000 0.000100 0.000100 0.000000 0.000000 0.000100 0.000000 0.000000 0.000000 0.000000 0.002000 0.000100 0.000000 0.000000
MuntiacusM 0.002000 0.000200 0.000000 0.000100 0.000000 0.002000 0.000000 0.000000 0.000000 0.000000 0.002000 0.000000 0.002000 0.000000 0.000000 0.000000 0.000100 0.000000 0.002000 0.000000 0.000000 0.002000 0.000000 0.000000 0.002000 0.000000 0.002000 0.000000 0.002000 0.000000 0.000000 0.000000 0.000100 0.002000 0.002000 0.000000 0.002000 0.000000 0.000000 0.000000 0.000000 0.000000 0.000000 0.000000 0.000000 0.000000 0.000000 0.000000 0.002000 0.000000 0.000000 0.000000
goat 0.000000 0.002000 0.002000 0.002000 0.002000 0.000000 0.002000 0.002000 0.002000 0.002000 0.000000 0.002000 0.000000 0.002000 0.002000 0.002000 0.002000 0.002000 0.000000 0.002000 0.002000 0.000000 0.002000 0.002000 0.000000 0.002000 0.000000 0.002000 0.004000 0.002000 0.002000 0.002000 0.002000 0.000000 0.000000 0.002000 0.000000 0.002000 0.002000 0.002000 0.002000 0.002000 0.002000 0.002000 0.002000 0.002000 0.002000 0.002000 0.000000 0.002000 0.002000 0.002000
AfricanBuf 0.002000 0.000200 0.000000 0.000100 0.000000 0.002000 0.000000 0.000000 0.000000 0.000000 0.002000 0.000000 0.002000 0.000000 0.000000 0.000000 0.000100 0.000100 0.002000 0.000000 0.000000 0.002000 0.000100 0.000100 0.002000 0.000000 0.002000 0.000000 0.002000 0.000000 0.000000 0.000000 0.000100 0.002000 0.002000 0.000000 0.002000 0.000000 0.000000 0.000100 0.000100 0.000000 0.000000 0.000100 0.000000 0.000000 0.000000 0.000000 0.002000 0.000100 0.000000 0.000000
Topi 0.000000 0.002000 0.002000 0.002000 0.002000 0.000000 0.002000 0.002000 0.002000 0.002000 0.000000 0.002000 0.000000 0.002000 0.002000 0.002000 0.002000 0.002000 0.000000 0.002000 0.002000 0.000000 0.002000 0.002000 0.000000 0.002000 0.000000 0.002000 0.004000 0.002000 0.002000 0.002000 0.002000 0.000000 0.000000 0.002000 0.000000 0.002000 0.002000 0.002000 0.002000 0.002000 0.002000 0.002000 0.002000 0.002000 0.002000 0.002000 0.000100 0.002000 0.002000 0.002000
CommonDuik 0.002000 0.000200 0.000000 0.000100 0.000000 0.002000 0.000000 0.000000 0.000000 0.000000 0.002000 0.000000 0.002000 0.000000 0.000000 0.000000 0.000100 0.000100 0.002000 0.000000 0.000000 0.002000 0.000100 0.000100 0.002000 0.000000 0.002000 0.000000 0.002000 0.000000 0.000000 0.000000 0.000100 0.002000 0.002000 0.000000 0.002000 0.000000 0.000000 0.000100 0.000100 0.000000 0.000000 0.000100 0.000000 0.000000 0.000000 0.000000 0.002000 0.000100 0.000000 0.000000
Suni 0.002000 0.000200 0.000000 0.000100 0.000000 0.002000 0.000000 0.000000 0.000000 0.000000 0.002000 0.000000 0.002000 0.000000 0.000000 0.000000 0.000100 0.000100 0.002000 0.000000 0.000000 0.002000 0.000100 0.000000 0.002000 0.000000 0.002000 0.000000 0.002000 0.000000 0.000000 0.000000 0.000100 0.002000 0.002000 0.000000 0.002000 0.000000 0.000000 0.000100 0.000100 0.000000 0.000000 0.000100 0.000000 0.000000 0.000000 0.000000 0.002000 0.000100 0.000000 0.000000
Springbuck 0.002000 0.000200 0.000000 0.000100 0.000000 0.002000 0.000000 0.000000 0.000000 0.000000 0.002000 0.000000 0.002000 0.000000 0.000000 0.000000 0.000100 0.000000 0.002000 0.000000 0.000000 0.002000 0.000100 0.000000 0.002000 0.000000 0.002000 0.000000 0.002000 0.000000 0.000000 0.000000 0.000100 0.002000 0.002000 0.000000 0.002000 0.000000 0.000000 0.000000 0.000100 0.000000 0.000000 0.000000 0.000000 0.000000 0.000000 0.000000 0.002000 0.000000 0.000000 0.000000
Okapi 0.002000 0.000200 0.000100 0.000100 0.000100 0.002000 0.000100 0.000000 0.000100 0.000100 0.002000 0.000100 0.002000 0.000100 0.000100 0.000100 0.000000 0.000000 0.002000 0.000100 0.000000 0.002000 0.000100 0.000100 0.002000 0.000100 0.002000 0.000100 0.002000 0.000100 0.000100 0.000100 0.000100 0.002000 0.002000 0.000100 0.002000 0.000100 0.000100 0.000100 0.000100 0.000100 0.000100 0.000100 0.000000 0.000100 0.000100 0.000100 0.002000 0.000100 0.000100 0.000100
Giraffe 0.002000 0.000200 0.000100 0.000100 0.000100 0.002000 0.000100 0.000000 0.000100 0.000000 0.002000 0.000100 0.002000 0.000100 0.000100 0.000000 0.000000 0.000000 0.002000 0.000100 0.000000 0.002000 0.000100 0.000100 0.002000 0.000100 0.002000 0.000000 0.002000 0.000100 0.000000 0.000100 0.000100 0.002000 0.002000 0.000000 0.002000 0.000100 0.000100 0.000100 0.000100 0.000100 0.000000 0.000100 0.000100 0.000000 0.000000 0.000100 0.002000 0.000100 0.000100 0.000100
TibetanAnt 0.000000 0.002000 0.002000 0.002000 0.002000 0.000000 0.002000 0.002000 0.002000 0.002000 0.000000 0.002000 0.000000 0.002000 0.002000 0.002000 0.002000 0.002000 0.000000 0.002000 0.002000 0.000000 0.002000 0.002000 0.000000 0.002000 0.000000 0.002000 0.004000 0.002000 0.002000 0.002000 0.002000 0.000000 0.000000 0.002000 0.000000 0.002000 0.002000 0.002000 0.002000 0.002000 0.002000 0.002000 0.002000 0.002000 0.002000 0.002000 0.000000 0.002000 0.002000 0.002000
Sitatunga 0.002000 0.000200 0.000000 0.000100 0.000000 0.002000 0.000000 0.000000 0.000000 0.000000 0.002000 0.000000 0.002000 0.000000 0.000000 0.000000 0.000100 0.000100 0.002000 0.000000 0.000000 0.002000 0.000100 0.000100 0.002000 0.000000 0.002000 0.000000 0.002000 0.000000 0.000000 0.000000 0.000100 0.002000 0.002000 0.000000 0.002000 0.000000 0.000000 0.000100 0.000100 0.000000 0.000000 0.000100 0.000000 0.000000 0.000000 0.000000 0.002000 0.000100 0.000000 0.000000
Oribi 0.002000 0.000200 0.000000 0.000100 0.000000 0.002000 0.000000 0.000000 0.000000 0.000000 0.002000 0.000000 0.002000 0.000000 0.000000 0.000000 0.000000 0.000000 0.002000 0.000000 0.000000 0.002000 0.000100 0.000000 0.002000 0.000000 0.002000 0.000000 0.002000 0.000000 0.000000 0.000000 0.000100 0.002000 0.002000 0.000000 0.002000 0.000000 0.000000 0.000000 0.000100 0.000000 0.000000 0.000000 0.000000 0.000000 0.000000 0.000000 0.002000 0.000000 0.000000 0.000000
BarbaryShe 0.000000 0.002000 0.002000 0.002000 0.002000 0.000000 0.002000 0.002000 0.002000 0.002000 0.000000 0.002000 0.000000 0.002000 0.002000 0.002000 0.002000 0.002000 0.000000 0.002000 0.002000 0.000000 0.002000 0.002000 0.000000 0.002000 0.000000 0.002000 0.004000 0.002000 0.002000 0.002000 0.002000 0.000000 0.000000 0.002000 0.000000 0.002000 0.002000 0.002000 0.002000 0.002000 0.002000 0.002000 0.002000 0.002000 0.002000 0.002000 0.000000 0.002000 0.002000 0.002000
Daviddeer 0.002000 0.000200 0.000100 0.000100 0.000100 0.002000 0.000100 0.000100 0.000100 0.000000 0.002000 0.000100 0.002000 0.000100 0.000100 0.000100 0.000100 0.000100 0.002000 0.000100 0.000100 0.002000 0.000000 0.000100 0.002000 0.000100 0.002000 0.000100 0.002000 0.000100 0.000000 0.000100 0.000100 0.002000 0.002000 0.000100 0.002000 0.000100 0.000100 0.000100 0.000000 0.000100 0.000000 0.000100 0.000100 0.000100 0.000100 0.000100 0.002000 0.000100 0.000100 0.000100
Reindeer 0.002000 0.000200 0.000100 0.000100 0.000100 0.002000 0.000100 0.000000 0.000100 0.000000 0.002000 0.000100 0.002000 0.000100 0.000000 0.000000 0.000100 0.000100 0.002000 0.000100 0.000000 0.002000 0.000100 0.000000 0.002000 0.000000 0.002000 0.000100 0.002000 0.000100 0.000000 0.000100 0.000100 0.002000 0.002000 0.000100 0.002000 0.000000 0.000100 0.000000 0.000100 0.000100 0.000000 0.000000 0.000100 0.000100 0.000000 0.000100 0.002000 0.000100 0.000100 0.000100
Ibex 0.000000 0.002000 0.002000 0.002000 0.002000 0.000000 0.002000 0.002000 0.002000 0.002000 0.000000 0.002000 0.000000 0.002000 0.002000 0.002000 0.002000 0.002000 0.000000 0.002000 0.002000 0.000000 0.002000 0.002000 0.000000 0.002000 0.000000 0.002000 0.004000 0.002000 0.002000 0.002000 0.002000 0.000000 0.000000 0.002000 0.000000 0.002000 0.002000 0.002000 0.002000 0.002000 0.002000 0.002000 0.002000 0.002000 0.002000 0.002000 0.000000 0.002000 0.002000 0.002000
GyrantGaze 0.002000 0.000200 0.000000 0.000100 0.000000 0.002000 0.000000 0.000000 0.000000 0.000000 0.002000 0.000000 0.002000 0.000000 0.000000 0.000000 0.000100 0.000100 0.002000 0.000000 0.000000 0.002000 0.000100 0.000000 0.002000 0.000000 0.002000 0.000000 0.002000 0.000000 0.000000 0.000000 0.000100 0.002000 0.002000 0.000000 0.002000 0.000000 0.000000 0.000000 0.000100 0.000000 0.000000 0.000100 0.000000 0.000000 0.000000 0.000000 0.002000 0.000100 0.000000 0.000000
Hartebeest 0.000000 0.002000 0.002000 0.002000 0.002000 0.000000 0.002000 0.002000 0.002000 0.002000 0.000000 0.002000 0.000000 0.002000 0.002000 0.002000 0.002000 0.002000 0.000000 0.002000 0.002000 0.000000 0.002000 0.002000 0.000000 0.002000 0.000000 0.002000 0.004000 0.002000 0.002000 0.002000 0.002000 0.000000 0.000000 0.002000 0.000000 0.002000 0.002000 0.002000 0.002000 0.002000 0.002000 0.002000 0.002000 0.002000 0.002000 0.002000 0.000100 0.002000 0.002000 0.002000
Bongo 0.002000 0.000200 0.000000 0.000100 0.000000 0.002000 0.000000 0.000000 0.000000 0.000000 0.002000 0.000000 0.002000 0.000000 0.000000 0.000000 0.000100 0.000000 0.002000 0.000000 0.000000 0.002000 0.000100 0.000100 0.002000 0.000000 0.002000 0.000000 0.002000 0.000000 0.000000 0.000000 0.000100 0.002000 0.002000 0.000000 0.002000 0.000000 0.000000 0.000100 0.000100 0.000000 0.000000 0.000100 0.000000 0.000000 0.000000 0.000000 0.002000 0.000100 0.000000 0.000000
Gerenuk 0.004000 0.002000 0.002000 0.002000 0.002000 0.004000 0.002000 0.002000 0.002000 0.002000 0.004000 0.002000 0.004000 0.002000 0.002000 0.002000 0.002000 0.002000 0.004000 0.002000 0.002000 0.004000 0.002000 0.002000 0.004000 0.002000 0.004000 0.002000 0.000000 0.002000 0.002000 0.002000 0.002000 0.004000 0.004000 0.002000 0.004000 0.002000 0.002000 0.002000 0.002000 0.002000 0.002000 0.002000 0.002000 0.002000 0.002000 0.002000 0.004000 0.002000 0.002000 0.002000
CommonElan 0.002000 0.000200 0.000000 0.000100 0.000000 0.002000 0.000000 0.000000 0.000000 0.000000 0.002000 0.000000 0.002000 0.000000 0.000000 0.000000 0.000100 0.000100 0.002000 0.000000 0.000000 0.002000 0.000100 0.000100 0.002000 0.000000 0.002000 0.000000 0.002000 0.000000 0.000000 0.000000 0.000100 0.002000 0.002000 0.000000 0.002000 0.000000 0.000000 0.000100 0.000100 0.000000 0.000000 0.000100 0.000000 0.000000 0.000000 0.000000 0.002000 0.000100 0.000000 0.000000
MuntiacusR 0.002000 0.000200 0.000000 0.000100 0.000000 0.002000 0.000000 0.000000 0.000000 0.000000 0.002000 0.000000 0.002000 0.000000 0.000000 0.000000 0.000100 0.000000 0.002000 0.000000 0.000000 0.002000 0.000000 0.000000 0.002000 0.000000 0.002000 0.000000 0.002000 0.000000 0.000000 0.000000 0.000100 0.002000 0.002000 0.000000 0.002000 0.000000 0.000000 0.000000 0.000000 0.000000 0.000000 0.000000 0.000000 0.000000 0.000000 0.000000 0.002000 0.000000 0.000000 0.000000
HarveysDui 0.002000 0.000200 0.000000 0.000100 0.000000 0.002000 0.000000 0.000000 0.000000 0.000000 0.002000 0.000000 0.002000 0.000000 0.000000 0.000000 0.000100 0.000100 0.002000 0.000000 0.000000 0.002000 0.000100 0.000100 0.002000 0.000000 0.002000 0.000000 0.002000 0.000000 0.000000 0.000000 0.000100 0.002000 0.002000 0.000000 0.002000 0.000000 0.000000 0.000100 0.000100 0.000000 0.000000 0.000100 0.000000 0.000000 0.000000 0.000000 0.002000 0.000100 0.000000 0.000000
Pronghorn 0.002000 0.000200 0.000000 0.000100 0.000100 0.002000 0.000100 0.000000 0.000100 0.000100 0.002000 0.000100 0.002000 0.000100 0.000100 0.000100 0.000100 0.000100 0.002000 0.000100 0.000100 0.002000 0.000100 0.000100 0.002000 0.000100 0.002000 0.000100 0.002000 0.000100 0.000100 0.000100 0.000000 0.002000 0.002000 0.000100 0.002000 0.000100 0.000100 0.000100 0.000100 0.000100 0.000100 0.000100 0.000100 0.000100 0.000100 0.000100 0.002000 0.000100 0.000100 0.000100
BlueWildeb 0.000000 0.002000 0.002000 0.002000 0.002000 0.000000 0.002000 0.002000 0.002000 0.002000 0.000000 0.002000 0.000000 0.002000 0.002000 0.002000 0.002000 0.002000 0.000000 0.002000 0.002000 0.000000 0.002000 0.002000 0.000000 0.002000 0.000000 0.002000 0.004000 0.002000 0.002000 0.002000 0.002000 0.000000 0.000000 0.002000 0.000000 0.002000 0.002000 0.002000 0.002000 0.002000 0.002000 0.002000 0.002000 0.002000 0.002000 0.002000 0.000100 0.002000 0.002000 0.002000
Gemsbok 0.000000 0.002000 0.002000 0.002000 0.002000 0.000000 0.002000 0.002000 0.002000 0.002000 0.000000 0.002000 0.000000 0.002000 0.002000 0.002000 0.002000 0.002000 0.000000 0.002000 0.002000 0.000000 0.002000 0.002000 0.000000 0.002000 0.000000 0.002000 0.004000 0.002000 0.002000 0.002000 0.002000 0.000000 0.000000 0.002000 0.000000 0.002000 0.002000 0.002000 0.002000 0.002000 0.002000 0.002000 0.002000 0.002000 0.002000 0.002000 0.000100 0.002000 0.002000 0.002000
Yak 0.002000 0.000200 0.000000 0.000100 0.000000 0.002000 0.000000 0.000000 0.000000 0.000000 0.002000 0.000000 0.002000 0.000000 0.000000 0.000000 0.000100 0.000000 0.002000 0.000000 0.000000 0.002000 0.000100 0.000100 0.002000 0.000000 0.002000 0.000000 0.002000 0.000000 0.000000 0.000000 0.000100 0.002000 0.002000 0.000000 0.002000 0.000000 0.000000 0.000100 0.000100 0.000000 0.000000 0.000100 0.000000 0.000000 0.000000 0.000000 0.002000 0.000100 0.000000 0.000000
BlueSheep 0.000000 0.002000 0.002000 0.002000 0.002000 0.000000 0.002000 0.002000 0.002000 0.002000 0.000000 0.002000 0.000000 0.002000 0.002000 0.002000 0.002000 0.002000 0.000000 0.002000 0.002000 0.000000 0.002000 0.002000 0.000000 0.002000 0.000000 0.002000 0.004000 0.002000 0.002000 0.002000 0.002000 0.000000 0.000000 0.002000 0.000000 0.002000 0.002000 0.002000 0.002000 0.002000 0.002000 0.002000 0.002000 0.002000 0.002000 0.002000 0.000000 0.002000 0.002000 0.002000
BohorReedb 0.002000 0.000200 0.000000 0.000100 0.000000 0.002000 0.000000 0.000000 0.000000 0.000000 0.002000 0.000000 0.002000 0.000000 0.000000 0.000000 0.000100 0.000100 0.002000 0.000000 0.000000 0.002000 0.000100 0.000000 0.002000 0.000000 0.002000 0.000000 0.002000 0.000000 0.000000 0.000000 0.000100 0.002000 0.002000 0.000000 0.002000 0.000000 0.000000 0.000100 0.000100 0.000000 0.000000 0.000000 0.000000 0.000000 0.000000 0.000000 0.002000 0.000000 0.000000 0.000000
KirksDik 0.002000 0.000200 0.000000 0.000100 0.000000 0.002000 0.000000 0.000000 0.000000 0.000000 0.002000 0.000000 0.002000 0.000000 0.000000 0.000000 0.000100 0.000100 0.002000 0.000000 0.000000 0.002000 0.000100 0.000100 0.002000 0.000000 0.002000 0.000000 0.002000 0.000000 0.000000 0.000000 0.000100 0.002000 0.002000 0.000000 0.002000 0.000000 0.000000 0.000100 0.000100 0.000000 0.000000 0.000100 0.000000 0.000000 0.000000 0.000000 0.002000 0.000000 0.000000 0.000000
RoeDeer 0.002000 0.000200 0.000000 0.000100 0.000100 0.002000 0.000100 0.000000 0.000100 0.000000 0.002000 0.000100 0.002000 0.000100 0.000100 0.000000 0.000100 0.000100 0.002000 0.000100 0.000000 0.002000 0.000100 0.000000 0.002000 0.000000 0.002000 0.000100 0.002000 0.000100 0.000000 0.000100 0.000100 0.002000 0.002000 0.000100 0.002000 0.000100 0.000100 0.000000 0.000100 0.000100 0.000000 0.000000 0.000100 0.000100 0.000000 0.000100 0.002000 0.000100 0.000100 0.000100
WhiteLippe 0.002000 0.000200 0.000100 0.000100 0.000100 0.002000 0.000100 0.000000 0.000100 0.000000 0.002000 0.000100 0.002000 0.000100 0.000100 0.000100 0.000100 0.000100 0.002000 0.000100 0.000100 0.002000 0.000000 0.000100 0.002000 0.000100 0.002000 0.000100 0.002000 0.000100 0.000000 0.000100 0.000100 0.002000 0.002000 0.000100 0.002000 0.000100 0.000100 0.000100 0.000000 0.000100 0.000000 0.000100 0.000100 0.000100 0.000100 0.000100 0.002000 0.000100 0.000100 0.000100
ThomsonGaz 0.002000 0.000200 0.000000 0.000100 0.000000 0.002000 0.000000 0.000000 0.000000 0.000000 0.002000 0.000000 0.002000 0.000000 0.000000 0.000000 0.000100 0.000100 0.002000 0.000000 0.000000 0.002000 0.000100 0.000100 0.002000 0.000000 0.002000 0.000000 0.002000 0.000000 0.000000 0.000000 0.000100 0.002000 0.002000 0.000000 0.002000 0.000000 0.000000 0.000100 0.000100 0.000000 0.000000 0.000100 0.000000 0.000000 0.000000 0.000000 0.002000 0.000100 0.000000 0.000000
MuntiacusC 0.002000 0.000200 0.000000 0.000100 0.000000 0.002000 0.000000 0.000000 0.000000 0.000000 0.002000 0.000000 0.002000 0.000000 0.000000 0.000000 0.000100 0.000000 0.002000 0.000000 0.000000 0.002000 0.000000 0.000000 0.002000 0.000000 0.002000 0.000000 0.002000 0.000000 0.000000 0.000000 0.000100 0.002000 0.002000 0.000000 0.002000 0.000000 0.000000 0.000000 0.000000 0.000000 0.000000 0.000000 0.000000 0.000000 0.000000 0.000000 0.002000 0.000000 0.000000 0.000000
WhiteTaile 0.002000 0.000200 0.000100 0.000100 0.000100 0.002000 0.000100 0.000100 0.000100 0.000000 0.002000 0.000100 0.002000 0.000100 0.000100 0.000000 0.000100 0.000100 0.002000 0.000100 0.000000 0.002000 0.000100 0.000000 0.002000 0.000100 0.002000 0.000100 0.002000 0.000100 0.000000 0.000100 0.000100 0.002000 0.002000 0.000100 0.002000 0.000000 0.000100 0.000000 0.000100 0.000100 0.000000 0.000000 0.000100 0.000100 0.000100 0.000100 0.002000 0.000100 0.000100 0.000100
Cattle 0.002000 0.000200 0.000000 0.000100 0.000100 0.002000 0.000000 0.000000 0.000000 0.000000 0.002000 0.000000 0.002000 0.000000 0.000000 0.000000 0.000000 0.000100 0.002000 0.000000 0.000000 0.002000 0.000100 0.000100 0.002000 0.000000 0.002000 0.000000 0.002000 0.000000 0.000000 0.000000 0.000100 0.002000 0.002000 0.000000 0.002000 0.000000 0.000000 0.000100 0.000100 0.000000 0.000000 0.000100 0.000000 0.000000 0.000000 0.000000 0.002000 0.000100 0.000000 0.000000
RoyalAntel 0.002000 0.000200 0.000000 0.000100 0.000000 0.002000 0.000000 0.000000 0.000000 0.000000 0.002000 0.000000 0.002000 0.000000 0.000000 0.000000 0.000100 0.000000 0.002000 0.000000 0.000000 0.002000 0.000100 0.000100 0.002000 0.000000 0.002000 0.000000 0.002000 0.000000 0.000000 0.000000 0.000100 0.002000 0.002000 0.000000 0.002000 0.000000 0.000000 0.000100 0.000100 0.000000 0.000000 0.000100 0.000000 0.000000 0.000000 0.000000 0.002000 0.000100 0.000000 0.000000
Steenbok 0.002000 0.000200 0.000000 0.000100 0.000000 0.002000 0.000000 0.000000 0.000000 0.000000 0.002000 0.000000 0.002000 0.000000 0.000000 0.000000 0.000100 0.000000 0.002000 0.000000 0.000000 0.002000 0.000100 0.000000 0.002000 0.000000 0.002000 0.000000 0.002000 0.000000 0.000000 0.000000 0.000100 0.002000 0.002000 0.000000 0.002000 0.000000 0.000000 0.000000 0.000100 0.000000 0.000000 0.000100 0.000000 0.000000 0.000000 0.000000 0.002000 0.000000 0.000000 0.000000
Impala 0.002000 0.000200 0.000000 0.000100 0.000000 0.002000 0.000000 0.000000 0.000000 0.000000 0.002000 0.000000 0.002000 0.000000 0.000000 0.000000 0.000100 0.000100 0.002000 0.000000 0.000000 0.002000 0.000100 0.000100 0.002000 0.000000 0.002000 0.000000 0.002000 0.000000 0.000000 0.000000 0.000100 0.002000 0.002000 0.000000 0.002000 0.000000 0.000000 0.000100 0.000100 0.000000 0.000000 0.000100 0.000000 0.000000 0.000000 0.000000 0.002000 0.000000 0.000000 0.000000
Klipspring 0.000000 0.002000 0.002000 0.002000 0.002000 0.000000 0.002000 0.002000 0.002000 0.002000 0.000000 0.002000 0.000100 0.002000 0.002000 0.002000 0.002000 0.002000 0.000000 0.002000 0.002000 0.000000 0.002000 0.002000 0.000000 0.002000 0.000100 0.002000 0.004000 0.002000 0.002000 0.002000 0.002000 0.000100 0.000100 0.002000 0.000000 0.002000 0.002000 0.002000 0.002000 0.002000 0.002000 0.002000 0.002000 0.002000 0.002000 0.002000 0.000000 0.002000 0.002000 0.002000
ForestMusk 0.002000 0.000200 0.000100 0.000100 0.000100 0.002000 0.000100 0.000000 0.000100 0.000000 0.002000 0.000100 0.002000 0.000100 0.000100 0.000000 0.000100 0.000100 0.002000 0.000100 0.000000 0.002000 0.000100 0.000100 0.002000 0.000100 0.002000 0.000100 0.002000 0.000100 0.000000 0.000100 0.000100 0.002000 0.002000 0.000100 0.002000 0.000000 0.000000 0.000100 0.000100 0.000100 0.000000 0.000100 0.000100 0.000100 0.000000 0.000000 0.002000 0.000000 0.000100 0.000100
Bushbuck 0.002000 0.000200 0.000000 0.000100 0.000000 0.002000 0.000000 0.000000 0.000000 0.000000 0.002000 0.000000 0.002000 0.000000 0.000000 0.000000 0.000100 0.000100 0.002000 0.000000 0.000000 0.002000 0.000100 0.000100 0.002000 0.000000 0.002000 0.000000 0.002000 0.000000 0.000000 0.000000 0.000100 0.002000 0.002000 0.000000 0.002000 0.000000 0.000000 0.000100 0.000100 0.000000 0.000000 0.000100 0.000000 0.000000 0.000000 0.000000 0.002000 0.000100 0.000000 0.000000
GreaterKud 0.002000 0.000200 0.000000 0.000100 0.000000 0.002000 0.000000 0.000000 0.000000 0.000000 0.002000 0.000000 0.002000 0.000000 0.000000 0.000000 0.000100 0.000100 0.002000 0.000000 0.000000 0.002000 0.000100 0.000100 0.002000 0.000000 0.002000 0.000000 0.002000 0.000000 0.000000 0.000000 0.000100 0.002000 0.002000 0.000000 0.002000 0.000000 0.000000 0.000100 0.000100 0.000000 0.000000 0.000100 0.000000 0.000000 0.000000 0.000000 0.002000 0.000100 0.000000 0.000000
