1
52 1
Argali 0.000000 0.532900 0.000000 0.931000 0.000000 0.000000 0.000000 0.000000 0.055300 0.000000 0.000000 0.000000 0.000000 0.000000 0.000000 0.119500 0.055300 0.055300 0.000200 0.055300 0.000000 0.000000 0.055300 0.000000 0.000000 0.055700 0.000000 0.055300 0.056900 0.055300 0.000000 0.000000 0.246500 0.000000 0.000000 0.055300 0.000000 0.000000 0.000000 0.055300 0.055300 0.127000 0.055300 0.055300 0.116300 0.000200 0.057000 0.057200 0.055900 0.057200 0.055300 0.055300
LesserMous 0.532900 0.000000 0.532900 0.508400 0.532900 0.532900 0.532900 0.532900 0.533900 0.532900 0.532900 0.532900 0.532900 0.532900 0.532900 0.510200 0.533900 0.533900 0.547100 0.533900 0.532900 0.532900 0.533900 0.532900 0.532900 0.753100 0.532900 0.533900 0.753100 0.533900 0.532900 0.532900 0.637300 0.532900 0.532900 0.533900 0.532900 0.532900 0.532900 0.533900 0.533900 1.121700 0.533900 0.533900 0.846800 0.551100 0.380300 0.380300 0.753100 0.380300 0.533900 0.533900
LesserKudu 0.000000 0.532900 0.000000 0.931000 0.000000 0.000000 0.000000 0.000000 0.055300 0.000000 0.000000 0.000000 0.000000 0.000000 0.000000 0.119500 0.055300 0.055300 0.000200 0.055300 0.000000 0.000000 0.055300 0.000000 0.000000 0.056700 0.000000 0.055300 0.056700 0.055300 0.000000 0.000000 0.246500 0.000000 0.000000 0.055300 0.000000 0.000000 0.000000 0.055300 0.055300 0.127000 0.055300 0.055300 0.116300 0.000200 0.057200 0.057200 0.056700 0.057200 0.055300 0.055300
KillerWhal 0.931000 0.508400 0.931000 0.000000 0.931000 0.931000 0.931000 0.931000 0.915400 0.931000 0.931000 0.931000 0.931000 0.931000 0.931000 1.758600 0.915400 0.915400 0.948700 0.915400 0.931000 0.931000 0.915400 0.931000 0.931000 1.772800 0.931000 0.915400 1.772800 0.915400 0.931000 0.931000 1.705500 0.931000 0.931000 0.915400 0.931000 0.931000 0.931000 0.915400 0.915400 2.248600 0.915400 0.915400 2.203200 0.942600 0.952400 0.952400 1.772800 0.952400 0.915400 0.915400
DefassaWat 0.000000 0.532900 0.000000 0.931000 0.000000 0.000000 0.000000 0.000000 0.055300 0.000000 0.000000 0.000000 0.000000 0.000000 0.000000 0.119500 0.055300 0.055300 0.000200 0.055300 0.000000 0.000000 0.055300 0.000000 0.000000 0.056700 0.000000 0.055300 0.056700 0.055300 0.000000 0.000000 0.246500 0.000000 0.000000 0.055300 0.000000 0.000000 0.000000 0.055300 0.055300 0.127000 0.053700 0.055300 0.116300 0.000200 0.057200 0.057200 0.056700 0.057200 0.055100 0.055300
Sheep 0.000000 0.532900 0.000000 0.931000 0.000000 0.000000 0.000000 0.000000 0.055300 0.000000 0.000000 0.000000 0.000000 0.000000 0.000000 0.119500 0.055300 0.055300 0.000200 0.055300 0.000000 0.000000 0.055300 0.000000 0.000000 0.056900 0.000000 0.054900 0.056700 0.055300 0.000000 0.000000 0.246500 0.000000 0.000000 0.055300 0.000000 0.000000 0.000000 0.055300 0.055300 0.127000 0.055300 0.055300 0.116300 0.000200 0.057200 0.057200 0.056700 0.057200 0.055300 0.055300
MaxwellsDu 0.000000 0.532900 0.000000 0.931000 0.000000 0.000000 0.000000 0.000000 0.055300 0.000000 0.000000 0.000000 0.000000 0.000000 0.000000 0.119500 0.055300 0.055300 0.000200 0.055300 0.000000 0.000000 0.053600 0.000000 0.000000 0.055600 0.000000 0.055300 0.056500 0.055300 0.000000 0.000000 0.246500 0.000000 0.000000 0.055300 0.000000 0.000000 0.000000 0.055300 0.055300 0.127000 0.055300 0.055300 0.116300 0.000200 0.057200 0.057200 0.056700 0.057200 0.055300 0.054700
GazellaPrz 0.000000 0.532900 0.000000 0.931000 0.000000 0.000000 0.000000 0.000000 0.055300 0.000000 0.000000 0.000000 0.000000 0.000000 0.000000 0.119500 0.055300 0.055300 0.000200 0.055300 0.000000 0.000000 0.055300 0.000000 0.000000 0.056700 0.000000 0.055300 0.056700 0.055300 0.000000 0.000000 0.246500 0.000000 0.000000 0.055300 0.000000 0.000000 0.000000 0.054400 0.053800 0.127000 0.055300 0.055300 0.116300 0.000200 0.057200 0.057200 0.056000 0.057200 0.055200 0.055300
MountainNy 0.055300 0.533900 0.055300 0.915400 0.055300 0.055300 0.055300 0.055300 0.000000 0.055300 0.055300 0.055300 0.055200 0.055300 0.055300 0.183800 0.000000 0.000000 0.056100 0.000000 0.055400 0.055300 0.000000 0.055300 0.055300 0.115300 0.055300 0.000000 0.115300 0.000000 0.055300 0.055300 0.168000 0.055300 0.055300 0.000000 0.055300 0.055300 0.055300 0.000000 0.000000 0.192900 0.000000 0.000000 0.052900 0.056200 0.116500 0.116500 0.115300 0.116500 0.000000 0.000000
MuntiacusM 0.000000 0.532900 0.000000 0.931000 0.000000 0.000000 0.000000 0.000000 0.055300 0.000000 0.000000 0.000000 0.000000 0.000000 0.000000 0.119500 0.055300 0.055300 0.000200 0.055300 0.000000 0.000000 0.055300 0.000000 0.000000 0.056700 0.000000 0.054800 0.056700 0.055300 0.000000 0.000000 0.246500 0.000000 0.000000 0.053800 0.000000 0.000000 0.000000 0.055300 0.055300 0.127000 0.055300 0.055300 0.116300 0.000200 0.057200 0.057200 0.056700 0.057200 0.055300 0.055300
goat 0.000000 0.532900 0.000000 0.931000 0.000000 0.000000 0.000000 0.000000 0.055300 0.000000 0.000000 0.000000 0.000000 0.000000 0.000000 0.119500 0.055300 0.055300 0.000200 0.055300 0.000000 0.000000 0.055300 0.000000 0.000000 0.056700 0.000000 0.055300 0.056700 0.055300 0.000000 0.000000 0.246500 0.000000 0.000000 0.055200 0.000000 0.000000 0.000000 0.055300 0.055300 0.127000 0.055300 0.055300 0.116300 0.000200 0.057200 0.057200 0.056700 0.057200 0.055300 0.055300
AfricanBuf 0.000000 0.532900 0.000000 0.931000 0.000000 0.000000 0.000000 0.000000 0.055300 0.000000 0.000000 0.000000 0.000000 0.000000 0.000000 0.119500 0.055300 0.055300 0.000200 0.055300 0.000000 0.000000 0.055300 0.000000 0.000000 0.056700 0.000000 0.055300 0.056700 0.055300 0.000000 0.000000 0.246500 0.000000 0.000000 0.055300 0.000000 0.000000 0.000000 0.055300 0.055300 0.127000 0.055300 0.055300 0.116300 0.000200 0.057200 0.057200 0.056700 0.057200 0.055300 0.055300
Topi 0.000000 0.532900 0.000000 0.931000 0.000000 0.000000 0.000000 0.000000 0.055200 0.000000 0.000000 0.000000 0.000000 0.000000 0.000000 0.119500 0.053700 0.055300 0.000200 0.055300 0.000000 0.000000 0.055300 0.000000 0.000000 0.056700 0.000000 0.054800 0.056600 0.055300 0.000000 0.000000 0.246500 0.000000 0.000000 0.055300 0.000000 0.000000 0.000000 0.055300 0.055300 0.127000 0.055300 0.055300 0.116300 0.000200 0.057200 0.057200 0.056700 0.057200 0.055300 0.055300
CommonDuik 0.000000 0.532900 0.000000 0.931000 0.000000 0.000000 0.000000 0.000000 0.055300 0.000000 0.000000 0.000000 0.000000 0.000000 0.000000 0.119500 0.055300 0.055300 0.000200 0.055300 0.000000 0.000000 0.055300 0.000000 0.000000 0.056700 0.000000 0.055300 0.056700 0.055000 0.000000 0.000000 0.246500 0.000000 0.000000 0.055300 0.000000 0.000000 0.000000 0.055300 0.055300 0.127000 0.055300 0.055300 0.116300 0.000200 0.057200 0.057200 0.056700 0.057200 0.055300 0.055300
Suni 0.000000 0.532900 0.000000 0.931000 0.000000 0.000000 0.000000 0.000000 0.055300 0.000000 0.000000 0.000000 0.000000 0.000000 0.000000 0.119500 0.055300 0.055300 0.000200 0.055300 0.000000 0.000000 0.055300 0.000000 0.000000 0.056700 0.000000 0.055300 0.056700 0.055300 0.000000 0.000000 0.246500 0.000000 0.000000 0.055300 0.000000 0.000000 0.000000 0.055300 0.055300 0.127000 0.055300 0.055300 0.116300 0.000200 0.057200 0.057200 0.056700 0.057200 0.055300 0.055300
Springbuck 0.119500 0.510200 0.119500 1.758600 0.119500 0.119500 0.119500 0.119500 0.183800 0.119500 0.119500 0.119500 0.119500 0.119500 0.119500 0.000000 0.183800 0.183800 0.121400 0.183800 0.119500 0.119500 0.183800 0.119500 0.119500 0.055800 0.119500 0.183800 0.055800 0.183800 0.119500 0.119500 0.105400 0.119500 0.119500 0.183800 0.119500 0.119500 0.119500 0.183800 0.183800 0.125100 0.183800 0.183800 0.266100 0.121600 0.055300 0.055300 0.055800 0.055300 0.183800 0.183800
Okapi 0.055300 0.533900 0.055300 0.915400 0.055300 0.055300 0.055300 0.055300 0.000000 0.055300 0.055300 0.055300 0.053700 0.055300 0.055300 0.183800 0.000000 0.000000 0.056100 0.000000 0.055300 0.055300 0.000000 0.055300 0.055300 0.115300 0.055300 0.000000 0.115300 0.000000 0.055300 0.055300 0.168000 0.055300 0.055300 0.000000 0.055300 0.055300 0.055300 0.000000 0.000000 0.192900 0.000000 0.000000 0.052900 0.056200 0.116500 0.116500 0.115300 0.116500 0.000000 0.000000
Giraffe 0.055300 0.533900 0.055300 0.915400 0.055300 0.055300 0.055300 0.055300 0.000000 0.055300 0.055300 0.055300 0.055300 0.055300 0.055300 0.183800 0.000000 0.000000 0.056100 0.000000 0.055300 0.055300 0.000000 0.055300 0.055300 0.115300 0.055300 0.000000 0.115300 0.000000 0.055300 0.055300 0.168000 0.054900 0.054600 0.000000 0.055300 0.055300 0.055300 0.000000 0.000000 0.192900 0.000000 0.000000 0.052900 0.056200 0.116500 0.116500 0.115300 0.116500 0.000000 0.000000
TibetanAnt 0.000200 0.547100 0.000200 0.948700 0.000200 0.000200 0.000200 0.000200 0.056100 0.000200 0.000200 0.000200 0.000200 0.000200 0.000200 0.121400 0.056100 0.056100 0.000000 0.056100 0.000200 0.000200 0.056100 0.000200 0.000200 0.057600 0.000200 0.056100 0.057600 0.056100 0.000200 0.000200 0.250700 0.000200 0.000200 0.056100 0.000200 0.000200 0.000200 0.056100 0.056100 0.128800 0.056100 0.056100 0.118200 0.000400 0.058000 0.058000 0.057600 0.058000 0.056100 0.056100
Sitatunga 0.055300 0.533900 0.055300 0.915400 0.055300 0.055300 0.055300 0.055300 0.000000 0.055300 0.055300 0.055300 0.055300 0.055300 0.055300 0.183800 0.000000 0.000000 0.056100 0.000000 0.055300 0.055300 0.000000 0.055300 0.055300 0.115300 0.055300 0.000000 0.115300 0.000000 0.055400 0.055300 0.168000 0.055300 0.055300 0.000000 0.055300 0.055300 0.055300 0.000000 0.000000 0.192900 0.000000 0.000000 0.052900 0.056200 0.116500 0.116500 0.115300 0.116500 0.000000 0.000000
Oribi 0.000000 0.532900 0.000000 0.931000 0.000000 0.000000 0.000000 0.000000 0.055400 0.000000 0.000000 0.000000 0.000000 0.000000 0.000000 0.119500 0.055300 0.055300 0.000200 0.055300 0.000000 0.000000 0.055300 0.000000 0.000000 0.056700 0.000000 0.055300 0.056700 0.055300 0.000000 0.000000 0.246500 0.000000 0.000000 0.055300 0.000000 0.000000 0.000000 0.055300 0.055300 0.127000 0.055300 0.055300 0.116300 0.000200 0.057200 0.057200 0.056700 0.057200 0.055300 0.055300
BarbaryShe 0.000000 0.532900 0.000000 0.931000 0.000000 0.000000 0.000000 0.000000 0.055300 0.000000 0.000000 0.000000 0.000000 0.000000 0.000000 0.119500 0.055300 0.055300 0.000200 0.055300 0.000000 0.000000 0.055300 0.000000 0.000000 0.056700 0.000000 0.055300 0.056700 0.054000 0.000000 0.000000 0.246500 0.000000 0.000000 0.055300 0.000000 0.000000 0.000000 0.055300 0.055300 0.127000 0.055300 0.055300 0.116500 0.000200 0.057200 0.057200 0.056700 0.057200 0.055300 0.055300
Daviddeer 0.055300 0.533900 0.055300 0.915400 0.055300 0.055300 0.053600 0.055300 0.000000 0.055300 0.055300 0.055300 0.055300 0.055300 0.055300 0.183800 0.000000 0.000000 0.056100 0.000000 0.055300 0.055300 0.000000 0.055300 0.055300 0.115300 0.055300 0.000000 0.115300 0.000000 0.055300 0.055300 0.168000 0.055300 0.055300 0.000000 0.055300 0.055300 0.055300 0.000000 0.000000 0.192900 0.000000 0.000000 0.052900 0.056200 0.116500 0.116500 0.115300 0.116500 0.000000 0.000000
Reindeer 0.000000 0.532900 0.000000 0.931000 0.000000 0.000000 0.000000 0.000000 0.055300 0.000000 0.000000 0.000000 0.000000 0.000000 0.000000 0.119500 0.055300 0.055300 0.000200 0.055300 0.000000 0.000000 0.055300 0.000000 0.000000 0.055800 0.000000 0.055300 0.056700 0.055300 0.000000 0.000000 0.246500 0.000000 0.000000 0.055300 0.000000 0.000000 0.000000 0.055300 0.055300 0.127000 0.055300 0.055300 0.116300 0.000200 0.057200 0.057200 0.056700 0.057200 0.055300 0.055300
Ibex 0.000000 0.532900 0.000000 0.931000 0.000000 0.000000 0.000000 0.000000 0.055300 0.000000 0.000000 0.000000 0.000000 0.000000 0.000000 0.119500 0.055300 0.055300 0.000200 0.055300 0.000000 0.000000 0.055300 0.000000 0.000000 0.056700 0.000000 0.055300 0.056700 0.055300 0.000000 0.000000 0.246500 0.000000 0.000000 0.055300 0.000000 0.000000 0.000000 0.055300 0.055300 0.127000 0.055300 0.055300 0.116300 0.000200 0.057200 0.057200 0.056700 0.057200 0.055300 0.055300
GyrantGaze 0.055700 0.753100 0.056700 1.772800 0.056700 0.056900 0.055600 0.056700 0.115300 0.056700 0.056700 0.056700 0.056700 0.056700 0.056700 0.055800 0.115300 0.115300 0.057600 0.115300 0.056700 0.056700 0.115300 0.055800 0.056700 0.000000 0.056700 0.115300 0.000000 0.115300 0.056000 0.056700 0.170700 0.056700 0.056700 0.115300 0.056700 0.056700 0.056700 0.115300 0.115300 0.059400 0.114600 0.115300 0.183600 0.057600 0.119500 0.119500 0.000000 0.119500 0.115300 0.115300
Hartebeest 0.000000 0.532900 0.000000 0.931000 0.000000 0.000000 0.000000 0.000000 0.055300 0.000000 0.000000 0.000000 0.000000 0.000000 0.000000 0.119500 0.055300 0.055300 0.000200 0.055300 0.000000 0.000000 0.055300 0.000000 0.000000 0.056700 0.000000 0.055300 0.056700 0.055300 0.000000 0.000000 0.246500 0.000000 0.000000 0.055300 0.000000 0.000000 0.000000 0.055300 0.055300 0.127000 0.055300 0.055300 0.116300 0.000200 0.057200 0.057200 0.056600 0.057200 0.055300 0.055300
Bongo 0.055300 0.533900 0.055300 0.915400 0.055300 0.054900 0.055300 0.055300 0.000000 0.054800 0.055300 0.055300 0.054800 0.055300 0.055300 0.183800 0.000000 0.000000 0.056100 0.000000 0.055300 0.055300 0.000000 0.055300 0.055300 0.115300 0.055300 0.000000 0.115300 0.000000 0.055300 0.055300 0.168000 0.055300 0.055300 0.000000 0.055300 0.055300 0.055300 0.000000 0.000000 0.192900 0.000000 0.000000 0.052900 0.056200 0.116500 0.116500 0.115300 0.116500 0.000000 0.000000
Gerenuk 0.056900 0.753100 0.056700 1.772800 0.056700 0.056700 0.056500 0.056700 0.115300 0.056700 0.056700 0.056700 0.056600 0.056700 0.056700 0.055800 0.115300 0.115300 0.057600 0.115300 0.056700 0.056700 0.115300 0.056700 0.056700 0.000000 0.056700 0.115300 0.000000 0.115300 0.056700 0.056700 0.170700 0.056700 0.056700 0.115300 0.055700 0.056700 0.056700 0.115300 0.115300 0.059400 0.115300 0.115300 0.183600 0.057600 0.119500 0.119500 0.000000 0.119500 0.115300 0.115300
CommonElan 0.055300 0.533900 0.055300 0.915400 0.055300 0.055300 0.055300 0.055300 0.000000 0.055300 0.055300 0.055300 0.055300 0.055000 0.055300 0.183800 0.000000 0.000000 0.056100 0.000000 0.055300 0.054000 0.000000 0.055300 0.055300 0.115300 0.055300 0.000000 0.115300 0.000000 0.055300 0.055300 0.168000 0.055300 0.055300 0.000000 0.055300 0.055300 0.055300 0.000000 0.000000 0.192900 0.000000 0.000000 0.052900 0.056200 0.116500 0.116500 0.115300 0.116500 0.000000 0.000000
MuntiacusR 0.000000 0.532900 0.000000 0.931000 0.000000 0.000000 0.000000 0.000000 0.055300 0.000000 0.000000 0.000000 0.000000 0.000000 0.000000 0.119500 0.055300 0.055300 0.000200 0.055400 0.000000 0.000000 0.055300 0.000000 0.000000 0.056000 0.000000 0.055300 0.056700 0.055300 0.000000 0.000000 0.246500 0.000000 0.000000 0.055300 0.000000 0.000000 0.000000 0.055300 0.055300 0.127000 0.055300 0.055300 0.116300 0.000200 0.057200 0.057200 0.056600 0.057200 0.055300 0.055300
HarveysDui 0.000000 0.532900 0.000000 0.931000 0.000000 0.000000 0.000000 0.000000 0.055300 0.000000 0.000000 0.000000 0.000000 0.000000 0.000000 0.119500 0.055300 0.055300 0.000200 0.055300 0.000000 0.000000 0.055300 0.000000 0.000000 0.056700 0.000000 0.055300 0.056700 0.055300 0.000000 0.000000 0.246500 0.000000 0.000000 0.055300 0.000000 0.000000 0.000000 0.055300 0.055300 0.127200 0.055300 0.055300 0.116300 0.000200 0.057200 0.057200 0.056700 0.057200 0.055300 0.055300
Pronghorn 0.246500 0.637300 0.246500 1.705500 0.246500 0.246500 0.246500 0.246500 0.168000 0.246500 0.246500 0.246500 0.246500 0.246500 0.246500 0.105400 0.168000 0.168000 0.250700 0.168000 0.246500 0.246500 0.168000 0.246500 0.246500 0.170700 0.246500 0.168000 0.170700 0.168000 0.246500 0.246500 0.000000 0.246500 0.246500 0.168000 0.246500 0.246500 0.246500 0.168000 0.168000 0.250400 0.168000 0.168000 0.240200 0.250900 0.169200 0.169200 0.170700 0.169200 0.168000 0.168000
BlueWildeb 0.000000 0.532900 0.000000 0.931000 0.000000 0.000000 0.000000 0.000000 0.055300 0.000000 0.000000 0.000000 0.000000 0.000000 0.000000 0.119500 0.055300 0.054900 0.000200 0.055300 0.000000 0.000000 0.055300 0.000000 0.000000 0.056700 0.000000 0.055300 0.056700 0.055300 0.000000 0.000000 0.246500 0.000000 0.000000 0.055300 0.000000 0.000000 0.000000 0.055300 0.055300 0.127000 0.055300 0.055300 0.116300 0.000200 0.057200 0.057200 0.056700 0.057200 0.055300 0.055300
Gemsbok 0.000000 0.532900 0.000000 0.931000 0.000000 0.000000 0.000000 0.000000 0.055300 0.000000 0.000000 0.000000 0.000000 0.000000 0.000000 0.119500 0.055300 0.054600 0.000200 0.055300 0.000000 0.000000 0.055300 0.000000 0.000000 0.056700 0.000000 0.055300 0.056700 0.055300 0.000000 0.000000 0.246500 0.000000 0.000000 0.055300 0.000000 0.000000 0.000000 0.055300 0.055300 0.127000 0.055300 0.055300 0.116300 0.000200 0.057200 0.057200 0.056700 0.057200 0.055100 0.055300
Yak 0.055300 0.533900 0.055300 0.915400 0.055300 0.055300 0.055300 0.055300 0.000000 0.053800 0.055200 0.055300 0.055300 0.055300 0.055300 0.183800 0.000000 0.000000 0.056100 0.000000 0.055300 0.055300 0.000000 0.055300 0.055300 0.115300 0.055300 0.000000 0.115300 0.000000 0.055300 0.055300 0.168000 0.055300 0.055300 0.000000 0.055300 0.055300 0.055300 0.000000 0.000000 0.192900 0.000000 0.000000 0.052200 0.056200 0.116500 0.116500 0.115300 0.116500 0.000000 0.000000
BlueSheep 0.000000 0.532900 0.000000 0.931000 0.000000 0.000000 0.000000 0.000000 0.055300 0.000000 0.000000 0.000000 0.000000 0.000000 0.000000 0.119500 0.055300 0.055300 0.000200 0.055300 0.000000 0.000000 0.055300 0.000000 0.000000 0.056700 0.000000 0.055300 0.055700 0.055300 0.000000 0.000000 0.246500 0.000000 0.000000 0.055300 0.000000 0.000000 0.000000 0.055300 0.055300 0.127000 0.055300 0.055300 0.116300 0.000200 0.057200 0.057200 0.056700 0.057200 0.055300 0.055300
BohorReedb 0.000000 0.532900 0.000000 0.931000 0.000000 0.000000 0.000000 0.000000 0.055300 0.000000 0.000000 0.000000 0.000000 0.000000 0.000000 0.119500 0.055300 0.055300 0.000200 0.055300 0.000000 0.000000 0.055300 0.000000 0.000000 0.056700 0.000000 0.055300 0.056700 0.055300 0.000000 0.000000 0.246500 0.000000 0.000000 0.055300 0.000000 0.000000 0.000000 0.055300 0.055300 0.127000 0.055300 0.055300 0.116300 0.000200 0.057200 0.057200 0.056700 0.057200 0.055300 0.055300
KirksDik 0.000000 0.532900 0.000000 0.931000 0.000000 0.000000 0.000000 0.000000 0.055300 0.000000 0.000000 0.000000 0.000000 0.000000 0.000000 0.119500 0.055300 0.055300 0.000200 0.055300 0.000000 0.000000 0.055300 0.000000 0.000000 0.056700 0.000000 0.055300 0.056700 0.055300 0.000000 0.000000 0.246500 0.000000 0.000000 0.055300 0.000000 0.000000 0.000000 0.055300 0.055300 0.127600 0.054800 0.055300 0.116300 0.000200 0.057200 0.056800 0.056700 0.057200 0.055300 0.055300
RoeDeer 0.055300 0.533900 0.055300 0.915400 0.055300 0.055300 0.055300 0.054400 0.000000 0.055300 0.055300 0.055300 0.055300 0.055300 0.055300 0.183800 0.000000 0.000000 0.056100 0.000000 0.055300 0.055300 0.000000 0.055300 0.055300 0.115300 0.055300 0.000000 0.115300 0.000000 0.055300 0.055300 0.168000 0.055300 0.055300 0.000000 0.055300 0.055300 0.055300 0.000000 0.000000 0.192900 0.000000 0.000000 0.052900 0.056200 0.116000 0.116500 0.115300 0.116500 0.000000 0.000000
WhiteLippe 0.055300 0.533900 0.055300 0.915400 0.055300 0.055300 0.055300 0.053800 0.000000 0.055300 0.055300 0.055300 0.055300 0.055300 0.055300 0.183800 0.000000 0.000000 0.056100 0.000000 0.055300 0.055300 0.000000 0.055300 0.055300 0.115300 0.055300 0.000000 0.115300 0.000000 0.055300 0.055300 0.168000 0.055300 0.055300 0.000000 0.055300 0.055300 0.055300 0.000000 0.000000 0.192900 0.000000 0.000000 0.052900 0.056200 0.116500 0.116500 0.115300 0.116500 0.000000 0.000000
ThomsonGaz 0.127000 1.121700 0.127000 2.248600 0.127000 0.127000 0.127000 0.127000 0.192900 0.127000 0.127000 0.127000 0.127000 0.127000 0.127000 0.125100 0.192900 0.192900 0.128800 0.192900 0.127000 0.127000 0.192900 0.127000 0.127000 0.059400 0.127000 0.192900 0.059400 0.192900 0.127000 0.127200 0.250400 0.127000 0.127000 0.192900 0.127000 0.127000 0.127600 0.192900 0.192900 0.000000 0.192900 0.192900 0.276900 0.128900 0.203000 0.203000 0.059400 0.203000 0.192900 0.192900
MuntiacusC 0.055300 0.533900 0.055300 0.915400 0.053700 0.055300 0.055300 0.055300 0.000000 0.055300 0.055300 0.055300 0.055300 0.055300 0.055300 0.183800 0.000000 0.000000 0.056100 0.000000 0.055300 0.055300 0.000000 0.055300 0.055300 0.114600 0.055300 0.000000 0.115300 0.000000 0.055300 0.055300 0.168000 0.055300 0.055300 0.000000 0.055300 0.055300 0.054800 0.000000 0.000000 0.192900 0.000000 0.000000 0.051300 0.056200 0.116500 0.116500 0.115300 0.116500 0.000000 0.000000
WhiteTaile 0.055300 0.533900 0.055300 0.915400 0.055300 0.055300 0.055300 0.055300 0.000000 0.055300 0.055300 0.055300 0.055300 0.055300 0.055300 0.183800 0.000000 0.000000 0.056100 0.000000 0.055300 0.055300 0.000000 0.055300 0.055300 0.115300 0.055300 0.000000 0.115300 0.000000 0.055300 0.055300 0.168000 0.055300 0.055300 0.000000 0.055300 0.055300 0.055300 0.000000 0.000000 0.192900 0.000000 0.000000 0.052900 0.056200 0.116500 0.116500 0.115300 0.116500 0.000000 0.000000
Cattle 0.116300 0.846800 0.116300 2.203200 0.116300 0.116300 0.116300 0.116300 0.052900 0.116300 0.116300 0.116300 0.116300 0.116300 0.116300 0.266100 0.052900 0.052900 0.118200 0.052900 0.116300 0.116500 0.052900 0.116300 0.116300 0.183600 0.116300 0.052900 0.183600 0.052900 0.116300 0.116300 0.240200 0.116300 0.116300 0.052200 0.116300 0.116300 0.116300 0.052900 0.052900 0.276900 0.051300 0.052900 0.000000 0.118500 0.187100 0.187100 0.183600 0.187100 0.052900 0.052900
RoyalAntel 0.000200 0.551100 0.000200 0.942600 0.000200 0.000200 0.000200 0.000200 0.056200 0.000200 0.000200 0.000200 0.000200 0.000200 0.000200 0.121600 0.056200 0.056200 0.000400 0.056200 0.000200 0.000200 0.056200 0.000200 0.000200 0.057600 0.000200 0.056200 0.057600 0.056200 0.000200 0.000200 0.250900 0.000200 0.000200 0.056200 0.000200 0.000200 0.000200 0.056200 0.056200 0.128900 0.056200 0.056200 0.118500 0.000000 0.058200 0.058200 0.057600 0.058200 0.056200 0.056200
Steenbok 0.057000 0.380300 0.057200 0.952400 0.057200 0.057200 0.057200 0.057200 0.116500 0.057200 0.057200 0.057200 0.057200 0.057200 0.057200 0.055300 0.116500 0.116500 0.058000 0.116500 0.057200 0.057200 0.116500 0.057200 0.057200 0.119500 0.057200 0.116500 0.119500 0.116500 0.057200 0.057200 0.169200 0.057200 0.057200 0.116500 0.057200 0.057200 0.057200 0.116000 0.116500 0.203000 0.116500 0.116500 0.187100 0.058200 0.000000 0.000000 0.119500 0.000000 0.116500 0.116500
Impala 0.057200 0.380300 0.057200 0.952400 0.057200 0.057200 0.057200 0.057200 0.116500 0.057200 0.057200 0.057200 0.057200 0.057200 0.057200 0.055300 0.116500 0.116500 0.058000 0.116500 0.057200 0.057200 0.116500 0.057200 0.057200 0.119500 0.057200 0.116500 0.119500 0.116500 0.057200 0.057200 0.169200 0.057200 0.057200 0.116500 0.057200 0.057200 0.056800 0.116500 0.116500 0.203000 0.116500 0.116500 0.187100 0.058200 0.000000 0.000000 0.119500 0.000000 0.116500 0.116500
Klipspring 0.055900 0.753100 0.056700 1.772800 0.056700 0.056700 0.056700 0.056000 0.115300 0.056700 0.056700 0.056700 0.056700 0.056700 0.056700 0.055800 0.115300 0.115300 0.057600 0.115300 0.056700 0.056700 0.115300 0.056700 0.056700 0.000000 0.056600 0.115300 0.000000 0.115300 0.056600 0.056700 0.170700 0.056700 0.056700 0.115300 0.056700 0.056700 0.056700 0.115300 0.115300 0.059400 0.115300 0.115300 0.183600 0.057600 0.119500 0.119500 0.000000 0.119500 0.115300 0.115300
ForestMusk 0.057200 0.380300 0.057200 0.952400 0.057200 0.057200 0.057200 0.057200 0.116500 0.057200 0.057200 0.057200 0.057200 0.057200 0.057200 0.055300 0.116500 0.116500 0.058000 0.116500 0.057200 0.057200 0.116500 0.057200 0.057200 0.119500 0.057200 0.116500 0.119500 0.116500 0.057200 0.057200 0.169200 0.057200 0.057200 0.116500 0.057200 0.057200 0.057200 0.116500 0.116500 0.203000 0.116500 0.116500 0.187100 0.058200 0.000000 0.000000 0.119500 0.000000 0.116500 0.116500
Bushbuck 0.055300 0.533900 0.055300 0.915400 0.055100 0.055300 0.055300 0.055200 0.000000 0.055300 0.055300 0.055300 0.055300 0.055300 0.055300 0.183800 0.000000 0.000000 0.056100 0.000000 0.055300 0.055300 0.000000 0.055300 0.055300 0.115300 0.055300 0.000000 0.115300 0.000000 0.055300 0.055300 0.168000 0.055300 0.055100 0.000000 0.055300 0.055300 0.055300 0.000000 0.000000 0.192900 0.000000 0.000000 0.052900 0.056200 0.116500 0.116500 0.115300 0.116500 0.000000 0.000000
GreaterKud 0.055300 0.533900 0.055300 0.915400 0.055300 0.055300 0.054700 0.055300 0.000000 0.055300 0.055300 0.055300 0.055300 0.055300 0.055300 0.183800 0.000000 0.000000 0.056100 0.000000 0.055300 0.055300 0.000000 0.055300 0.055300 0.115300 0.055300 0.000000 0.115300 0.000000 0.055300 0.055300 0.168000 0.055300 0.055300 0.000000 0.055300 0.055300 0.055300 0.000000 0.000000 0.192900 0.000000 0.000000 0.052900 0.056200 0.116500 0.116500 0.115300 0.116500 0.000000 0.000000
