1
52 1
Argali 0.000000 0.029300 0.016000 0.035800 0.000000 0.000000 0.000100 0.003200 0.012800 0.012800 0.000000 0.009500 0.000000 0.000100 0.003200 0.000000 0.012800 0.009600 0.000000 0.012800 0.003200 0.003200 0.012800 0.016000 0.000000 0.003200 0.000000 0.012800 0.000000 0.016000 0.009500 0.000100 0.022500 0.000000 0.000000 0.012700 0.000000 0.000000 0.000000 0.009500 0.009600 0.006300 0.012700 0.016000 0.009500 0.000000 0.000100 0.003200 0.006300 0.006400 0.012800 0.012800
LesserMous 0.029300 0.000000 0.039300 0.059800 0.029300 0.029300 0.029200 0.032700 0.035900 0.029100 0.029300 0.032500 0.029200 0.029300 0.032600 0.029300 0.029200 0.026200 0.029300 0.035900 0.032600 0.032600 0.029200 0.029900 0.029300 0.032600 0.029200 0.035900 0.029300 0.039200 0.025800 0.029300 0.032500 0.029200 0.029200 0.029200 0.029300 0.029300 0.029200 0.025800 0.025900 0.035800 0.029100 0.029800 0.032400 0.029300 0.029300 0.032600 0.035900 0.022600 0.035900 0.035900
LesserKudu 0.016000 0.039300 0.000000 0.052700 0.016000 0.016000 0.016000 0.019300 0.003200 0.022500 0.016000 0.006400 0.016000 0.016000 0.019300 0.016000 0.022500 0.019300 0.016000 0.003200 0.019300 0.019300 0.022500 0.025800 0.016000 0.019200 0.016000 0.003200 0.016000 0.006400 0.019200 0.016000 0.032300 0.016000 0.016000 0.009500 0.016000 0.016000 0.016000 0.019200 0.019200 0.022400 0.022500 0.025700 0.006300 0.016000 0.016000 0.019300 0.022500 0.016000 0.003200 0.003200
KillerWhal 0.035800 0.059800 0.052700 0.000000 0.035800 0.035800 0.035600 0.039200 0.049200 0.035700 0.035800 0.045800 0.035700 0.035800 0.039100 0.035800 0.042500 0.040200 0.035800 0.049300 0.039100 0.039100 0.035800 0.039100 0.035800 0.039100 0.035700 0.049200 0.035800 0.052600 0.032400 0.035800 0.045800 0.035700 0.035600 0.049100 0.035800 0.035800 0.035700 0.032300 0.032400 0.042300 0.035700 0.038900 0.045600 0.035800 0.035800 0.039100 0.035700 0.042400 0.049300 0.049200
DefassaWat 0.000000 0.029300 0.016000 0.035800 0.000000 0.000000 0.000100 0.003200 0.012800 0.012800 0.000000 0.009600 0.000000 0.000100 0.003200 0.000000 0.012800 0.009600 0.000000 0.012800 0.003200 0.003200 0.012800 0.016000 0.000000 0.003200 0.000000 0.012800 0.000000 0.016000 0.009500 0.000100 0.022500 0.000000 0.000100 0.012700 0.000000 0.000000 0.000000 0.009500 0.009600 0.006300 0.012800 0.016000 0.009500 0.000000 0.000100 0.003200 0.006300 0.006400 0.012800 0.012800
Sheep 0.000000 0.029300 0.016000 0.035800 0.000000 0.000000 0.000100 0.003200 0.012800 0.012800 0.000000 0.009600 0.000000 0.000100 0.003200 0.000000 0.012800 0.009600 0.000000 0.012800 0.003200 0.003200 0.012800 0.016000 0.000000 0.003200 0.000000 0.012800 0.000000 0.016000 0.009600 0.000100 0.022500 0.000000 0.000100 0.012700 0.000000 0.000000 0.000100 0.009500 0.009600 0.006300 0.012800 0.016000 0.009500 0.000100 0.000100 0.003200 0.006400 0.006400 0.012800 0.012800
MaxwellsDu 0.000100 0.029200 0.016000 0.035600 0.000100 0.000100 0.000000 0.003200 0.012700 0.012700 0.000100 0.009500 0.000100 0.000000 0.003200 0.000100 0.012700 0.009600 0.000100 0.012800 0.003200 0.003200 0.012800 0.016000 0.000100 0.003200 0.000100 0.012700 0.000100 0.015900 0.009500 0.000000 0.022400 0.000100 0.000100 0.012700 0.000100 0.000100 0.000100 0.009500 0.009500 0.006300 0.012700 0.015900 0.009500 0.000100 0.000100 0.003200 0.006300 0.006300 0.012800 0.012700
GazellaPrz 0.003200 0.032700 0.019300 0.039200 0.003200 0.003200 0.003200 0.000000 0.016100 0.012800 0.003200 0.012800 0.003200 0.003200 0.006400 0.003200 0.012800 0.012900 0.003200 0.016100 0.006400 0.006400 0.016100 0.019300 0.003200 0.006400 0.003200 0.016100 0.003200 0.019300 0.012800 0.003200 0.025900 0.003200 0.003200 0.016000 0.003200 0.003200 0.003200 0.012800 0.012800 0.009600 0.012800 0.019300 0.012800 0.003200 0.003200 0.006400 0.007300 0.009600 0.016100 0.016100
MountainNy 0.012800 0.035900 0.003200 0.049200 0.012800 0.012800 0.012700 0.016100 0.000000 0.019200 0.012800 0.003200 0.012800 0.012800 0.016000 0.012800 0.019200 0.016000 0.012800 0.000000 0.016000 0.016000 0.019200 0.022400 0.012800 0.016000 0.012800 0.000000 0.012800 0.003200 0.015900 0.012800 0.029000 0.012800 0.012700 0.006300 0.012800 0.012800 0.012700 0.015900 0.015900 0.019200 0.019200 0.022400 0.003200 0.012800 0.012800 0.016000 0.019200 0.012700 0.000000 0.000000
MuntiacusM 0.012800 0.029100 0.022500 0.035700 0.012800 0.012800 0.012700 0.012800 0.019200 0.000000 0.012800 0.015900 0.012700 0.012800 0.016000 0.012800 0.006300 0.009600 0.012800 0.019200 0.016000 0.016000 0.006300 0.009500 0.012800 0.016000 0.012700 0.019200 0.012800 0.022400 0.003200 0.012800 0.015900 0.012700 0.012700 0.019100 0.012800 0.012800 0.012700 0.003100 0.003200 0.019100 0.000000 0.009500 0.015900 0.012800 0.012800 0.016000 0.019200 0.012700 0.019200 0.019200
goat 0.000000 0.029300 0.016000 0.035800 0.000000 0.000000 0.000100 0.003200 0.012800 0.012800 0.000000 0.009500 0.000000 0.000100 0.003200 0.000000 0.012800 0.009600 0.000000 0.012800 0.003200 0.003200 0.012800 0.016000 0.000000 0.003200 0.000000 0.012800 0.000000 0.016000 0.009500 0.000100 0.022500 0.000000 0.000000 0.012700 0.000000 0.000000 0.000000 0.009500 0.009600 0.006300 0.012700 0.016000 0.009500 0.000000 0.000100 0.003200 0.006300 0.006400 0.012800 0.012800
AfricanBuf 0.009500 0.032500 0.006400 0.045800 0.009600 0.009600 0.009500 0.012800 0.003200 0.015900 0.009500 0.000000 0.009500 0.009600 0.012700 0.009600 0.016000 0.012800 0.009600 0.003200 0.012700 0.012800 0.016000 0.019200 0.009500 0.012700 0.009500 0.003200 0.009600 0.006300 0.012700 0.009600 0.025700 0.009500 0.009500 0.003200 0.009600 0.009600 0.009500 0.012700 0.012700 0.015900 0.015900 0.019100 0.000100 0.009500 0.009500 0.012800 0.015900 0.009500 0.003200 0.003200
Topi 0.000000 0.029200 0.016000 0.035700 0.000000 0.000000 0.000100 0.003200 0.012800 0.012700 0.000000 0.009500 0.000000 0.000100 0.003200 0.000000 0.012800 0.009600 0.000000 0.012800 0.003200 0.003200 0.012800 0.016000 0.000000 0.003200 0.000000 0.012800 0.000000 0.016000 0.009500 0.000100 0.022500 0.000000 0.000100 0.012700 0.000000 0.000000 0.000100 0.009500 0.009500 0.006300 0.012700 0.015900 0.009500 0.000100 0.000100 0.003200 0.006300 0.006400 0.012800 0.012800
CommonDuik 0.000100 0.029300 0.016000 0.035800 0.000100 0.000100 0.000000 0.003200 0.012800 0.012800 0.000100 0.009600 0.000100 0.000000 0.003200 0.000100 0.012800 0.009600 0.000100 0.012800 0.003200 0.003200 0.012800 0.016000 0.000100 0.003200 0.000100 0.012800 0.000100 0.016000 0.009600 0.000000 0.022500 0.000100 0.000100 0.012700 0.000000 0.000100 0.000100 0.009500 0.009600 0.006300 0.012800 0.016000 0.009500 0.000100 0.000100 0.003200 0.006400 0.006400 0.012800 0.012800
Suni 0.003200 0.032600 0.019300 0.039100 0.003200 0.003200 0.003200 0.006400 0.016000 0.016000 0.003200 0.012700 0.003200 0.003200 0.000000 0.003200 0.016000 0.012800 0.003200 0.016000 0.006300 0.006400 0.016000 0.019200 0.003200 0.006300 0.003200 0.016000 0.003200 0.019200 0.012700 0.003200 0.025800 0.003200 0.003200 0.015900 0.003200 0.003200 0.003200 0.012700 0.012800 0.009500 0.016000 0.019200 0.012700 0.003200 0.003200 0.006400 0.009500 0.009500 0.016000 0.016000
Springbuck 0.000000 0.029300 0.016000 0.035800 0.000000 0.000000 0.000100 0.003200 0.012800 0.012800 0.000000 0.009600 0.000000 0.000100 0.003200 0.000000 0.012800 0.009600 0.000100 0.012800 0.003200 0.003200 0.012800 0.016000 0.000000 0.003200 0.000000 0.012800 0.000000 0.016000 0.009500 0.000100 0.022500 0.000000 0.000000 0.012700 0.000000 0.000000 0.000100 0.009500 0.009600 0.006300 0.012800 0.016000 0.009500 0.000100 0.000100 0.003200 0.006300 0.006400 0.012800 0.012800
Okapi 0.012800 0.029200 0.022500 0.042500 0.012800 0.012800 0.012700 0.012800 0.019200 0.006300 0.012800 0.016000 0.012800 0.012800 0.016000 0.012800 0.000000 0.003200 0.012800 0.019300 0.016000 0.016000 0.012800 0.016000 0.012800 0.016000 0.012800 0.019200 0.012800 0.022500 0.009500 0.012800 0.022400 0.012800 0.012700 0.019200 0.012800 0.012800 0.012800 0.009500 0.009500 0.019200 0.006300 0.015900 0.015900 0.012800 0.012800 0.016000 0.019200 0.012800 0.019300 0.019200
Giraffe 0.009600 0.026200 0.019300 0.040200 0.009600 0.009600 0.009600 0.012900 0.016000 0.009600 0.009600 0.012800 0.009600 0.009600 0.012800 0.009600 0.003200 0.000000 0.009600 0.016000 0.012800 0.012800 0.009600 0.012800 0.009600 0.012800 0.009600 0.016000 0.009600 0.019200 0.006400 0.009600 0.019300 0.009600 0.009600 0.016000 0.009600 0.009600 0.009600 0.006300 0.006400 0.016000 0.009500 0.012700 0.012700 0.009600 0.009600 0.012800 0.016000 0.009600 0.016000 0.016000
TibetanAnt 0.000000 0.029300 0.016000 0.035800 0.000000 0.000000 0.000100 0.003200 0.012800 0.012800 0.000000 0.009600 0.000000 0.000100 0.003200 0.000100 0.012800 0.009600 0.000000 0.012800 0.003200 0.003200 0.012800 0.016000 0.000000 0.003200 0.000000 0.012800 0.000100 0.016000 0.009600 0.000100 0.022500 0.000000 0.000100 0.012700 0.000000 0.000000 0.000100 0.009500 0.009600 0.006300 0.012800 0.016000 0.009500 0.000100 0.000100 0.003200 0.006400 0.006400 0.012800 0.012800
Sitatunga 0.012800 0.035900 0.003200 0.049300 0.012800 0.012800 0.012800 0.016100 0.000000 0.019200 0.012800 0.003200 0.012800 0.012800 0.016000 0.012800 0.019300 0.016000 0.012800 0.000000 0.016000 0.016000 0.019300 0.022500 0.012800 0.016000 0.012800 0.000000 0.012800 0.003200 0.016000 0.012800 0.029000 0.012800 0.012800 0.006300 0.012800 0.012800 0.012800 0.016000 0.016000 0.019200 0.019200 0.022400 0.003200 0.012800 0.012800 0.016000 0.019200 0.012800 0.000000 0.000000
Oribi 0.003200 0.032600 0.019300 0.039100 0.003200 0.003200 0.003200 0.006400 0.016000 0.016000 0.003200 0.012700 0.003200 0.003200 0.006300 0.003200 0.016000 0.012800 0.003200 0.016000 0.000000 0.006400 0.016000 0.019200 0.003200 0.006300 0.003200 0.016000 0.003200 0.019200 0.012700 0.003200 0.025800 0.003200 0.003200 0.015900 0.003200 0.003200 0.003200 0.012700 0.012800 0.009500 0.016000 0.019200 0.012700 0.003200 0.003200 0.006400 0.009500 0.009500 0.016000 0.016000
BarbaryShe 0.003200 0.032600 0.019300 0.039100 0.003200 0.003200 0.003200 0.006400 0.016000 0.016000 0.003200 0.012800 0.003200 0.003200 0.006400 0.003200 0.016000 0.012800 0.003200 0.016000 0.006400 0.000000 0.016000 0.019200 0.003200 0.006400 0.003200 0.016000 0.003200 0.019200 0.012800 0.003200 0.025800 0.003200 0.003200 0.015900 0.003200 0.003200 0.003200 0.012700 0.012800 0.009500 0.016000 0.019200 0.012700 0.003200 0.003200 0.006400 0.009500 0.009600 0.016000 0.016000
Daviddeer 0.012800 0.029200 0.022500 0.035800 0.012800 0.012800 0.012800 0.016100 0.019200 0.006300 0.012800 0.016000 0.012800 0.012800 0.016000 0.012800 0.012800 0.009600 0.012800 0.019300 0.016000 0.016000 0.000000 0.009500 0.012800 0.016000 0.012800 0.019200 0.012800 0.022500 0.003200 0.012800 0.016000 0.012800 0.012800 0.019200 0.012800 0.012800 0.012800 0.003200 0.003200 0.019200 0.006300 0.009500 0.015900 0.012800 0.012800 0.009600 0.019200 0.012800 0.019300 0.019200
Reindeer 0.016000 0.029900 0.025800 0.039100 0.016000 0.016000 0.016000 0.019300 0.022400 0.009500 0.016000 0.019200 0.016000 0.016000 0.019200 0.016000 0.016000 0.012800 0.016000 0.022500 0.019200 0.019200 0.009500 0.000000 0.016000 0.019200 0.016000 0.022400 0.016000 0.025700 0.006300 0.016000 0.019200 0.016000 0.016000 0.022400 0.016000 0.016000 0.016000 0.006300 0.006300 0.022400 0.009500 0.000000 0.019100 0.016000 0.016000 0.019200 0.022400 0.016000 0.022500 0.022400
Ibex 0.000000 0.029300 0.016000 0.035800 0.000000 0.000000 0.000100 0.003200 0.012800 0.012800 0.000000 0.009500 0.000000 0.000100 0.003200 0.000000 0.012800 0.009600 0.000000 0.012800 0.003200 0.003200 0.012800 0.016000 0.000000 0.003200 0.000000 0.012800 0.000000 0.016000 0.009500 0.000100 0.022500 0.000000 0.000000 0.012700 0.000000 0.000000 0.000000 0.009500 0.009600 0.006300 0.012700 0.016000 0.009500 0.000000 0.000100 0.003200 0.006300 0.006400 0.012800 0.012800
GyrantGaze 0.003200 0.032600 0.019200 0.039100 0.003200 0.003200 0.003200 0.006400 0.016000 0.016000 0.003200 0.012700 0.003200 0.003200 0.006300 0.003200 0.016000 0.012800 0.003200 0.016000 0.006300 0.006400 0.016000 0.019200 0.003200 0.000000 0.003200 0.016000 0.003200 0.019200 0.012700 0.003200 0.025800 0.003200 0.003200 0.015900 0.003200 0.003200 0.003200 0.012700 0.012800 0.003200 0.016000 0.019200 0.012700 0.003200 0.003200 0.006300 0.009500 0.009500 0.016000 0.016000
Hartebeest 0.000000 0.029200 0.016000 0.035700 0.000000 0.000000 0.000100 0.003200 0.012800 0.012700 0.000000 0.009500 0.000000 0.000100 0.003200 0.000000 0.012800 0.009600 0.000000 0.012800 0.003200 0.003200 0.012800 0.016000 0.000000 0.003200 0.000000 0.012800 0.000000 0.016000 0.009500 0.000100 0.022500 0.000000 0.000100 0.012700 0.000000 0.000000 0.000100 0.009500 0.009500 0.006300 0.012700 0.015900 0.009500 0.000100 0.000100 0.003200 0.006300 0.006400 0.012800 0.012800
Bongo 0.012800 0.035900 0.003200 0.049200 0.012800 0.012800 0.012700 0.016100 0.000000 0.019200 0.012800 0.003200 0.012800 0.012800 0.016000 0.012800 0.019200 0.016000 0.012800 0.000000 0.016000 0.016000 0.019200 0.022400 0.012800 0.016000 0.012800 0.000000 0.012800 0.003200 0.015900 0.012800 0.029000 0.012800 0.012700 0.006300 0.012800 0.012800 0.012700 0.015900 0.015900 0.019200 0.019200 0.022400 0.003200 0.012800 0.012800 0.016000 0.019200 0.012700 0.000000 0.000000
Gerenuk 0.000000 0.029300 0.016000 0.035800 0.000000 0.000000 0.000100 0.003200 0.012800 0.012800 0.000000 0.009600 0.000000 0.000100 0.003200 0.000000 0.012800 0.009600 0.000100 0.012800 0.003200 0.003200 0.012800 0.016000 0.000000 0.003200 0.000000 0.012800 0.000000 0.016000 0.009600 0.000100 0.022500 0.000000 0.000100 0.012700 0.000000 0.000000 0.000100 0.009500 0.009600 0.006300 0.012800 0.016000 0.009500 0.000100 0.000100 0.003200 0.006400 0.006400 0.012800 0.012800
CommonElan 0.016000 0.039200 0.006400 0.052600 0.016000 0.016000 0.015900 0.019300 0.003200 0.022400 0.016000 0.006300 0.016000 0.016000 0.019200 0.016000 0.022500 0.019200 0.016000 0.003200 0.019200 0.019200 0.022500 0.025700 0.016000 0.019200 0.016000 0.003200 0.016000 0.000000 0.019200 0.016000 0.029700 0.016000 0.015900 0.009500 0.016000 0.016000 0.015900 0.019100 0.019200 0.022400 0.022400 0.025600 0.006300 0.016000 0.016000 0.019200 0.022400 0.015900 0.003200 0.003200
MuntiacusR 0.009500 0.025800 0.019200 0.032400 0.009500 0.009600 0.009500 0.012800 0.015900 0.003200 0.009500 0.012700 0.009500 0.009600 0.012700 0.009500 0.009500 0.006400 0.009600 0.016000 0.012700 0.012800 0.003200 0.006300 0.009500 0.012700 0.009500 0.015900 0.009600 0.019200 0.000000 0.009600 0.012700 0.009500 0.009500 0.015900 0.009500 0.009500 0.009500 0.000000 0.000100 0.015900 0.003100 0.006300 0.012700 0.009500 0.009500 0.012800 0.015900 0.009500 0.016000 0.015900
HarveysDui 0.000100 0.029300 0.016000 0.035800 0.000100 0.000100 0.000000 0.003200 0.012800 0.012800 0.000100 0.009600 0.000100 0.000000 0.003200 0.000100 0.012800 0.009600 0.000100 0.012800 0.003200 0.003200 0.012800 0.016000 0.000100 0.003200 0.000100 0.012800 0.000100 0.016000 0.009600 0.000000 0.022500 0.000100 0.000100 0.012700 0.000000 0.000100 0.000100 0.009500 0.009600 0.006300 0.012800 0.016000 0.009500 0.000100 0.000100 0.003200 0.006400 0.006400 0.012800 0.012800
Pronghorn 0.022500 0.032500 0.032300 0.045800 0.022500 0.022500 0.022400 0.025900 0.029000 0.015900 0.022500 0.025700 0.022500 0.022500 0.025800 0.022500 0.022400 0.019300 0.022500 0.029000 0.025800 0.025800 0.016000 0.019200 0.022500 0.025800 0.022500 0.029000 0.022500 0.029700 0.012700 0.022500 0.000000 0.022500 0.022400 0.028900 0.022500 0.022500 0.022500 0.012700 0.012700 0.029000 0.015900 0.019100 0.025600 0.022500 0.022500 0.025800 0.029000 0.022400 0.029000 0.029000
BlueWildeb 0.000000 0.029200 0.016000 0.035700 0.000000 0.000000 0.000100 0.003200 0.012800 0.012700 0.000000 0.009500 0.000000 0.000100 0.003200 0.000000 0.012800 0.009600 0.000000 0.012800 0.003200 0.003200 0.012800 0.016000 0.000000 0.003200 0.000000 0.012800 0.000000 0.016000 0.009500 0.000100 0.022500 0.000000 0.000100 0.012700 0.000000 0.000000 0.000100 0.009500 0.009500 0.006300 0.012700 0.015900 0.009500 0.000100 0.000100 0.003200 0.006300 0.006400 0.012800 0.012800
Gemsbok 0.000000 0.029200 0.016000 0.035600 0.000100 0.000100 0.000100 0.003200 0.012700 0.012700 0.000000 0.009500 0.000100 0.000100 0.003200 0.000000 0.012700 0.009600 0.000100 0.012800 0.003200 0.003200 0.012800 0.016000 0.000000 0.003200 0.000100 0.012700 0.000100 0.015900 0.009500 0.000100 0.022400 0.000100 0.000000 0.012700 0.000000 0.000100 0.000100 0.009500 0.009500 0.006300 0.012700 0.015900 0.009500 0.000100 0.000100 0.003200 0.006300 0.006300 0.012800 0.012700
Yak 0.012700 0.029200 0.009500 0.049100 0.012700 0.012700 0.012700 0.016000 0.006300 0.019100 0.012700 0.003200 0.012700 0.012700 0.015900 0.012700 0.019200 0.016000 0.012700 0.006300 0.015900 0.015900 0.019200 0.022400 0.012700 0.015900 0.012700 0.006300 0.012700 0.009500 0.015900 0.012700 0.028900 0.012700 0.012700 0.000000 0.012700 0.012700 0.012700 0.015900 0.015900 0.019100 0.019100 0.022300 0.003100 0.012700 0.012700 0.015900 0.019100 0.012700 0.006300 0.006300
BlueSheep 0.000000 0.029300 0.016000 0.035800 0.000000 0.000000 0.000100 0.003200 0.012800 0.012800 0.000000 0.009600 0.000000 0.000000 0.003200 0.000000 0.012800 0.009600 0.000000 0.012800 0.003200 0.003200 0.012800 0.016000 0.000000 0.003200 0.000000 0.012800 0.000000 0.016000 0.009500 0.000000 0.022500 0.000000 0.000000 0.012700 0.000000 0.000000 0.000000 0.009500 0.009600 0.006300 0.012800 0.016000 0.009500 0.000000 0.000100 0.003200 0.006300 0.006400 0.012800 0.012800
BohorReedb 0.000000 0.029300 0.016000 0.035800 0.000000 0.000000 0.000100 0.003200 0.012800 0.012800 0.000000 0.009600 0.000000 0.000100 0.003200 0.000000 0.012800 0.009600 0.000000 0.012800 0.003200 0.003200 0.012800 0.016000 0.000000 0.003200 0.000000 0.012800 0.000000 0.016000 0.009500 0.000100 0.022500 0.000000 0.000100 0.012700 0.000000 0.000000 0.000000 0.009500 0.009600 0.006300 0.012800 0.016000 0.009500 0.000000 0.000100 0.003200 0.006300 0.006400 0.012800 0.012800
KirksDik 0.000000 0.029200 0.016000 0.035700 0.000000 0.000100 0.000100 0.003200 0.012700 0.012700 0.000000 0.009500 0.000100 0.000100 0.003200 0.000100 0.012800 0.009600 0.000100 0.012800 0.003200 0.003200 0.012800 0.016000 0.000000 0.003200 0.000100 0.012700 0.000100 0.015900 0.009500 0.000100 0.022500 0.000100 0.000100 0.012700 0.000000 0.000000 0.000000 0.009500 0.009500 0.006300 0.012700 0.015900 0.009500 0.000100 0.000100 0.003200 0.006300 0.006300 0.012800 0.012700
RoeDeer 0.009500 0.025800 0.019200 0.032300 0.009500 0.009500 0.009500 0.012800 0.015900 0.003100 0.009500 0.012700 0.009500 0.009500 0.012700 0.009500 0.009500 0.006300 0.009500 0.016000 0.012700 0.012700 0.003200 0.006300 0.009500 0.012700 0.009500 0.015900 0.009500 0.019100 0.000000 0.009500 0.012700 0.009500 0.009500 0.015900 0.009500 0.009500 0.009500 0.000000 0.000100 0.015900 0.003100 0.006300 0.012700 0.009500 0.009500 0.012700 0.015900 0.009500 0.016000 0.015900
WhiteLippe 0.009600 0.025900 0.019200 0.032400 0.009600 0.009600 0.009500 0.012800 0.015900 0.003200 0.009600 0.012700 0.009500 0.009600 0.012800 0.009600 0.009500 0.006400 0.009600 0.016000 0.012800 0.012800 0.003200 0.006300 0.009600 0.012800 0.009500 0.015900 0.009600 0.019200 0.000100 0.009600 0.012700 0.009500 0.009500 0.015900 0.009600 0.009600 0.009500 0.000100 0.000000 0.015900 0.003200 0.006300 0.012700 0.009600 0.009500 0.012800 0.015900 0.009500 0.016000 0.015900
ThomsonGaz 0.006300 0.035800 0.022400 0.042300 0.006300 0.006300 0.006300 0.009600 0.019200 0.019100 0.006300 0.015900 0.006300 0.006300 0.009500 0.006300 0.019200 0.016000 0.006300 0.019200 0.009500 0.009500 0.019200 0.022400 0.006300 0.003200 0.006300 0.019200 0.006300 0.022400 0.015900 0.006300 0.029000 0.006300 0.006300 0.019100 0.006300 0.006300 0.006300 0.015900 0.015900 0.000000 0.019100 0.022400 0.015900 0.006300 0.006300 0.009500 0.012700 0.012700 0.019200 0.019200
MuntiacusC 0.012700 0.029100 0.022500 0.035700 0.012800 0.012800 0.012700 0.012800 0.019200 0.000000 0.012700 0.015900 0.012700 0.012800 0.016000 0.012800 0.006300 0.009500 0.012800 0.019200 0.016000 0.016000 0.006300 0.009500 0.012700 0.016000 0.012700 0.019200 0.012800 0.022400 0.003100 0.012800 0.015900 0.012700 0.012700 0.019100 0.012800 0.012800 0.012700 0.003100 0.003200 0.019100 0.000000 0.009500 0.015900 0.012800 0.012700 0.016000 0.019200 0.012700 0.019200 0.019200
WhiteTaile 0.016000 0.029800 0.025700 0.038900 0.016000 0.016000 0.015900 0.019300 0.022400 0.009500 0.016000 0.019100 0.015900 0.016000 0.019200 0.016000 0.015900 0.012700 0.016000 0.022400 0.019200 0.019200 0.009500 0.000000 0.016000 0.019200 0.015900 0.022400 0.016000 0.025600 0.006300 0.016000 0.019100 0.015900 0.015900 0.022300 0.016000 0.016000 0.015900 0.006300 0.006300 0.022400 0.009500 0.000000 0.019100 0.016000 0.015900 0.019200 0.022400 0.015900 0.022400 0.022400
Cattle 0.009500 0.032400 0.006300 0.045600 0.009500 0.009500 0.009500 0.012800 0.003200 0.015900 0.009500 0.000100 0.009500 0.009500 0.012700 0.009500 0.015900 0.012700 0.009500 0.003200 0.012700 0.012700 0.015900 0.019100 0.009500 0.012700 0.009500 0.003200 0.009500 0.006300 0.012700 0.009500 0.025600 0.009500 0.009500 0.003100 0.009500 0.009500 0.009500 0.012700 0.012700 0.015900 0.015900 0.019100 0.000000 0.009500 0.009500 0.012700 0.015900 0.009500 0.003200 0.003200
RoyalAntel 0.000000 0.029300 0.016000 0.035800 0.000000 0.000100 0.000100 0.003200 0.012800 0.012800 0.000000 0.009500 0.000100 0.000100 0.003200 0.000100 0.012800 0.009600 0.000100 0.012800 0.003200 0.003200 0.012800 0.016000 0.000000 0.003200 0.000100 0.012800 0.000100 0.016000 0.009500 0.000100 0.022500 0.000100 0.000100 0.012700 0.000000 0.000000 0.000100 0.009500 0.009600 0.006300 0.012800 0.016000 0.009500 0.000000 0.000100 0.003200 0.006300 0.006400 0.012800 0.012800
Steenbok 0.000100 0.029300 0.016000 0.035800 0.000100 0.000100 0.000100 0.003200 0.012800 0.012800 0.000100 0.009500 0.000100 0.000100 0.003200 0.000100 0.012800 0.009600 0.000100 0.012800 0.003200 0.003200 0.012800 0.016000 0.000100 0.003200 0.000100 0.012800 0.000100 0.016000 0.009500 0.000100 0.022500 0.000100 0.000100 0.012700 0.000100 0.000100 0.000100 0.009500 0.009500 0.006300 0.012700 0.015900 0.009500 0.000100 0.000000 0.003200 0.006300 0.006400 0.012800 0.012800
Impala 0.003200 0.032600 0.019300 0.039100 0.003200 0.003200 0.003200 0.006400 0.016000 0.016000 0.003200 0.012800 0.003200 0.003200 0.006400 0.003200 0.016000 0.012800 0.003200 0.016000 0.006400 0.006400 0.009600 0.019200 0.003200 0.006300 0.003200 0.016000 0.003200 0.019200 0.012800 0.003200 0.025800 0.003200 0.003200 0.015900 0.003200 0.003200 0.003200 0.012700 0.012800 0.009500 0.016000 0.019200 0.012700 0.003200 0.003200 0.000000 0.009500 0.009600 0.016000 0.016000
Klipspring 0.006300 0.035900 0.022500 0.035700 0.006300 0.006400 0.006300 0.007300 0.019200 0.019200 0.006300 0.015900 0.006300 0.006400 0.009500 0.006300 0.019200 0.016000 0.006400 0.019200 0.009500 0.009500 0.019200 0.022400 0.006300 0.009500 0.006300 0.019200 0.006400 0.022400 0.015900 0.006400 0.029000 0.006300 0.006300 0.019100 0.006300 0.006300 0.006300 0.015900 0.015900 0.012700 0.019200 0.022400 0.015900 0.006300 0.006300 0.009500 0.000000 0.012700 0.019200 0.019200
ForestMusk 0.006400 0.022600 0.016000 0.042400 0.006400 0.006400 0.006300 0.009600 0.012700 0.012700 0.006400 0.009500 0.006400 0.006400 0.009500 0.006400 0.012800 0.009600 0.006400 0.012800 0.009500 0.009600 0.012800 0.016000 0.006400 0.009500 0.006400 0.012700 0.006400 0.015900 0.009500 0.006400 0.022400 0.006400 0.006300 0.012700 0.006400 0.006400 0.006300 0.009500 0.009500 0.012700 0.012700 0.015900 0.009500 0.006400 0.006400 0.009600 0.012700 0.000000 0.012800 0.012700
Bushbuck 0.012800 0.035900 0.003200 0.049300 0.012800 0.012800 0.012800 0.016100 0.000000 0.019200 0.012800 0.003200 0.012800 0.012800 0.016000 0.012800 0.019300 0.016000 0.012800 0.000000 0.016000 0.016000 0.019300 0.022500 0.012800 0.016000 0.012800 0.000000 0.012800 0.003200 0.016000 0.012800 0.029000 0.012800 0.012800 0.006300 0.012800 0.012800 0.012800 0.016000 0.016000 0.019200 0.019200 0.022400 0.003200 0.012800 0.012800 0.016000 0.019200 0.012800 0.000000 0.000000
GreaterKud 0.012800 0.035900 0.003200 0.049200 0.012800 0.012800 0.012700 0.016100 0.000000 0.019200 0.012800 0.003200 0.012800 0.012800 0.016000 0.012800 0.019200 0.016000 0.012800 0.000000 0.016000 0.016000 0.019200 0.022400 0.012800 0.016000 0.012800 0.000000 0.012800 0.003200 0.015900 0.012800 0.029000 0.012800 0.012700 0.006300 0.012800 0.012800 0.012700 0.015900 0.015900 0.019200 0.019200 0.022400 0.003200 0.012800 0.012800 0.016000 0.019200 0.012700 0.000000 0.000000
