1
52 1
Argali 0.000000 0.299800 0.082800 0.252900 0.071700 0.007700 0.063600 0.057500 0.077900 0.118400 0.020700 0.073600 0.044500 0.055200 0.063100 0.068800 0.112000 0.112200 0.046800 0.074800 0.089200 0.020800 0.121400 0.117500 0.025900 0.044600 0.042000 0.074800 0.076800 0.079800 0.121700 0.066500 0.142300 0.041700 0.060900 0.076300 0.025900 0.071600 0.069000 0.110400 0.116000 0.042000 0.115700 0.120400 0.071200 0.075400 0.071500 0.086200 0.058100 0.081200 0.080000 0.080500
LesserMous 0.299800 0.000000 0.278500 0.289000 0.294300 0.302900 0.294800 0.280700 0.281300 0.296100 0.305100 0.276300 0.286600 0.286600 0.298300 0.297400 0.284700 0.281600 0.319700 0.269200 0.316900 0.288600 0.284800 0.282400 0.308200 0.273400 0.280900 0.269200 0.322000 0.270300 0.296900 0.287600 0.263900 0.289600 0.302500 0.276100 0.311700 0.289800 0.287300 0.269100 0.278900 0.277800 0.297100 0.275600 0.277800 0.298800 0.297500 0.296500 0.273800 0.287400 0.274900 0.269900
LesserKudu 0.082800 0.278500 0.000000 0.285600 0.091700 0.085400 0.083500 0.082300 0.020800 0.125100 0.086000 0.074100 0.080400 0.080400 0.074300 0.094500 0.112700 0.118800 0.110700 0.020800 0.107200 0.072500 0.122100 0.118200 0.091500 0.066900 0.078000 0.020800 0.102600 0.031100 0.134300 0.095000 0.137200 0.077400 0.086400 0.074000 0.091400 0.091600 0.100400 0.117000 0.116700 0.067000 0.128200 0.127000 0.068900 0.095900 0.091600 0.089500 0.077900 0.107700 0.028600 0.034100
KillerWhal 0.252900 0.289000 0.285600 0.000000 0.271500 0.252600 0.261200 0.255500 0.274100 0.269300 0.257600 0.278200 0.247100 0.257500 0.276400 0.261100 0.255600 0.259300 0.272200 0.276600 0.261000 0.241900 0.261900 0.273400 0.264000 0.241100 0.241600 0.276600 0.273900 0.278100 0.270200 0.269700 0.294100 0.250000 0.268200 0.267500 0.264000 0.274200 0.272200 0.253800 0.256100 0.245300 0.266400 0.287600 0.262200 0.275600 0.271400 0.291600 0.241700 0.254500 0.282200 0.270000
DefassaWat 0.071700 0.294300 0.091700 0.271500 0.000000 0.074300 0.061300 0.066100 0.081100 0.104400 0.063800 0.076700 0.052900 0.058300 0.066100 0.072000 0.098200 0.092700 0.074200 0.078000 0.087000 0.055900 0.107300 0.103500 0.069200 0.047600 0.050400 0.078000 0.080100 0.083000 0.107600 0.061400 0.137100 0.050000 0.064100 0.073900 0.069200 0.023400 0.072100 0.096400 0.102000 0.045000 0.107500 0.103700 0.068800 0.073200 0.069300 0.083900 0.061200 0.079000 0.083200 0.083800
Sheep 0.007700 0.302900 0.085400 0.252600 0.074300 0.000000 0.063500 0.060100 0.080500 0.121000 0.023200 0.070800 0.047000 0.057800 0.065600 0.071500 0.114600 0.114800 0.049400 0.077400 0.091800 0.023400 0.124000 0.120000 0.028400 0.047200 0.044600 0.077500 0.079400 0.082400 0.124300 0.069100 0.145100 0.044300 0.063500 0.078900 0.028400 0.074200 0.071600 0.113000 0.118600 0.044600 0.118200 0.122900 0.073800 0.078000 0.074200 0.088900 0.060700 0.083800 0.082600 0.083200
MaxwellsDu 0.063600 0.294800 0.083500 0.261200 0.061300 0.063500 0.000000 0.058000 0.072900 0.101900 0.058400 0.074200 0.044800 0.033900 0.063600 0.069400 0.107100 0.095700 0.068800 0.075500 0.073000 0.047800 0.099000 0.106800 0.061000 0.039600 0.042300 0.075500 0.077400 0.080500 0.105000 0.042100 0.137600 0.042000 0.061400 0.066000 0.063700 0.064000 0.058500 0.093800 0.093600 0.037000 0.110800 0.104000 0.066300 0.059200 0.061100 0.070100 0.053100 0.070500 0.075200 0.081200
GazellaPrz 0.057500 0.280700 0.082300 0.255500 0.066100 0.060100 0.058000 0.000000 0.071800 0.106600 0.063100 0.068000 0.049700 0.044400 0.068300 0.063200 0.094600 0.094700 0.068100 0.068900 0.072200 0.047300 0.115200 0.111400 0.068500 0.028600 0.047200 0.068900 0.071100 0.074000 0.115500 0.063500 0.142100 0.046900 0.066200 0.076100 0.068500 0.068700 0.063300 0.104400 0.109900 0.031300 0.121300 0.120100 0.071100 0.069600 0.060500 0.086100 0.047200 0.075400 0.074100 0.069000
MountainNy 0.077900 0.281300 0.020800 0.274100 0.081100 0.080500 0.072900 0.071800 0.000000 0.114400 0.075500 0.074700 0.064300 0.069900 0.063900 0.083900 0.102000 0.108100 0.099900 0.018300 0.090700 0.061900 0.105500 0.107500 0.081000 0.056300 0.061900 0.018300 0.097800 0.026100 0.123500 0.084400 0.132400 0.061400 0.081500 0.074700 0.080900 0.081000 0.089800 0.106200 0.106000 0.056400 0.117500 0.116300 0.069500 0.091000 0.086800 0.084600 0.067400 0.097000 0.023500 0.023700
MuntiacusM 0.118400 0.296100 0.125100 0.269300 0.104400 0.121000 0.101900 0.106600 0.114400 0.000000 0.110300 0.106100 0.087200 0.104400 0.112400 0.104400 0.105000 0.099400 0.123800 0.111000 0.120600 0.102100 0.037400 0.042600 0.115900 0.093300 0.084800 0.111000 0.127400 0.116000 0.018600 0.107900 0.129600 0.089900 0.104900 0.103200 0.115900 0.101400 0.110300 0.029500 0.032100 0.090700 0.018600 0.045300 0.098000 0.112000 0.113200 0.125900 0.107700 0.103000 0.110400 0.117100
goat 0.020700 0.305100 0.086000 0.257600 0.063800 0.023200 0.058400 0.063100 0.075500 0.110300 0.000000 0.076700 0.039300 0.055400 0.060600 0.069100 0.109600 0.104100 0.047000 0.072400 0.083900 0.015600 0.113200 0.103600 0.010300 0.044800 0.036800 0.072400 0.077100 0.077400 0.113500 0.061200 0.128100 0.036500 0.055700 0.073900 0.010300 0.063700 0.069300 0.102300 0.107800 0.042200 0.107500 0.106500 0.068800 0.070100 0.066400 0.078200 0.058300 0.081500 0.077600 0.078100
AfricanBuf 0.073600 0.276300 0.074100 0.278200 0.076700 0.070800 0.074200 0.068000 0.074700 0.106100 0.076700 0.000000 0.065700 0.060400 0.068000 0.079400 0.105500 0.100000 0.084300 0.066100 0.100000 0.068800 0.109000 0.099600 0.082000 0.049700 0.063300 0.066200 0.076400 0.071100 0.115000 0.079800 0.132500 0.062900 0.071500 0.043700 0.082000 0.079300 0.073900 0.098200 0.103700 0.047200 0.115000 0.113900 0.038700 0.086200 0.076700 0.091200 0.068600 0.086400 0.071300 0.071800
Topi 0.044500 0.286600 0.080400 0.247100 0.052900 0.047000 0.044800 0.049700 0.064300 0.087200 0.039300 0.065700 0.000000 0.042000 0.049800 0.055500 0.092400 0.092500 0.055000 0.066900 0.058900 0.028800 0.084400 0.092200 0.044600 0.031400 0.007600 0.066900 0.063400 0.071900 0.090300 0.050300 0.128200 0.012900 0.036800 0.063000 0.044600 0.055500 0.055600 0.079200 0.084700 0.028800 0.090100 0.100800 0.057900 0.056300 0.052700 0.072600 0.044800 0.061900 0.072100 0.072500
CommonDuik 0.055200 0.286600 0.080400 0.257500 0.058300 0.057800 0.033900 0.044400 0.069900 0.104400 0.055400 0.060400 0.042000 0.000000 0.060700 0.060900 0.103900 0.098300 0.065900 0.072400 0.075500 0.044900 0.101500 0.103600 0.058100 0.031400 0.039500 0.072400 0.068900 0.077400 0.107600 0.039300 0.134100 0.039200 0.058400 0.063000 0.060800 0.061000 0.050200 0.096400 0.096200 0.028800 0.113400 0.112300 0.063400 0.061800 0.058200 0.072600 0.050200 0.067500 0.077700 0.072600
Suni 0.063100 0.298300 0.074300 0.276400 0.066100 0.065600 0.063600 0.068300 0.063900 0.112400 0.060600 0.068000 0.049800 0.060700 0.000000 0.074300 0.108800 0.106200 0.079200 0.066400 0.080800 0.052800 0.109500 0.105800 0.066000 0.050000 0.047400 0.066400 0.082300 0.071400 0.115600 0.061000 0.136100 0.047000 0.066400 0.065400 0.065900 0.066000 0.074500 0.104400 0.110000 0.047400 0.115400 0.114400 0.060300 0.075400 0.071600 0.077600 0.063500 0.086900 0.071600 0.069300
Springbuck 0.068800 0.297400 0.094500 0.261100 0.072000 0.071500 0.069400 0.063200 0.083900 0.104400 0.069100 0.079400 0.055500 0.060900 0.074300 0.000000 0.109700 0.115700 0.074100 0.080800 0.072700 0.053100 0.113200 0.103600 0.074500 0.039400 0.053000 0.080800 0.033800 0.085800 0.107600 0.069500 0.137100 0.052600 0.066700 0.082200 0.074500 0.074700 0.063800 0.096400 0.107800 0.036900 0.113400 0.112300 0.077100 0.075800 0.066400 0.092300 0.063800 0.078800 0.086000 0.086600
Okapi 0.112000 0.284700 0.112700 0.255600 0.098200 0.114600 0.107100 0.094600 0.102000 0.105000 0.109600 0.105500 0.092400 0.103900 0.108800 0.109700 0.000000 0.045400 0.123200 0.098700 0.119800 0.101500 0.108000 0.098400 0.115200 0.087000 0.090000 0.098700 0.120800 0.103700 0.114000 0.113100 0.120000 0.089400 0.110200 0.102700 0.114700 0.095200 0.109800 0.085400 0.102600 0.090100 0.114000 0.107100 0.097500 0.114300 0.106800 0.119300 0.101300 0.102500 0.098200 0.104700
Giraffe 0.112200 0.281600 0.118800 0.259300 0.092700 0.114800 0.095700 0.094700 0.108100 0.099400 0.104100 0.100000 0.092500 0.098300 0.106200 0.115700 0.045400 0.000000 0.117600 0.104700 0.120000 0.096000 0.108100 0.104300 0.109600 0.081500 0.090200 0.104700 0.126900 0.109700 0.108300 0.101700 0.120200 0.089500 0.110300 0.085800 0.109600 0.089700 0.098500 0.085600 0.102700 0.084600 0.108300 0.107300 0.086300 0.105600 0.101200 0.119500 0.101500 0.091000 0.104200 0.110700
TibetanAnt 0.046800 0.319700 0.110700 0.272200 0.074200 0.049400 0.068800 0.068100 0.099900 0.123800 0.047000 0.084300 0.055000 0.065900 0.079200 0.074100 0.123200 0.117600 0.000000 0.096700 0.097400 0.036600 0.120900 0.122800 0.052300 0.055200 0.047100 0.096800 0.087600 0.101900 0.127000 0.077200 0.150700 0.046900 0.066100 0.087100 0.052200 0.076900 0.079800 0.115800 0.121400 0.052600 0.126900 0.125800 0.082000 0.086300 0.082300 0.102900 0.074200 0.092200 0.096300 0.102600
Sitatunga 0.074800 0.269200 0.020800 0.276600 0.078000 0.077400 0.075500 0.068900 0.018300 0.111000 0.072400 0.066100 0.066900 0.072400 0.066400 0.080800 0.098700 0.104700 0.096700 0.000000 0.093200 0.058900 0.113900 0.104200 0.077800 0.053300 0.064400 0.005200 0.088900 0.018100 0.120000 0.081200 0.122900 0.063900 0.072700 0.066100 0.077800 0.077900 0.086600 0.102900 0.108500 0.053500 0.114000 0.113000 0.061000 0.087700 0.078000 0.075800 0.064300 0.093700 0.015600 0.020900
Oribi 0.089200 0.316900 0.107200 0.261000 0.087000 0.091800 0.073000 0.072200 0.090700 0.120600 0.083900 0.100000 0.058900 0.075500 0.080800 0.072700 0.119800 0.120000 0.097400 0.093200 0.000000 0.067600 0.123600 0.125400 0.089400 0.053600 0.056400 0.093300 0.086500 0.098300 0.123800 0.084400 0.160300 0.056000 0.081500 0.091500 0.089400 0.084100 0.084100 0.118400 0.124100 0.056500 0.129700 0.134500 0.086400 0.085200 0.075500 0.108000 0.073000 0.088400 0.092800 0.099200
BarbaryShe 0.020800 0.288600 0.072500 0.241900 0.055900 0.023400 0.047800 0.047300 0.061900 0.102100 0.015600 0.068800 0.028800 0.044900 0.052800 0.053100 0.101500 0.096000 0.036600 0.058900 0.067600 0.000000 0.105100 0.101300 0.020800 0.028900 0.026300 0.058900 0.061000 0.064000 0.105300 0.050600 0.125800 0.026100 0.045100 0.066100 0.020800 0.055800 0.058600 0.094100 0.099700 0.026300 0.099300 0.104200 0.061000 0.059400 0.055800 0.070200 0.042300 0.070700 0.064200 0.064600
Daviddeer 0.121400 0.284800 0.122100 0.261900 0.107300 0.124000 0.099000 0.115200 0.105500 0.037400 0.113200 0.109000 0.084400 0.101500 0.109500 0.113200 0.108000 0.108100 0.120900 0.113900 0.123600 0.105100 0.000000 0.045300 0.118900 0.096100 0.082000 0.113900 0.130400 0.118900 0.045700 0.110800 0.135800 0.081400 0.107800 0.111900 0.118800 0.110100 0.119200 0.032200 0.010400 0.093500 0.045700 0.048000 0.106700 0.111900 0.116200 0.128900 0.110600 0.105900 0.119300 0.120100
Reindeer 0.117500 0.282400 0.118200 0.273400 0.103500 0.120000 0.106800 0.111400 0.107500 0.042600 0.103600 0.099600 0.092200 0.103600 0.105800 0.103600 0.098400 0.104300 0.122800 0.104200 0.125400 0.101300 0.045300 0.000000 0.109100 0.092500 0.089800 0.104300 0.126400 0.103500 0.050900 0.112900 0.119600 0.089100 0.098300 0.102400 0.103300 0.106300 0.109400 0.029200 0.040000 0.089900 0.050800 0.027700 0.097300 0.113900 0.112300 0.130800 0.106800 0.102100 0.109500 0.110200
Ibex 0.025900 0.308200 0.091500 0.264000 0.069200 0.028400 0.061000 0.068500 0.081000 0.115900 0.010300 0.082000 0.044600 0.058100 0.066000 0.074500 0.115200 0.109600 0.052300 0.077800 0.089400 0.020800 0.118900 0.109100 0.000000 0.050100 0.042100 0.077900 0.082500 0.082800 0.119100 0.063900 0.133800 0.041800 0.061100 0.076600 0.015500 0.069100 0.071900 0.107900 0.113500 0.047500 0.113100 0.112000 0.074200 0.075600 0.071700 0.080900 0.063700 0.087000 0.083100 0.083600
GyrantGaze 0.044600 0.273400 0.066900 0.241100 0.047600 0.047200 0.039600 0.028600 0.056300 0.093300 0.044800 0.049700 0.031400 0.031400 0.050000 0.039400 0.087000 0.081500 0.055200 0.053300 0.053600 0.028900 0.096100 0.092500 0.050100 0.000000 0.028900 0.053400 0.047300 0.058400 0.096400 0.045000 0.122600 0.028700 0.047700 0.052400 0.050100 0.050300 0.039500 0.085200 0.090800 0.007800 0.102100 0.101100 0.047300 0.051000 0.047500 0.067300 0.034200 0.056600 0.058600 0.059000
Hartebeest 0.042000 0.280900 0.078000 0.241600 0.050400 0.044600 0.042300 0.047200 0.061900 0.084800 0.036800 0.063300 0.007600 0.039500 0.047400 0.053000 0.090000 0.090200 0.047100 0.064400 0.056400 0.026300 0.082000 0.089800 0.042100 0.028900 0.000000 0.064500 0.061000 0.069500 0.087900 0.047800 0.122900 0.010200 0.034300 0.060600 0.042100 0.053100 0.053100 0.076800 0.082300 0.026300 0.093600 0.098400 0.055500 0.053800 0.050300 0.070200 0.042300 0.059500 0.069700 0.070100
Bongo 0.074800 0.269200 0.020800 0.276600 0.078000 0.077500 0.075500 0.068900 0.018300 0.111000 0.072400 0.066200 0.066900 0.072400 0.066400 0.080800 0.098700 0.104700 0.096800 0.005200 0.093300 0.058900 0.113900 0.104300 0.077900 0.053400 0.064500 0.000000 0.088900 0.012900 0.120100 0.081200 0.122900 0.064000 0.072800 0.066100 0.077800 0.077900 0.086500 0.102900 0.108500 0.053500 0.114100 0.113000 0.061000 0.087700 0.078000 0.075800 0.064300 0.093700 0.015600 0.015700
Gerenuk 0.076800 0.322000 0.102600 0.273900 0.080100 0.079400 0.077400 0.071100 0.097800 0.127400 0.077100 0.076400 0.063400 0.068900 0.082300 0.033800 0.120800 0.126900 0.087600 0.088900 0.086500 0.061000 0.130400 0.126400 0.082500 0.047300 0.061000 0.088900 0.000000 0.093900 0.130700 0.077500 0.148700 0.060500 0.074700 0.084600 0.082500 0.082800 0.077300 0.119400 0.125000 0.044800 0.136600 0.135200 0.079500 0.089600 0.074300 0.089100 0.071800 0.089800 0.094100 0.100400
CommonElan 0.079800 0.270300 0.031100 0.278100 0.083000 0.082400 0.080500 0.074000 0.026100 0.116000 0.077400 0.071100 0.071900 0.077400 0.071400 0.085800 0.103700 0.109700 0.101900 0.018100 0.098300 0.064000 0.118900 0.103500 0.082800 0.058400 0.069500 0.012900 0.093900 0.000000 0.125100 0.086300 0.127900 0.069000 0.077800 0.071100 0.077300 0.082900 0.091600 0.108000 0.113500 0.058600 0.119100 0.117900 0.066000 0.092800 0.083000 0.080800 0.069400 0.093000 0.023200 0.023400
MuntiacusR 0.121700 0.296900 0.134300 0.270200 0.107600 0.124300 0.105000 0.115500 0.123500 0.018600 0.113500 0.115000 0.090300 0.107600 0.115600 0.107600 0.114000 0.108300 0.127000 0.120000 0.123800 0.105300 0.045700 0.050900 0.119100 0.096400 0.087900 0.120100 0.130700 0.125100 0.000000 0.105200 0.139000 0.092900 0.108100 0.112100 0.119100 0.104500 0.113600 0.037800 0.040400 0.093700 0.021300 0.053600 0.106900 0.115200 0.116400 0.129200 0.110800 0.106200 0.119400 0.126200
HarveysDui 0.066500 0.287600 0.095000 0.269700 0.061400 0.069100 0.042100 0.063500 0.084400 0.107900 0.061200 0.079800 0.050300 0.039300 0.061000 0.069500 0.113100 0.101700 0.077200 0.081200 0.084400 0.050600 0.110800 0.112900 0.063900 0.045000 0.047800 0.081200 0.077500 0.086300 0.105200 0.000000 0.144000 0.047500 0.067000 0.071600 0.066600 0.069600 0.064100 0.099900 0.105400 0.042400 0.114000 0.115800 0.072000 0.059300 0.066800 0.075800 0.058700 0.076300 0.086500 0.081400
Pronghorn 0.142300 0.263900 0.137200 0.294100 0.137100 0.145100 0.137600 0.142100 0.132400 0.129600 0.128100 0.132500 0.128200 0.134100 0.136100 0.137100 0.120000 0.120200 0.150700 0.122900 0.160300 0.125800 0.135800 0.119600 0.133800 0.122600 0.122900 0.122900 0.148700 0.127900 0.139000 0.144000 0.000000 0.124900 0.128700 0.126600 0.133700 0.130900 0.137500 0.118500 0.130300 0.120000 0.132800 0.128500 0.121400 0.145400 0.137100 0.132200 0.131500 0.145200 0.122300 0.135100
BlueWildeb 0.041700 0.289600 0.077400 0.250000 0.050000 0.044300 0.042000 0.046900 0.061400 0.089900 0.036500 0.062900 0.012900 0.039200 0.047000 0.052600 0.089400 0.089500 0.046900 0.063900 0.056000 0.026100 0.081400 0.089100 0.041800 0.028700 0.010200 0.064000 0.060500 0.069000 0.092900 0.047500 0.124900 0.000000 0.034100 0.060200 0.041800 0.052700 0.052700 0.081900 0.087400 0.026100 0.098600 0.097700 0.055100 0.053400 0.049900 0.069700 0.042000 0.059000 0.069200 0.069600
Gemsbok 0.060900 0.302500 0.086400 0.268200 0.064100 0.063500 0.061400 0.066200 0.081500 0.104900 0.055700 0.071500 0.036800 0.058400 0.066400 0.066700 0.110200 0.110300 0.066100 0.072700 0.081500 0.045100 0.107800 0.098300 0.061100 0.047700 0.034300 0.072800 0.074700 0.077800 0.108100 0.067000 0.128700 0.034100 0.000000 0.063300 0.061100 0.066700 0.072300 0.096900 0.102400 0.045100 0.113900 0.112800 0.058200 0.070400 0.061100 0.084200 0.061400 0.079100 0.078000 0.084200
Yak 0.076300 0.276100 0.074000 0.267500 0.073900 0.078900 0.066000 0.076100 0.074700 0.103200 0.073900 0.043700 0.063000 0.063000 0.065400 0.082200 0.102700 0.085800 0.087100 0.066100 0.091500 0.066100 0.111900 0.102400 0.076600 0.052400 0.060600 0.066100 0.084600 0.071100 0.112100 0.071600 0.126600 0.060200 0.063300 0.000000 0.079300 0.076600 0.071200 0.101000 0.106600 0.044500 0.112000 0.116800 0.010200 0.083400 0.074000 0.082800 0.065900 0.089200 0.071300 0.077300
BlueSheep 0.025900 0.311700 0.091400 0.264000 0.069200 0.028400 0.063700 0.068500 0.080900 0.115900 0.010300 0.082000 0.044600 0.060800 0.065900 0.074500 0.114700 0.109600 0.052200 0.077800 0.089400 0.020800 0.118800 0.103300 0.015500 0.050100 0.042100 0.077800 0.082500 0.077300 0.119100 0.066600 0.133700 0.041800 0.061100 0.079300 0.000000 0.069100 0.074500 0.107800 0.113400 0.047500 0.113000 0.112000 0.074200 0.075600 0.071700 0.083700 0.063700 0.075800 0.083000 0.083500
BohorReedb 0.071600 0.289800 0.091600 0.274200 0.023400 0.074200 0.064000 0.068700 0.081000 0.101400 0.063700 0.079300 0.055500 0.061000 0.066000 0.074700 0.095200 0.089700 0.076900 0.077900 0.084100 0.055800 0.110100 0.106300 0.069100 0.050300 0.053100 0.077900 0.082800 0.082900 0.104500 0.069600 0.130900 0.052700 0.066700 0.076600 0.069100 0.000000 0.069200 0.099100 0.104700 0.047700 0.101500 0.106400 0.071500 0.075900 0.072000 0.083800 0.063900 0.081700 0.077500 0.083700
KirksDik 0.069000 0.287300 0.100400 0.272200 0.072100 0.071600 0.058500 0.063300 0.089800 0.110300 0.069300 0.073900 0.055600 0.050200 0.074500 0.063800 0.109800 0.098500 0.079800 0.086600 0.084100 0.058600 0.119200 0.109400 0.071900 0.039500 0.053100 0.086500 0.077300 0.091600 0.113600 0.064100 0.137500 0.052700 0.072300 0.071200 0.074500 0.069200 0.000000 0.108200 0.113800 0.036900 0.119400 0.118200 0.071600 0.070200 0.055600 0.084100 0.063800 0.073300 0.086200 0.092400
RoeDeer 0.110400 0.269100 0.117000 0.253800 0.096400 0.113000 0.093800 0.104400 0.106200 0.029500 0.102300 0.098200 0.079200 0.096400 0.104400 0.096400 0.085400 0.085600 0.115800 0.102900 0.118400 0.094100 0.032200 0.029200 0.107900 0.085200 0.076800 0.102900 0.119400 0.108000 0.037800 0.099900 0.118500 0.081900 0.096900 0.101000 0.107800 0.099100 0.108200 0.000000 0.026900 0.082600 0.037700 0.037300 0.095800 0.100800 0.105200 0.117800 0.099600 0.094900 0.108300 0.109000
WhiteLippe 0.116000 0.278900 0.116700 0.256100 0.102000 0.118600 0.093600 0.109900 0.106000 0.032100 0.107800 0.103700 0.084700 0.096200 0.110000 0.107800 0.102600 0.102700 0.121400 0.108500 0.124100 0.099700 0.010400 0.040000 0.113500 0.090800 0.082300 0.108500 0.125000 0.113500 0.040400 0.105400 0.130300 0.087400 0.102400 0.106600 0.113400 0.104700 0.113800 0.026900 0.000000 0.088200 0.040400 0.042800 0.101300 0.106500 0.110800 0.123500 0.105200 0.100500 0.113900 0.114600
ThomsonGaz 0.042000 0.277800 0.067000 0.245300 0.045000 0.044600 0.037000 0.031300 0.056400 0.090700 0.042200 0.047200 0.028800 0.028800 0.047400 0.036900 0.090100 0.084600 0.052600 0.053500 0.056500 0.026300 0.093500 0.089900 0.047500 0.007800 0.026300 0.053500 0.044800 0.058600 0.093700 0.042400 0.120000 0.026100 0.045100 0.044500 0.047500 0.047700 0.036900 0.082600 0.088200 0.000000 0.099500 0.098500 0.044700 0.048300 0.044900 0.064700 0.031600 0.054000 0.058700 0.059100
MuntiacusC 0.115700 0.297100 0.128200 0.266400 0.107500 0.118200 0.110800 0.121300 0.117500 0.018600 0.107500 0.115000 0.090100 0.113400 0.115400 0.113400 0.114000 0.108300 0.126900 0.114000 0.129700 0.099300 0.045700 0.050800 0.113100 0.102100 0.093600 0.114100 0.136600 0.119100 0.021300 0.114000 0.132800 0.098600 0.113900 0.112000 0.113000 0.101500 0.119400 0.037700 0.040400 0.099500 0.000000 0.048100 0.106800 0.121100 0.122200 0.129100 0.116600 0.112000 0.113500 0.120200
WhiteTaile 0.120400 0.275600 0.127000 0.287600 0.103700 0.122900 0.104000 0.120100 0.116300 0.045300 0.106500 0.113900 0.100800 0.112300 0.114400 0.112300 0.107100 0.107300 0.125800 0.113000 0.134500 0.104200 0.048000 0.027700 0.112000 0.101100 0.098400 0.113000 0.135200 0.117900 0.053600 0.115800 0.128500 0.097700 0.112800 0.116800 0.112000 0.106400 0.118200 0.037300 0.042800 0.098500 0.048100 0.000000 0.111600 0.116900 0.121000 0.127800 0.115500 0.099300 0.118300 0.119000
Cattle 0.071200 0.277800 0.068900 0.262200 0.068800 0.073800 0.066300 0.071100 0.069500 0.098000 0.068800 0.038700 0.057900 0.063400 0.060300 0.077100 0.097500 0.086300 0.082000 0.061000 0.086400 0.061000 0.106700 0.097300 0.074200 0.047300 0.055500 0.061000 0.079500 0.066000 0.106900 0.072000 0.121400 0.055100 0.058200 0.010200 0.074200 0.071500 0.071600 0.095800 0.101300 0.044700 0.106800 0.111600 0.000000 0.078200 0.068800 0.083300 0.060800 0.084000 0.066200 0.072100
RoyalAntel 0.075400 0.298800 0.095900 0.275600 0.073200 0.078000 0.059200 0.069600 0.091000 0.112000 0.070100 0.086200 0.056300 0.061800 0.075400 0.075800 0.114300 0.105600 0.086300 0.087700 0.085200 0.059400 0.111900 0.113900 0.075600 0.051000 0.053800 0.087700 0.089600 0.092800 0.115200 0.059300 0.145400 0.053400 0.070400 0.083400 0.075600 0.075900 0.070200 0.100800 0.106500 0.048300 0.121100 0.116900 0.078200 0.000000 0.067300 0.088000 0.059200 0.080000 0.093000 0.093700
Steenbok 0.071500 0.297500 0.091600 0.271400 0.069300 0.074200 0.061100 0.060500 0.086800 0.113200 0.066400 0.076700 0.052700 0.058200 0.071600 0.066400 0.106800 0.101200 0.082300 0.078000 0.075500 0.055800 0.116200 0.112300 0.071700 0.047500 0.050300 0.078000 0.074300 0.083000 0.116400 0.066800 0.137100 0.049900 0.061100 0.074000 0.071700 0.072000 0.055600 0.105200 0.110800 0.044900 0.122200 0.121000 0.068800 0.067300 0.000000 0.083900 0.061100 0.081600 0.083200 0.089400
Impala 0.086200 0.296500 0.089500 0.291600 0.083900 0.088900 0.070100 0.086100 0.084600 0.125900 0.078200 0.091200 0.072600 0.072600 0.077600 0.092300 0.119300 0.119500 0.102900 0.075800 0.108000 0.070200 0.128900 0.130800 0.080900 0.067300 0.070200 0.075800 0.089100 0.080800 0.129200 0.075800 0.132200 0.069700 0.084200 0.082800 0.083700 0.083800 0.084100 0.117800 0.123500 0.064700 0.129100 0.127800 0.083300 0.088000 0.083900 0.000000 0.081300 0.099800 0.081000 0.087300
Klipspring 0.058100 0.273800 0.077900 0.241700 0.061200 0.060700 0.053100 0.047200 0.067400 0.107700 0.058300 0.068600 0.044800 0.050200 0.063500 0.063800 0.101300 0.101500 0.074200 0.064300 0.073000 0.042300 0.110600 0.106800 0.063700 0.034200 0.042300 0.064300 0.071800 0.069400 0.110800 0.058700 0.131500 0.042000 0.061400 0.065900 0.063700 0.063900 0.063800 0.099600 0.105200 0.031600 0.116600 0.115500 0.060800 0.059200 0.061100 0.081300 0.000000 0.076100 0.069600 0.064500
ForestMusk 0.081200 0.287400 0.107700 0.254500 0.079000 0.083800 0.070500 0.075400 0.097000 0.103000 0.081500 0.086400 0.061900 0.067500 0.086900 0.078800 0.102500 0.091000 0.092200 0.093700 0.088400 0.070700 0.105900 0.102100 0.087000 0.056600 0.059500 0.093700 0.089800 0.093000 0.106200 0.076300 0.145200 0.059000 0.079100 0.089200 0.075800 0.081700 0.073300 0.094900 0.100500 0.054000 0.112000 0.099300 0.084000 0.080000 0.081600 0.099800 0.076100 0.000000 0.099000 0.099700
Bushbuck 0.080000 0.274900 0.028600 0.282200 0.083200 0.082600 0.075200 0.074100 0.023500 0.110400 0.077600 0.071300 0.072100 0.077700 0.071600 0.086000 0.098200 0.104200 0.096300 0.015600 0.092800 0.064200 0.119300 0.109500 0.083100 0.058600 0.069700 0.015600 0.094100 0.023200 0.119400 0.086500 0.122300 0.069200 0.078000 0.071300 0.083000 0.077500 0.086200 0.108300 0.113900 0.058700 0.113500 0.118300 0.066200 0.093000 0.083200 0.081000 0.069600 0.099000 0.000000 0.026100
GreaterKud 0.080500 0.269900 0.034100 0.270000 0.083800 0.083200 0.081200 0.069000 0.023700 0.117100 0.078100 0.071800 0.072500 0.072600 0.069300 0.086600 0.104700 0.110700 0.102600 0.020900 0.099200 0.064600 0.120100 0.110200 0.083600 0.059000 0.070100 0.015700 0.100400 0.023400 0.126200 0.081400 0.135100 0.069600 0.084200 0.077300 0.083500 0.083700 0.092400 0.109000 0.114600 0.059100 0.120200 0.119000 0.072100 0.093700 0.089400 0.087300 0.064500 0.099700 0.026100 0.000000
