1
52 1
Argali 0.000000 0.041700 0.009200 0.018500 0.004600 0.004600 0.004600 0.009200 0.009200 0.023200 0.000000 0.013800 0.000000 0.009100 0.013900 0.004600 0.009200 0.013700 0.000000 0.009200 0.004600 0.000000 0.027800 0.041900 0.004600 0.004600 0.000100 0.009200 0.009200 0.013900 0.023200 0.004600 0.018700 0.000100 0.000000 0.013900 0.000000 0.004600 0.004600 0.032900 0.027800 0.004600 0.023200 0.041900 0.018400 0.018500 0.018500 0.018400 0.018400 0.018500 0.009200 0.009200
LesserMous 0.041700 0.000000 0.032500 0.042000 0.037100 0.037000 0.037000 0.041800 0.032500 0.037200 0.041700 0.027600 0.041700 0.041800 0.047000 0.037000 0.032300 0.036700 0.041600 0.032500 0.037000 0.041700 0.032300 0.046800 0.046300 0.037000 0.041800 0.032500 0.041800 0.037300 0.037200 0.037100 0.046400 0.041700 0.041700 0.037300 0.041600 0.037100 0.037000 0.037300 0.032300 0.037000 0.037100 0.047100 0.041900 0.032400 0.051700 0.051500 0.051300 0.041900 0.032500 0.032500
LesserKudu 0.009200 0.032500 0.000000 0.009200 0.004600 0.013900 0.004600 0.009200 0.000000 0.023300 0.009200 0.004600 0.009200 0.009200 0.013900 0.004600 0.000100 0.004600 0.009200 0.000000 0.004600 0.009200 0.018500 0.032600 0.013800 0.004600 0.009200 0.000000 0.009200 0.004600 0.023300 0.004600 0.013800 0.009200 0.009200 0.004600 0.009200 0.004600 0.004600 0.023600 0.018500 0.004600 0.023300 0.032600 0.009200 0.018600 0.018600 0.018500 0.018500 0.009200 0.000000 0.000000
KillerWhal 0.018500 0.042000 0.009200 0.000000 0.013800 0.023200 0.013800 0.018500 0.009200 0.032700 0.018500 0.013900 0.019300 0.009200 0.023300 0.013800 0.009200 0.004600 0.018500 0.009200 0.013800 0.018500 0.027900 0.032500 0.023100 0.013800 0.019200 0.009200 0.019200 0.013900 0.032700 0.013800 0.013800 0.019200 0.018500 0.013900 0.018500 0.013800 0.013800 0.033100 0.027800 0.013800 0.032700 0.032500 0.009200 0.028000 0.028000 0.018400 0.027900 0.018500 0.009200 0.009200
DefassaWat 0.004600 0.037100 0.004600 0.013800 0.000000 0.009200 0.000100 0.004600 0.004600 0.018600 0.004600 0.009200 0.004600 0.004600 0.009200 0.000100 0.004600 0.009200 0.004600 0.004600 0.000100 0.004600 0.023200 0.037300 0.009200 0.000100 0.004600 0.004600 0.004600 0.009200 0.018600 0.000100 0.018500 0.004600 0.004600 0.009200 0.004600 0.000000 0.000100 0.028300 0.023200 0.000100 0.018500 0.037300 0.013800 0.013900 0.013900 0.013800 0.013800 0.013900 0.004600 0.004600
Sheep 0.004600 0.037000 0.013900 0.023200 0.009200 0.000000 0.009200 0.013800 0.013900 0.018500 0.004600 0.018500 0.004600 0.013800 0.018600 0.009200 0.013800 0.018400 0.004600 0.013900 0.009200 0.004600 0.023100 0.037200 0.009200 0.009200 0.004600 0.013900 0.013800 0.018600 0.018500 0.009200 0.023500 0.004600 0.004600 0.018600 0.004600 0.009200 0.009200 0.028200 0.023100 0.009200 0.018500 0.037200 0.023200 0.013900 0.023300 0.023100 0.023200 0.023200 0.013900 0.013900
MaxwellsDu 0.004600 0.037000 0.004600 0.013800 0.000100 0.009200 0.000000 0.004600 0.004600 0.018500 0.004600 0.009200 0.004600 0.004600 0.009200 0.000000 0.004600 0.009100 0.004600 0.004600 0.000000 0.004600 0.023100 0.037200 0.009200 0.000100 0.004600 0.004600 0.004600 0.009200 0.018500 0.000000 0.018400 0.004600 0.004600 0.009200 0.004600 0.000100 0.000000 0.028200 0.023100 0.000100 0.018500 0.037200 0.013800 0.013900 0.013900 0.013800 0.013800 0.013800 0.004600 0.004600
GazellaPrz 0.009200 0.041800 0.009200 0.018500 0.004600 0.013800 0.004600 0.000000 0.009200 0.023200 0.009200 0.013800 0.009200 0.009200 0.013900 0.004600 0.009200 0.013700 0.009200 0.009200 0.004600 0.009200 0.027800 0.042000 0.013800 0.004600 0.009200 0.009200 0.009200 0.013900 0.023200 0.004600 0.023100 0.009200 0.009200 0.009200 0.009200 0.004600 0.004600 0.033000 0.027800 0.004600 0.023200 0.042000 0.013700 0.018500 0.020000 0.018500 0.018500 0.018500 0.009200 0.009200
MountainNy 0.009200 0.032500 0.000000 0.009200 0.004600 0.013900 0.004600 0.009200 0.000000 0.023300 0.009200 0.004600 0.009200 0.009200 0.013900 0.004600 0.000100 0.004600 0.009200 0.000000 0.004600 0.009200 0.018500 0.032600 0.013800 0.004600 0.009200 0.000000 0.009200 0.004600 0.023300 0.004600 0.013800 0.009200 0.009200 0.004600 0.009200 0.004600 0.004600 0.023600 0.018500 0.004600 0.023300 0.032600 0.009200 0.018600 0.018600 0.018500 0.018500 0.009200 0.000000 0.000000
MuntiacusM 0.023200 0.037200 0.023300 0.032700 0.018600 0.018500 0.018500 0.023200 0.023300 0.000000 0.023200 0.028000 0.023200 0.023200 0.028100 0.018500 0.023200 0.027800 0.023200 0.023300 0.018500 0.023200 0.004600 0.018500 0.018500 0.018500 0.023200 0.023300 0.023800 0.028100 0.000000 0.018500 0.037400 0.023200 0.023200 0.028100 0.023200 0.018600 0.018500 0.009500 0.004600 0.018500 0.000000 0.018500 0.032700 0.023300 0.032900 0.032700 0.032700 0.023300 0.023300 0.023300
goat 0.000000 0.041700 0.009200 0.018500 0.004600 0.004600 0.004600 0.009200 0.009200 0.023200 0.000000 0.013800 0.000100 0.009100 0.013900 0.004600 0.009200 0.013700 0.000100 0.009200 0.004600 0.000000 0.027800 0.041900 0.004600 0.004600 0.000100 0.009200 0.009200 0.013900 0.023200 0.004600 0.018700 0.000100 0.000000 0.013900 0.000000 0.004600 0.004600 0.032900 0.027800 0.004600 0.023200 0.041900 0.018400 0.018500 0.018500 0.018400 0.018400 0.018500 0.009200 0.009200
AfricanBuf 0.013800 0.027600 0.004600 0.013900 0.009200 0.018500 0.009200 0.013800 0.004600 0.028000 0.013800 0.000000 0.013800 0.013800 0.018600 0.009200 0.004600 0.009100 0.013800 0.004600 0.009200 0.013800 0.023200 0.037300 0.018500 0.009200 0.013800 0.004600 0.013900 0.009300 0.028000 0.009200 0.018400 0.013800 0.013800 0.009200 0.013800 0.009200 0.009200 0.028300 0.023200 0.009200 0.028000 0.037300 0.013800 0.013900 0.023300 0.023200 0.023200 0.013900 0.004600 0.004600
Topi 0.000000 0.041700 0.009200 0.019300 0.004600 0.004600 0.004600 0.009200 0.009200 0.023200 0.000100 0.013800 0.000000 0.009600 0.013900 0.004600 0.009200 0.014100 0.000000 0.009200 0.004600 0.000000 0.027800 0.042600 0.004600 0.004600 0.000000 0.009200 0.009200 0.013900 0.023200 0.004600 0.019100 0.000000 0.000000 0.013900 0.000100 0.004600 0.004600 0.033100 0.027800 0.004600 0.023200 0.042800 0.020100 0.018500 0.018600 0.019400 0.018500 0.018500 0.009200 0.009200
CommonDuik 0.009100 0.041800 0.009200 0.009200 0.004600 0.013800 0.004600 0.009200 0.009200 0.023200 0.009100 0.013800 0.009600 0.000000 0.013800 0.004600 0.009200 0.004500 0.009100 0.009200 0.004600 0.009100 0.027800 0.032400 0.013700 0.004600 0.009600 0.009200 0.009700 0.013800 0.023200 0.004600 0.013700 0.009600 0.009200 0.013800 0.009100 0.004600 0.004600 0.032900 0.027700 0.004600 0.023100 0.032400 0.009200 0.018500 0.018500 0.009100 0.018400 0.018400 0.009200 0.009200
Suni 0.013900 0.047000 0.013900 0.023300 0.009200 0.018600 0.009200 0.013900 0.013900 0.028100 0.013900 0.018600 0.013900 0.013800 0.000000 0.009200 0.013900 0.018500 0.013900 0.013900 0.009200 0.013900 0.032800 0.047100 0.018500 0.009200 0.013900 0.013900 0.013900 0.018600 0.028100 0.009200 0.028000 0.013900 0.013900 0.018600 0.013900 0.009200 0.009200 0.038100 0.032700 0.009200 0.028100 0.047100 0.023200 0.023400 0.023400 0.023200 0.023300 0.023300 0.013900 0.013900
Springbuck 0.004600 0.037000 0.004600 0.013800 0.000100 0.009200 0.000000 0.004600 0.004600 0.018500 0.004600 0.009200 0.004600 0.004600 0.009200 0.000000 0.004600 0.009100 0.004600 0.004600 0.000000 0.004600 0.023100 0.037200 0.009200 0.000000 0.004600 0.004600 0.004600 0.009200 0.018500 0.000100 0.018400 0.004600 0.004600 0.009200 0.004600 0.000100 0.000000 0.028200 0.023100 0.000000 0.018500 0.037200 0.013800 0.013900 0.013900 0.013800 0.013800 0.013800 0.004600 0.004600
Okapi 0.009200 0.032300 0.000100 0.009200 0.004600 0.013800 0.004600 0.009200 0.000100 0.023200 0.009200 0.004600 0.009200 0.009200 0.013900 0.004600 0.000000 0.004600 0.009200 0.000100 0.004600 0.009200 0.018500 0.032500 0.013800 0.004600 0.009200 0.000100 0.009600 0.004600 0.023200 0.004600 0.013800 0.009200 0.009200 0.004600 0.009200 0.004600 0.004600 0.023600 0.018500 0.004600 0.023200 0.032500 0.009200 0.018600 0.018600 0.018500 0.018500 0.009200 0.000100 0.000100
Giraffe 0.013700 0.036700 0.004600 0.004600 0.009200 0.018400 0.009100 0.013700 0.004600 0.027800 0.013700 0.009100 0.014100 0.004500 0.018500 0.009100 0.004600 0.000000 0.013700 0.004600 0.009100 0.013700 0.023000 0.027600 0.018300 0.009100 0.014100 0.004600 0.014500 0.009200 0.027800 0.009100 0.009100 0.014100 0.013700 0.009200 0.013700 0.009200 0.009100 0.028000 0.023000 0.009100 0.027700 0.027600 0.004600 0.023100 0.023200 0.013700 0.023000 0.013800 0.004600 0.004600
TibetanAnt 0.000000 0.041600 0.009200 0.018500 0.004600 0.004600 0.004600 0.009200 0.009200 0.023200 0.000100 0.013800 0.000000 0.009100 0.013900 0.004600 0.009200 0.013700 0.000000 0.009200 0.004600 0.000000 0.027800 0.041900 0.004600 0.004600 0.000100 0.009200 0.009200 0.013900 0.023200 0.004600 0.018700 0.000100 0.000000 0.013900 0.000000 0.004600 0.004600 0.032900 0.027800 0.004600 0.023200 0.041900 0.018400 0.018500 0.018500 0.018400 0.018400 0.018500 0.009200 0.009200
Sitatunga 0.009200 0.032500 0.000000 0.009200 0.004600 0.013900 0.004600 0.009200 0.000000 0.023300 0.009200 0.004600 0.009200 0.009200 0.013900 0.004600 0.000100 0.004600 0.009200 0.000000 0.004600 0.009200 0.018500 0.032600 0.013800 0.004600 0.009200 0.000000 0.009200 0.004600 0.023300 0.004600 0.013800 0.009200 0.009200 0.004600 0.009200 0.004600 0.004600 0.023600 0.018500 0.004600 0.023300 0.032600 0.009200 0.018600 0.018600 0.018500 0.018500 0.009200 0.000000 0.000000
Oribi 0.004600 0.037000 0.004600 0.013800 0.000100 0.009200 0.000000 0.004600 0.004600 0.018500 0.004600 0.009200 0.004600 0.004600 0.009200 0.000000 0.004600 0.009100 0.004600 0.004600 0.000000 0.004600 0.023100 0.037200 0.009200 0.000000 0.004600 0.004600 0.004600 0.009200 0.018500 0.000100 0.018400 0.004600 0.004600 0.009200 0.004600 0.000100 0.000000 0.028200 0.023100 0.000000 0.018500 0.037200 0.013800 0.013900 0.013900 0.013800 0.013800 0.013800 0.004600 0.004600
BarbaryShe 0.000000 0.041700 0.009200 0.018500 0.004600 0.004600 0.004600 0.009200 0.009200 0.023200 0.000000 0.013800 0.000000 0.009100 0.013900 0.004600 0.009200 0.013700 0.000000 0.009200 0.004600 0.000000 0.027800 0.041900 0.004600 0.004600 0.000100 0.009200 0.009200 0.013900 0.023200 0.004600 0.018700 0.000100 0.000000 0.013900 0.000000 0.004600 0.004600 0.032900 0.027800 0.004600 0.023200 0.041900 0.018400 0.018500 0.018500 0.018400 0.018400 0.018500 0.009200 0.009200
Daviddeer 0.027800 0.032300 0.018500 0.027900 0.023200 0.023100 0.023100 0.027800 0.018500 0.004600 0.027800 0.023200 0.027800 0.027800 0.032800 0.023100 0.018500 0.023000 0.027800 0.018500 0.023100 0.027800 0.000000 0.013800 0.023100 0.023200 0.027800 0.018500 0.027900 0.023300 0.004600 0.023200 0.032500 0.027800 0.027800 0.023200 0.027800 0.023200 0.023100 0.004700 0.000000 0.023200 0.004600 0.013800 0.027800 0.027900 0.037500 0.037300 0.037300 0.018500 0.018500 0.018500
Reindeer 0.041900 0.046800 0.032600 0.032500 0.037300 0.037200 0.037200 0.042000 0.032600 0.018500 0.041900 0.037300 0.042600 0.032400 0.047100 0.037200 0.032500 0.027600 0.041900 0.032600 0.037200 0.041900 0.013800 0.000000 0.037100 0.037300 0.042600 0.032600 0.042600 0.037500 0.018500 0.037300 0.037100 0.042600 0.041900 0.037400 0.041900 0.037300 0.037200 0.018400 0.013800 0.037300 0.018500 0.000000 0.032500 0.042100 0.042200 0.042000 0.051600 0.032500 0.032600 0.032600
Ibex 0.004600 0.046300 0.013800 0.023100 0.009200 0.009200 0.009200 0.013800 0.013800 0.018500 0.004600 0.018500 0.004600 0.013700 0.018500 0.009200 0.013800 0.018300 0.004600 0.013800 0.009200 0.004600 0.023100 0.037100 0.000000 0.009200 0.004600 0.013800 0.013800 0.018500 0.018500 0.009200 0.023400 0.004600 0.004600 0.018500 0.004600 0.009200 0.009200 0.028100 0.023000 0.009200 0.018500 0.037200 0.023100 0.023200 0.023200 0.023100 0.023100 0.023100 0.013800 0.013800
GyrantGaze 0.004600 0.037000 0.004600 0.013800 0.000100 0.009200 0.000100 0.004600 0.004600 0.018500 0.004600 0.009200 0.004600 0.004600 0.009200 0.000000 0.004600 0.009100 0.004600 0.004600 0.000000 0.004600 0.023200 0.037300 0.009200 0.000000 0.004600 0.004600 0.004600 0.009200 0.018500 0.000100 0.018400 0.004600 0.004600 0.009200 0.004600 0.000100 0.000000 0.028200 0.023100 0.000000 0.018500 0.037300 0.013800 0.013900 0.013900 0.013800 0.013800 0.013900 0.004600 0.004600
Hartebeest 0.000100 0.041800 0.009200 0.019200 0.004600 0.004600 0.004600 0.009200 0.009200 0.023200 0.000100 0.013800 0.000000 0.009600 0.013900 0.004600 0.009200 0.014100 0.000100 0.009200 0.004600 0.000100 0.027800 0.042600 0.004600 0.004600 0.000000 0.009200 0.009200 0.013900 0.023200 0.004600 0.019000 0.000000 0.000000 0.013900 0.000100 0.004600 0.004600 0.033100 0.027800 0.004600 0.023200 0.042700 0.019700 0.018500 0.018600 0.019300 0.018500 0.018500 0.009200 0.009200
Bongo 0.009200 0.032500 0.000000 0.009200 0.004600 0.013900 0.004600 0.009200 0.000000 0.023300 0.009200 0.004600 0.009200 0.009200 0.013900 0.004600 0.000100 0.004600 0.009200 0.000000 0.004600 0.009200 0.018500 0.032600 0.013800 0.004600 0.009200 0.000000 0.009200 0.004600 0.023300 0.004600 0.013800 0.009200 0.009200 0.004600 0.009200 0.004600 0.004600 0.023700 0.018500 0.004600 0.023300 0.032600 0.009200 0.018600 0.018600 0.018500 0.018500 0.009200 0.000000 0.000000
Gerenuk 0.009200 0.041800 0.009200 0.019200 0.004600 0.013800 0.004600 0.009200 0.009200 0.023800 0.009200 0.013900 0.009200 0.009700 0.013900 0.004600 0.009600 0.014500 0.009200 0.009200 0.004600 0.009200 0.027900 0.042600 0.013800 0.004600 0.009200 0.009200 0.000000 0.013900 0.023900 0.004600 0.023400 0.009200 0.009200 0.013900 0.009200 0.004600 0.004600 0.033100 0.027900 0.004600 0.023900 0.042800 0.019500 0.018600 0.018600 0.019500 0.018500 0.018600 0.009200 0.009200
CommonElan 0.013900 0.037300 0.004600 0.013900 0.009200 0.018600 0.009200 0.013900 0.004600 0.028100 0.013900 0.009300 0.013900 0.013800 0.018600 0.009200 0.004600 0.009200 0.013900 0.004600 0.009200 0.013900 0.023300 0.037500 0.018500 0.009200 0.013900 0.004600 0.013900 0.000000 0.028100 0.009200 0.018500 0.013900 0.013900 0.009200 0.013900 0.009200 0.009200 0.028600 0.023300 0.009200 0.028100 0.037400 0.013900 0.023300 0.023400 0.023200 0.023300 0.013900 0.004600 0.004600
MuntiacusR 0.023200 0.037200 0.023300 0.032700 0.018600 0.018500 0.018500 0.023200 0.023300 0.000000 0.023200 0.028000 0.023200 0.023200 0.028100 0.018500 0.023200 0.027800 0.023200 0.023300 0.018500 0.023200 0.004600 0.018500 0.018500 0.018500 0.023200 0.023300 0.023900 0.028100 0.000000 0.018500 0.037400 0.023200 0.023200 0.028100 0.023200 0.018600 0.018500 0.009500 0.004600 0.018500 0.000000 0.018500 0.032700 0.023300 0.032900 0.032700 0.032700 0.023300 0.023300 0.023300
HarveysDui 0.004600 0.037100 0.004600 0.013800 0.000100 0.009200 0.000000 0.004600 0.004600 0.018500 0.004600 0.009200 0.004600 0.004600 0.009200 0.000100 0.004600 0.009100 0.004600 0.004600 0.000100 0.004600 0.023200 0.037300 0.009200 0.000100 0.004600 0.004600 0.004600 0.009200 0.018500 0.000000 0.018400 0.004600 0.004600 0.009200 0.004600 0.000100 0.000100 0.028300 0.023100 0.000100 0.018500 0.037300 0.013800 0.013900 0.013900 0.013800 0.013800 0.013900 0.004600 0.004600
Pronghorn 0.018700 0.046400 0.013800 0.013800 0.018500 0.023500 0.018400 0.023100 0.013800 0.037400 0.018700 0.018400 0.019100 0.013700 0.028000 0.018400 0.013800 0.009100 0.018700 0.013800 0.018400 0.018700 0.032500 0.037100 0.023400 0.018400 0.019000 0.013800 0.023400 0.018500 0.037400 0.018400 0.000000 0.019000 0.018700 0.018500 0.018700 0.018500 0.018400 0.037500 0.032400 0.018400 0.037300 0.037100 0.013800 0.032600 0.032600 0.023100 0.032500 0.023100 0.013800 0.013800
BlueWildeb 0.000100 0.041700 0.009200 0.019200 0.004600 0.004600 0.004600 0.009200 0.009200 0.023200 0.000100 0.013800 0.000000 0.009600 0.013900 0.004600 0.009200 0.014100 0.000100 0.009200 0.004600 0.000100 0.027800 0.042600 0.004600 0.004600 0.000000 0.009200 0.009200 0.013900 0.023200 0.004600 0.019000 0.000000 0.000000 0.013900 0.000100 0.004600 0.004600 0.033100 0.027800 0.004600 0.023200 0.042700 0.019700 0.018500 0.018600 0.019200 0.018500 0.018500 0.009200 0.009200
Gemsbok 0.000000 0.041700 0.009200 0.018500 0.004600 0.004600 0.004600 0.009200 0.009200 0.023200 0.000000 0.013800 0.000000 0.009200 0.013900 0.004600 0.009200 0.013700 0.000000 0.009200 0.004600 0.000000 0.027800 0.041900 0.004600 0.004600 0.000000 0.009200 0.009200 0.013900 0.023200 0.004600 0.018700 0.000000 0.000000 0.013900 0.000000 0.004600 0.004600 0.033000 0.027800 0.004600 0.023200 0.042000 0.018400 0.018500 0.018500 0.018400 0.018400 0.018500 0.009200 0.009200
Yak 0.013900 0.037300 0.004600 0.013900 0.009200 0.018600 0.009200 0.009200 0.004600 0.028100 0.013900 0.009200 0.013900 0.013800 0.018600 0.009200 0.004600 0.009200 0.013900 0.004600 0.009200 0.013900 0.023200 0.037400 0.018500 0.009200 0.013900 0.004600 0.013900 0.009200 0.028100 0.009200 0.018500 0.013900 0.013900 0.000000 0.013900 0.009200 0.009200 0.028500 0.023200 0.009200 0.028100 0.037400 0.004600 0.023300 0.024100 0.023200 0.023200 0.013900 0.004600 0.004600
BlueSheep 0.000000 0.041600 0.009200 0.018500 0.004600 0.004600 0.004600 0.009200 0.009200 0.023200 0.000000 0.013800 0.000100 0.009100 0.013900 0.004600 0.009200 0.013700 0.000000 0.009200 0.004600 0.000000 0.027800 0.041900 0.004600 0.004600 0.000100 0.009200 0.009200 0.013900 0.023200 0.004600 0.018700 0.000100 0.000000 0.013900 0.000000 0.004600 0.004600 0.032900 0.027800 0.004600 0.023200 0.041900 0.018400 0.018500 0.018500 0.018400 0.018400 0.018500 0.009200 0.009200
BohorReedb 0.004600 0.037100 0.004600 0.013800 0.000000 0.009200 0.000100 0.004600 0.004600 0.018600 0.004600 0.009200 0.004600 0.004600 0.009200 0.000100 0.004600 0.009200 0.004600 0.004600 0.000100 0.004600 0.023200 0.037300 0.009200 0.000100 0.004600 0.004600 0.004600 0.009200 0.018600 0.000100 0.018500 0.004600 0.004600 0.009200 0.004600 0.000000 0.000100 0.028300 0.023200 0.000100 0.018500 0.037300 0.013800 0.013900 0.013900 0.013800 0.013800 0.013900 0.004600 0.004600
KirksDik 0.004600 0.037000 0.004600 0.013800 0.000100 0.009200 0.000000 0.004600 0.004600 0.018500 0.004600 0.009200 0.004600 0.004600 0.009200 0.000000 0.004600 0.009100 0.004600 0.004600 0.000000 0.004600 0.023100 0.037200 0.009200 0.000000 0.004600 0.004600 0.004600 0.009200 0.018500 0.000100 0.018400 0.004600 0.004600 0.009200 0.004600 0.000100 0.000000 0.028300 0.023100 0.000000 0.018500 0.037200 0.013800 0.013900 0.013900 0.013800 0.013800 0.013800 0.004600 0.004600
RoeDeer 0.032900 0.037300 0.023600 0.033100 0.028300 0.028200 0.028200 0.033000 0.023600 0.009500 0.032900 0.028300 0.033100 0.032900 0.038100 0.028200 0.023600 0.028000 0.032900 0.023600 0.028200 0.032900 0.004700 0.018400 0.028100 0.028200 0.033100 0.023700 0.033100 0.028600 0.009500 0.028300 0.037500 0.033100 0.033000 0.028500 0.032900 0.028300 0.028300 0.000000 0.004700 0.028200 0.009500 0.018400 0.033200 0.033200 0.042800 0.042700 0.042500 0.023500 0.023700 0.023600
WhiteLippe 0.027800 0.032300 0.018500 0.027800 0.023200 0.023100 0.023100 0.027800 0.018500 0.004600 0.027800 0.023200 0.027800 0.027700 0.032700 0.023100 0.018500 0.023000 0.027800 0.018500 0.023100 0.027800 0.000000 0.013800 0.023000 0.023100 0.027800 0.018500 0.027900 0.023300 0.004600 0.023100 0.032400 0.027800 0.027800 0.023200 0.027800 0.023200 0.023100 0.004700 0.000000 0.023100 0.004600 0.013800 0.027800 0.027900 0.037500 0.037300 0.037300 0.018500 0.018500 0.018500
ThomsonGaz 0.004600 0.037000 0.004600 0.013800 0.000100 0.009200 0.000100 0.004600 0.004600 0.018500 0.004600 0.009200 0.004600 0.004600 0.009200 0.000000 0.004600 0.009100 0.004600 0.004600 0.000000 0.004600 0.023200 0.037300 0.009200 0.000000 0.004600 0.004600 0.004600 0.009200 0.018500 0.000100 0.018400 0.004600 0.004600 0.009200 0.004600 0.000100 0.000000 0.028200 0.023100 0.000000 0.018500 0.037300 0.013800 0.013900 0.013900 0.013800 0.013800 0.013900 0.004600 0.004600
MuntiacusC 0.023200 0.037100 0.023300 0.032700 0.018500 0.018500 0.018500 0.023200 0.023300 0.000000 0.023200 0.028000 0.023200 0.023100 0.028100 0.018500 0.023200 0.027700 0.023200 0.023300 0.018500 0.023200 0.004600 0.018500 0.018500 0.018500 0.023200 0.023300 0.023900 0.028100 0.000000 0.018500 0.037300 0.023200 0.023200 0.028100 0.023200 0.018500 0.018500 0.009500 0.004600 0.018500 0.000000 0.018500 0.032700 0.023300 0.032900 0.032700 0.032700 0.023300 0.023300 0.023300
WhiteTaile 0.041900 0.047100 0.032600 0.032500 0.037300 0.037200 0.037200 0.042000 0.032600 0.018500 0.041900 0.037300 0.042800 0.032400 0.047100 0.037200 0.032500 0.027600 0.041900 0.032600 0.037200 0.041900 0.013800 0.000000 0.037200 0.037300 0.042700 0.032600 0.042800 0.037400 0.018500 0.037300 0.037100 0.042700 0.042000 0.037400 0.041900 0.037300 0.037200 0.018400 0.013800 0.037300 0.018500 0.000000 0.032500 0.042100 0.042200 0.042000 0.051600 0.032500 0.032600 0.032600
Cattle 0.018400 0.041900 0.009200 0.009200 0.013800 0.023200 0.013800 0.013700 0.009200 0.032700 0.018400 0.013800 0.020100 0.009200 0.023200 0.013800 0.009200 0.004600 0.018400 0.009200 0.013800 0.018400 0.027800 0.032500 0.023100 0.013800 0.019700 0.009200 0.019500 0.013900 0.032700 0.013800 0.013800 0.019700 0.018400 0.004600 0.018400 0.013800 0.013800 0.033200 0.027800 0.013800 0.032700 0.032500 0.000000 0.027900 0.028900 0.018400 0.027800 0.018500 0.009200 0.009200
RoyalAntel 0.018500 0.032400 0.018600 0.028000 0.013900 0.013900 0.013900 0.018500 0.018600 0.023300 0.018500 0.013900 0.018500 0.018500 0.023400 0.013900 0.018600 0.023100 0.018500 0.018600 0.013900 0.018500 0.027900 0.042100 0.023200 0.013900 0.018500 0.018600 0.018600 0.023300 0.023300 0.013900 0.032600 0.018500 0.018500 0.023300 0.018500 0.013900 0.013900 0.033200 0.027900 0.013900 0.023300 0.042100 0.027900 0.000000 0.018600 0.018500 0.028000 0.028000 0.018600 0.018600
Steenbok 0.018500 0.051700 0.018600 0.028000 0.013900 0.023300 0.013900 0.020000 0.018600 0.032900 0.018500 0.023300 0.018600 0.018500 0.023400 0.013900 0.018600 0.023200 0.018500 0.018600 0.013900 0.018500 0.037500 0.042200 0.023200 0.013900 0.018600 0.018600 0.018600 0.023400 0.032900 0.013900 0.032600 0.018600 0.018500 0.024100 0.018500 0.013900 0.013900 0.042800 0.037500 0.013900 0.032900 0.042200 0.028900 0.018600 0.000000 0.018500 0.028000 0.028000 0.018600 0.018600
Impala 0.018400 0.051500 0.018500 0.018400 0.013800 0.023100 0.013800 0.018500 0.018500 0.032700 0.018400 0.023200 0.019400 0.009100 0.023200 0.013800 0.018500 0.013700 0.018400 0.018500 0.013800 0.018400 0.037300 0.042000 0.023100 0.013800 0.019300 0.018500 0.019500 0.023200 0.032700 0.013800 0.023100 0.019200 0.018400 0.023200 0.018400 0.013800 0.013800 0.042700 0.037300 0.013800 0.032700 0.042000 0.018400 0.018500 0.018500 0.000000 0.027800 0.027900 0.018500 0.018500
Klipspring 0.018400 0.051300 0.018500 0.027900 0.013800 0.023200 0.013800 0.018500 0.018500 0.032700 0.018400 0.023200 0.018500 0.018400 0.023300 0.013800 0.018500 0.023000 0.018400 0.018500 0.013800 0.018400 0.037300 0.051600 0.023100 0.013800 0.018500 0.018500 0.018500 0.023300 0.032700 0.013800 0.032500 0.018500 0.018400 0.023200 0.018400 0.013800 0.013800 0.042500 0.037300 0.013800 0.032700 0.051600 0.027800 0.028000 0.028000 0.027800 0.000000 0.027900 0.018500 0.018500
ForestMusk 0.018500 0.041900 0.009200 0.018500 0.013900 0.023200 0.013800 0.018500 0.009200 0.023300 0.018500 0.013900 0.018500 0.018400 0.023300 0.013800 0.009200 0.013800 0.018500 0.009200 0.013800 0.018500 0.018500 0.032500 0.023100 0.013900 0.018500 0.009200 0.018600 0.013900 0.023300 0.013900 0.023100 0.018500 0.018500 0.013900 0.018500 0.013900 0.013800 0.023500 0.018500 0.013900 0.023300 0.032500 0.018500 0.028000 0.028000 0.027900 0.027900 0.000000 0.009200 0.009200
Bushbuck 0.009200 0.032500 0.000000 0.009200 0.004600 0.013900 0.004600 0.009200 0.000000 0.023300 0.009200 0.004600 0.009200 0.009200 0.013900 0.004600 0.000100 0.004600 0.009200 0.000000 0.004600 0.009200 0.018500 0.032600 0.013800 0.004600 0.009200 0.000000 0.009200 0.004600 0.023300 0.004600 0.013800 0.009200 0.009200 0.004600 0.009200 0.004600 0.004600 0.023700 0.018500 0.004600 0.023300 0.032600 0.009200 0.018600 0.018600 0.018500 0.018500 0.009200 0.000000 0.000000
GreaterKud 0.009200 0.032500 0.000000 0.009200 0.004600 0.013900 0.004600 0.009200 0.000000 0.023300 0.009200 0.004600 0.009200 0.009200 0.013900 0.004600 0.000100 0.004600 0.009200 0.000000 0.004600 0.009200 0.018500 0.032600 0.013800 0.004600 0.009200 0.000000 0.009200 0.004600 0.023300 0.004600 0.013800 0.009200 0.009200 0.004600 0.009200 0.004600 0.004600 0.023600 0.018500 0.004600 0.023300 0.032600 0.009200 0.018600 0.018600 0.018500 0.018500 0.009200 0.000000 0.000000
