1
52 1
Argali 0.000000 0.126700 0.038200 0.139500 0.034700 0.003700 0.067200 0.038700 0.038300 0.054600 0.011400 0.046800 0.042500 0.054700 0.042500 0.034800 0.058500 0.054500 0.011400 0.038300 0.038700 0.015300 0.058500 0.070700 0.007600 0.030800 0.042500 0.042300 0.038700 0.038300 0.046600 0.046700 0.050700 0.042500 0.038500 0.042700 0.007600 0.038700 0.050600 0.062600 0.058600 0.034800 0.050600 0.058400 0.050700 0.042800 0.062600 0.046700 0.026800 0.054400 0.042300 0.042300
LesserMous 0.126700 0.000000 0.131900 0.158600 0.122300 0.131100 0.159500 0.126600 0.131900 0.139900 0.131000 0.114100 0.131100 0.145000 0.130600 0.122500 0.139500 0.135100 0.131100 0.131900 0.126800 0.135400 0.144200 0.162000 0.126500 0.126900 0.131100 0.136300 0.126800 0.131900 0.131200 0.135900 0.131400 0.131000 0.126200 0.109500 0.126500 0.126700 0.148900 0.139800 0.144200 0.122500 0.135700 0.148300 0.113800 0.122400 0.158100 0.118200 0.113300 0.135000 0.136300 0.136300
LesserKudu 0.038200 0.131900 0.000000 0.144600 0.034900 0.042300 0.080100 0.046900 0.007600 0.054900 0.034900 0.031100 0.042800 0.051000 0.042700 0.035000 0.058800 0.054800 0.027000 0.007600 0.038900 0.038800 0.058900 0.071100 0.030900 0.031000 0.042800 0.011500 0.038900 0.007600 0.046900 0.042900 0.054500 0.042800 0.038700 0.027100 0.030900 0.038900 0.050900 0.054800 0.058900 0.035000 0.050900 0.066900 0.035000 0.047100 0.079300 0.046900 0.034800 0.046700 0.011400 0.011400
KillerWhal 0.139500 0.158600 0.144600 0.000000 0.139300 0.144000 0.153600 0.135000 0.144500 0.143800 0.143700 0.139900 0.148300 0.162400 0.147800 0.139600 0.156900 0.152500 0.135000 0.144500 0.144000 0.157200 0.152600 0.175200 0.148200 0.139600 0.148300 0.149000 0.143900 0.144500 0.135100 0.153200 0.153200 0.148200 0.147800 0.135100 0.148200 0.143800 0.152800 0.166200 0.152600 0.139600 0.139600 0.170300 0.144100 0.143900 0.148100 0.153100 0.130200 0.156800 0.149000 0.149000
DefassaWat 0.034700 0.122300 0.034900 0.139300 0.000000 0.038600 0.059000 0.026900 0.034900 0.042600 0.030700 0.019200 0.022900 0.026900 0.015200 0.007600 0.038600 0.042500 0.023000 0.034900 0.011400 0.034700 0.046500 0.058500 0.026800 0.011400 0.030700 0.038800 0.011400 0.034900 0.034700 0.019100 0.034800 0.030700 0.026800 0.023000 0.026800 0.003700 0.030800 0.050500 0.046500 0.007600 0.038600 0.054400 0.030900 0.023100 0.054300 0.019100 0.007600 0.034600 0.038800 0.038800
Sheep 0.003700 0.131100 0.042300 0.144000 0.038600 0.000000 0.071400 0.042600 0.042300 0.058600 0.015300 0.050800 0.046500 0.058800 0.046400 0.038700 0.054500 0.050500 0.015300 0.042300 0.042700 0.011400 0.062600 0.066600 0.011400 0.034800 0.046500 0.038300 0.042600 0.042300 0.050600 0.050700 0.054700 0.046500 0.042500 0.046700 0.011400 0.042600 0.046600 0.066700 0.054500 0.038700 0.054600 0.054400 0.054800 0.046800 0.066700 0.050700 0.030700 0.050400 0.046400 0.046400
MaxwellsDu 0.067200 0.159500 0.080100 0.153600 0.059000 0.071400 0.000000 0.071300 0.080000 0.092100 0.071200 0.071600 0.075300 0.046800 0.066900 0.059100 0.091900 0.096200 0.063100 0.080000 0.063100 0.075400 0.096200 0.108900 0.067100 0.059100 0.083600 0.084200 0.063100 0.080000 0.083800 0.038800 0.083900 0.083600 0.075100 0.075600 0.067100 0.063000 0.079500 0.100500 0.096300 0.059100 0.088000 0.096000 0.084000 0.067500 0.055000 0.071400 0.058800 0.083400 0.084200 0.084200
GazellaPrz 0.038700 0.126600 0.046900 0.135000 0.026900 0.042600 0.071300 0.000000 0.046800 0.054500 0.042600 0.038800 0.042500 0.046700 0.034600 0.019100 0.058500 0.054500 0.026900 0.046800 0.023000 0.046600 0.058500 0.078900 0.038600 0.023000 0.042600 0.050900 0.023000 0.046800 0.046600 0.038700 0.054700 0.042600 0.038500 0.034800 0.038600 0.030800 0.034700 0.062600 0.058600 0.019100 0.050600 0.074600 0.042700 0.038800 0.050400 0.038700 0.026800 0.054400 0.050800 0.050800
MountainNy 0.038300 0.131900 0.007600 0.144500 0.034900 0.042300 0.080000 0.046800 0.000000 0.054800 0.034800 0.031100 0.042800 0.051000 0.042700 0.034900 0.058800 0.054800 0.027000 0.000000 0.038900 0.038800 0.058800 0.062900 0.030900 0.031000 0.042800 0.003700 0.038900 0.000000 0.046800 0.042900 0.054500 0.042800 0.038700 0.027100 0.030900 0.038900 0.050900 0.054900 0.058900 0.034900 0.050900 0.058800 0.035000 0.047000 0.079300 0.046900 0.034800 0.046700 0.003700 0.003700
MuntiacusM 0.054600 0.139900 0.054900 0.143800 0.042600 0.058600 0.092100 0.054500 0.054800 0.000000 0.058500 0.046700 0.058500 0.062800 0.050400 0.042600 0.058400 0.062500 0.050500 0.054800 0.046600 0.062600 0.026700 0.046300 0.054500 0.038700 0.066600 0.058900 0.046600 0.054800 0.007500 0.054700 0.054700 0.066600 0.054400 0.050600 0.054500 0.046500 0.050500 0.038500 0.026700 0.042600 0.003700 0.042300 0.058700 0.058800 0.078700 0.054600 0.034600 0.054400 0.058900 0.058800
goat 0.011400 0.131000 0.034900 0.143700 0.030700 0.015300 0.071200 0.042600 0.034800 0.058500 0.000000 0.042700 0.038500 0.050700 0.038500 0.030700 0.062500 0.058500 0.014900 0.034800 0.034600 0.011100 0.062500 0.074700 0.003800 0.026800 0.038600 0.038800 0.034900 0.034800 0.050600 0.042700 0.054700 0.038500 0.034500 0.038600 0.003800 0.034700 0.046600 0.066600 0.062500 0.030700 0.054600 0.062400 0.046500 0.038800 0.066600 0.042500 0.030700 0.050400 0.038800 0.038800
AfricanBuf 0.046800 0.114100 0.031100 0.139900 0.019200 0.050800 0.071600 0.038800 0.031100 0.046700 0.042700 0.000000 0.034800 0.038900 0.026900 0.019200 0.042700 0.046700 0.034900 0.031100 0.023100 0.046800 0.050700 0.062700 0.038800 0.023100 0.042700 0.035000 0.023100 0.031100 0.038800 0.031000 0.038900 0.042700 0.038700 0.011500 0.038800 0.023100 0.042800 0.054700 0.050700 0.019200 0.042800 0.058600 0.019200 0.031000 0.066800 0.023100 0.019100 0.038700 0.035000 0.035000
Topi 0.042500 0.131100 0.042800 0.148300 0.022900 0.046500 0.075300 0.042500 0.042800 0.058500 0.038500 0.034800 0.000000 0.042600 0.030600 0.023000 0.054400 0.058500 0.030700 0.042800 0.026900 0.042500 0.062500 0.074700 0.034600 0.026900 0.007400 0.046800 0.026800 0.042800 0.050500 0.034700 0.050600 0.007600 0.034600 0.038700 0.034600 0.026800 0.046500 0.066600 0.062500 0.023000 0.054500 0.070500 0.046700 0.038800 0.070600 0.034700 0.022900 0.050300 0.046700 0.046700
CommonDuik 0.054700 0.145000 0.051000 0.162400 0.026900 0.058800 0.046800 0.046700 0.051000 0.062800 0.050700 0.038900 0.042600 0.000000 0.034700 0.027000 0.058600 0.054600 0.042700 0.051000 0.030900 0.054700 0.066800 0.070800 0.046600 0.030900 0.050600 0.055000 0.030900 0.051000 0.054700 0.007600 0.054800 0.042600 0.046500 0.042800 0.046600 0.030800 0.050700 0.062800 0.066800 0.027000 0.058800 0.066600 0.050900 0.042900 0.074900 0.038800 0.026900 0.046500 0.055000 0.055000
Suni 0.042500 0.130600 0.042700 0.147800 0.015200 0.046400 0.066900 0.034600 0.042700 0.050400 0.038500 0.026900 0.030600 0.034700 0.000000 0.015200 0.046300 0.050400 0.030700 0.042700 0.019100 0.042500 0.054300 0.066400 0.034600 0.019100 0.038500 0.046700 0.019100 0.042700 0.042500 0.026800 0.042600 0.038500 0.034500 0.030700 0.034600 0.019000 0.038500 0.058300 0.054300 0.015200 0.046400 0.062200 0.030800 0.030800 0.062300 0.026800 0.015200 0.042300 0.046600 0.046600
Springbuck 0.034800 0.122500 0.035000 0.139600 0.007600 0.038700 0.059100 0.019100 0.034900 0.042600 0.030700 0.019200 0.023000 0.027000 0.015200 0.000000 0.038600 0.042600 0.023000 0.034900 0.003700 0.034600 0.046600 0.058600 0.026800 0.003700 0.030800 0.038900 0.003800 0.034900 0.034800 0.019200 0.034800 0.030800 0.025800 0.023000 0.026800 0.011400 0.023000 0.050600 0.046600 0.000000 0.038700 0.054400 0.030800 0.023100 0.046400 0.018400 0.007600 0.034600 0.038900 0.038900
Okapi 0.058500 0.139500 0.058800 0.156900 0.038600 0.054500 0.091900 0.058500 0.058800 0.058400 0.062500 0.042700 0.054400 0.058600 0.046300 0.038600 0.000000 0.018500 0.054500 0.058800 0.042500 0.058500 0.062400 0.062400 0.058500 0.042600 0.062500 0.054700 0.042500 0.058800 0.050500 0.050600 0.050600 0.062500 0.050400 0.046600 0.058500 0.042500 0.054500 0.066500 0.054400 0.038600 0.054500 0.058300 0.054600 0.054700 0.078800 0.050500 0.030600 0.042300 0.054800 0.062800
Giraffe 0.054500 0.135100 0.054800 0.152500 0.042500 0.050500 0.096200 0.054500 0.054800 0.062500 0.058500 0.046700 0.058500 0.054600 0.050400 0.042600 0.018500 0.000000 0.050500 0.054800 0.046600 0.054500 0.066500 0.058500 0.054500 0.046600 0.058500 0.050800 0.046600 0.054800 0.054500 0.054600 0.054600 0.050500 0.054400 0.042600 0.054500 0.046500 0.058600 0.062500 0.058500 0.042600 0.058500 0.054300 0.050600 0.058800 0.091300 0.054600 0.034600 0.046300 0.050800 0.058800
TibetanAnt 0.011400 0.131100 0.027000 0.135000 0.023000 0.015300 0.063100 0.026900 0.027000 0.050500 0.014900 0.034900 0.030700 0.042700 0.030700 0.023000 0.054500 0.050500 0.000000 0.027000 0.026800 0.019000 0.054500 0.066600 0.011100 0.019100 0.030700 0.030900 0.026200 0.027000 0.042600 0.034800 0.050700 0.030700 0.026700 0.030800 0.011000 0.026900 0.038700 0.058600 0.054500 0.023000 0.046600 0.062400 0.038600 0.038800 0.058500 0.034700 0.022900 0.042500 0.030900 0.030900
Sitatunga 0.038300 0.131900 0.007600 0.144500 0.034900 0.042300 0.080000 0.046800 0.000000 0.054800 0.034800 0.031100 0.042800 0.051000 0.042700 0.034900 0.058800 0.054800 0.027000 0.000000 0.038900 0.038800 0.058800 0.062900 0.030900 0.031000 0.042800 0.003700 0.038900 0.000000 0.046800 0.042900 0.054500 0.042800 0.038700 0.027100 0.030900 0.038900 0.050900 0.054900 0.058900 0.034900 0.050900 0.058800 0.035000 0.047000 0.079300 0.046900 0.034800 0.046700 0.003700 0.003700
Oribi 0.038700 0.126800 0.038900 0.144000 0.011400 0.042700 0.063100 0.023000 0.038900 0.046600 0.034600 0.023100 0.026900 0.030900 0.019100 0.003700 0.042500 0.046600 0.026800 0.038900 0.000000 0.038600 0.050500 0.062600 0.030700 0.007400 0.034700 0.042900 0.007400 0.038900 0.038700 0.023000 0.038800 0.034700 0.030600 0.026900 0.030700 0.015300 0.026900 0.054600 0.050500 0.003800 0.042600 0.058400 0.034700 0.027000 0.050400 0.023000 0.011400 0.038600 0.042900 0.042900
BarbaryShe 0.015300 0.135400 0.038800 0.157200 0.034700 0.011400 0.075400 0.046600 0.038800 0.062600 0.011100 0.046800 0.042500 0.054700 0.042500 0.034600 0.058500 0.054500 0.019000 0.038800 0.038600 0.000000 0.066600 0.070700 0.007400 0.030700 0.042500 0.034900 0.037700 0.038800 0.054600 0.046700 0.058800 0.042500 0.038400 0.033300 0.007400 0.038600 0.042600 0.070700 0.058500 0.034600 0.058600 0.058400 0.042600 0.042800 0.070700 0.046500 0.034600 0.046400 0.042800 0.042800
Daviddeer 0.058500 0.144200 0.058900 0.152600 0.046500 0.062600 0.096200 0.058500 0.058800 0.026700 0.062500 0.050700 0.062500 0.066800 0.054300 0.046600 0.062400 0.066500 0.054500 0.058800 0.050500 0.066600 0.000000 0.050100 0.058500 0.042600 0.070700 0.062900 0.050500 0.058800 0.019000 0.058600 0.054600 0.070600 0.058300 0.054600 0.058500 0.050500 0.054500 0.034500 0.015100 0.046600 0.022900 0.046200 0.062700 0.062900 0.082900 0.050500 0.038500 0.058300 0.062900 0.062900
Reindeer 0.070700 0.162000 0.071100 0.175200 0.058500 0.066600 0.108900 0.078900 0.062900 0.046300 0.074700 0.062700 0.074700 0.070800 0.066400 0.058600 0.062400 0.058500 0.066600 0.062900 0.062600 0.070700 0.050100 0.000000 0.070600 0.054500 0.083000 0.058800 0.054500 0.062900 0.038500 0.070800 0.070800 0.074700 0.070500 0.066700 0.070600 0.062500 0.066600 0.038400 0.042200 0.058600 0.042400 0.011300 0.075000 0.075100 0.103900 0.070800 0.050300 0.054300 0.067000 0.067000
Ibex 0.007600 0.126500 0.030900 0.148200 0.026800 0.011400 0.067100 0.038600 0.030900 0.054500 0.003800 0.038800 0.034600 0.046600 0.034600 0.026800 0.058500 0.054500 0.011100 0.030900 0.030700 0.007400 0.058500 0.070600 0.000000 0.022900 0.034600 0.034800 0.030700 0.030900 0.046600 0.038700 0.050700 0.034600 0.030600 0.034600 0.000000 0.030800 0.042600 0.062500 0.058500 0.025600 0.050600 0.058400 0.042600 0.034800 0.062500 0.038600 0.026800 0.046400 0.034800 0.034800
GyrantGaze 0.030800 0.126900 0.031000 0.139600 0.011400 0.034800 0.059100 0.023000 0.031000 0.038700 0.026800 0.023100 0.026900 0.030900 0.019100 0.003700 0.042600 0.046600 0.019100 0.031000 0.007400 0.030700 0.042600 0.054500 0.022900 0.000000 0.034700 0.035000 0.007400 0.031000 0.030800 0.023100 0.038800 0.034700 0.021800 0.026900 0.022900 0.015300 0.019100 0.046600 0.042600 0.003800 0.034800 0.050400 0.034800 0.027000 0.046400 0.022400 0.011400 0.030700 0.034900 0.034900
Hartebeest 0.042500 0.131100 0.042800 0.148300 0.030700 0.046500 0.083600 0.042600 0.042800 0.066600 0.038600 0.042700 0.007400 0.050600 0.038500 0.030800 0.062500 0.058500 0.030700 0.042800 0.034700 0.042500 0.070700 0.083000 0.034600 0.034700 0.000000 0.046800 0.034700 0.042800 0.058600 0.042700 0.058700 0.007400 0.034600 0.038700 0.034600 0.034700 0.054600 0.074800 0.070700 0.030800 0.062600 0.078700 0.046700 0.046700 0.078900 0.042600 0.030700 0.058400 0.046700 0.046700
Bongo 0.042300 0.136300 0.011500 0.149000 0.038800 0.038300 0.084200 0.050900 0.003700 0.058900 0.038800 0.035000 0.046800 0.055000 0.046700 0.038900 0.054700 0.050800 0.030900 0.003700 0.042900 0.034900 0.062900 0.058800 0.034800 0.035000 0.046800 0.000000 0.042900 0.003700 0.050900 0.046900 0.058700 0.046800 0.042700 0.031000 0.034800 0.042800 0.046900 0.058900 0.054800 0.038900 0.054900 0.054700 0.039000 0.051100 0.083500 0.050900 0.038800 0.042700 0.007500 0.007600
Gerenuk 0.038700 0.126800 0.038900 0.143900 0.011400 0.042600 0.063100 0.023000 0.038900 0.046600 0.034900 0.023100 0.026800 0.030900 0.019100 0.003800 0.042500 0.046600 0.026200 0.038900 0.007400 0.037700 0.050500 0.054500 0.030700 0.007400 0.034700 0.042900 0.000000 0.038900 0.038700 0.023000 0.038700 0.034700 0.030400 0.026900 0.030700 0.015300 0.026900 0.054500 0.050500 0.003700 0.042600 0.050400 0.034700 0.027000 0.050400 0.023000 0.011400 0.038500 0.042800 0.042800
CommonElan 0.038300 0.131900 0.007600 0.144500 0.034900 0.042300 0.080000 0.046800 0.000000 0.054800 0.034800 0.031100 0.042800 0.051000 0.042700 0.034900 0.058800 0.054800 0.027000 0.000000 0.038900 0.038800 0.058800 0.062900 0.030900 0.031000 0.042800 0.003700 0.038900 0.000000 0.046800 0.042900 0.054500 0.042800 0.038700 0.027100 0.030900 0.038900 0.050900 0.054900 0.058900 0.034900 0.050900 0.058800 0.035000 0.047000 0.079300 0.046900 0.034800 0.046700 0.003800 0.003700
MuntiacusR 0.046600 0.131200 0.046900 0.135100 0.034700 0.050600 0.083800 0.046600 0.046800 0.007500 0.050600 0.038800 0.050500 0.054700 0.042500 0.034800 0.050500 0.054500 0.042600 0.046800 0.038700 0.054600 0.019000 0.038500 0.046600 0.030800 0.058600 0.050900 0.038700 0.046800 0.000000 0.046700 0.046700 0.058600 0.046500 0.042700 0.046600 0.038600 0.042600 0.030700 0.019000 0.034800 0.003700 0.034500 0.050700 0.050800 0.070600 0.046700 0.026800 0.046400 0.050800 0.050800
HarveysDui 0.046700 0.135900 0.042900 0.153200 0.019100 0.050700 0.038800 0.038700 0.042900 0.054700 0.042700 0.031000 0.034700 0.007600 0.026800 0.019200 0.050600 0.054600 0.034800 0.042900 0.023000 0.046700 0.058600 0.070800 0.038700 0.023100 0.042700 0.046900 0.023000 0.042900 0.046700 0.000000 0.046800 0.042600 0.038600 0.034900 0.038700 0.023000 0.042700 0.062700 0.058700 0.019200 0.050700 0.066600 0.042800 0.034900 0.066700 0.030900 0.019100 0.046500 0.046900 0.046900
Pronghorn 0.050700 0.131400 0.054500 0.153200 0.034800 0.054700 0.083900 0.054700 0.054500 0.054700 0.054700 0.038900 0.050600 0.054800 0.042600 0.034800 0.050600 0.054600 0.050700 0.054500 0.038800 0.058800 0.054600 0.070800 0.050700 0.038800 0.058700 0.058700 0.038700 0.054500 0.046700 0.046800 0.000000 0.058700 0.054500 0.042800 0.050700 0.038700 0.058800 0.062700 0.058700 0.034800 0.050700 0.062600 0.050800 0.046900 0.079000 0.046800 0.026900 0.054500 0.058600 0.058600
BlueWildeb 0.042500 0.131000 0.042800 0.148200 0.030700 0.046500 0.083600 0.042600 0.042800 0.066600 0.038500 0.042700 0.007600 0.042600 0.038500 0.030800 0.062500 0.050500 0.030700 0.042800 0.034700 0.042500 0.070600 0.074700 0.034600 0.034700 0.007400 0.046800 0.034700 0.042800 0.058600 0.042600 0.058700 0.000000 0.034600 0.038700 0.034600 0.034700 0.054600 0.066600 0.070600 0.030800 0.062600 0.070500 0.046700 0.046700 0.078800 0.042600 0.030700 0.050400 0.046700 0.046700
Gemsbok 0.038500 0.126200 0.038700 0.147800 0.026800 0.042500 0.075100 0.038500 0.038700 0.054400 0.034500 0.038700 0.034600 0.046500 0.034500 0.025800 0.050400 0.054400 0.026700 0.038700 0.030600 0.038400 0.058300 0.070500 0.030600 0.021800 0.034600 0.042700 0.030400 0.038700 0.046500 0.038600 0.054500 0.034600 0.000000 0.033500 0.030600 0.030700 0.042500 0.062400 0.058400 0.026700 0.050400 0.066300 0.042500 0.042600 0.062400 0.030600 0.026700 0.030600 0.042700 0.042700
Yak 0.042700 0.109500 0.027100 0.135100 0.023000 0.046700 0.075600 0.034800 0.027100 0.050600 0.038600 0.011500 0.038700 0.042800 0.030700 0.023000 0.046600 0.042600 0.030800 0.027100 0.026900 0.033300 0.054600 0.066700 0.034600 0.026900 0.038700 0.031000 0.026900 0.027100 0.042700 0.034900 0.042800 0.038700 0.033500 0.000000 0.034600 0.026900 0.046700 0.058700 0.054600 0.023000 0.046700 0.062500 0.007600 0.034900 0.070900 0.034700 0.023000 0.042500 0.031000 0.031000
BlueSheep 0.007600 0.126500 0.030900 0.148200 0.026800 0.011400 0.067100 0.038600 0.030900 0.054500 0.003800 0.038800 0.034600 0.046600 0.034600 0.026800 0.058500 0.054500 0.011000 0.030900 0.030700 0.007400 0.058500 0.070600 0.000000 0.022900 0.034600 0.034800 0.030700 0.030900 0.046600 0.038700 0.050700 0.034600 0.030600 0.034600 0.000000 0.030800 0.042600 0.062500 0.058500 0.026800 0.050600 0.058400 0.041200 0.034800 0.062500 0.038600 0.026800 0.046400 0.034800 0.034800
BohorReedb 0.038700 0.126700 0.038900 0.143800 0.003700 0.042600 0.063000 0.030800 0.038900 0.046500 0.034700 0.023100 0.026800 0.030800 0.019000 0.011400 0.042500 0.046500 0.026900 0.038900 0.015300 0.038600 0.050500 0.062500 0.030800 0.015300 0.034700 0.042800 0.015300 0.038900 0.038600 0.023000 0.038700 0.034700 0.030700 0.026900 0.030800 0.000000 0.034700 0.054500 0.050500 0.011400 0.042600 0.058400 0.034800 0.027000 0.054300 0.023000 0.011400 0.038500 0.042800 0.042800
KirksDik 0.050600 0.148900 0.050900 0.152800 0.030800 0.046600 0.079500 0.034700 0.050900 0.050500 0.046600 0.042800 0.046500 0.050700 0.038500 0.023000 0.054500 0.058600 0.038700 0.050900 0.026900 0.042600 0.054500 0.066600 0.042600 0.019100 0.054600 0.046900 0.026900 0.050900 0.042600 0.042700 0.058800 0.054600 0.042500 0.046700 0.042600 0.034700 0.000000 0.058600 0.046500 0.023000 0.046600 0.062500 0.054800 0.046800 0.058400 0.042700 0.030700 0.042500 0.054900 0.054900
RoeDeer 0.062600 0.139800 0.054800 0.166200 0.050500 0.066700 0.100500 0.062600 0.054900 0.038500 0.066600 0.054700 0.066600 0.062800 0.058300 0.050600 0.066500 0.062500 0.058600 0.054900 0.054600 0.070700 0.034500 0.038400 0.062500 0.046600 0.074800 0.058900 0.054500 0.054900 0.030700 0.062700 0.062700 0.066600 0.062400 0.058700 0.062500 0.054500 0.058600 0.000000 0.034500 0.050600 0.034600 0.034500 0.066800 0.062900 0.095400 0.054600 0.042400 0.054300 0.058900 0.058900
WhiteLippe 0.058600 0.144200 0.058900 0.152600 0.046500 0.054500 0.096300 0.058600 0.058900 0.026700 0.062500 0.050700 0.062500 0.066800 0.054300 0.046600 0.054400 0.058500 0.054500 0.058900 0.050500 0.058500 0.015100 0.042200 0.058500 0.042600 0.070700 0.054800 0.050500 0.058900 0.019000 0.058700 0.058700 0.070600 0.058400 0.054600 0.058500 0.050500 0.046500 0.034500 0.000000 0.046600 0.022900 0.038300 0.062800 0.062900 0.082900 0.050600 0.038500 0.050300 0.062900 0.062900
ThomsonGaz 0.034800 0.122500 0.035000 0.139600 0.007600 0.038700 0.059100 0.019100 0.034900 0.042600 0.030700 0.019200 0.023000 0.027000 0.015200 0.000000 0.038600 0.042600 0.023000 0.034900 0.003800 0.034600 0.046600 0.058600 0.025600 0.003800 0.030800 0.038900 0.003700 0.034900 0.034800 0.019200 0.034800 0.030800 0.026700 0.023000 0.026800 0.011400 0.023000 0.050600 0.046600 0.000000 0.038700 0.054400 0.030800 0.023100 0.046400 0.019100 0.007600 0.034600 0.038900 0.038900
MuntiacusC 0.050600 0.135700 0.050900 0.139600 0.038600 0.054600 0.088000 0.050600 0.050900 0.003700 0.054600 0.042800 0.054500 0.058800 0.046400 0.038700 0.054500 0.058500 0.046600 0.050900 0.042600 0.058600 0.022900 0.042400 0.050600 0.034800 0.062600 0.054900 0.042600 0.050900 0.003700 0.050700 0.050700 0.062600 0.050400 0.046700 0.050600 0.042600 0.046600 0.034600 0.022900 0.038700 0.000000 0.038400 0.054800 0.054900 0.074700 0.050700 0.030700 0.050400 0.054900 0.054900
WhiteTaile 0.058400 0.148300 0.066900 0.170300 0.054400 0.054400 0.096000 0.074600 0.058800 0.042300 0.062400 0.058600 0.070500 0.066600 0.062200 0.054400 0.058300 0.054300 0.062400 0.058800 0.058400 0.058400 0.046200 0.011300 0.058400 0.050400 0.078700 0.054700 0.050400 0.058800 0.034500 0.066600 0.062600 0.070500 0.066300 0.062500 0.058400 0.058400 0.062500 0.034500 0.038300 0.054400 0.038400 0.000000 0.070800 0.062700 0.091000 0.066600 0.046300 0.050200 0.062800 0.062800
Cattle 0.050700 0.113800 0.035000 0.144100 0.030900 0.054800 0.084000 0.042700 0.035000 0.058700 0.046500 0.019200 0.046700 0.050900 0.030800 0.030800 0.054600 0.050600 0.038600 0.035000 0.034700 0.042600 0.062700 0.075000 0.042600 0.034800 0.046700 0.039000 0.034700 0.035000 0.050700 0.042800 0.050800 0.046700 0.042500 0.007600 0.041200 0.034800 0.054800 0.066800 0.062800 0.030800 0.054800 0.070800 0.000000 0.042900 0.079200 0.042700 0.030800 0.050600 0.038900 0.038900
RoyalAntel 0.042800 0.122400 0.047100 0.143900 0.023100 0.046800 0.067500 0.038800 0.047000 0.058800 0.038800 0.031000 0.038800 0.042900 0.030800 0.023100 0.054700 0.058800 0.038800 0.047000 0.027000 0.042800 0.062900 0.075100 0.034800 0.027000 0.046700 0.051100 0.027000 0.047000 0.050800 0.034900 0.046900 0.046700 0.042600 0.034900 0.034800 0.027000 0.046800 0.062900 0.062900 0.023100 0.054900 0.062700 0.042900 0.000000 0.062700 0.034900 0.023000 0.050600 0.051100 0.051100
Steenbok 0.062600 0.158100 0.079300 0.148100 0.054300 0.066700 0.055000 0.050400 0.079300 0.078700 0.066600 0.066800 0.070600 0.074900 0.062300 0.046400 0.078800 0.091300 0.058500 0.079300 0.050400 0.070700 0.082900 0.103900 0.062500 0.046400 0.078900 0.083500 0.050400 0.079300 0.070600 0.066700 0.079000 0.078800 0.062400 0.070900 0.062500 0.054300 0.058400 0.095400 0.082900 0.046400 0.074700 0.091000 0.079200 0.062700 0.000000 0.066700 0.054200 0.070500 0.083400 0.083400
Impala 0.046700 0.118200 0.046900 0.153100 0.019100 0.050700 0.071400 0.038700 0.046900 0.054600 0.042500 0.023100 0.034700 0.038800 0.026800 0.018400 0.050500 0.054600 0.034700 0.046900 0.023000 0.046500 0.050500 0.070800 0.038600 0.022400 0.042600 0.050900 0.023000 0.046900 0.046700 0.030900 0.046800 0.042600 0.030600 0.034700 0.038600 0.023000 0.042700 0.054600 0.050600 0.019100 0.050700 0.066600 0.042700 0.034900 0.066700 0.000000 0.019100 0.038600 0.050900 0.050900
Klipspring 0.026800 0.113300 0.034800 0.130200 0.007600 0.030700 0.058800 0.026800 0.034800 0.034600 0.030700 0.019100 0.022900 0.026900 0.015200 0.007600 0.030600 0.034600 0.022900 0.034800 0.011400 0.034600 0.038500 0.050300 0.026800 0.011400 0.030700 0.038800 0.011400 0.034800 0.026800 0.019100 0.026900 0.030700 0.026700 0.023000 0.026800 0.011400 0.030700 0.042400 0.038500 0.007600 0.030700 0.046300 0.030800 0.023000 0.054200 0.019100 0.000000 0.034500 0.038700 0.038700
ForestMusk 0.054400 0.135000 0.046700 0.156800 0.034600 0.050400 0.083400 0.054400 0.046700 0.054400 0.050400 0.038700 0.050300 0.046500 0.042300 0.034600 0.042300 0.046300 0.042500 0.046700 0.038600 0.046400 0.058300 0.054300 0.046400 0.030700 0.058400 0.042700 0.038500 0.046700 0.046400 0.046500 0.054500 0.050400 0.030600 0.042500 0.046400 0.038500 0.042500 0.054300 0.050300 0.034600 0.050400 0.050200 0.050600 0.050600 0.070500 0.038600 0.034500 0.000000 0.050700 0.042700
Bushbuck 0.042300 0.136300 0.011400 0.149000 0.038800 0.046400 0.084200 0.050800 0.003700 0.058900 0.038800 0.035000 0.046700 0.055000 0.046600 0.038900 0.054800 0.050800 0.030900 0.003700 0.042900 0.042800 0.062900 0.067000 0.034800 0.034900 0.046700 0.007500 0.042800 0.003800 0.050800 0.046900 0.058600 0.046700 0.042700 0.031000 0.034800 0.042800 0.054900 0.058900 0.062900 0.038900 0.054900 0.062800 0.038900 0.051100 0.083400 0.050900 0.038700 0.050700 0.000000 0.007500
GreaterKud 0.042300 0.136300 0.011400 0.149000 0.038800 0.046400 0.084200 0.050800 0.003700 0.058800 0.038800 0.035000 0.046700 0.055000 0.046600 0.038900 0.062800 0.058800 0.030900 0.003700 0.042900 0.042800 0.062900 0.067000 0.034800 0.034900 0.046700 0.007600 0.042800 0.003700 0.050800 0.046900 0.058600 0.046700 0.042700 0.031000 0.034800 0.042800 0.054900 0.058900 0.062900 0.038900 0.054900 0.062800 0.038900 0.051100 0.083400 0.050900 0.038700 0.042700 0.007500 0.000000
