1
52 1
Argali 0.000000 0.020800 0.002900 0.022200 0.001500 0.001500 0.000000 0.000000 0.002900 0.008800 0.000000 0.002900 0.000000 0.001500 0.002900 0.002900 0.005900 0.002900 0.000000 0.002900 0.001500 0.001500 0.005900 0.002900 0.000000 0.002900 0.000000 0.002900 0.003000 0.002900 0.005900 0.000000 0.007300 0.000100 0.002900 0.004400 0.002900 0.002900 0.002900 0.007300 0.005900 0.001500 0.007400 0.005900 0.002900 0.002900 0.000100 0.007400 0.004400 0.004400 0.002900 0.004400
LesserMous 0.020800 0.000000 0.020700 0.027100 0.022200 0.022300 0.020800 0.020800 0.020800 0.024200 0.020800 0.020800 0.020800 0.022300 0.023800 0.020800 0.023800 0.020700 0.020800 0.020700 0.022300 0.022300 0.023800 0.020700 0.020800 0.020800 0.020800 0.020800 0.020800 0.020800 0.021100 0.020700 0.022200 0.020800 0.023800 0.025300 0.022300 0.020700 0.023800 0.023700 0.020800 0.019300 0.022700 0.020700 0.023800 0.023800 0.020800 0.019300 0.025300 0.022200 0.020800 0.022300
LesserKudu 0.002900 0.020700 0.000000 0.025100 0.004400 0.004400 0.002900 0.002900 0.000000 0.008800 0.002900 0.002900 0.002900 0.004400 0.005900 0.005900 0.005900 0.002900 0.002900 0.000000 0.004400 0.004400 0.005900 0.002900 0.003000 0.005900 0.002900 0.000000 0.005900 0.000000 0.005900 0.002900 0.010200 0.002900 0.005900 0.007300 0.005900 0.002900 0.005900 0.007300 0.005900 0.004400 0.007300 0.005900 0.005900 0.005900 0.002900 0.007300 0.007300 0.004400 0.000000 0.001500
KillerWhal 0.022200 0.027100 0.025100 0.000000 0.023600 0.023700 0.022200 0.022200 0.025200 0.028100 0.022200 0.025200 0.022200 0.023600 0.025200 0.025200 0.028200 0.025000 0.022200 0.025100 0.023600 0.023700 0.028200 0.025100 0.022200 0.025200 0.022200 0.025200 0.025200 0.025100 0.025100 0.022100 0.026600 0.022200 0.025200 0.026700 0.025200 0.025100 0.025200 0.029600 0.027100 0.023700 0.026700 0.027000 0.025200 0.025200 0.022200 0.026700 0.026700 0.026700 0.025100 0.026700
DefassaWat 0.001500 0.022200 0.004400 0.023600 0.000000 0.002900 0.001500 0.001500 0.004400 0.010300 0.001500 0.004400 0.001500 0.002900 0.004400 0.004400 0.007300 0.004400 0.001500 0.004400 0.002900 0.000100 0.007300 0.004400 0.001500 0.004400 0.001500 0.004400 0.004400 0.004400 0.007300 0.001500 0.008800 0.001500 0.004400 0.005900 0.004400 0.004400 0.004400 0.008800 0.007300 0.002900 0.008800 0.007300 0.004400 0.004400 0.001500 0.008800 0.005900 0.005900 0.004400 0.005900
Sheep 0.001500 0.022300 0.004400 0.023700 0.002900 0.000000 0.001500 0.001500 0.004400 0.010300 0.001500 0.004400 0.001500 0.002900 0.004400 0.004400 0.007300 0.004400 0.001500 0.004400 0.002900 0.002900 0.007300 0.004400 0.001500 0.004400 0.001500 0.004400 0.004400 0.004400 0.007300 0.001500 0.008800 0.001500 0.004400 0.005900 0.004400 0.004400 0.004400 0.008800 0.007400 0.002900 0.008800 0.007300 0.004400 0.004400 0.001500 0.008800 0.005900 0.005900 0.004400 0.005900
MaxwellsDu 0.000000 0.020800 0.002900 0.022200 0.001500 0.001500 0.000000 0.000000 0.002900 0.008800 0.000000 0.002900 0.000000 0.001500 0.002900 0.002900 0.005900 0.002900 0.000000 0.002900 0.001500 0.001500 0.005900 0.002900 0.000000 0.002900 0.000000 0.002900 0.002900 0.002900 0.005900 0.000000 0.007300 0.000000 0.002900 0.004400 0.002900 0.002900 0.002900 0.007300 0.005900 0.001500 0.007300 0.005900 0.002900 0.002900 0.000000 0.007400 0.004400 0.004400 0.002900 0.004400
GazellaPrz 0.000000 0.020800 0.002900 0.022200 0.001500 0.001500 0.000000 0.000000 0.002900 0.008800 0.000000 0.002900 0.000000 0.001500 0.002900 0.002900 0.005900 0.002900 0.000000 0.002900 0.001500 0.001500 0.005900 0.002900 0.000100 0.002900 0.000100 0.002900 0.002900 0.002900 0.005900 0.000000 0.007300 0.000100 0.002900 0.004400 0.002900 0.002900 0.002900 0.007300 0.005900 0.001500 0.007400 0.005900 0.002900 0.002900 0.000000 0.007400 0.004400 0.004400 0.002900 0.004400
MountainNy 0.002900 0.020800 0.000000 0.025200 0.004400 0.004400 0.002900 0.002900 0.000000 0.008800 0.002900 0.002900 0.002900 0.004400 0.005900 0.005900 0.005900 0.002900 0.002900 0.000000 0.004400 0.004400 0.005900 0.002900 0.003000 0.005900 0.002900 0.000000 0.005900 0.000000 0.005900 0.002900 0.010300 0.002900 0.005900 0.007400 0.005900 0.002900 0.005900 0.007300 0.005900 0.004400 0.007400 0.005900 0.005900 0.005900 0.002900 0.007400 0.007400 0.004400 0.000000 0.001500
MuntiacusM 0.008800 0.024200 0.008800 0.028100 0.010300 0.010300 0.008800 0.008800 0.008800 0.000000 0.008800 0.005900 0.008800 0.010300 0.011800 0.011800 0.011800 0.005800 0.008800 0.008800 0.010300 0.010300 0.011800 0.008800 0.008800 0.011800 0.008800 0.008800 0.011800 0.008800 0.002900 0.008800 0.016200 0.008800 0.011800 0.013300 0.011800 0.008800 0.011800 0.013200 0.011800 0.010300 0.004400 0.011800 0.011800 0.011800 0.008800 0.013300 0.013300 0.010300 0.008800 0.010300
goat 0.000000 0.020800 0.002900 0.022200 0.001500 0.001500 0.000000 0.000000 0.002900 0.008800 0.000000 0.002900 0.000000 0.001500 0.002900 0.002900 0.005900 0.002900 0.000000 0.002900 0.001500 0.001500 0.005900 0.002900 0.000000 0.002900 0.000100 0.002900 0.002900 0.002900 0.005900 0.000000 0.007300 0.000100 0.002900 0.004400 0.002900 0.002900 0.002900 0.007300 0.005900 0.001500 0.007300 0.005900 0.002900 0.002900 0.000100 0.007400 0.004400 0.004400 0.002900 0.004400
AfricanBuf 0.002900 0.020800 0.002900 0.025200 0.004400 0.004400 0.002900 0.002900 0.002900 0.005900 0.002900 0.000000 0.002900 0.004400 0.005900 0.005900 0.005900 0.002900 0.002900 0.002900 0.004400 0.004400 0.005900 0.002900 0.002900 0.005900 0.002900 0.002900 0.005900 0.002900 0.002900 0.002900 0.010300 0.002900 0.005900 0.007400 0.005900 0.002900 0.005900 0.007300 0.005900 0.004400 0.004400 0.005900 0.005900 0.005900 0.002900 0.007400 0.007400 0.004400 0.002900 0.004400
Topi 0.000000 0.020800 0.002900 0.022200 0.001500 0.001500 0.000000 0.000000 0.002900 0.008800 0.000000 0.002900 0.000000 0.001500 0.002900 0.002900 0.005900 0.002900 0.000000 0.002900 0.001500 0.001500 0.005900 0.002900 0.000100 0.002900 0.000000 0.002900 0.003000 0.002900 0.005900 0.000000 0.007300 0.000000 0.002900 0.004400 0.002900 0.002900 0.002900 0.007400 0.005900 0.001500 0.007400 0.005900 0.002900 0.002900 0.000100 0.007400 0.004400 0.004400 0.002900 0.004400
CommonDuik 0.001500 0.022300 0.004400 0.023600 0.002900 0.002900 0.001500 0.001500 0.004400 0.010300 0.001500 0.004400 0.001500 0.000000 0.004400 0.004400 0.007300 0.004400 0.001500 0.004400 0.002900 0.002900 0.007300 0.004400 0.001500 0.004400 0.001500 0.004400 0.004400 0.004400 0.007300 0.001500 0.008800 0.001500 0.004400 0.005900 0.004400 0.004400 0.004400 0.008800 0.007300 0.002900 0.008800 0.007300 0.004400 0.004400 0.001500 0.008800 0.005900 0.005900 0.004400 0.002900
Suni 0.002900 0.023800 0.005900 0.025200 0.004400 0.004400 0.002900 0.002900 0.005900 0.011800 0.002900 0.005900 0.002900 0.004400 0.000000 0.005900 0.008800 0.005900 0.002900 0.005900 0.004400 0.004400 0.005900 0.005900 0.002900 0.005900 0.002900 0.005900 0.005900 0.005900 0.008800 0.002900 0.010300 0.002900 0.005900 0.007400 0.005900 0.005900 0.005900 0.010300 0.005900 0.004400 0.010300 0.008800 0.005900 0.005900 0.002900 0.010300 0.007400 0.007300 0.005900 0.007400
Springbuck 0.002900 0.020800 0.005900 0.025200 0.004400 0.004400 0.002900 0.002900 0.005900 0.011800 0.002900 0.005900 0.002900 0.004400 0.005900 0.000000 0.008800 0.005900 0.002900 0.005900 0.004400 0.004400 0.008800 0.005900 0.002900 0.002900 0.002900 0.005900 0.000000 0.005900 0.008800 0.002900 0.010300 0.002900 0.005900 0.007400 0.005900 0.005900 0.005900 0.010300 0.008900 0.001500 0.010300 0.008800 0.005900 0.005900 0.002900 0.010300 0.007400 0.007300 0.005900 0.007400
Okapi 0.005900 0.023800 0.005900 0.028200 0.007300 0.007300 0.005900 0.005900 0.005900 0.011800 0.005900 0.005900 0.005900 0.007300 0.008800 0.008800 0.000000 0.005800 0.005900 0.005900 0.007300 0.007400 0.008800 0.005900 0.005900 0.008800 0.005900 0.005900 0.008900 0.005900 0.008800 0.005900 0.013200 0.005900 0.008800 0.010400 0.008800 0.005900 0.008800 0.010300 0.008800 0.007300 0.010300 0.008800 0.008800 0.008800 0.005900 0.010300 0.010300 0.007300 0.005900 0.007300
Giraffe 0.002900 0.020700 0.002900 0.025000 0.004400 0.004400 0.002900 0.002900 0.002900 0.005800 0.002900 0.002900 0.002900 0.004400 0.005900 0.005900 0.005800 0.000000 0.002900 0.002900 0.004400 0.004400 0.005800 0.002900 0.002900 0.005900 0.002900 0.002900 0.005900 0.002900 0.002900 0.002900 0.010200 0.002900 0.005900 0.007400 0.005800 0.002900 0.005800 0.007300 0.005800 0.004400 0.004400 0.005800 0.005800 0.005800 0.002900 0.007300 0.007300 0.004400 0.002900 0.004400
TibetanAnt 0.000000 0.020800 0.002900 0.022200 0.001500 0.001500 0.000000 0.000000 0.002900 0.008800 0.000000 0.002900 0.000000 0.001500 0.002900 0.002900 0.005900 0.002900 0.000000 0.002900 0.001500 0.001500 0.005900 0.002900 0.000000 0.002900 0.000000 0.002900 0.002900 0.002900 0.005900 0.000000 0.007300 0.000000 0.002900 0.004400 0.002900 0.002900 0.002900 0.007300 0.005900 0.001500 0.007400 0.005900 0.002900 0.002900 0.000000 0.007400 0.004400 0.004400 0.002900 0.004400
Sitatunga 0.002900 0.020700 0.000000 0.025100 0.004400 0.004400 0.002900 0.002900 0.000000 0.008800 0.002900 0.002900 0.002900 0.004400 0.005900 0.005900 0.005900 0.002900 0.002900 0.000000 0.004400 0.004400 0.005900 0.002900 0.003000 0.005900 0.002900 0.000000 0.005900 0.000000 0.005900 0.002900 0.010200 0.002900 0.005900 0.007300 0.005900 0.002900 0.005900 0.007300 0.005900 0.004400 0.007300 0.005800 0.005900 0.005900 0.002900 0.007300 0.007300 0.004400 0.000000 0.001500
Oribi 0.001500 0.022300 0.004400 0.023600 0.002900 0.002900 0.001500 0.001500 0.004400 0.010300 0.001500 0.004400 0.001500 0.002900 0.004400 0.004400 0.007300 0.004400 0.001500 0.004400 0.000000 0.002900 0.007300 0.004400 0.001500 0.004400 0.001500 0.004400 0.004400 0.004400 0.007300 0.001500 0.008800 0.001500 0.004400 0.005900 0.004400 0.004400 0.004400 0.008800 0.007300 0.002900 0.008800 0.007300 0.004400 0.004400 0.001500 0.008800 0.005900 0.005900 0.004400 0.005900
BarbaryShe 0.001500 0.022300 0.004400 0.023700 0.000100 0.002900 0.001500 0.001500 0.004400 0.010300 0.001500 0.004400 0.001500 0.002900 0.004400 0.004400 0.007400 0.004400 0.001500 0.004400 0.002900 0.000000 0.007400 0.004400 0.001500 0.004400 0.001500 0.004400 0.004400 0.004400 0.007400 0.001500 0.008800 0.001500 0.004400 0.005900 0.004400 0.004400 0.004400 0.008800 0.007400 0.002900 0.008800 0.007400 0.004400 0.004400 0.001500 0.008900 0.005900 0.005900 0.004400 0.005900
Daviddeer 0.005900 0.023800 0.005900 0.028200 0.007300 0.007300 0.005900 0.005900 0.005900 0.011800 0.005900 0.005900 0.005900 0.007300 0.005900 0.008800 0.008800 0.005800 0.005900 0.005900 0.007300 0.007400 0.000000 0.005900 0.005900 0.008800 0.005900 0.005900 0.008900 0.005900 0.008800 0.005900 0.013200 0.005900 0.008800 0.010300 0.008800 0.005900 0.008800 0.007400 0.002900 0.007400 0.010300 0.008800 0.008800 0.008800 0.005900 0.010300 0.010300 0.007300 0.005900 0.007300
Reindeer 0.002900 0.020700 0.002900 0.025100 0.004400 0.004400 0.002900 0.002900 0.002900 0.008800 0.002900 0.002900 0.002900 0.004400 0.005900 0.005900 0.005900 0.002900 0.002900 0.002900 0.004400 0.004400 0.005900 0.000000 0.002900 0.005900 0.002900 0.002900 0.005900 0.002900 0.005900 0.002900 0.010200 0.002900 0.005900 0.007300 0.005900 0.002900 0.005900 0.007300 0.005900 0.004400 0.007300 0.002900 0.005900 0.005900 0.002900 0.007300 0.007300 0.004400 0.002900 0.004400
Ibex 0.000000 0.020800 0.003000 0.022200 0.001500 0.001500 0.000000 0.000100 0.003000 0.008800 0.000000 0.002900 0.000100 0.001500 0.002900 0.002900 0.005900 0.002900 0.000000 0.003000 0.001500 0.001500 0.005900 0.002900 0.000000 0.002900 0.000100 0.003000 0.002900 0.003000 0.005900 0.000000 0.007300 0.000100 0.002900 0.004400 0.002900 0.002900 0.002900 0.007300 0.005900 0.001500 0.007300 0.005900 0.002900 0.002900 0.000100 0.007400 0.004400 0.004400 0.003000 0.004500
GyrantGaze 0.002900 0.020800 0.005900 0.025200 0.004400 0.004400 0.002900 0.002900 0.005900 0.011800 0.002900 0.005900 0.002900 0.004400 0.005900 0.002900 0.008800 0.005900 0.002900 0.005900 0.004400 0.004400 0.008800 0.005900 0.002900 0.000000 0.002900 0.005900 0.002900 0.005900 0.008800 0.002900 0.010300 0.002900 0.005900 0.007400 0.005900 0.005900 0.005900 0.010300 0.008900 0.001500 0.010300 0.008800 0.005900 0.005900 0.002900 0.010300 0.007400 0.007300 0.005900 0.007400
Hartebeest 0.000000 0.020800 0.002900 0.022200 0.001500 0.001500 0.000000 0.000100 0.002900 0.008800 0.000100 0.002900 0.000000 0.001500 0.002900 0.002900 0.005900 0.002900 0.000000 0.002900 0.001500 0.001500 0.005900 0.002900 0.000100 0.002900 0.000000 0.002900 0.003000 0.002900 0.005900 0.000100 0.007400 0.000000 0.002900 0.004400 0.002900 0.002900 0.002900 0.007400 0.005900 0.001500 0.007400 0.005900 0.002900 0.002900 0.000100 0.007400 0.004400 0.004400 0.002900 0.004400
Bongo 0.002900 0.020800 0.000000 0.025200 0.004400 0.004400 0.002900 0.002900 0.000000 0.008800 0.002900 0.002900 0.002900 0.004400 0.005900 0.005900 0.005900 0.002900 0.002900 0.000000 0.004400 0.004400 0.005900 0.002900 0.003000 0.005900 0.002900 0.000000 0.005900 0.000000 0.005900 0.002900 0.010300 0.002900 0.005900 0.007400 0.005900 0.002900 0.005900 0.007300 0.005900 0.004400 0.007400 0.005900 0.005900 0.005900 0.002900 0.007400 0.007400 0.004400 0.000000 0.001500
Gerenuk 0.003000 0.020800 0.005900 0.025200 0.004400 0.004400 0.002900 0.002900 0.005900 0.011800 0.002900 0.005900 0.003000 0.004400 0.005900 0.000000 0.008900 0.005900 0.002900 0.005900 0.004400 0.004400 0.008900 0.005900 0.002900 0.002900 0.003000 0.005900 0.000000 0.005900 0.008800 0.002900 0.010300 0.002900 0.005900 0.007400 0.005900 0.005900 0.005900 0.010300 0.008900 0.001500 0.010300 0.008800 0.005900 0.005900 0.002900 0.010400 0.007400 0.007400 0.005900 0.007400
CommonElan 0.002900 0.020800 0.000000 0.025100 0.004400 0.004400 0.002900 0.002900 0.000000 0.008800 0.002900 0.002900 0.002900 0.004400 0.005900 0.005900 0.005900 0.002900 0.002900 0.000000 0.004400 0.004400 0.005900 0.002900 0.003000 0.005900 0.002900 0.000000 0.005900 0.000000 0.005900 0.002900 0.010300 0.002900 0.005900 0.007400 0.005900 0.002900 0.005900 0.007300 0.005900 0.004400 0.007300 0.005900 0.005900 0.005900 0.002900 0.007400 0.007400 0.004400 0.000000 0.001500
MuntiacusR 0.005900 0.021100 0.005900 0.025100 0.007300 0.007300 0.005900 0.005900 0.005900 0.002900 0.005900 0.002900 0.005900 0.007300 0.008800 0.008800 0.008800 0.002900 0.005900 0.005900 0.007300 0.007400 0.008800 0.005900 0.005900 0.008800 0.005900 0.005900 0.008800 0.005900 0.000000 0.005900 0.013200 0.005900 0.008800 0.010300 0.008800 0.005900 0.008800 0.010300 0.008800 0.007300 0.001500 0.008800 0.008800 0.008800 0.005900 0.010300 0.010300 0.007300 0.005900 0.007300
HarveysDui 0.000000 0.020700 0.002900 0.022100 0.001500 0.001500 0.000000 0.000000 0.002900 0.008800 0.000000 0.002900 0.000000 0.001500 0.002900 0.002900 0.005900 0.002900 0.000000 0.002900 0.001500 0.001500 0.005900 0.002900 0.000000 0.002900 0.000100 0.002900 0.002900 0.002900 0.005900 0.000000 0.007300 0.000100 0.002900 0.004400 0.002900 0.002900 0.002900 0.007300 0.005900 0.001500 0.007300 0.005900 0.002900 0.002900 0.000000 0.007400 0.004400 0.004400 0.002900 0.004400
Pronghorn 0.007300 0.022200 0.010200 0.026600 0.008800 0.008800 0.007300 0.007300 0.010300 0.016200 0.007300 0.010300 0.007300 0.008800 0.010300 0.010300 0.013200 0.010200 0.007300 0.010200 0.008800 0.008800 0.013200 0.010200 0.007300 0.010300 0.007400 0.010300 0.010300 0.010300 0.013200 0.007300 0.000000 0.007300 0.010300 0.011800 0.010300 0.010300 0.010300 0.010300 0.013200 0.008800 0.014700 0.013200 0.010300 0.010300 0.007300 0.011800 0.011800 0.011700 0.010300 0.011700
BlueWildeb 0.000100 0.020800 0.002900 0.022200 0.001500 0.001500 0.000000 0.000100 0.002900 0.008800 0.000100 0.002900 0.000000 0.001500 0.002900 0.002900 0.005900 0.002900 0.000000 0.002900 0.001500 0.001500 0.005900 0.002900 0.000100 0.002900 0.000000 0.002900 0.002900 0.002900 0.005900 0.000100 0.007300 0.000000 0.002900 0.004400 0.002900 0.002900 0.002900 0.007300 0.005900 0.001500 0.007300 0.005900 0.002900 0.002900 0.000100 0.007400 0.004400 0.004400 0.002900 0.004400
Gemsbok 0.002900 0.023800 0.005900 0.025200 0.004400 0.004400 0.002900 0.002900 0.005900 0.011800 0.002900 0.005900 0.002900 0.004400 0.005900 0.005900 0.008800 0.005900 0.002900 0.005900 0.004400 0.004400 0.008800 0.005900 0.002900 0.005900 0.002900 0.005900 0.005900 0.005900 0.008800 0.002900 0.010300 0.002900 0.000000 0.007400 0.005900 0.005900 0.005900 0.010300 0.008900 0.004400 0.010300 0.008800 0.005900 0.005900 0.002900 0.010400 0.007400 0.007300 0.005900 0.007400
Yak 0.004400 0.025300 0.007300 0.026700 0.005900 0.005900 0.004400 0.004400 0.007400 0.013300 0.004400 0.007400 0.004400 0.005900 0.007400 0.007400 0.010400 0.007400 0.004400 0.007300 0.005900 0.005900 0.010300 0.007300 0.004400 0.007400 0.004400 0.007400 0.007400 0.007400 0.010300 0.004400 0.011800 0.004400 0.007400 0.000000 0.007400 0.007300 0.007400 0.011800 0.010300 0.005900 0.011800 0.010300 0.001500 0.007400 0.004400 0.011800 0.008900 0.008800 0.007400 0.008800
BlueSheep 0.002900 0.022300 0.005900 0.025200 0.004400 0.004400 0.002900 0.002900 0.005900 0.011800 0.002900 0.005900 0.002900 0.004400 0.005900 0.005900 0.008800 0.005800 0.002900 0.005900 0.004400 0.004400 0.008800 0.005900 0.002900 0.005900 0.002900 0.005900 0.005900 0.005900 0.008800 0.002900 0.010300 0.002900 0.005900 0.007400 0.000000 0.005900 0.005900 0.010300 0.008800 0.004400 0.010300 0.008800 0.005900 0.005900 0.002900 0.010300 0.007400 0.007300 0.005900 0.007300
BohorReedb 0.002900 0.020700 0.002900 0.025100 0.004400 0.004400 0.002900 0.002900 0.002900 0.008800 0.002900 0.002900 0.002900 0.004400 0.005900 0.005900 0.005900 0.002900 0.002900 0.002900 0.004400 0.004400 0.005900 0.002900 0.002900 0.005900 0.002900 0.002900 0.005900 0.002900 0.005900 0.002900 0.010300 0.002900 0.005900 0.007300 0.005900 0.000000 0.005900 0.007300 0.005900 0.004400 0.007300 0.005900 0.005900 0.005900 0.002900 0.007400 0.007300 0.004400 0.002900 0.004400
KirksDik 0.002900 0.023800 0.005900 0.025200 0.004400 0.004400 0.002900 0.002900 0.005900 0.011800 0.002900 0.005900 0.002900 0.004400 0.005900 0.005900 0.008800 0.005800 0.002900 0.005900 0.004400 0.004400 0.008800 0.005900 0.002900 0.005900 0.002900 0.005900 0.005900 0.005900 0.008800 0.002900 0.010300 0.002900 0.005900 0.007400 0.005900 0.005900 0.000000 0.010300 0.008800 0.004400 0.010300 0.008800 0.005900 0.005900 0.002900 0.010300 0.007400 0.007300 0.005900 0.007400
RoeDeer 0.007300 0.023700 0.007300 0.029600 0.008800 0.008800 0.007300 0.007300 0.007300 0.013200 0.007300 0.007300 0.007400 0.008800 0.010300 0.010300 0.010300 0.007300 0.007300 0.007300 0.008800 0.008800 0.007400 0.007300 0.007300 0.010300 0.007400 0.007300 0.010300 0.007300 0.010300 0.007300 0.010300 0.007300 0.010300 0.011800 0.010300 0.007300 0.010300 0.000000 0.007400 0.008800 0.011700 0.010300 0.010300 0.010300 0.007300 0.010300 0.011800 0.008800 0.007300 0.008800
WhiteLippe 0.005900 0.020800 0.005900 0.027100 0.007300 0.007400 0.005900 0.005900 0.005900 0.011800 0.005900 0.005900 0.005900 0.007300 0.005900 0.008900 0.008800 0.005800 0.005900 0.005900 0.007300 0.007400 0.002900 0.005900 0.005900 0.008900 0.005900 0.005900 0.008900 0.005900 0.008800 0.005900 0.013200 0.005900 0.008900 0.010300 0.008800 0.005900 0.008800 0.007400 0.000000 0.007400 0.010300 0.005900 0.008800 0.008800 0.005900 0.010300 0.010300 0.007300 0.005900 0.007400
ThomsonGaz 0.001500 0.019300 0.004400 0.023700 0.002900 0.002900 0.001500 0.001500 0.004400 0.010300 0.001500 0.004400 0.001500 0.002900 0.004400 0.001500 0.007300 0.004400 0.001500 0.004400 0.002900 0.002900 0.007400 0.004400 0.001500 0.001500 0.001500 0.004400 0.001500 0.004400 0.007300 0.001500 0.008800 0.001500 0.004400 0.005900 0.004400 0.004400 0.004400 0.008800 0.007400 0.000000 0.008800 0.007300 0.004400 0.004400 0.001500 0.008900 0.005900 0.005900 0.004400 0.005900
MuntiacusC 0.007400 0.022700 0.007300 0.026700 0.008800 0.008800 0.007300 0.007400 0.007400 0.004400 0.007300 0.004400 0.007400 0.008800 0.010300 0.010300 0.010300 0.004400 0.007400 0.007300 0.008800 0.008800 0.010300 0.007300 0.007300 0.010300 0.007400 0.007400 0.010300 0.007300 0.001500 0.007300 0.014700 0.007300 0.010300 0.011800 0.010300 0.007300 0.010300 0.011700 0.010300 0.008800 0.000000 0.010300 0.010300 0.010300 0.007400 0.011800 0.011800 0.008800 0.007300 0.008800
WhiteTaile 0.005900 0.020700 0.005900 0.027000 0.007300 0.007300 0.005900 0.005900 0.005900 0.011800 0.005900 0.005900 0.005900 0.007300 0.008800 0.008800 0.008800 0.005800 0.005900 0.005800 0.007300 0.007400 0.008800 0.002900 0.005900 0.008800 0.005900 0.005900 0.008800 0.005900 0.008800 0.005900 0.013200 0.005900 0.008800 0.010300 0.008800 0.005900 0.008800 0.010300 0.005900 0.007300 0.010300 0.000000 0.008800 0.008800 0.005900 0.010300 0.010300 0.007300 0.005900 0.007300
Cattle 0.002900 0.023800 0.005900 0.025200 0.004400 0.004400 0.002900 0.002900 0.005900 0.011800 0.002900 0.005900 0.002900 0.004400 0.005900 0.005900 0.008800 0.005800 0.002900 0.005900 0.004400 0.004400 0.008800 0.005900 0.002900 0.005900 0.002900 0.005900 0.005900 0.005900 0.008800 0.002900 0.010300 0.002900 0.005900 0.001500 0.005900 0.005900 0.005900 0.010300 0.008800 0.004400 0.010300 0.008800 0.000000 0.005900 0.002900 0.010300 0.007400 0.007300 0.005900 0.007400
RoyalAntel 0.002900 0.023800 0.005900 0.025200 0.004400 0.004400 0.002900 0.002900 0.005900 0.011800 0.002900 0.005900 0.002900 0.004400 0.005900 0.005900 0.008800 0.005800 0.002900 0.005900 0.004400 0.004400 0.008800 0.005900 0.002900 0.005900 0.002900 0.005900 0.005900 0.005900 0.008800 0.002900 0.010300 0.002900 0.005900 0.007400 0.005900 0.005900 0.005900 0.010300 0.008800 0.004400 0.010300 0.008800 0.005900 0.000000 0.002900 0.010300 0.004400 0.007300 0.005900 0.007300
Steenbok 0.000100 0.020800 0.002900 0.022200 0.001500 0.001500 0.000000 0.000000 0.002900 0.008800 0.000100 0.002900 0.000100 0.001500 0.002900 0.002900 0.005900 0.002900 0.000000 0.002900 0.001500 0.001500 0.005900 0.002900 0.000100 0.002900 0.000100 0.002900 0.002900 0.002900 0.005900 0.000000 0.007300 0.000100 0.002900 0.004400 0.002900 0.002900 0.002900 0.007300 0.005900 0.001500 0.007400 0.005900 0.002900 0.002900 0.000000 0.007400 0.004400 0.004400 0.002900 0.004400
Impala 0.007400 0.019300 0.007300 0.026700 0.008800 0.008800 0.007400 0.007400 0.007400 0.013300 0.007400 0.007400 0.007400 0.008800 0.010300 0.010300 0.010300 0.007300 0.007400 0.007300 0.008800 0.008900 0.010300 0.007300 0.007400 0.010300 0.007400 0.007400 0.010400 0.007400 0.010300 0.007400 0.011800 0.007400 0.010400 0.011800 0.010300 0.007400 0.010300 0.010300 0.010300 0.008900 0.011800 0.010300 0.010300 0.010300 0.007400 0.000000 0.011800 0.008800 0.007400 0.008800
Klipspring 0.004400 0.025300 0.007300 0.026700 0.005900 0.005900 0.004400 0.004400 0.007400 0.013300 0.004400 0.007400 0.004400 0.005900 0.007400 0.007400 0.010300 0.007300 0.004400 0.007300 0.005900 0.005900 0.010300 0.007300 0.004400 0.007400 0.004400 0.007400 0.007400 0.007400 0.010300 0.004400 0.011800 0.004400 0.007400 0.008900 0.007400 0.007300 0.007400 0.011800 0.010300 0.005900 0.011800 0.010300 0.007400 0.004400 0.004400 0.011800 0.000000 0.008800 0.007400 0.008800
ForestMusk 0.004400 0.022200 0.004400 0.026700 0.005900 0.005900 0.004400 0.004400 0.004400 0.010300 0.004400 0.004400 0.004400 0.005900 0.007300 0.007300 0.007300 0.004400 0.004400 0.004400 0.005900 0.005900 0.007300 0.004400 0.004400 0.007300 0.004400 0.004400 0.007400 0.004400 0.007300 0.004400 0.011700 0.004400 0.007300 0.008800 0.007300 0.004400 0.007300 0.008800 0.007300 0.005900 0.008800 0.007300 0.007300 0.007300 0.004400 0.008800 0.008800 0.000000 0.004400 0.005900
Bushbuck 0.002900 0.020800 0.000000 0.025100 0.004400 0.004400 0.002900 0.002900 0.000000 0.008800 0.002900 0.002900 0.002900 0.004400 0.005900 0.005900 0.005900 0.002900 0.002900 0.000000 0.004400 0.004400 0.005900 0.002900 0.003000 0.005900 0.002900 0.000000 0.005900 0.000000 0.005900 0.002900 0.010300 0.002900 0.005900 0.007400 0.005900 0.002900 0.005900 0.007300 0.005900 0.004400 0.007300 0.005900 0.005900 0.005900 0.002900 0.007400 0.007400 0.004400 0.000000 0.001500
GreaterKud 0.004400 0.022300 0.001500 0.026700 0.005900 0.005900 0.004400 0.004400 0.001500 0.010300 0.004400 0.004400 0.004400 0.002900 0.007400 0.007400 0.007300 0.004400 0.004400 0.001500 0.005900 0.005900 0.007300 0.004400 0.004500 0.007400 0.004400 0.001500 0.007400 0.001500 0.007300 0.004400 0.011700 0.004400 0.007400 0.008800 0.007300 0.004400 0.007400 0.008800 0.007400 0.005900 0.008800 0.007300 0.007400 0.007300 0.004400 0.008800 0.008800 0.005900 0.001500 0.000000
