1
52 1
Argali 0.000000 0.271700 0.106500 0.299100 0.106900 0.007600 0.098400 0.098300 0.134500 0.144300 0.022900 0.107400 0.055900 0.098400 0.125000 0.106200 0.098100 0.124400 0.039300 0.116200 0.098700 0.030800 0.135100 0.133600 0.015200 0.115200 0.055900 0.125600 0.097700 0.115800 0.153800 0.081100 0.134400 0.072600 0.055700 0.115900 0.015100 0.089700 0.081000 0.135400 0.135100 0.106300 0.153800 0.142800 0.107000 0.107700 0.089700 0.106200 0.081800 0.115200 0.115800 0.115800
LesserMous 0.271700 0.000000 0.244800 0.266800 0.289500 0.260500 0.258100 0.279200 0.258500 0.271500 0.249400 0.247100 0.270800 0.257700 0.290100 0.264800 0.225400 0.256800 0.236500 0.257300 0.236200 0.270200 0.260000 0.236100 0.249500 0.233100 0.270800 0.269800 0.254100 0.256800 0.283000 0.247300 0.236300 0.293500 0.246600 0.257300 0.249500 0.268000 0.256900 0.258600 0.260000 0.243600 0.283000 0.246600 0.246200 0.227100 0.267800 0.264800 0.226100 0.255600 0.256800 0.256800
LesserKudu 0.106500 0.244800 0.000000 0.229900 0.096300 0.097800 0.055000 0.071300 0.023300 0.063700 0.089100 0.047100 0.080500 0.055000 0.096600 0.095700 0.071600 0.063300 0.080000 0.007700 0.071500 0.106200 0.055500 0.054900 0.089200 0.104500 0.080500 0.031200 0.087600 0.007600 0.072100 0.047000 0.105500 0.080600 0.063200 0.038900 0.089200 0.079600 0.071300 0.055700 0.055500 0.096000 0.072100 0.063100 0.031000 0.080500 0.055000 0.079200 0.072100 0.054800 0.007600 0.007600
KillerWhal 0.299100 0.266800 0.229900 0.000000 0.240400 0.287700 0.221700 0.241200 0.264000 0.222400 0.276100 0.211900 0.254500 0.242000 0.262500 0.259500 0.231400 0.230800 0.274100 0.242000 0.221400 0.297200 0.233800 0.221300 0.276300 0.270600 0.254500 0.253800 0.249200 0.241300 0.233000 0.231800 0.285800 0.276200 0.251500 0.221500 0.276300 0.241100 0.230600 0.265800 0.233800 0.259600 0.233000 0.231700 0.211300 0.221600 0.231200 0.259700 0.220800 0.230100 0.241300 0.241300
DefassaWat 0.106900 0.289500 0.096300 0.240400 0.000000 0.098200 0.071800 0.055100 0.123400 0.106400 0.089500 0.080100 0.064000 0.055400 0.080000 0.096100 0.088500 0.079900 0.080200 0.105700 0.071800 0.106600 0.097800 0.105300 0.089500 0.104900 0.064000 0.114800 0.087900 0.105300 0.115300 0.063500 0.131300 0.080900 0.063400 0.088300 0.089500 0.015100 0.055100 0.106700 0.097800 0.096300 0.115300 0.114000 0.079900 0.098000 0.063300 0.096300 0.072400 0.105000 0.105300 0.105300
Sheep 0.007600 0.260500 0.097800 0.287700 0.098200 0.000000 0.089700 0.089700 0.125400 0.135100 0.015400 0.098600 0.047700 0.089800 0.116100 0.097500 0.089500 0.115600 0.031300 0.107400 0.090000 0.023100 0.125900 0.124600 0.007600 0.106400 0.047700 0.116700 0.089100 0.107000 0.144400 0.072700 0.125300 0.064300 0.047500 0.107000 0.007600 0.081100 0.072500 0.126300 0.125900 0.097600 0.144400 0.133600 0.098300 0.099000 0.081200 0.097600 0.073200 0.106500 0.107000 0.107000
MaxwellsDu 0.098400 0.258100 0.055000 0.221700 0.071800 0.089700 0.000000 0.047300 0.072200 0.056000 0.081000 0.055600 0.056000 0.030100 0.072100 0.071500 0.063800 0.072000 0.072200 0.063700 0.047500 0.098000 0.047800 0.047300 0.081100 0.080000 0.056000 0.080800 0.063400 0.055300 0.064300 0.022900 0.097700 0.072800 0.055400 0.047200 0.081100 0.055400 0.047300 0.064400 0.047800 0.071600 0.064300 0.055400 0.039200 0.072700 0.039300 0.071500 0.047900 0.063400 0.055300 0.055300
GazellaPrz 0.098300 0.279200 0.071300 0.241200 0.055100 0.089700 0.047300 0.000000 0.097500 0.080900 0.081000 0.072000 0.055800 0.047300 0.088800 0.071300 0.080300 0.071800 0.072000 0.080200 0.047300 0.097900 0.072500 0.079800 0.081000 0.079700 0.055800 0.106400 0.063200 0.079900 0.089500 0.039300 0.115000 0.072500 0.055300 0.063500 0.081000 0.055200 0.031100 0.081100 0.072500 0.071400 0.089500 0.088300 0.055300 0.089500 0.039200 0.088100 0.064300 0.079800 0.079900 0.079900
MountainNy 0.134500 0.258500 0.023300 0.264000 0.123400 0.125400 0.072200 0.097500 0.000000 0.072800 0.116300 0.072400 0.107300 0.080500 0.123800 0.122800 0.089200 0.080600 0.106600 0.015400 0.097800 0.134000 0.064400 0.063700 0.116300 0.131800 0.107300 0.023200 0.114200 0.015200 0.081400 0.072300 0.115500 0.107400 0.089000 0.063800 0.116300 0.106100 0.097400 0.064500 0.064400 0.122900 0.081400 0.072100 0.055600 0.107100 0.080500 0.105400 0.098600 0.080200 0.015500 0.015500
MuntiacusM 0.144300 0.271500 0.063700 0.222400 0.106400 0.135100 0.056000 0.080900 0.072800 0.000000 0.125800 0.081300 0.099000 0.072700 0.115700 0.114700 0.081200 0.064200 0.115900 0.072600 0.089800 0.143800 0.007700 0.039500 0.125900 0.123700 0.099000 0.098700 0.106200 0.072400 0.007600 0.064300 0.107400 0.099200 0.098000 0.072500 0.125900 0.098000 0.080800 0.039500 0.007700 0.114800 0.007600 0.047700 0.064100 0.099000 0.072600 0.097400 0.090400 0.072200 0.072400 0.072400
goat 0.022900 0.249400 0.089100 0.276100 0.089500 0.015400 0.081000 0.081000 0.116300 0.125800 0.000000 0.089900 0.039500 0.081100 0.107100 0.088800 0.080900 0.106700 0.023300 0.098500 0.081300 0.023100 0.116800 0.115500 0.007700 0.097600 0.039500 0.107700 0.080500 0.098200 0.135000 0.072600 0.116200 0.055900 0.039400 0.098200 0.007700 0.072600 0.064100 0.117100 0.116800 0.089000 0.135000 0.124400 0.089500 0.090300 0.072600 0.089000 0.064700 0.097700 0.098200 0.098200
AfricanBuf 0.107400 0.247100 0.047100 0.211900 0.080100 0.098600 0.055600 0.072000 0.072400 0.081300 0.089900 0.000000 0.064300 0.039100 0.080500 0.096700 0.055700 0.063900 0.080600 0.055700 0.072300 0.107100 0.072800 0.072000 0.089900 0.105600 0.064300 0.064200 0.071600 0.055500 0.089900 0.047500 0.089300 0.081300 0.063600 0.039300 0.089900 0.063500 0.072000 0.073000 0.072800 0.097000 0.089900 0.080400 0.031300 0.081300 0.063800 0.080000 0.056100 0.071800 0.055500 0.055500
Topi 0.055900 0.270800 0.080500 0.254500 0.064000 0.047700 0.056000 0.055800 0.107300 0.099000 0.039500 0.064300 0.000000 0.056100 0.081100 0.080300 0.072600 0.081000 0.030600 0.089700 0.056000 0.055700 0.090300 0.089300 0.039500 0.089000 0.000000 0.098700 0.072100 0.089300 0.107900 0.047800 0.098500 0.015200 0.031300 0.072500 0.039500 0.047600 0.055800 0.090600 0.090300 0.080400 0.107900 0.098000 0.064100 0.081700 0.047600 0.080400 0.056500 0.089100 0.089300 0.089300
CommonDuik 0.098400 0.257700 0.055000 0.242000 0.055400 0.089800 0.030100 0.047300 0.080500 0.072700 0.081100 0.039100 0.056100 0.000000 0.072100 0.071500 0.063900 0.072100 0.072300 0.063700 0.047500 0.098200 0.064300 0.063600 0.081200 0.080000 0.056100 0.089200 0.063400 0.063400 0.081200 0.023300 0.097800 0.072900 0.055500 0.047200 0.081200 0.055400 0.047300 0.064400 0.064300 0.071600 0.081200 0.071900 0.039100 0.072800 0.039300 0.071600 0.047900 0.063400 0.063400 0.063400
Suni 0.125000 0.290100 0.096600 0.262500 0.080000 0.116100 0.072100 0.088800 0.123800 0.115700 0.107100 0.080500 0.081100 0.072100 0.000000 0.113800 0.088900 0.097300 0.097600 0.106000 0.089100 0.124500 0.106800 0.105700 0.107100 0.122800 0.081100 0.115200 0.105400 0.105600 0.124700 0.063800 0.106400 0.098300 0.080200 0.088700 0.107100 0.063500 0.088700 0.107200 0.106800 0.114000 0.124700 0.114500 0.080200 0.098200 0.080400 0.063100 0.072700 0.105400 0.105600 0.105600
Springbuck 0.106200 0.264800 0.095700 0.259500 0.096100 0.097500 0.071500 0.071300 0.122800 0.114700 0.088800 0.096700 0.080300 0.071500 0.113800 0.000000 0.088200 0.113800 0.096700 0.105100 0.054900 0.105700 0.106000 0.104800 0.088800 0.038600 0.080300 0.131900 0.038500 0.104700 0.123600 0.063300 0.140600 0.097400 0.079500 0.087900 0.088800 0.079400 0.054800 0.106200 0.106000 0.046400 0.123600 0.113500 0.079500 0.097400 0.063100 0.095700 0.072100 0.087500 0.104700 0.104700
Okapi 0.098100 0.225400 0.071600 0.231400 0.088500 0.089500 0.063800 0.080300 0.089200 0.081200 0.080900 0.055700 0.072600 0.063900 0.088900 0.088200 0.000000 0.023300 0.089000 0.080600 0.080600 0.097800 0.072700 0.071900 0.080900 0.096700 0.072600 0.089400 0.079900 0.080200 0.089800 0.055600 0.072300 0.089800 0.071800 0.063700 0.080900 0.071800 0.063600 0.072900 0.072700 0.088200 0.089800 0.080300 0.055400 0.072600 0.072000 0.071500 0.047700 0.063400 0.080200 0.080200
Giraffe 0.124400 0.256800 0.063300 0.230800 0.079900 0.115600 0.072000 0.071800 0.080600 0.064200 0.106700 0.063900 0.081000 0.072100 0.097300 0.113800 0.023300 0.000000 0.097500 0.072100 0.089000 0.124100 0.056000 0.063500 0.106700 0.122700 0.081000 0.080800 0.105300 0.071800 0.072700 0.063800 0.080600 0.081100 0.080100 0.071800 0.106700 0.080100 0.071800 0.064400 0.056000 0.113900 0.072700 0.071800 0.063500 0.081100 0.072000 0.079800 0.072600 0.071700 0.071800 0.071800
TibetanAnt 0.039300 0.236500 0.080000 0.274100 0.080200 0.031300 0.072200 0.072000 0.106600 0.115900 0.023300 0.080600 0.030600 0.072300 0.097600 0.096700 0.089000 0.097500 0.000000 0.089100 0.072200 0.039200 0.107100 0.105900 0.023300 0.088300 0.031100 0.098100 0.088300 0.088800 0.124900 0.063900 0.106500 0.046700 0.031100 0.088900 0.023300 0.063700 0.071900 0.107300 0.107100 0.096800 0.124900 0.114700 0.080400 0.098500 0.063700 0.096800 0.072800 0.105600 0.088800 0.088800
Sitatunga 0.116200 0.257300 0.007700 0.242000 0.105700 0.107400 0.063700 0.080200 0.015400 0.072600 0.098500 0.055700 0.089700 0.063700 0.106000 0.105100 0.080600 0.072100 0.089100 0.000000 0.080500 0.115800 0.064300 0.063600 0.098500 0.114000 0.089700 0.023200 0.096800 0.015500 0.081200 0.055500 0.115100 0.089800 0.072000 0.047300 0.098500 0.088700 0.080200 0.064400 0.064300 0.105300 0.081200 0.071900 0.039200 0.089600 0.063700 0.088200 0.081200 0.063400 0.015500 0.015500
Oribi 0.098700 0.236200 0.071500 0.221400 0.071800 0.090000 0.047500 0.047300 0.097800 0.089800 0.081300 0.072300 0.056000 0.047500 0.089100 0.054900 0.080600 0.089000 0.072200 0.080500 0.000000 0.098200 0.081200 0.063700 0.081300 0.063200 0.056000 0.106700 0.047000 0.080200 0.098500 0.039400 0.115400 0.072800 0.055400 0.063700 0.081300 0.055400 0.047200 0.081400 0.081200 0.055000 0.098500 0.072100 0.055500 0.089700 0.039300 0.088400 0.064500 0.080100 0.080200 0.080200
BarbaryShe 0.030800 0.270200 0.106200 0.297200 0.106600 0.023100 0.098000 0.097900 0.134000 0.143800 0.023100 0.107100 0.055700 0.098200 0.124500 0.105700 0.097800 0.124100 0.039200 0.115800 0.098200 0.000000 0.134500 0.133000 0.015200 0.114700 0.055700 0.125200 0.097300 0.115400 0.153100 0.089400 0.133800 0.072400 0.055500 0.115400 0.015200 0.089400 0.080700 0.135000 0.134500 0.106000 0.153100 0.124200 0.106600 0.107600 0.089400 0.106000 0.081500 0.114900 0.115400 0.115400
Daviddeer 0.135100 0.260000 0.055500 0.233800 0.097800 0.125900 0.047800 0.072500 0.064400 0.007700 0.116800 0.072800 0.090300 0.064300 0.106800 0.106000 0.072700 0.056000 0.107100 0.064300 0.081200 0.134500 0.000000 0.031500 0.116800 0.114900 0.090300 0.090000 0.097600 0.064000 0.015500 0.056000 0.098600 0.090400 0.089300 0.064100 0.116800 0.089300 0.072400 0.031500 0.000000 0.106100 0.015500 0.039600 0.055800 0.090200 0.064200 0.088900 0.081800 0.063900 0.064000 0.064000
Reindeer 0.133600 0.236100 0.054900 0.221300 0.105300 0.124600 0.047300 0.079800 0.063700 0.039500 0.115500 0.072000 0.089300 0.063600 0.105700 0.104800 0.071900 0.063500 0.105900 0.063600 0.063700 0.133000 0.031500 0.000000 0.115500 0.113600 0.089300 0.089100 0.096500 0.063300 0.047700 0.055400 0.097500 0.089400 0.088400 0.063400 0.115500 0.088400 0.080000 0.047700 0.031500 0.104900 0.047700 0.023100 0.055200 0.089200 0.063500 0.087900 0.080900 0.063200 0.063300 0.063300
Ibex 0.015200 0.249500 0.089200 0.276300 0.089500 0.007600 0.081100 0.081000 0.116300 0.125900 0.007700 0.089900 0.039500 0.081200 0.107100 0.088800 0.080900 0.106700 0.023300 0.098500 0.081300 0.015200 0.116800 0.115500 0.000000 0.097600 0.039500 0.107700 0.080500 0.098200 0.135100 0.072600 0.116200 0.055900 0.039400 0.098200 0.000000 0.072600 0.064100 0.117200 0.116800 0.089000 0.135100 0.124500 0.089500 0.090300 0.072600 0.089000 0.064700 0.097700 0.098200 0.098200
GyrantGaze 0.115200 0.233100 0.104500 0.270600 0.104900 0.106400 0.080000 0.079700 0.131800 0.123700 0.097600 0.105600 0.089000 0.080000 0.122800 0.038600 0.096700 0.122700 0.088300 0.114000 0.063200 0.114700 0.114900 0.113600 0.097600 0.000000 0.089000 0.141200 0.046600 0.113600 0.132800 0.071700 0.150000 0.106300 0.088000 0.096600 0.097600 0.088000 0.063100 0.115200 0.114900 0.022600 0.132800 0.122400 0.088000 0.089000 0.071400 0.104400 0.080700 0.096100 0.113600 0.113600
Hartebeest 0.055900 0.270800 0.080500 0.254500 0.064000 0.047700 0.056000 0.055800 0.107300 0.099000 0.039500 0.064300 0.000000 0.056100 0.081100 0.080300 0.072600 0.081000 0.031100 0.089700 0.056000 0.055700 0.090300 0.089300 0.039500 0.089000 0.000000 0.098700 0.072100 0.089300 0.107900 0.047800 0.098500 0.015100 0.031300 0.072500 0.039500 0.047600 0.055800 0.090600 0.090300 0.080400 0.107900 0.098000 0.064100 0.081700 0.047600 0.080400 0.056500 0.089100 0.089300 0.089300
Bongo 0.125600 0.269800 0.031200 0.253800 0.114800 0.116700 0.080800 0.106400 0.023200 0.098700 0.107700 0.064200 0.098700 0.089200 0.115200 0.131900 0.089400 0.080800 0.098100 0.023200 0.106700 0.125200 0.090000 0.089100 0.107700 0.141200 0.098700 0.000000 0.123300 0.023300 0.107600 0.080900 0.115500 0.098800 0.080700 0.072300 0.107700 0.097600 0.106300 0.090300 0.090000 0.132200 0.107600 0.097700 0.063900 0.098700 0.089200 0.097000 0.090100 0.088800 0.023300 0.023300
Gerenuk 0.097700 0.254100 0.087600 0.249200 0.087900 0.089100 0.063400 0.063200 0.114200 0.106200 0.080500 0.071600 0.072100 0.063400 0.105400 0.038500 0.079900 0.105300 0.088300 0.096800 0.047000 0.097300 0.097600 0.096500 0.080500 0.046600 0.072100 0.123300 0.000000 0.096400 0.115000 0.055200 0.131900 0.089100 0.071300 0.079700 0.080500 0.071300 0.046900 0.097800 0.097600 0.038600 0.115000 0.105100 0.071300 0.089000 0.055100 0.071000 0.063900 0.079300 0.096400 0.096400
CommonElan 0.115800 0.256800 0.007600 0.241300 0.105300 0.107000 0.055300 0.079900 0.015200 0.072400 0.098200 0.055500 0.089300 0.063400 0.105600 0.104700 0.080200 0.071800 0.088800 0.015500 0.080200 0.115400 0.064000 0.063300 0.098200 0.113600 0.089300 0.023300 0.096400 0.000000 0.080800 0.055300 0.114700 0.089500 0.071700 0.047100 0.098200 0.088400 0.079900 0.064200 0.064000 0.104900 0.080800 0.071600 0.039100 0.089400 0.063400 0.087900 0.080900 0.063200 0.000000 0.000000
MuntiacusR 0.153800 0.283000 0.072100 0.233000 0.115300 0.144400 0.064300 0.089500 0.081400 0.007600 0.135000 0.089900 0.107900 0.081200 0.124700 0.123600 0.089800 0.072700 0.124900 0.081200 0.098500 0.153100 0.015500 0.047700 0.135100 0.132800 0.107900 0.107600 0.115000 0.080800 0.000000 0.072700 0.116300 0.108000 0.106700 0.081000 0.135100 0.106700 0.089400 0.047700 0.015500 0.123700 0.000000 0.056000 0.072500 0.107800 0.081100 0.106100 0.099200 0.080700 0.080800 0.080800
HarveysDui 0.081100 0.247300 0.047000 0.231800 0.063500 0.072700 0.022900 0.039300 0.072300 0.064300 0.072600 0.047500 0.047800 0.023300 0.063800 0.063300 0.055600 0.063800 0.063900 0.055500 0.039400 0.089400 0.056000 0.055400 0.072600 0.071700 0.047800 0.080900 0.055200 0.055300 0.072700 0.000000 0.089200 0.064400 0.047300 0.039200 0.072600 0.047300 0.039300 0.056100 0.056000 0.063400 0.072700 0.063700 0.031200 0.064400 0.031300 0.063300 0.039700 0.055200 0.055300 0.055300
Pronghorn 0.134400 0.236300 0.105500 0.285800 0.131300 0.125300 0.097700 0.115000 0.115500 0.107400 0.116200 0.089300 0.098500 0.097800 0.106400 0.140600 0.072300 0.080600 0.106500 0.115100 0.115400 0.133800 0.098600 0.097500 0.116200 0.150000 0.098500 0.115500 0.131900 0.114700 0.116300 0.089200 0.000000 0.116200 0.097500 0.097600 0.116200 0.113900 0.114800 0.098800 0.098600 0.140700 0.116300 0.106300 0.089000 0.124800 0.106200 0.122800 0.098600 0.114500 0.114700 0.114700
BlueWildeb 0.072600 0.293500 0.080600 0.276200 0.080900 0.064300 0.072800 0.072500 0.107400 0.099200 0.055900 0.081300 0.015200 0.072900 0.098300 0.097400 0.089800 0.081100 0.046700 0.089800 0.072800 0.072400 0.090400 0.089400 0.055900 0.106300 0.015100 0.098800 0.089100 0.089500 0.108000 0.064400 0.116200 0.000000 0.047400 0.089500 0.055900 0.064200 0.072500 0.090700 0.090400 0.097700 0.108000 0.098100 0.081000 0.082000 0.055900 0.080600 0.073400 0.089200 0.089500 0.089500
Gemsbok 0.055700 0.246600 0.063200 0.251500 0.063400 0.047500 0.055400 0.055300 0.089000 0.098000 0.039400 0.063600 0.031300 0.055500 0.080200 0.079500 0.071800 0.080100 0.031100 0.072000 0.055400 0.055500 0.089300 0.088400 0.039400 0.088000 0.031300 0.080700 0.071300 0.071700 0.106700 0.047300 0.097500 0.047400 0.000000 0.071700 0.039400 0.047100 0.055300 0.089600 0.089300 0.079600 0.106700 0.096900 0.063400 0.081000 0.047100 0.079600 0.055900 0.088100 0.071700 0.071700
Yak 0.115900 0.257300 0.038900 0.221500 0.088300 0.107000 0.047200 0.063500 0.063800 0.072500 0.098200 0.039300 0.072500 0.047200 0.088700 0.087900 0.063700 0.071800 0.088900 0.047300 0.063700 0.115400 0.064100 0.063400 0.098200 0.096600 0.072500 0.072300 0.079700 0.047100 0.081000 0.039200 0.097600 0.089500 0.071700 0.000000 0.098200 0.071700 0.063400 0.064200 0.064100 0.088000 0.081000 0.071800 0.007600 0.089300 0.055300 0.087900 0.047700 0.063200 0.047100 0.047100
BlueSheep 0.015100 0.249500 0.089200 0.276300 0.089500 0.007600 0.081100 0.081000 0.116300 0.125900 0.007700 0.089900 0.039500 0.081200 0.107100 0.088800 0.080900 0.106700 0.023300 0.098500 0.081300 0.015200 0.116800 0.115500 0.000000 0.097600 0.039500 0.107700 0.080500 0.098200 0.135100 0.072600 0.116200 0.055900 0.039400 0.098200 0.000000 0.072600 0.064100 0.117200 0.116800 0.089000 0.135100 0.124500 0.089500 0.090300 0.072600 0.089000 0.064700 0.097700 0.098200 0.098200
BohorReedb 0.089700 0.268000 0.079600 0.241100 0.015100 0.081100 0.055400 0.055200 0.106100 0.098000 0.072600 0.063500 0.047600 0.055400 0.063500 0.079400 0.071800 0.080100 0.063700 0.088700 0.055400 0.089400 0.089300 0.088400 0.072600 0.088000 0.047600 0.097600 0.071300 0.088400 0.106700 0.047300 0.113900 0.064200 0.047100 0.071700 0.072600 0.000000 0.055200 0.089500 0.089300 0.079600 0.106700 0.096900 0.063400 0.080900 0.047100 0.079500 0.055900 0.088100 0.088400 0.088400
KirksDik 0.081000 0.256900 0.071300 0.230600 0.055100 0.072500 0.047300 0.031100 0.097400 0.080800 0.064100 0.072000 0.055800 0.047300 0.088700 0.054800 0.063600 0.071800 0.071900 0.080200 0.047200 0.080700 0.072400 0.080000 0.064100 0.063100 0.055800 0.106300 0.046900 0.079900 0.089400 0.039300 0.114800 0.072500 0.055300 0.063400 0.064100 0.055200 0.000000 0.081000 0.072400 0.054900 0.089400 0.088400 0.055200 0.072600 0.039100 0.071300 0.047700 0.063200 0.079900 0.079900
RoeDeer 0.135400 0.258600 0.055700 0.265800 0.106700 0.126300 0.064400 0.081100 0.064500 0.039500 0.117100 0.073000 0.090600 0.064400 0.107200 0.106200 0.072900 0.064400 0.107300 0.064400 0.081400 0.135000 0.031500 0.047700 0.117200 0.115200 0.090600 0.090300 0.097800 0.064200 0.047700 0.056100 0.098800 0.090700 0.089600 0.064200 0.117200 0.089500 0.081000 0.000000 0.031500 0.106400 0.047700 0.056000 0.055900 0.090500 0.064300 0.089100 0.082000 0.064000 0.064200 0.064200
WhiteLippe 0.135100 0.260000 0.055500 0.233800 0.097800 0.125900 0.047800 0.072500 0.064400 0.007700 0.116800 0.072800 0.090300 0.064300 0.106800 0.106000 0.072700 0.056000 0.107100 0.064300 0.081200 0.134500 0.000000 0.031500 0.116800 0.114900 0.090300 0.090000 0.097600 0.064000 0.015500 0.056000 0.098600 0.090400 0.089300 0.064100 0.116800 0.089300 0.072400 0.031500 0.000000 0.106100 0.015500 0.039600 0.055800 0.090200 0.064200 0.088900 0.081800 0.063900 0.064000 0.064000
ThomsonGaz 0.106300 0.243600 0.096000 0.259600 0.096300 0.097600 0.071600 0.071400 0.122900 0.114800 0.089000 0.097000 0.080400 0.071600 0.114000 0.046400 0.088200 0.113900 0.096800 0.105300 0.055000 0.106000 0.106100 0.104900 0.089000 0.022600 0.080400 0.132200 0.038600 0.104900 0.123700 0.063400 0.140700 0.097700 0.079600 0.088000 0.089000 0.079600 0.054900 0.106400 0.106100 0.000000 0.123700 0.113500 0.079600 0.080600 0.063200 0.096000 0.072200 0.087700 0.104900 0.104900
MuntiacusC 0.153800 0.283000 0.072100 0.233000 0.115300 0.144400 0.064300 0.089500 0.081400 0.007600 0.135000 0.089900 0.107900 0.081200 0.124700 0.123600 0.089800 0.072700 0.124900 0.081200 0.098500 0.153100 0.015500 0.047700 0.135100 0.132800 0.107900 0.107600 0.115000 0.080800 0.000000 0.072700 0.116300 0.108000 0.106700 0.081000 0.135100 0.106700 0.089400 0.047700 0.015500 0.123700 0.000000 0.056000 0.072500 0.107800 0.081100 0.106100 0.099200 0.080700 0.080800 0.080800
WhiteTaile 0.142800 0.246600 0.063100 0.231700 0.114000 0.133600 0.055400 0.088300 0.072100 0.047700 0.124400 0.080400 0.098000 0.071900 0.114500 0.113500 0.080300 0.071800 0.114700 0.071900 0.072100 0.124200 0.039600 0.023100 0.124500 0.122400 0.098000 0.097700 0.105100 0.071600 0.056000 0.063700 0.106300 0.098100 0.096900 0.071800 0.124500 0.096900 0.088400 0.056000 0.039600 0.113500 0.056000 0.000000 0.063500 0.097700 0.071800 0.096400 0.089400 0.055100 0.071600 0.071600
Cattle 0.107000 0.246200 0.031000 0.211300 0.079900 0.098300 0.039200 0.055300 0.055600 0.064100 0.089500 0.031300 0.064100 0.039100 0.080200 0.079500 0.055400 0.063500 0.080400 0.039200 0.055500 0.106600 0.055800 0.055200 0.089500 0.088000 0.064100 0.063900 0.071300 0.039100 0.072500 0.031200 0.089000 0.081000 0.063400 0.007600 0.089500 0.063400 0.055200 0.055900 0.055800 0.079600 0.072500 0.063500 0.000000 0.080700 0.047200 0.079500 0.039500 0.055100 0.039100 0.039100
RoyalAntel 0.107700 0.227100 0.080500 0.221600 0.098000 0.099000 0.072700 0.089500 0.107100 0.099000 0.090300 0.081300 0.081700 0.072800 0.098200 0.097400 0.072600 0.081100 0.098500 0.089600 0.089700 0.107600 0.090200 0.089200 0.090300 0.089000 0.081700 0.098700 0.089000 0.089400 0.107800 0.064400 0.124800 0.082000 0.081000 0.089300 0.090300 0.080900 0.072600 0.090500 0.090200 0.080600 0.107800 0.097700 0.080700 0.000000 0.071500 0.063700 0.039900 0.055700 0.089400 0.089400
Steenbok 0.089700 0.267800 0.055000 0.231200 0.063300 0.081200 0.039300 0.039200 0.080500 0.072600 0.072600 0.063800 0.047600 0.039300 0.080400 0.063100 0.072000 0.072000 0.063700 0.063700 0.039300 0.089400 0.064200 0.063500 0.072600 0.071400 0.047600 0.089200 0.055100 0.063400 0.081100 0.031300 0.106200 0.055900 0.047100 0.055300 0.072600 0.047100 0.039100 0.064300 0.064200 0.063200 0.081100 0.071800 0.047200 0.071500 0.000000 0.071400 0.056000 0.063300 0.063400 0.063400
Impala 0.106200 0.264800 0.079200 0.259700 0.096300 0.097600 0.071500 0.088100 0.105400 0.097400 0.089000 0.080000 0.080400 0.071600 0.063100 0.095700 0.071500 0.079800 0.096800 0.088200 0.088400 0.106000 0.088900 0.087900 0.089000 0.104400 0.080400 0.097000 0.071000 0.087900 0.106100 0.063300 0.122800 0.080600 0.079600 0.087900 0.089000 0.079500 0.071300 0.089100 0.088900 0.096000 0.106100 0.096400 0.079500 0.063700 0.071400 0.000000 0.055500 0.054800 0.087900 0.087900
Klipspring 0.081800 0.226100 0.072100 0.220800 0.072400 0.073200 0.047900 0.064300 0.098600 0.090400 0.064700 0.056100 0.056500 0.047900 0.072700 0.072100 0.047700 0.072600 0.072800 0.081200 0.064500 0.081500 0.081800 0.080900 0.064700 0.080700 0.056500 0.090100 0.063900 0.080900 0.099200 0.039700 0.098600 0.073400 0.055900 0.047700 0.064700 0.055900 0.047700 0.082000 0.081800 0.072200 0.099200 0.089400 0.039500 0.039900 0.056000 0.055500 0.000000 0.063900 0.080900 0.080900
ForestMusk 0.115200 0.255600 0.054800 0.230100 0.105000 0.106500 0.063400 0.079800 0.080200 0.072200 0.097700 0.071800 0.089100 0.063400 0.105400 0.087500 0.063400 0.071700 0.105600 0.063400 0.080100 0.114900 0.063900 0.063200 0.097700 0.096100 0.089100 0.088800 0.079300 0.063200 0.080700 0.055200 0.114500 0.089200 0.088100 0.063200 0.097700 0.088100 0.063200 0.064000 0.063900 0.087700 0.080700 0.055100 0.055100 0.055700 0.063300 0.054800 0.063900 0.000000 0.063200 0.063200
Bushbuck 0.115800 0.256800 0.007600 0.241300 0.105300 0.107000 0.055300 0.079900 0.015500 0.072400 0.098200 0.055500 0.089300 0.063400 0.105600 0.104700 0.080200 0.071800 0.088800 0.015500 0.080200 0.115400 0.064000 0.063300 0.098200 0.113600 0.089300 0.023300 0.096400 0.000000 0.080800 0.055300 0.114700 0.089500 0.071700 0.047100 0.098200 0.088400 0.079900 0.064200 0.064000 0.104900 0.080800 0.071600 0.039100 0.089400 0.063400 0.087900 0.080900 0.063200 0.000000 0.000000
GreaterKud 0.115800 0.256800 0.007600 0.241300 0.105300 0.107000 0.055300 0.079900 0.015500 0.072400 0.098200 0.055500 0.089300 0.063400 0.105600 0.104700 0.080200 0.071800 0.088800 0.015500 0.080200 0.115400 0.064000 0.063300 0.098200 0.113600 0.089300 0.023300 0.096400 0.000000 0.080800 0.055300 0.114700 0.089500 0.071700 0.047100 0.098200 0.088400 0.079900 0.064200 0.064000 0.104900 0.080800 0.071600 0.039100 0.089400 0.063400 0.087900 0.080900 0.063200 0.000000 0.000000
