1
52 1
Argali 0.000000 0.333100 0.124900 0.505200 0.097900 0.013500 0.077900 0.069400 0.109900 0.102500 0.027700 0.085000 0.055400 0.062700 0.113900 0.098100 0.138000 0.132100 0.076800 0.160200 0.056000 0.068200 0.108700 0.134000 0.027300 0.084300 0.062300 0.132300 0.083400 0.110200 0.117400 0.069400 0.095900 0.048600 0.096300 0.069800 0.041500 0.090600 0.101200 0.406800 0.116000 0.085600 0.137300 0.137400 0.076900 0.120400 0.068400 0.079800 0.063400 0.129500 0.133300 0.118100
LesserMous 0.333100 0.000000 0.345300 0.355400 0.335400 0.338100 0.341900 0.326900 0.369300 0.329100 0.315400 0.350100 0.302500 0.321400 0.357500 0.344000 0.348500 0.334400 0.352700 0.393100 0.363400 0.344600 0.325000 0.328400 0.315400 0.364600 0.310000 0.363000 0.360600 0.353500 0.345100 0.328200 0.342800 0.296000 0.355300 0.330000 0.330500 0.326800 0.352600 0.739600 0.314600 0.370100 0.363100 0.327800 0.329600 0.344700 0.322200 0.366000 0.323100 0.356000 0.364600 0.371500
LesserKudu 0.124900 0.345300 0.000000 0.508600 0.122100 0.137900 0.117500 0.108300 0.037800 0.142900 0.110100 0.095100 0.108900 0.102000 0.153200 0.129900 0.175800 0.170200 0.115200 0.069800 0.133600 0.151800 0.148600 0.174300 0.110100 0.122800 0.101300 0.057400 0.136700 0.037000 0.157600 0.108500 0.144600 0.102400 0.149000 0.080300 0.123900 0.115000 0.133100 0.499700 0.155800 0.140200 0.176600 0.161200 0.087100 0.136500 0.106400 0.135200 0.103200 0.160700 0.044700 0.044600
KillerWhal 0.505200 0.355400 0.508600 0.000000 0.518400 0.509800 0.515600 0.507700 0.523200 0.514000 0.485700 0.525000 0.480200 0.482800 0.512600 0.528300 0.509700 0.493700 0.525800 0.492300 0.540100 0.496400 0.508500 0.526000 0.485700 0.510800 0.488600 0.469400 0.526200 0.468000 0.531800 0.489900 0.560700 0.473500 0.507600 0.501700 0.501800 0.508600 0.520600 0.994200 0.515400 0.538100 0.550000 0.544000 0.501100 0.489700 0.501000 0.514100 0.493500 0.552400 0.499600 0.516800
DefassaWat 0.097900 0.335400 0.122100 0.518400 0.000000 0.111100 0.090500 0.096100 0.121600 0.115300 0.083200 0.097600 0.082300 0.075300 0.111300 0.110400 0.149600 0.143800 0.103100 0.156600 0.113500 0.125100 0.106000 0.146400 0.083200 0.111300 0.074800 0.129400 0.110100 0.122000 0.129900 0.081600 0.116600 0.075600 0.122700 0.082400 0.097100 0.026400 0.113800 0.459500 0.128400 0.104800 0.149400 0.149400 0.089400 0.132500 0.080700 0.107600 0.076200 0.133700 0.130300 0.129900
Sheep 0.013500 0.338100 0.137900 0.509800 0.111100 0.000000 0.091400 0.082700 0.108600 0.116400 0.041200 0.098500 0.067600 0.076100 0.127400 0.111400 0.151000 0.145200 0.089700 0.173100 0.069800 0.082600 0.122300 0.147800 0.041100 0.097800 0.075700 0.145400 0.096700 0.123300 0.131200 0.082800 0.109900 0.062000 0.109500 0.083200 0.055000 0.103900 0.114900 0.421800 0.129600 0.099200 0.150800 0.150900 0.090500 0.133800 0.081600 0.093700 0.077000 0.143000 0.146400 0.131300
MaxwellsDu 0.077900 0.341900 0.117500 0.515600 0.090500 0.091400 0.000000 0.074900 0.117000 0.094800 0.061800 0.070400 0.062500 0.027400 0.106400 0.083600 0.130600 0.124700 0.083500 0.152600 0.093400 0.105500 0.101000 0.125900 0.063200 0.091600 0.069400 0.126200 0.083400 0.116900 0.109600 0.034100 0.065500 0.054700 0.082100 0.062600 0.077200 0.083300 0.093600 0.419100 0.108300 0.093000 0.129600 0.129500 0.069600 0.105600 0.075400 0.072100 0.049000 0.099500 0.125800 0.125400
GazellaPrz 0.069400 0.326900 0.108300 0.507700 0.096100 0.082700 0.074900 0.000000 0.107200 0.100600 0.055000 0.083800 0.054400 0.061500 0.111900 0.096400 0.135700 0.129800 0.075000 0.157400 0.084400 0.096500 0.106600 0.131300 0.055000 0.082800 0.061200 0.130000 0.081900 0.122600 0.115200 0.068200 0.101800 0.047800 0.094700 0.068600 0.068800 0.089000 0.099300 0.441700 0.113800 0.084000 0.134800 0.119700 0.075500 0.103600 0.067200 0.078200 0.062300 0.112100 0.131000 0.116400
MountainNy 0.109900 0.369300 0.037800 0.523200 0.121600 0.108600 0.117000 0.107200 0.000000 0.142300 0.095300 0.094700 0.094300 0.101600 0.152500 0.129400 0.160400 0.154700 0.100600 0.069500 0.118300 0.122000 0.147900 0.173600 0.095300 0.108100 0.086900 0.057200 0.121800 0.037800 0.156900 0.108000 0.144000 0.087800 0.134100 0.080000 0.109000 0.114500 0.132500 0.496900 0.155200 0.124900 0.175900 0.175900 0.086800 0.150700 0.092200 0.134700 0.102800 0.160100 0.044100 0.030900
MuntiacusM 0.102500 0.329100 0.142900 0.514000 0.115300 0.116400 0.094800 0.100600 0.142300 0.000000 0.087100 0.102200 0.086100 0.078900 0.132200 0.115500 0.155400 0.134300 0.100400 0.179500 0.080200 0.115600 0.028000 0.080600 0.087100 0.101400 0.093300 0.150800 0.115200 0.142800 0.013800 0.085800 0.121700 0.079200 0.105900 0.086300 0.101600 0.107700 0.118600 0.356800 0.035000 0.103000 0.034500 0.085300 0.093600 0.131100 0.099100 0.112200 0.079400 0.131900 0.151800 0.151300
goat 0.027700 0.315400 0.110100 0.485700 0.083200 0.041200 0.061800 0.055000 0.095300 0.087100 0.000000 0.070200 0.041100 0.048300 0.098800 0.083400 0.123200 0.117200 0.062000 0.145000 0.056500 0.040900 0.093300 0.118000 0.000000 0.069700 0.048100 0.117400 0.067700 0.095600 0.101800 0.055100 0.088100 0.034400 0.080700 0.055400 0.013600 0.076000 0.086000 0.428800 0.100600 0.070700 0.121800 0.121800 0.062300 0.090600 0.054300 0.064700 0.048900 0.114100 0.118200 0.103400
AfricanBuf 0.085000 0.350100 0.095100 0.525000 0.097600 0.098500 0.070400 0.083800 0.094700 0.102200 0.070200 0.000000 0.069400 0.053600 0.113600 0.083300 0.137700 0.131700 0.090500 0.129500 0.100700 0.111200 0.108300 0.133500 0.070200 0.083600 0.076400 0.102300 0.083000 0.095000 0.117100 0.060400 0.095800 0.062700 0.096000 0.041000 0.084300 0.090400 0.093000 0.475800 0.115700 0.100200 0.136900 0.136900 0.047900 0.097500 0.082300 0.087100 0.048800 0.113900 0.103000 0.102700
Topi 0.055400 0.302500 0.108900 0.480200 0.082300 0.067600 0.062500 0.054400 0.094300 0.086100 0.041100 0.069400 0.000000 0.046800 0.097700 0.082500 0.121900 0.115900 0.061300 0.143400 0.070300 0.082500 0.092300 0.116500 0.041200 0.068900 0.006600 0.116100 0.067900 0.109000 0.100600 0.054500 0.087100 0.006700 0.081000 0.054800 0.053600 0.075200 0.085000 0.422300 0.099500 0.069900 0.105500 0.120400 0.060200 0.104200 0.052900 0.078600 0.048400 0.112800 0.116900 0.102200
CommonDuik 0.062700 0.321400 0.102000 0.482800 0.075300 0.076100 0.027400 0.061500 0.101600 0.078900 0.048300 0.053600 0.046800 0.000000 0.087300 0.068500 0.115000 0.109000 0.066400 0.136500 0.077700 0.087400 0.085100 0.109200 0.048300 0.076200 0.054600 0.109200 0.066600 0.101100 0.093400 0.006600 0.064800 0.041100 0.067300 0.047900 0.062100 0.068300 0.077900 0.436000 0.092300 0.077300 0.113200 0.113200 0.053600 0.090000 0.060700 0.056700 0.034400 0.083800 0.110000 0.109600
Suni 0.113900 0.357500 0.153200 0.512600 0.111300 0.127400 0.106400 0.111900 0.152500 0.132200 0.098800 0.113600 0.097700 0.087300 0.000000 0.104400 0.136400 0.160500 0.119000 0.188900 0.122700 0.141600 0.138000 0.148000 0.098800 0.105300 0.104700 0.160800 0.104100 0.153000 0.147200 0.097400 0.133700 0.091000 0.138900 0.097900 0.113000 0.111600 0.107700 0.492100 0.145400 0.099200 0.166700 0.166700 0.105100 0.149300 0.110400 0.124300 0.091800 0.143200 0.146700 0.161400
Springbuck 0.098100 0.344000 0.129900 0.528300 0.110400 0.111400 0.083600 0.096400 0.129400 0.115500 0.083400 0.083300 0.082500 0.068500 0.104400 0.000000 0.135300 0.144200 0.103400 0.164800 0.098700 0.125400 0.121500 0.130900 0.083400 0.053500 0.089400 0.137300 0.013000 0.128900 0.130300 0.075200 0.109300 0.075800 0.094500 0.082600 0.097300 0.103200 0.099000 0.487600 0.128700 0.054900 0.149700 0.149700 0.089600 0.118000 0.095500 0.100500 0.062100 0.126800 0.123400 0.137800
Okapi 0.138000 0.348500 0.175800 0.509700 0.149600 0.151000 0.130600 0.135700 0.160400 0.155400 0.123200 0.137700 0.121900 0.115000 0.136400 0.135300 0.000000 0.069800 0.142700 0.195800 0.154100 0.149900 0.160900 0.155300 0.123200 0.136300 0.128700 0.168600 0.135000 0.161100 0.169900 0.121500 0.142000 0.115400 0.161800 0.122100 0.137000 0.142400 0.137700 0.485400 0.168100 0.138300 0.188700 0.173200 0.129000 0.172400 0.133900 0.147800 0.115700 0.180900 0.154800 0.184000
Giraffe 0.132100 0.334400 0.170200 0.493700 0.143800 0.145200 0.124700 0.129800 0.154700 0.134300 0.117200 0.131700 0.115900 0.109000 0.160500 0.144200 0.069800 0.000000 0.136800 0.175500 0.148200 0.144100 0.140000 0.149500 0.117200 0.145400 0.122700 0.177700 0.143800 0.170000 0.148800 0.115600 0.120700 0.109400 0.156100 0.116100 0.131100 0.136600 0.146800 0.467700 0.147100 0.147500 0.152700 0.152400 0.108500 0.166700 0.128100 0.141800 0.109700 0.160100 0.163900 0.178400
TibetanAnt 0.076800 0.352700 0.115200 0.525800 0.103100 0.089700 0.083500 0.075000 0.100600 0.100400 0.062000 0.090500 0.061300 0.066400 0.119000 0.103400 0.142700 0.136800 0.000000 0.149600 0.084300 0.103500 0.106500 0.131100 0.060800 0.088200 0.066100 0.122400 0.088800 0.115100 0.099800 0.075100 0.109200 0.054600 0.086200 0.075500 0.075700 0.096000 0.091600 0.454700 0.113700 0.091200 0.134600 0.134600 0.082400 0.110600 0.074000 0.100300 0.055000 0.134400 0.123300 0.108600
Sitatunga 0.160200 0.393100 0.069800 0.492300 0.156600 0.173100 0.152600 0.157400 0.069500 0.179500 0.145000 0.129500 0.143400 0.136500 0.188900 0.164800 0.195800 0.175500 0.149600 0.000000 0.169400 0.171900 0.184800 0.211700 0.145000 0.157600 0.135600 0.063200 0.171600 0.043800 0.194300 0.143000 0.181500 0.137000 0.183700 0.114200 0.158900 0.149400 0.168800 0.551300 0.192100 0.176000 0.197400 0.213000 0.121000 0.186000 0.140100 0.171500 0.138100 0.181300 0.076900 0.063400
Oribi 0.056000 0.363400 0.133600 0.540100 0.113500 0.069800 0.093400 0.084400 0.118300 0.080200 0.056500 0.100700 0.070300 0.077700 0.122700 0.098700 0.154100 0.148200 0.084300 0.169400 0.000000 0.099000 0.101600 0.126600 0.056100 0.070300 0.075400 0.141200 0.081400 0.133500 0.094900 0.084500 0.112400 0.063400 0.104500 0.085000 0.070600 0.106100 0.117400 0.397900 0.108900 0.071300 0.115000 0.130200 0.092200 0.129100 0.076200 0.095700 0.078700 0.138600 0.142200 0.126800
BarbaryShe 0.068200 0.344600 0.151800 0.496400 0.125100 0.082600 0.105500 0.096500 0.122000 0.115600 0.040900 0.111200 0.082500 0.087400 0.141600 0.125400 0.149900 0.144100 0.103500 0.171900 0.099000 0.000000 0.121500 0.131100 0.040900 0.111700 0.089400 0.143500 0.110500 0.122400 0.130300 0.096600 0.132500 0.074400 0.108800 0.097100 0.054500 0.117800 0.129200 0.441000 0.128800 0.113400 0.149800 0.119600 0.104100 0.132700 0.095200 0.108000 0.076400 0.142100 0.160500 0.130300
Daviddeer 0.108700 0.325000 0.148600 0.508500 0.106000 0.122300 0.101000 0.106600 0.147900 0.028000 0.093300 0.108300 0.092300 0.085100 0.138000 0.121500 0.160900 0.140000 0.106500 0.184800 0.101600 0.121500 0.000000 0.079500 0.093300 0.122600 0.099400 0.156300 0.121100 0.148400 0.042100 0.077300 0.127800 0.085400 0.111800 0.092500 0.107700 0.098700 0.124600 0.372000 0.034600 0.124500 0.062100 0.084200 0.099700 0.136900 0.090400 0.118300 0.085700 0.137700 0.157400 0.156900
Reindeer 0.134000 0.328400 0.174300 0.526000 0.146400 0.147800 0.125900 0.131300 0.173600 0.080600 0.118000 0.133500 0.116500 0.109200 0.148000 0.130900 0.155300 0.149500 0.131100 0.211700 0.126600 0.131100 0.079500 0.000000 0.118000 0.132200 0.123800 0.182400 0.130600 0.174300 0.095400 0.116100 0.137900 0.109600 0.136300 0.116800 0.132700 0.138700 0.134400 0.435300 0.086800 0.134300 0.115500 0.062900 0.124300 0.139100 0.129400 0.144300 0.094500 0.163700 0.167600 0.174600
Ibex 0.027300 0.315400 0.110100 0.485700 0.083200 0.041100 0.063200 0.055000 0.095300 0.087100 0.000000 0.070200 0.041200 0.048300 0.098800 0.083400 0.123200 0.117200 0.060800 0.145000 0.056100 0.040900 0.093300 0.118000 0.000000 0.069700 0.048100 0.117400 0.068900 0.095600 0.101800 0.055100 0.088100 0.034300 0.081900 0.055400 0.013600 0.076000 0.086000 0.428800 0.100600 0.070700 0.121800 0.121800 0.062600 0.090600 0.054300 0.064700 0.048900 0.114100 0.118200 0.103400
GyrantGaze 0.084300 0.364600 0.122800 0.510800 0.111300 0.097800 0.091600 0.082800 0.108100 0.101400 0.069700 0.083600 0.068900 0.076200 0.105300 0.053500 0.136300 0.145400 0.088200 0.157600 0.070300 0.111700 0.122600 0.132200 0.069700 0.000000 0.075000 0.130200 0.040300 0.122700 0.116100 0.082900 0.118000 0.062200 0.109700 0.068600 0.083600 0.104100 0.092100 0.470300 0.129900 0.027400 0.135800 0.151000 0.075600 0.111100 0.081700 0.093700 0.077100 0.143200 0.102000 0.116200
Hartebeest 0.062300 0.310000 0.101300 0.488600 0.074800 0.075700 0.069400 0.061200 0.086900 0.093300 0.048100 0.076400 0.006600 0.054600 0.104700 0.089400 0.128700 0.122700 0.066100 0.135600 0.075400 0.089400 0.099400 0.123800 0.048100 0.075000 0.000000 0.108500 0.075000 0.099600 0.107800 0.061300 0.094400 0.013200 0.087800 0.061600 0.061800 0.067900 0.092100 0.431800 0.106600 0.076900 0.112600 0.127500 0.068500 0.111100 0.060200 0.085800 0.055300 0.119900 0.109200 0.094700
Bongo 0.132300 0.363000 0.057400 0.469400 0.129400 0.145400 0.126200 0.130000 0.057200 0.150800 0.117400 0.102300 0.116100 0.109200 0.160800 0.137300 0.168600 0.177700 0.122400 0.063200 0.141200 0.143500 0.156300 0.182400 0.117400 0.130200 0.108500 0.000000 0.144100 0.030700 0.165500 0.115400 0.152500 0.109600 0.156400 0.087400 0.131300 0.122200 0.140700 0.512600 0.163600 0.147900 0.184500 0.184500 0.094200 0.151500 0.113400 0.143000 0.110500 0.168500 0.063400 0.051100
Gerenuk 0.083400 0.360600 0.136700 0.526200 0.110100 0.096700 0.083400 0.081900 0.121800 0.115200 0.067700 0.083000 0.067900 0.066600 0.104100 0.013000 0.135000 0.143800 0.088800 0.171600 0.081400 0.110500 0.121100 0.130600 0.068900 0.040300 0.075000 0.144100 0.000000 0.136600 0.129900 0.075000 0.109000 0.060700 0.080300 0.082400 0.082700 0.102900 0.098800 0.485300 0.128400 0.040000 0.149300 0.149300 0.089400 0.117700 0.080800 0.100200 0.061900 0.126500 0.130200 0.130100
CommonElan 0.110200 0.353500 0.037000 0.468000 0.122000 0.123300 0.116900 0.122600 0.037800 0.142800 0.095600 0.095000 0.109000 0.101100 0.153000 0.128900 0.161100 0.170000 0.115100 0.043800 0.133500 0.122400 0.148400 0.174300 0.095600 0.122700 0.099600 0.030700 0.136600 0.000000 0.157400 0.108500 0.144400 0.102300 0.148900 0.080300 0.109300 0.114900 0.133000 0.499700 0.155700 0.140100 0.176400 0.176600 0.087000 0.151100 0.106300 0.135200 0.103100 0.160600 0.044700 0.030900
MuntiacusR 0.117400 0.345100 0.157600 0.531800 0.129900 0.131200 0.109600 0.115200 0.156900 0.013800 0.101800 0.117100 0.100600 0.093400 0.147200 0.130300 0.169900 0.148800 0.099800 0.194300 0.094900 0.130300 0.042100 0.095400 0.101800 0.116100 0.107800 0.165500 0.129900 0.157400 0.000000 0.100300 0.137200 0.093800 0.120300 0.100900 0.116300 0.122400 0.133700 0.376100 0.049100 0.118000 0.048300 0.099700 0.108200 0.146000 0.113500 0.127400 0.094000 0.146800 0.166700 0.166100
HarveysDui 0.069400 0.328200 0.108500 0.489900 0.081600 0.082800 0.034100 0.068200 0.108000 0.085800 0.055100 0.060400 0.054500 0.006600 0.097400 0.075200 0.121500 0.115600 0.075100 0.143000 0.084500 0.096600 0.077300 0.116100 0.055100 0.082900 0.061300 0.115400 0.075000 0.108500 0.100300 0.000000 0.071800 0.047800 0.073900 0.054600 0.068900 0.075000 0.084700 0.444100 0.099100 0.084100 0.120000 0.120000 0.061500 0.096700 0.066500 0.063600 0.041200 0.090600 0.116600 0.116200
Pronghorn 0.095900 0.342800 0.144600 0.560700 0.116600 0.109900 0.065500 0.101800 0.144000 0.121700 0.088100 0.095800 0.087100 0.064800 0.133700 0.109300 0.142000 0.120700 0.109200 0.181500 0.112400 0.132500 0.127800 0.137900 0.088100 0.118000 0.094400 0.152500 0.109000 0.144400 0.137200 0.071800 0.000000 0.080100 0.122500 0.087300 0.102800 0.109000 0.120000 0.422400 0.135400 0.119900 0.157500 0.141300 0.094700 0.117000 0.100300 0.097700 0.072900 0.141500 0.153600 0.144900
BlueWildeb 0.048600 0.296000 0.102400 0.473500 0.075600 0.062000 0.054700 0.047800 0.087800 0.079200 0.034400 0.062700 0.006700 0.041100 0.091000 0.075800 0.115400 0.109400 0.054600 0.137000 0.063400 0.074400 0.085400 0.109600 0.034300 0.062200 0.013200 0.109600 0.060700 0.102300 0.093800 0.047800 0.080100 0.000000 0.072800 0.048100 0.048200 0.068600 0.078200 0.414600 0.092600 0.063100 0.113600 0.113600 0.055000 0.097500 0.046300 0.071700 0.041600 0.106100 0.110400 0.094500
Gemsbok 0.096300 0.355300 0.149000 0.507600 0.122700 0.109500 0.082100 0.094700 0.134100 0.105900 0.080700 0.096000 0.081000 0.067300 0.138900 0.094500 0.161800 0.156100 0.086200 0.183700 0.104500 0.108800 0.111800 0.136300 0.081900 0.109700 0.087800 0.156400 0.080300 0.148900 0.120300 0.073900 0.122500 0.072800 0.000000 0.095300 0.095600 0.115600 0.112000 0.443700 0.119000 0.111200 0.139500 0.132300 0.102200 0.115800 0.093400 0.106100 0.075000 0.095600 0.157500 0.142500
Yak 0.069800 0.330000 0.080300 0.501700 0.082400 0.083200 0.062600 0.068600 0.080000 0.086300 0.055400 0.041000 0.054800 0.047900 0.097900 0.082600 0.122100 0.116100 0.075500 0.114200 0.085000 0.097100 0.092500 0.116800 0.055400 0.068600 0.061600 0.087400 0.082400 0.080300 0.100900 0.054600 0.087300 0.048100 0.095300 0.000000 0.069200 0.075400 0.077500 0.447900 0.099700 0.084600 0.120600 0.120600 0.006500 0.096700 0.067600 0.078800 0.048400 0.113100 0.088000 0.087700
BlueSheep 0.041500 0.330500 0.123900 0.501800 0.097100 0.055000 0.077200 0.068800 0.109000 0.101600 0.013600 0.084300 0.053600 0.062100 0.113000 0.097300 0.137000 0.131100 0.075700 0.158900 0.070600 0.054500 0.107700 0.132700 0.013600 0.083600 0.061800 0.131300 0.082700 0.109300 0.116300 0.068900 0.102800 0.048200 0.095600 0.069200 0.000000 0.089900 0.100300 0.447500 0.115000 0.084900 0.136100 0.136200 0.076200 0.104600 0.067900 0.079100 0.062900 0.128400 0.117200 0.117200
BohorReedb 0.090600 0.326800 0.115000 0.508600 0.026400 0.103900 0.083300 0.089000 0.114500 0.107700 0.076000 0.090400 0.075200 0.068300 0.111600 0.103200 0.142400 0.136600 0.096000 0.149400 0.106100 0.117800 0.098700 0.138700 0.076000 0.104100 0.067900 0.122200 0.102900 0.114900 0.122400 0.075000 0.109000 0.068600 0.115600 0.075400 0.089900 0.000000 0.106400 0.451400 0.120900 0.105700 0.141800 0.141900 0.082300 0.125200 0.074100 0.100100 0.069100 0.119000 0.123100 0.122700
KirksDik 0.101200 0.352600 0.133100 0.520600 0.113800 0.114900 0.093600 0.099300 0.132500 0.118600 0.086000 0.093000 0.085000 0.077900 0.107700 0.099000 0.137700 0.146800 0.091600 0.168800 0.117400 0.129200 0.124600 0.134400 0.086000 0.092100 0.092100 0.140700 0.098800 0.133000 0.133700 0.084700 0.120000 0.078200 0.112000 0.077500 0.100300 0.106400 0.000000 0.481700 0.132000 0.101500 0.153500 0.146000 0.084600 0.121300 0.097900 0.110700 0.063600 0.122600 0.126500 0.141200
RoeDeer 0.406800 0.739600 0.499700 0.994200 0.459500 0.421800 0.419100 0.441700 0.496900 0.356800 0.428800 0.475800 0.422300 0.436000 0.492100 0.487600 0.485400 0.467700 0.454700 0.551300 0.397900 0.441000 0.372000 0.435300 0.428800 0.470300 0.431800 0.512600 0.485300 0.499700 0.376100 0.444100 0.422400 0.414600 0.443700 0.447900 0.447500 0.451400 0.481700 0.000000 0.359900 0.449000 0.396200 0.429300 0.458000 0.514400 0.456800 0.452600 0.439500 0.432100 0.517000 0.515600
WhiteLippe 0.116000 0.314600 0.155800 0.515400 0.128400 0.129600 0.108300 0.113800 0.155200 0.035000 0.100600 0.115700 0.099500 0.092300 0.145400 0.128700 0.168100 0.147100 0.113700 0.192100 0.108900 0.128800 0.034600 0.086800 0.100600 0.129900 0.106600 0.163600 0.128400 0.155700 0.049100 0.099100 0.135400 0.092600 0.119000 0.099700 0.115000 0.120900 0.132000 0.359900 0.000000 0.131900 0.069100 0.091300 0.106900 0.144300 0.112200 0.125800 0.092900 0.145100 0.164800 0.164200
ThomsonGaz 0.085600 0.370100 0.140200 0.538100 0.104800 0.099200 0.093000 0.084000 0.124900 0.103000 0.070700 0.100200 0.069900 0.077300 0.099200 0.054900 0.138300 0.147500 0.091200 0.176000 0.071300 0.113400 0.124500 0.134300 0.070700 0.027400 0.076900 0.147900 0.040000 0.140100 0.118000 0.084100 0.119900 0.063100 0.111200 0.084600 0.084900 0.105700 0.101500 0.449000 0.131900 0.000000 0.137900 0.153300 0.091800 0.136100 0.082900 0.110600 0.078300 0.129200 0.133600 0.133400
MuntiacusC 0.137300 0.363100 0.176600 0.550000 0.149400 0.150800 0.129600 0.134800 0.175900 0.034500 0.121800 0.136900 0.105500 0.113200 0.166700 0.149700 0.188700 0.152700 0.134600 0.197400 0.115000 0.149800 0.062100 0.115500 0.121800 0.135800 0.112600 0.184500 0.149300 0.176400 0.048300 0.120000 0.157500 0.113600 0.139500 0.120600 0.136100 0.141800 0.153500 0.396200 0.069100 0.137900 0.000000 0.119300 0.127900 0.165400 0.132900 0.147500 0.113900 0.150800 0.185800 0.185200
WhiteTaile 0.137400 0.327800 0.161200 0.544000 0.149400 0.150900 0.129500 0.119700 0.175900 0.085300 0.121800 0.136900 0.120400 0.113200 0.166700 0.149700 0.173200 0.152400 0.134600 0.213000 0.130200 0.119600 0.084200 0.062900 0.121800 0.151000 0.127500 0.184500 0.149300 0.176600 0.099700 0.120000 0.141300 0.113600 0.132300 0.120600 0.136200 0.141900 0.146000 0.429300 0.091300 0.153300 0.119300 0.000000 0.127900 0.134500 0.132900 0.139300 0.098900 0.166300 0.185800 0.177000
Cattle 0.076900 0.329600 0.087100 0.501100 0.089400 0.090500 0.069600 0.075500 0.086800 0.093600 0.062300 0.047900 0.060200 0.053600 0.105100 0.089600 0.129000 0.108500 0.082400 0.121000 0.092200 0.104100 0.099700 0.124300 0.062600 0.075600 0.068500 0.094200 0.089400 0.087000 0.108200 0.061500 0.094700 0.055000 0.102200 0.006500 0.076200 0.082300 0.084600 0.458000 0.106900 0.091800 0.127900 0.127900 0.000000 0.103700 0.074400 0.086000 0.055400 0.120300 0.094800 0.094500
RoyalAntel 0.120400 0.344700 0.136500 0.489700 0.132500 0.133800 0.105600 0.103600 0.150700 0.131100 0.090600 0.097500 0.104200 0.090000 0.149300 0.118000 0.172400 0.166700 0.110600 0.186000 0.129100 0.132700 0.136900 0.139100 0.090600 0.111100 0.111100 0.151500 0.117700 0.151100 0.146000 0.096700 0.117000 0.097500 0.115800 0.096700 0.104600 0.125200 0.121300 0.514400 0.144300 0.136100 0.165400 0.134500 0.103700 0.000000 0.116700 0.108100 0.083700 0.149700 0.145000 0.151500
Steenbok 0.068400 0.322200 0.106400 0.501000 0.080700 0.081600 0.075400 0.067200 0.092200 0.099100 0.054300 0.082300 0.052900 0.060700 0.110400 0.095500 0.133900 0.128100 0.074000 0.140100 0.076200 0.095200 0.090400 0.129400 0.054300 0.081700 0.060200 0.113400 0.080800 0.106300 0.113500 0.066500 0.100300 0.046300 0.093400 0.067600 0.067900 0.074100 0.097900 0.456800 0.112200 0.082900 0.132900 0.132900 0.074400 0.116700 0.000000 0.091700 0.061400 0.117700 0.114200 0.099900
Impala 0.079800 0.366000 0.135200 0.514100 0.107600 0.093700 0.072100 0.078200 0.134700 0.112200 0.064700 0.087100 0.078600 0.056700 0.124300 0.100500 0.147800 0.141800 0.100300 0.171500 0.095700 0.108000 0.118300 0.144300 0.064700 0.093700 0.085800 0.143000 0.100200 0.135200 0.127400 0.063600 0.097700 0.071700 0.106100 0.078800 0.079100 0.100100 0.110700 0.452600 0.125800 0.110600 0.147500 0.139300 0.086000 0.108100 0.091700 0.000000 0.064600 0.131900 0.128700 0.143600
Klipspring 0.063400 0.323100 0.103200 0.493500 0.076200 0.077000 0.049000 0.062300 0.102800 0.079400 0.048900 0.048800 0.048400 0.034400 0.091800 0.062100 0.115700 0.109700 0.055000 0.138100 0.078700 0.076400 0.085700 0.094500 0.048900 0.077100 0.055300 0.110500 0.061900 0.103100 0.094000 0.041200 0.072900 0.041600 0.075000 0.048400 0.062900 0.069100 0.063600 0.439500 0.092900 0.078300 0.113900 0.098900 0.055400 0.083700 0.061400 0.064600 0.000000 0.091500 0.111300 0.110900
ForestMusk 0.129500 0.356000 0.160700 0.552400 0.133700 0.143000 0.099500 0.112100 0.160100 0.131900 0.114100 0.113900 0.112800 0.083800 0.143200 0.126800 0.180900 0.160100 0.134400 0.181300 0.138600 0.142100 0.137700 0.163700 0.114100 0.143200 0.119900 0.168500 0.126500 0.160600 0.146800 0.090600 0.141500 0.106100 0.095600 0.113100 0.128400 0.119000 0.122600 0.432100 0.145100 0.129200 0.150800 0.166300 0.120300 0.149700 0.117700 0.131900 0.091500 0.000000 0.169600 0.169100
Bushbuck 0.133300 0.364600 0.044700 0.499600 0.130300 0.146400 0.125800 0.131000 0.044100 0.151800 0.118200 0.103000 0.116900 0.110000 0.146700 0.123400 0.154800 0.163900 0.123300 0.076900 0.142200 0.160500 0.157400 0.167600 0.118200 0.102000 0.109200 0.063400 0.130200 0.044700 0.166700 0.116600 0.153600 0.110400 0.157500 0.088000 0.117200 0.123100 0.126500 0.517000 0.164800 0.133600 0.185800 0.185800 0.094800 0.145000 0.114200 0.128700 0.111300 0.169600 0.000000 0.051500
GreaterKud 0.118100 0.371500 0.044600 0.516800 0.129900 0.131300 0.125400 0.116400 0.030900 0.151300 0.103400 0.102700 0.102200 0.109600 0.161400 0.137800 0.184000 0.178400 0.108600 0.063400 0.126800 0.130300 0.156900 0.174600 0.103400 0.116200 0.094700 0.051100 0.130100 0.030900 0.166100 0.116200 0.144900 0.094500 0.142500 0.087700 0.117200 0.122700 0.141200 0.515600 0.164200 0.133400 0.185200 0.177000 0.094500 0.151500 0.099900 0.143600 0.110900 0.169100 0.051500 0.000000
