1
52 1
Argali 0.000000 0.129100 0.049200 0.110800 0.016000 0.000000 0.015700 0.015600 0.043500 0.043700 0.005200 0.049400 0.015600 0.043500 0.038100 0.026200 0.055100 0.043800 0.015800 0.043200 0.015900 0.010400 0.043800 0.055000 0.005300 0.021400 0.015700 0.043500 0.020900 0.043500 0.048200 0.025700 0.049300 0.010600 0.010400 0.061000 0.005200 0.010400 0.049000 0.049400 0.037000 0.026800 0.041500 0.054800 0.043700 0.026800 0.032300 0.026900 0.010600 0.038100 0.048700 0.043500
LesserMous 0.129100 0.000000 0.130200 0.094800 0.135700 0.129100 0.135700 0.135900 0.110700 0.124200 0.122900 0.130400 0.123100 0.168900 0.124100 0.148900 0.123800 0.111100 0.123600 0.110700 0.135900 0.129800 0.124400 0.124000 0.122900 0.142000 0.123100 0.110700 0.142000 0.123400 0.131000 0.135500 0.104600 0.116900 0.129100 0.118300 0.122900 0.129000 0.149000 0.118100 0.117700 0.135900 0.124200 0.124300 0.098900 0.149000 0.129700 0.129600 0.128800 0.105200 0.104700 0.110700
LesserKudu 0.049200 0.130200 0.000000 0.117900 0.054900 0.049200 0.054900 0.055000 0.016000 0.049700 0.041600 0.055400 0.054900 0.084100 0.055300 0.066500 0.061200 0.049700 0.043800 0.016100 0.055000 0.049400 0.049800 0.061000 0.043600 0.060500 0.054900 0.015700 0.060600 0.015900 0.055200 0.054900 0.055300 0.049300 0.049200 0.067200 0.043600 0.049100 0.090000 0.055500 0.044000 0.066400 0.049700 0.061200 0.049600 0.066500 0.060700 0.043700 0.049100 0.044000 0.021600 0.016100
KillerWhal 0.110800 0.094800 0.117900 0.000000 0.117200 0.110800 0.104200 0.117400 0.098600 0.093200 0.104700 0.105500 0.104800 0.136200 0.099200 0.117300 0.080500 0.086800 0.105300 0.098600 0.117400 0.104800 0.093300 0.093000 0.104700 0.123400 0.104300 0.098600 0.124400 0.111200 0.087200 0.116500 0.080500 0.098700 0.110700 0.081300 0.104700 0.110600 0.117000 0.087200 0.086900 0.117400 0.093200 0.093200 0.074800 0.130200 0.123800 0.104900 0.110500 0.074800 0.092700 0.099200
DefassaWat 0.016000 0.135700 0.054900 0.117200 0.000000 0.016000 0.021400 0.021000 0.049100 0.049600 0.010400 0.055100 0.021400 0.049100 0.043700 0.032300 0.060900 0.049500 0.021500 0.049100 0.021400 0.015700 0.049500 0.060700 0.010400 0.026800 0.021400 0.049100 0.026200 0.049100 0.055300 0.030900 0.055000 0.015500 0.015800 0.066800 0.010400 0.005200 0.054700 0.055200 0.041600 0.032300 0.049500 0.060900 0.049300 0.021400 0.037900 0.032400 0.015600 0.043700 0.054800 0.049100
Sheep 0.000000 0.129100 0.049200 0.110800 0.016000 0.000000 0.016000 0.016000 0.043500 0.043400 0.005200 0.049400 0.016000 0.043500 0.038100 0.026800 0.055100 0.043800 0.015700 0.043500 0.015500 0.010500 0.043800 0.055000 0.005200 0.020900 0.016000 0.043000 0.021400 0.043500 0.049500 0.026800 0.049300 0.010600 0.010400 0.061000 0.005300 0.010600 0.049000 0.049400 0.038100 0.026800 0.042600 0.055100 0.043700 0.026800 0.032300 0.026900 0.010600 0.038100 0.049100 0.043500
MaxwellsDu 0.015700 0.135700 0.054900 0.104200 0.021400 0.016000 0.000000 0.020600 0.049100 0.043800 0.010600 0.055100 0.021000 0.026900 0.038100 0.032400 0.060900 0.049500 0.021500 0.049100 0.021400 0.015600 0.043800 0.055000 0.010600 0.026800 0.020800 0.049100 0.026800 0.049100 0.049500 0.010400 0.053800 0.016000 0.016000 0.066800 0.010600 0.015500 0.054700 0.049500 0.036500 0.032300 0.042700 0.055100 0.049300 0.031500 0.036900 0.031200 0.015700 0.038100 0.054900 0.049100
GazellaPrz 0.015600 0.135900 0.055000 0.117400 0.021000 0.016000 0.020600 0.000000 0.049200 0.043800 0.010400 0.049500 0.021400 0.049200 0.043800 0.010600 0.055200 0.041700 0.021500 0.046600 0.000000 0.016100 0.043800 0.055000 0.010600 0.005300 0.021400 0.049200 0.005300 0.049200 0.049500 0.032300 0.049400 0.016000 0.016000 0.061100 0.010600 0.016000 0.031600 0.049400 0.038100 0.010400 0.043800 0.054700 0.043800 0.032400 0.015700 0.026900 0.015700 0.043800 0.054900 0.049200
MountainNy 0.043500 0.110700 0.016000 0.098600 0.049100 0.043500 0.049100 0.049200 0.000000 0.032700 0.037900 0.038200 0.049100 0.078000 0.049500 0.060500 0.043900 0.032700 0.038100 0.000000 0.049200 0.043600 0.032700 0.043800 0.036200 0.054700 0.049100 0.000000 0.054700 0.010500 0.038300 0.048500 0.038200 0.043600 0.043400 0.049700 0.037900 0.043400 0.072100 0.038300 0.026400 0.060500 0.032500 0.043900 0.031900 0.060500 0.054900 0.038000 0.043400 0.026000 0.005200 0.000000
MuntiacusM 0.043700 0.124200 0.049700 0.093200 0.049600 0.043400 0.043800 0.043800 0.032700 0.000000 0.038200 0.032900 0.049500 0.072700 0.038500 0.054700 0.036700 0.026400 0.038400 0.031800 0.041500 0.044000 0.010800 0.021700 0.038200 0.049300 0.049500 0.032700 0.049300 0.043900 0.005300 0.055000 0.031500 0.043900 0.043700 0.044300 0.037800 0.043700 0.066600 0.016300 0.005300 0.055100 0.000000 0.021300 0.027300 0.061000 0.060800 0.032700 0.043700 0.016300 0.038300 0.032700
goat 0.005200 0.122900 0.041600 0.104700 0.010400 0.005200 0.010600 0.010400 0.037900 0.038200 0.000000 0.043800 0.010500 0.037900 0.032600 0.020800 0.049500 0.038200 0.010400 0.036800 0.010400 0.005200 0.038200 0.049300 0.000000 0.015500 0.010500 0.037900 0.016000 0.037900 0.041700 0.021400 0.043700 0.005200 0.005300 0.055200 0.000000 0.005200 0.043500 0.043800 0.032600 0.021400 0.038200 0.049400 0.038100 0.020900 0.026900 0.021000 0.005200 0.032600 0.043600 0.036300
AfricanBuf 0.049400 0.130400 0.055400 0.105500 0.055100 0.049400 0.055100 0.049500 0.038200 0.032900 0.043800 0.000000 0.055100 0.072600 0.055500 0.060900 0.038500 0.027300 0.044000 0.038200 0.049500 0.049600 0.032900 0.044100 0.043800 0.055100 0.055100 0.038200 0.055100 0.049500 0.038600 0.066500 0.032800 0.049500 0.049300 0.044300 0.041500 0.049300 0.072600 0.038500 0.027300 0.060900 0.032900 0.044100 0.026100 0.066700 0.066700 0.032700 0.049300 0.032800 0.043900 0.038200
Topi 0.015600 0.123100 0.054900 0.104800 0.021400 0.016000 0.021000 0.021400 0.049100 0.049500 0.010500 0.055100 0.000000 0.049100 0.032600 0.032400 0.049500 0.049500 0.020900 0.049100 0.021400 0.016000 0.049500 0.049400 0.010600 0.026200 0.000000 0.049100 0.026800 0.049200 0.055300 0.031000 0.043800 0.005300 0.016000 0.055400 0.010400 0.016000 0.042100 0.055200 0.043800 0.021400 0.049500 0.038200 0.038200 0.031200 0.026300 0.032400 0.015900 0.032600 0.054900 0.049100
CommonDuik 0.043500 0.168900 0.084100 0.136200 0.049100 0.043500 0.026900 0.049200 0.078000 0.072700 0.037900 0.072600 0.049100 0.000000 0.066400 0.060500 0.090500 0.078500 0.049300 0.078000 0.049200 0.043600 0.072500 0.084200 0.037900 0.054700 0.049100 0.078000 0.054700 0.078000 0.078700 0.037800 0.084300 0.043600 0.043400 0.096700 0.037900 0.043400 0.083800 0.078600 0.066700 0.060500 0.072700 0.084400 0.078400 0.060500 0.066300 0.060600 0.043400 0.066700 0.084000 0.078000
Suni 0.038100 0.124100 0.055300 0.099200 0.043700 0.038100 0.038100 0.043800 0.049500 0.038500 0.032600 0.055500 0.032600 0.066400 0.000000 0.055100 0.061300 0.049800 0.032700 0.049500 0.043800 0.038200 0.038400 0.038400 0.032600 0.049300 0.032600 0.049500 0.049300 0.049500 0.044200 0.049300 0.044000 0.027100 0.038000 0.055700 0.032600 0.038000 0.066700 0.044100 0.032800 0.043800 0.038500 0.038500 0.038400 0.055100 0.049400 0.032600 0.038000 0.021700 0.055200 0.049500
Springbuck 0.026200 0.148900 0.066500 0.117300 0.032300 0.026800 0.032400 0.010600 0.060500 0.054700 0.020800 0.060900 0.032400 0.060500 0.055100 0.000000 0.055200 0.055200 0.031800 0.060500 0.010400 0.026100 0.055200 0.066400 0.021000 0.005200 0.032400 0.060500 0.005200 0.060600 0.049500 0.043400 0.060800 0.026400 0.026400 0.061100 0.021400 0.025700 0.043400 0.060900 0.049300 0.010400 0.055100 0.066600 0.055100 0.043500 0.025900 0.038000 0.026800 0.055100 0.066400 0.060500
Okapi 0.055100 0.123800 0.061200 0.080500 0.060900 0.055100 0.060900 0.055200 0.043900 0.036700 0.049500 0.038500 0.049500 0.090500 0.061300 0.055200 0.000000 0.021700 0.049700 0.043900 0.055200 0.055400 0.038600 0.049800 0.049500 0.060900 0.049500 0.043900 0.060900 0.055300 0.033000 0.072400 0.027200 0.055300 0.055100 0.038600 0.049500 0.055000 0.072500 0.044300 0.032900 0.066800 0.038300 0.036800 0.032900 0.072600 0.072600 0.038300 0.055000 0.038500 0.049600 0.043900
Giraffe 0.043800 0.111100 0.049700 0.086800 0.049500 0.043800 0.049500 0.041700 0.032700 0.026400 0.038200 0.027300 0.049500 0.078500 0.049800 0.055200 0.021700 0.000000 0.038400 0.032700 0.043900 0.044100 0.027400 0.038500 0.038200 0.049400 0.049500 0.032700 0.049400 0.043900 0.033000 0.060800 0.016200 0.043900 0.043700 0.038600 0.038200 0.043700 0.066800 0.033000 0.021200 0.055200 0.027300 0.038500 0.021700 0.061000 0.061000 0.027100 0.043700 0.027300 0.036600 0.031700
TibetanAnt 0.015800 0.123600 0.043800 0.105300 0.021500 0.015700 0.021500 0.021500 0.038100 0.038400 0.010400 0.044000 0.020900 0.049300 0.032700 0.031800 0.049700 0.038400 0.000000 0.038100 0.021500 0.015700 0.038400 0.049600 0.010500 0.026900 0.021000 0.037300 0.026900 0.038100 0.044100 0.032400 0.043900 0.016100 0.015500 0.055600 0.010500 0.015700 0.054700 0.044100 0.032700 0.031600 0.038400 0.049700 0.038300 0.032500 0.038000 0.020700 0.015600 0.032700 0.043800 0.038100
Sitatunga 0.043200 0.110700 0.016100 0.098600 0.049100 0.043500 0.049100 0.046600 0.000000 0.031800 0.036800 0.038200 0.049100 0.078000 0.049500 0.060500 0.043900 0.032700 0.038100 0.000000 0.049200 0.043600 0.032700 0.043800 0.037900 0.054700 0.046700 0.000000 0.054700 0.010500 0.037100 0.049100 0.038200 0.043600 0.043400 0.049700 0.037900 0.043400 0.072100 0.038300 0.027100 0.060500 0.032700 0.043900 0.032600 0.060500 0.054900 0.038000 0.043400 0.027100 0.005200 0.000000
Oribi 0.015900 0.135900 0.055000 0.117400 0.021400 0.015500 0.021400 0.000000 0.049200 0.041500 0.010400 0.049500 0.021400 0.049200 0.043800 0.010400 0.055200 0.043900 0.021500 0.049200 0.000000 0.015700 0.043800 0.055000 0.010400 0.005300 0.020900 0.049200 0.005200 0.048000 0.049500 0.032300 0.049400 0.016000 0.015600 0.061100 0.010400 0.015700 0.032300 0.049400 0.036500 0.010600 0.043800 0.055100 0.043800 0.032400 0.015700 0.026500 0.015700 0.043800 0.054900 0.049200
BarbaryShe 0.010400 0.129800 0.049400 0.104800 0.015700 0.010500 0.015600 0.016100 0.043600 0.044000 0.005200 0.049600 0.016000 0.043600 0.038200 0.026100 0.055400 0.044100 0.015700 0.043600 0.015700 0.000000 0.044000 0.055200 0.005200 0.021400 0.016000 0.043600 0.021400 0.043700 0.049700 0.026100 0.049500 0.010500 0.010400 0.061300 0.005200 0.010400 0.049200 0.049700 0.037100 0.026300 0.044000 0.055300 0.043900 0.027000 0.032400 0.026200 0.010400 0.038300 0.049400 0.043600
Daviddeer 0.043800 0.124400 0.049800 0.093300 0.049500 0.043800 0.043800 0.043800 0.032700 0.010800 0.038200 0.032900 0.049500 0.072500 0.038400 0.055200 0.038600 0.027400 0.038400 0.032700 0.043800 0.044000 0.000000 0.021700 0.038200 0.049400 0.049500 0.032700 0.049400 0.044000 0.016300 0.055100 0.032900 0.043900 0.043800 0.044400 0.038200 0.043800 0.066700 0.016300 0.005400 0.055100 0.010800 0.021800 0.027300 0.061000 0.060900 0.032700 0.043700 0.016300 0.038400 0.032700
Reindeer 0.055000 0.124000 0.061000 0.093000 0.060700 0.055000 0.055000 0.055000 0.043800 0.021700 0.049300 0.044100 0.049400 0.084200 0.038400 0.066400 0.049800 0.038500 0.049600 0.043800 0.055000 0.055200 0.021700 0.000000 0.049300 0.060500 0.049400 0.043800 0.060500 0.055100 0.026400 0.066400 0.031400 0.043800 0.054900 0.044200 0.049000 0.054900 0.066500 0.016200 0.016200 0.055000 0.021700 0.010800 0.026200 0.072400 0.046800 0.043800 0.054800 0.016200 0.049500 0.043800
Ibex 0.005300 0.122900 0.043600 0.104700 0.010400 0.005200 0.010600 0.010600 0.036200 0.038200 0.000000 0.043800 0.010600 0.037900 0.032600 0.021000 0.049500 0.038200 0.010500 0.037900 0.010400 0.005200 0.038200 0.049300 0.000000 0.015600 0.010600 0.037900 0.015600 0.037900 0.043900 0.021400 0.042600 0.005200 0.005200 0.055300 0.000000 0.005200 0.043500 0.043800 0.032600 0.020700 0.038200 0.049400 0.037000 0.021400 0.026300 0.020700 0.005200 0.032600 0.043600 0.037900
GyrantGaze 0.021400 0.142000 0.060500 0.123400 0.026800 0.020900 0.026800 0.005300 0.054700 0.049300 0.015500 0.055100 0.026200 0.054700 0.049300 0.005200 0.060900 0.049400 0.026900 0.054700 0.005300 0.021400 0.049400 0.060500 0.015600 0.000000 0.026800 0.054700 0.000000 0.054700 0.055100 0.037800 0.055000 0.021400 0.020900 0.066800 0.016000 0.021300 0.037800 0.055000 0.043600 0.005300 0.049300 0.060700 0.049300 0.037800 0.020800 0.032400 0.021000 0.049300 0.060500 0.054700
Hartebeest 0.015700 0.123100 0.054900 0.104300 0.021400 0.016000 0.020800 0.021400 0.049100 0.049500 0.010500 0.055100 0.000000 0.049100 0.032600 0.032400 0.049500 0.049500 0.021000 0.046700 0.020900 0.016000 0.049500 0.049400 0.010600 0.026800 0.000000 0.049100 0.026200 0.049200 0.055400 0.032300 0.043800 0.005200 0.016000 0.055400 0.010400 0.016000 0.043500 0.054400 0.043800 0.021400 0.049500 0.038200 0.037200 0.032400 0.026200 0.032400 0.015900 0.032600 0.054400 0.049100
Bongo 0.043500 0.110700 0.015700 0.098600 0.049100 0.043000 0.049100 0.049200 0.000000 0.032700 0.037900 0.038200 0.049100 0.078000 0.049500 0.060500 0.043900 0.032700 0.037300 0.000000 0.049200 0.043600 0.032700 0.043800 0.037900 0.054700 0.049100 0.000000 0.054700 0.010500 0.038300 0.047600 0.038200 0.043600 0.043400 0.049700 0.037900 0.043400 0.072100 0.037200 0.026400 0.060500 0.032700 0.043900 0.032600 0.060500 0.054900 0.037400 0.043400 0.026400 0.005300 0.000000
Gerenuk 0.020900 0.142000 0.060600 0.124400 0.026200 0.021400 0.026800 0.005300 0.054700 0.049300 0.016000 0.055100 0.026800 0.054700 0.049300 0.005200 0.060900 0.049400 0.026900 0.054700 0.005200 0.021400 0.049400 0.060500 0.015600 0.000000 0.026200 0.054700 0.000000 0.054700 0.055100 0.036000 0.055000 0.020900 0.020900 0.066800 0.015700 0.020800 0.037100 0.055000 0.043600 0.005300 0.049300 0.060700 0.049300 0.037500 0.021400 0.032400 0.021300 0.049300 0.060500 0.054700
CommonElan 0.043500 0.123400 0.015900 0.111200 0.049100 0.043500 0.049100 0.049200 0.010500 0.043900 0.037900 0.049500 0.049200 0.078000 0.049500 0.060600 0.055300 0.043900 0.038100 0.010500 0.048000 0.043700 0.044000 0.055100 0.037900 0.054700 0.049200 0.010500 0.054700 0.000000 0.049700 0.049100 0.049500 0.043600 0.043400 0.061200 0.036300 0.043400 0.083900 0.049600 0.036500 0.059600 0.043900 0.055300 0.043700 0.060600 0.054900 0.038000 0.043400 0.036600 0.015800 0.010700
MuntiacusR 0.048200 0.131000 0.055200 0.087200 0.055300 0.049500 0.049500 0.049500 0.038300 0.005300 0.041700 0.038600 0.055300 0.078700 0.044200 0.049500 0.033000 0.033000 0.044100 0.037100 0.049500 0.049700 0.016300 0.026400 0.043900 0.055100 0.055400 0.038300 0.055100 0.049700 0.000000 0.060900 0.038600 0.049700 0.049500 0.038700 0.043900 0.049500 0.072600 0.021800 0.010600 0.060900 0.005300 0.026500 0.032900 0.066900 0.066700 0.038400 0.046600 0.021800 0.044100 0.038300
HarveysDui 0.025700 0.135500 0.054900 0.116500 0.030900 0.026800 0.010400 0.032300 0.048500 0.055000 0.021400 0.066500 0.031000 0.037800 0.049300 0.043400 0.072400 0.060800 0.032400 0.049100 0.032300 0.026100 0.055100 0.066400 0.021400 0.037800 0.032300 0.047600 0.036000 0.049100 0.060900 0.000000 0.066400 0.026800 0.026800 0.078400 0.020800 0.026500 0.066100 0.060800 0.048800 0.043400 0.055000 0.066500 0.060600 0.043400 0.037800 0.043400 0.026700 0.049300 0.054800 0.049100
Pronghorn 0.049300 0.104600 0.055300 0.080500 0.055000 0.049300 0.053800 0.049400 0.038200 0.031500 0.043700 0.032800 0.043800 0.084300 0.044000 0.060800 0.027200 0.016200 0.043900 0.038200 0.049400 0.049500 0.032900 0.031400 0.042600 0.055000 0.043800 0.038200 0.055000 0.049500 0.038600 0.066400 0.000000 0.038200 0.049300 0.032100 0.043700 0.049200 0.060900 0.038500 0.026500 0.049400 0.032800 0.032900 0.016200 0.066600 0.055100 0.032600 0.049200 0.021700 0.043900 0.038200
BlueWildeb 0.010600 0.116900 0.049300 0.098700 0.015500 0.010600 0.016000 0.016000 0.043600 0.043900 0.005200 0.049500 0.005300 0.043600 0.027100 0.026400 0.055300 0.043900 0.016100 0.043600 0.016000 0.010500 0.043900 0.043800 0.005200 0.021400 0.005200 0.043600 0.020900 0.043600 0.049700 0.026800 0.038200 0.000000 0.010600 0.049700 0.005200 0.010400 0.038000 0.049600 0.038200 0.015900 0.043900 0.043900 0.031800 0.026900 0.021000 0.026700 0.010400 0.026000 0.049300 0.043600
Gemsbok 0.010400 0.129100 0.049200 0.110700 0.015800 0.010400 0.016000 0.016000 0.043400 0.043700 0.005300 0.049300 0.016000 0.043400 0.038000 0.026400 0.055100 0.043700 0.015500 0.043400 0.015600 0.010400 0.043800 0.054900 0.005200 0.020900 0.016000 0.043400 0.020900 0.043400 0.049500 0.026800 0.049300 0.010600 0.000000 0.060900 0.005200 0.010400 0.049000 0.049400 0.038100 0.026000 0.043700 0.055000 0.043600 0.026800 0.032300 0.026900 0.010600 0.038100 0.049100 0.043400
Yak 0.061000 0.118300 0.067200 0.081300 0.066800 0.061000 0.066800 0.061100 0.049700 0.044300 0.055200 0.044300 0.055400 0.096700 0.055700 0.061100 0.038600 0.038600 0.055600 0.049700 0.061100 0.061300 0.044400 0.044200 0.055300 0.066800 0.055400 0.049700 0.066800 0.061200 0.038700 0.078400 0.032100 0.049700 0.060900 0.000000 0.055300 0.060900 0.072900 0.038700 0.036700 0.061200 0.044300 0.044400 0.015900 0.078700 0.067000 0.044000 0.060800 0.031700 0.044100 0.049700
BlueSheep 0.005200 0.122900 0.043600 0.104700 0.010400 0.005300 0.010600 0.010600 0.037900 0.037800 0.000000 0.041500 0.010400 0.037900 0.032600 0.021400 0.049500 0.038200 0.010500 0.037900 0.010400 0.005200 0.038200 0.049000 0.000000 0.016000 0.010400 0.037900 0.015700 0.036300 0.043900 0.020800 0.043700 0.005200 0.005200 0.055300 0.000000 0.005300 0.043500 0.043800 0.032600 0.020900 0.038200 0.049400 0.038100 0.021400 0.026400 0.021500 0.005300 0.032600 0.041500 0.037000
BohorReedb 0.010400 0.129000 0.049100 0.110600 0.005200 0.010600 0.015500 0.016000 0.043400 0.043700 0.005200 0.049300 0.016000 0.043400 0.038000 0.025700 0.055000 0.043700 0.015700 0.043400 0.015700 0.010400 0.043800 0.054900 0.005200 0.021300 0.016000 0.043400 0.020800 0.043400 0.049500 0.026500 0.049200 0.010400 0.010400 0.060900 0.005300 0.000000 0.049000 0.049400 0.038100 0.026800 0.043700 0.055000 0.043600 0.026800 0.031400 0.026800 0.010600 0.037000 0.049100 0.043400
KirksDik 0.049000 0.149000 0.090000 0.117000 0.054700 0.049000 0.054700 0.031600 0.072100 0.066600 0.043500 0.072600 0.042100 0.083800 0.066700 0.043400 0.072500 0.066800 0.054700 0.072100 0.032300 0.049200 0.066700 0.066500 0.043500 0.037800 0.043500 0.072100 0.037100 0.083900 0.072600 0.066100 0.060900 0.038000 0.049000 0.072900 0.043500 0.049000 0.000000 0.072500 0.060800 0.032300 0.066600 0.066600 0.055200 0.066200 0.037900 0.060600 0.048900 0.054400 0.078100 0.072100
RoeDeer 0.049400 0.118100 0.055500 0.087200 0.055200 0.049400 0.049500 0.049400 0.038300 0.016300 0.043800 0.038500 0.055200 0.078600 0.044100 0.060900 0.044300 0.033000 0.044100 0.038300 0.049400 0.049700 0.016300 0.016200 0.043800 0.055000 0.054400 0.037200 0.055000 0.049600 0.021800 0.060800 0.038500 0.049600 0.049400 0.038700 0.043800 0.049400 0.072500 0.000000 0.010600 0.060600 0.015900 0.016300 0.021200 0.066800 0.055200 0.038300 0.049300 0.021200 0.032800 0.038300
WhiteLippe 0.037000 0.117700 0.044000 0.086900 0.041600 0.038100 0.036500 0.038100 0.026400 0.005300 0.032600 0.027300 0.043800 0.066700 0.032800 0.049300 0.032900 0.021200 0.032700 0.027100 0.036500 0.037100 0.005400 0.016200 0.032600 0.043600 0.043800 0.026400 0.043600 0.036500 0.010600 0.048800 0.026500 0.038200 0.038100 0.036700 0.032600 0.038100 0.060800 0.010600 0.000000 0.049300 0.005300 0.015900 0.020900 0.055100 0.055000 0.026200 0.038000 0.010600 0.031300 0.026200
ThomsonGaz 0.026800 0.135900 0.066400 0.117400 0.032300 0.026800 0.032300 0.010400 0.060500 0.055100 0.021400 0.060900 0.021400 0.060500 0.043800 0.010400 0.066800 0.055200 0.031600 0.060500 0.010600 0.026300 0.055100 0.055000 0.020700 0.005300 0.021400 0.060500 0.005300 0.059600 0.060900 0.043400 0.049400 0.015900 0.026000 0.061200 0.020900 0.026800 0.032300 0.060600 0.049300 0.000000 0.055100 0.055100 0.043800 0.043500 0.015600 0.038000 0.025800 0.043800 0.066400 0.060500
MuntiacusC 0.041500 0.124200 0.049700 0.093200 0.049500 0.042600 0.042700 0.043800 0.032500 0.000000 0.038200 0.032900 0.049500 0.072700 0.038500 0.055100 0.038300 0.027300 0.038400 0.032700 0.043800 0.044000 0.010800 0.021700 0.038200 0.049300 0.049500 0.032700 0.049300 0.043900 0.005300 0.055000 0.032800 0.043900 0.043700 0.044300 0.038200 0.043700 0.066600 0.015900 0.005300 0.055100 0.000000 0.021700 0.026600 0.061000 0.060800 0.032700 0.043700 0.015900 0.038300 0.032700
WhiteTaile 0.054800 0.124300 0.061200 0.093200 0.060900 0.055100 0.055100 0.054700 0.043900 0.021300 0.049400 0.044100 0.038200 0.084400 0.038500 0.066600 0.036800 0.038500 0.049700 0.043900 0.055100 0.055300 0.021800 0.010800 0.049400 0.060700 0.038200 0.043900 0.060700 0.055300 0.026500 0.066500 0.032900 0.043900 0.055000 0.044400 0.049400 0.055000 0.066600 0.016300 0.015900 0.055100 0.021700 0.000000 0.026700 0.072400 0.049400 0.043900 0.055000 0.015900 0.049600 0.043900
Cattle 0.043700 0.098900 0.049600 0.074800 0.049300 0.043700 0.049300 0.043800 0.031900 0.027300 0.038100 0.026100 0.038200 0.078400 0.038400 0.055100 0.032900 0.021700 0.038300 0.032600 0.043800 0.043900 0.027300 0.026200 0.037000 0.049300 0.037200 0.032600 0.049300 0.043700 0.032900 0.060600 0.016200 0.031800 0.043600 0.015900 0.038100 0.043600 0.055200 0.021200 0.020900 0.043800 0.026600 0.026700 0.000000 0.060800 0.049400 0.027100 0.043600 0.015900 0.027100 0.032600
RoyalAntel 0.026800 0.149000 0.066500 0.130200 0.021400 0.026800 0.031500 0.032400 0.060500 0.061000 0.020900 0.066700 0.031200 0.060500 0.055100 0.043500 0.072600 0.061000 0.032500 0.060500 0.032400 0.027000 0.061000 0.072400 0.021400 0.037800 0.032400 0.060500 0.037500 0.060600 0.066900 0.043400 0.066600 0.026900 0.026800 0.078700 0.021400 0.026800 0.066200 0.066800 0.055100 0.043500 0.061000 0.072400 0.060800 0.000000 0.049100 0.043600 0.026800 0.055100 0.066400 0.060500
Steenbok 0.032300 0.129700 0.060700 0.123800 0.037900 0.032300 0.036900 0.015700 0.054900 0.060800 0.026900 0.066700 0.026300 0.066300 0.049400 0.025900 0.072600 0.061000 0.038000 0.054900 0.015700 0.032400 0.060900 0.046800 0.026300 0.020800 0.026200 0.054900 0.021400 0.054900 0.066700 0.037800 0.055100 0.021000 0.032300 0.067000 0.026400 0.031400 0.037900 0.055200 0.055000 0.015600 0.060800 0.049400 0.049400 0.049100 0.000000 0.041500 0.032300 0.049500 0.060700 0.054900
Impala 0.026900 0.129600 0.043700 0.104900 0.032400 0.026900 0.031200 0.026900 0.038000 0.032700 0.021000 0.032700 0.032400 0.060600 0.032600 0.038000 0.038300 0.027100 0.020700 0.038000 0.026500 0.026200 0.032700 0.043800 0.020700 0.032400 0.032400 0.037400 0.032400 0.038000 0.038400 0.043400 0.032600 0.026700 0.026900 0.044000 0.021500 0.026800 0.060600 0.038300 0.026200 0.038000 0.032700 0.043900 0.027100 0.043600 0.041500 0.000000 0.026000 0.032700 0.043700 0.038000
Klipspring 0.010600 0.128800 0.049100 0.110500 0.015600 0.010600 0.015700 0.015700 0.043400 0.043700 0.005200 0.049300 0.015900 0.043400 0.038000 0.026800 0.055000 0.043700 0.015600 0.043400 0.015700 0.010400 0.043700 0.054800 0.005200 0.021000 0.015900 0.043400 0.021300 0.043400 0.046600 0.026700 0.049200 0.010400 0.010600 0.060800 0.005300 0.010600 0.048900 0.049300 0.038000 0.025800 0.043700 0.055000 0.043600 0.026800 0.032300 0.026000 0.000000 0.038000 0.049000 0.043400
ForestMusk 0.038100 0.105200 0.044000 0.074800 0.043700 0.038100 0.038100 0.043800 0.026000 0.016300 0.032600 0.032800 0.032600 0.066700 0.021700 0.055100 0.038500 0.027300 0.032700 0.027100 0.043800 0.038300 0.016300 0.016200 0.032600 0.049300 0.032600 0.026400 0.049300 0.036600 0.021800 0.049300 0.021700 0.026000 0.038100 0.031700 0.032600 0.037000 0.054400 0.021200 0.010600 0.043800 0.015900 0.015900 0.015900 0.055100 0.049500 0.032700 0.038000 0.000000 0.032700 0.027100
Bushbuck 0.048700 0.104700 0.021600 0.092700 0.054800 0.049100 0.054900 0.054900 0.005200 0.038300 0.043600 0.043900 0.054900 0.084000 0.055200 0.066400 0.049600 0.036600 0.043800 0.005200 0.054900 0.049400 0.038400 0.049500 0.043600 0.060500 0.054400 0.005300 0.060500 0.015800 0.044100 0.054800 0.043900 0.049300 0.049100 0.044100 0.041500 0.049100 0.078100 0.032800 0.031300 0.066400 0.038300 0.049600 0.027100 0.066400 0.060700 0.043700 0.049000 0.032700 0.000000 0.005200
GreaterKud 0.043500 0.110700 0.016100 0.099200 0.049100 0.043500 0.049100 0.049200 0.000000 0.032700 0.036300 0.038200 0.049100 0.078000 0.049500 0.060500 0.043900 0.031700 0.038100 0.000000 0.049200 0.043600 0.032700 0.043800 0.037900 0.054700 0.049100 0.000000 0.054700 0.010700 0.038300 0.049100 0.038200 0.043600 0.043400 0.049700 0.037000 0.043400 0.072100 0.038300 0.026200 0.060500 0.032700 0.043900 0.032600 0.060500 0.054900 0.038000 0.043400 0.027100 0.005200 0.000000
