1
52 1
Argali 0.000000 0.529000 0.091400 0.263100 0.090500 0.000000 0.028600 0.087700 0.090600 0.087800 0.028700 0.089800 0.058300 0.028700 0.028700 0.058200 0.058200 0.058200 0.057900 0.090600 0.058600 0.028700 0.028700 0.058200 0.028700 0.058300 0.058300 0.090600 0.058200 0.090600 0.087800 0.028700 0.058300 0.058300 0.028700 0.059500 0.058300 0.089200 0.088800 0.028700 0.028700 0.058200 0.118400 0.028700 0.059500 0.029200 0.058800 0.154500 0.088200 0.150800 0.122900 0.090600
LesserMous 0.529000 0.000000 0.616200 0.544900 0.656300 0.529000 0.525200 0.409400 0.666400 0.626700 0.527400 0.657600 0.575300 0.527400 0.527400 0.466900 0.466900 0.466900 0.523400 0.666400 0.419400 0.527400 0.527400 0.466900 0.527400 0.466900 0.575300 0.666400 0.466900 0.666400 0.626700 0.527400 0.575300 0.575300 0.527400 0.605500 0.575300 0.526100 0.515100 0.527400 0.527400 0.466900 0.623000 0.527400 0.605500 0.582900 0.466900 0.529900 0.576900 0.638500 0.593900 0.666400
LesserKudu 0.091400 0.616200 0.000000 0.354200 0.124800 0.091400 0.123200 0.121000 0.059700 0.121100 0.059200 0.059800 0.090400 0.059200 0.059200 0.090300 0.090300 0.090300 0.089700 0.059700 0.158400 0.059200 0.059200 0.090300 0.059200 0.090300 0.090400 0.059700 0.090300 0.059700 0.121100 0.059200 0.090400 0.090400 0.059200 0.029400 0.090400 0.123000 0.122600 0.059200 0.059200 0.090300 0.153400 0.059200 0.029500 0.123900 0.090300 0.230900 0.121700 0.187800 0.090700 0.059700
KillerWhal 0.263100 0.544900 0.354200 0.000000 0.392900 0.263100 0.223200 0.299700 0.395700 0.301100 0.301700 0.310800 0.344800 0.301700 0.301700 0.264200 0.264200 0.264200 0.259800 0.395700 0.189800 0.301700 0.301700 0.264200 0.301700 0.264200 0.344800 0.395700 0.264200 0.395700 0.301100 0.301700 0.265300 0.344800 0.301700 0.349200 0.265300 0.384200 0.305800 0.301700 0.301700 0.264200 0.259600 0.301700 0.349200 0.304000 0.264200 0.382100 0.300200 0.378700 0.354200 0.395700
DefassaWat 0.090500 0.656300 0.124800 0.392900 0.000000 0.090500 0.121700 0.119500 0.059800 0.119600 0.058600 0.124000 0.089500 0.058600 0.058000 0.089400 0.089400 0.089400 0.088600 0.059400 0.156600 0.058900 0.058600 0.089400 0.058600 0.089400 0.089500 0.059800 0.089400 0.059800 0.119600 0.058700 0.089000 0.089500 0.058600 0.091300 0.089700 0.058800 0.121400 0.058600 0.058600 0.089800 0.151100 0.058600 0.091300 0.059300 0.089400 0.226500 0.057700 0.184500 0.091400 0.059800
Sheep 0.000000 0.529000 0.091400 0.263100 0.090500 0.000000 0.028600 0.087700 0.090600 0.087800 0.028700 0.090700 0.058300 0.028700 0.028700 0.058200 0.058200 0.058200 0.057500 0.090600 0.058600 0.028700 0.028700 0.058900 0.028700 0.058200 0.058300 0.090600 0.058200 0.090600 0.087800 0.028700 0.058300 0.058300 0.028700 0.059500 0.058200 0.089200 0.088800 0.028700 0.028700 0.058300 0.118400 0.028700 0.059500 0.029000 0.058200 0.154500 0.088200 0.150800 0.122900 0.090600
MaxwellsDu 0.028600 0.525200 0.123200 0.223200 0.121700 0.028600 0.000000 0.118300 0.121900 0.118400 0.057900 0.122200 0.088700 0.057900 0.057900 0.088200 0.088200 0.088200 0.028200 0.121900 0.088700 0.057900 0.057300 0.088800 0.057900 0.088200 0.088300 0.121900 0.088200 0.121900 0.118400 0.058100 0.088300 0.088300 0.057900 0.090000 0.088300 0.120200 0.119600 0.057800 0.057600 0.088200 0.086500 0.057900 0.090000 0.058000 0.088200 0.120100 0.057100 0.183800 0.155300 0.121900
GazellaPrz 0.087700 0.409400 0.121000 0.299700 0.119500 0.087700 0.118300 0.000000 0.119700 0.116800 0.057000 0.119900 0.087000 0.057000 0.057600 0.028000 0.028200 0.028000 0.086400 0.119700 0.087700 0.056900 0.057000 0.028000 0.057000 0.028000 0.087000 0.119700 0.028000 0.119700 0.116800 0.057000 0.087000 0.087000 0.056900 0.088300 0.087000 0.057200 0.057000 0.056500 0.057000 0.028000 0.148100 0.057000 0.088300 0.118900 0.028000 0.221200 0.117200 0.180800 0.088300 0.119700
MountainNy 0.090600 0.666400 0.059700 0.395700 0.059800 0.090600 0.121900 0.119700 0.000000 0.119900 0.058700 0.059400 0.089700 0.058700 0.058700 0.089500 0.089500 0.089500 0.088800 0.000000 0.156900 0.058700 0.058600 0.089500 0.058700 0.089500 0.089700 0.000000 0.089500 0.000000 0.119900 0.058700 0.089700 0.089700 0.059200 0.029200 0.089700 0.121800 0.121700 0.058700 0.058700 0.089500 0.151600 0.058700 0.029200 0.059300 0.089500 0.227500 0.058200 0.185200 0.029200 0.000000
MuntiacusM 0.087800 0.626700 0.121100 0.301100 0.119600 0.087800 0.118400 0.116800 0.119900 0.000000 0.057000 0.057900 0.087200 0.057000 0.057000 0.087000 0.088200 0.087000 0.086500 0.119900 0.151700 0.056600 0.057000 0.086700 0.057000 0.087000 0.087200 0.119900 0.087000 0.119900 0.000000 0.057000 0.028100 0.087800 0.057000 0.088400 0.028100 0.118100 0.118200 0.057000 0.057000 0.087000 0.027700 0.057000 0.088400 0.119100 0.087000 0.221100 0.117400 0.116300 0.152900 0.119900
goat 0.028700 0.527400 0.059200 0.301700 0.058600 0.028700 0.057900 0.057000 0.058700 0.057000 0.000000 0.058800 0.028400 0.000000 0.000000 0.028400 0.028400 0.028400 0.028000 0.058700 0.089100 0.000000 0.000000 0.028400 0.000000 0.028400 0.028400 0.058700 0.028400 0.058700 0.056900 0.000000 0.028400 0.028400 0.000000 0.028900 0.028400 0.057900 0.057600 0.000000 0.000000 0.028400 0.086500 0.000000 0.028800 0.058200 0.028400 0.154000 0.057200 0.117400 0.089500 0.058100
AfricanBuf 0.089800 0.657600 0.059800 0.310800 0.124000 0.090700 0.122200 0.119900 0.059400 0.057900 0.058800 0.000000 0.089800 0.058800 0.058800 0.089700 0.089700 0.089700 0.088900 0.059400 0.156900 0.058800 0.058800 0.089700 0.058800 0.089500 0.089800 0.059400 0.089700 0.059400 0.057900 0.058400 0.028900 0.089800 0.058800 0.029200 0.028900 0.121900 0.121900 0.058800 0.058800 0.089700 0.087800 0.058800 0.029200 0.123100 0.089700 0.227400 0.120700 0.185300 0.090800 0.059200
Topi 0.058300 0.575300 0.090400 0.344800 0.089500 0.058300 0.088700 0.087000 0.089700 0.087200 0.028400 0.089800 0.000000 0.028400 0.028400 0.057700 0.057700 0.057700 0.057300 0.089800 0.120800 0.028400 0.028400 0.057700 0.028400 0.057700 0.000000 0.089700 0.057700 0.089600 0.087200 0.028400 0.057900 0.000000 0.028600 0.058800 0.057900 0.088200 0.088200 0.028400 0.028400 0.057700 0.117400 0.028400 0.058200 0.089000 0.057700 0.187800 0.087700 0.149300 0.121900 0.089700
CommonDuik 0.028700 0.527400 0.059200 0.301700 0.058600 0.028700 0.057900 0.057000 0.058700 0.057000 0.000000 0.058800 0.028400 0.000000 0.000000 0.028400 0.028400 0.028400 0.028200 0.058700 0.089100 0.000000 0.000000 0.028400 0.000000 0.028400 0.028400 0.058700 0.028400 0.058700 0.057000 0.000000 0.028400 0.028400 0.000000 0.028900 0.028400 0.058600 0.057600 0.000000 0.000000 0.028400 0.086500 0.000000 0.028900 0.058200 0.028400 0.154000 0.057200 0.117400 0.089500 0.058700
Suni 0.028700 0.527400 0.059200 0.301700 0.058000 0.028700 0.057900 0.057600 0.058700 0.057000 0.000000 0.058800 0.028400 0.000000 0.000000 0.028400 0.028400 0.028400 0.028200 0.058700 0.089100 0.000000 0.000000 0.028400 0.000000 0.028400 0.028400 0.058700 0.028400 0.058200 0.057000 0.000000 0.028400 0.028400 0.000000 0.028800 0.028400 0.057900 0.057600 0.000000 0.000000 0.028400 0.086500 0.000000 0.028800 0.058200 0.028400 0.154000 0.057200 0.117400 0.089500 0.058700
Springbuck 0.058200 0.466900 0.090300 0.264200 0.089400 0.058200 0.088200 0.028000 0.089500 0.087000 0.028400 0.089700 0.057700 0.028400 0.028400 0.000000 0.000000 0.000000 0.057200 0.089500 0.058200 0.028400 0.028400 0.000000 0.028400 0.000000 0.057700 0.089500 0.000000 0.089500 0.087000 0.028400 0.057700 0.057700 0.028400 0.058700 0.057700 0.088100 0.028500 0.028400 0.028400 0.000000 0.117400 0.028400 0.058200 0.088800 0.000000 0.187800 0.087300 0.149200 0.058700 0.089500
Okapi 0.058200 0.466900 0.090300 0.264200 0.089400 0.058200 0.088200 0.028200 0.089500 0.088200 0.028400 0.089700 0.057700 0.028400 0.028400 0.000000 0.000000 0.000000 0.057200 0.089500 0.058200 0.028400 0.028400 0.000000 0.028400 0.000000 0.058000 0.089500 0.000000 0.089100 0.087000 0.028400 0.057700 0.057800 0.028400 0.058700 0.057700 0.088100 0.028400 0.028400 0.028400 0.000000 0.117400 0.028400 0.058700 0.088800 0.000000 0.187800 0.087300 0.149200 0.058700 0.089500
Giraffe 0.058200 0.466900 0.090300 0.264200 0.089400 0.058200 0.088200 0.028000 0.089500 0.087000 0.028400 0.089700 0.057700 0.028400 0.028400 0.000000 0.000000 0.000000 0.057200 0.089500 0.058200 0.028400 0.028400 0.000000 0.028400 0.000000 0.057700 0.089500 0.000000 0.089500 0.087000 0.028400 0.057600 0.057700 0.028400 0.058600 0.057700 0.088100 0.028400 0.028400 0.028400 0.000000 0.117400 0.028400 0.058700 0.088800 0.000000 0.187800 0.087300 0.149200 0.058700 0.089500
TibetanAnt 0.057900 0.523400 0.089700 0.259800 0.088600 0.057500 0.028200 0.086400 0.088800 0.086500 0.028000 0.088900 0.057300 0.028200 0.028200 0.057200 0.057200 0.057200 0.000000 0.088200 0.120100 0.028200 0.028200 0.057200 0.028100 0.056700 0.057300 0.088800 0.057200 0.088800 0.086500 0.028200 0.057300 0.057300 0.028000 0.058300 0.056700 0.087600 0.087300 0.028000 0.028200 0.056700 0.056300 0.028000 0.057300 0.088200 0.057200 0.119700 0.027900 0.149000 0.120500 0.088800
Sitatunga 0.090600 0.666400 0.059700 0.395700 0.059400 0.090600 0.121900 0.119700 0.000000 0.119900 0.058700 0.059400 0.089800 0.058700 0.058700 0.089500 0.089500 0.089500 0.088200 0.000000 0.156900 0.058700 0.058700 0.089500 0.058100 0.089500 0.089700 0.000000 0.089500 0.000000 0.119900 0.058700 0.089700 0.089700 0.058700 0.029200 0.089700 0.121800 0.121700 0.058700 0.058700 0.089500 0.151600 0.058700 0.029200 0.059300 0.089500 0.227500 0.058200 0.185200 0.029200 0.000000
Oribi 0.058600 0.419400 0.158400 0.189800 0.156600 0.058600 0.088700 0.087700 0.156900 0.151700 0.089100 0.156900 0.120800 0.089100 0.089100 0.058200 0.058200 0.058200 0.120100 0.156900 0.000000 0.089100 0.089100 0.058200 0.089100 0.058200 0.120800 0.156900 0.058200 0.156900 0.151700 0.089100 0.120800 0.120800 0.089100 0.123400 0.120800 0.154300 0.088900 0.089100 0.089100 0.058200 0.184500 0.089100 0.123400 0.089300 0.058600 0.225300 0.152600 0.150800 0.123000 0.156900
BarbaryShe 0.028700 0.527400 0.059200 0.301700 0.058900 0.028700 0.057900 0.056900 0.058700 0.056600 0.000000 0.058800 0.028400 0.000000 0.000000 0.028400 0.028400 0.028400 0.028200 0.058700 0.089100 0.000000 0.000000 0.028400 0.000000 0.028400 0.028400 0.058700 0.028400 0.058700 0.057200 0.000000 0.028400 0.028400 0.000000 0.028900 0.028400 0.057900 0.057600 0.000000 0.000000 0.028400 0.086500 0.000000 0.028900 0.058200 0.028400 0.154000 0.057200 0.117400 0.089500 0.058700
Daviddeer 0.028700 0.527400 0.059200 0.301700 0.058600 0.028700 0.057300 0.057000 0.058600 0.057000 0.000000 0.058800 0.028400 0.000000 0.000000 0.028400 0.028400 0.028400 0.028200 0.058700 0.089100 0.000000 0.000000 0.028400 0.000000 0.028400 0.028400 0.058700 0.028400 0.058700 0.057000 0.000000 0.028400 0.028400 0.000000 0.029000 0.028400 0.057900 0.057600 0.000000 0.000000 0.028400 0.086500 0.000000 0.028700 0.058200 0.028400 0.154000 0.057100 0.117400 0.089500 0.058700
Reindeer 0.058200 0.466900 0.090300 0.264200 0.089400 0.058900 0.088800 0.028000 0.089500 0.086700 0.028400 0.089700 0.057700 0.028400 0.028400 0.000000 0.000000 0.000000 0.057200 0.089500 0.058200 0.028400 0.028400 0.000000 0.028400 0.000000 0.057600 0.089500 0.000000 0.089500 0.087000 0.028400 0.057700 0.057700 0.028400 0.058600 0.057700 0.088100 0.028800 0.028500 0.028400 0.000000 0.117400 0.028400 0.058200 0.088800 0.000000 0.187800 0.087300 0.149200 0.058700 0.089500
Ibex 0.028700 0.527400 0.059200 0.301700 0.058600 0.028700 0.057900 0.057000 0.058700 0.057000 0.000000 0.058800 0.028400 0.000000 0.000000 0.028400 0.028400 0.028400 0.028100 0.058100 0.089100 0.000000 0.000000 0.028400 0.000000 0.028400 0.028400 0.058900 0.028400 0.058700 0.057000 0.000000 0.028400 0.028400 0.000000 0.028900 0.028400 0.057900 0.057600 0.000000 0.000000 0.028400 0.086500 0.000000 0.028800 0.058200 0.028400 0.154000 0.056700 0.117400 0.089500 0.058100
GyrantGaze 0.058300 0.466900 0.090300 0.264200 0.089400 0.058200 0.088200 0.028000 0.089500 0.087000 0.028400 0.089500 0.057700 0.028400 0.028400 0.000000 0.000000 0.000000 0.056700 0.089500 0.058200 0.028400 0.028400 0.000000 0.028400 0.000000 0.057700 0.089500 0.000000 0.089500 0.087000 0.028400 0.057700 0.057700 0.028400 0.059000 0.057700 0.088100 0.028400 0.028400 0.028400 0.000000 0.117900 0.028400 0.058700 0.088800 0.000000 0.187800 0.087300 0.149200 0.058700 0.089500
Hartebeest 0.058300 0.575300 0.090400 0.344800 0.089500 0.058300 0.088300 0.087000 0.089700 0.087200 0.028400 0.089800 0.000000 0.028400 0.028400 0.057700 0.058000 0.057700 0.057300 0.089700 0.120800 0.028400 0.028400 0.057600 0.028400 0.057700 0.000000 0.089700 0.057700 0.089700 0.087200 0.028400 0.057600 0.000000 0.028400 0.058800 0.057900 0.088200 0.088200 0.028400 0.028400 0.057700 0.117600 0.028400 0.058800 0.089400 0.057600 0.187800 0.087500 0.149300 0.121900 0.089700
Bongo 0.090600 0.666400 0.059700 0.395700 0.059800 0.090600 0.121900 0.119700 0.000000 0.119900 0.058700 0.059400 0.089700 0.058700 0.058700 0.089500 0.089500 0.089500 0.088800 0.000000 0.156900 0.058700 0.058700 0.089500 0.058900 0.089500 0.089700 0.000000 0.089500 0.000000 0.119900 0.058700 0.089700 0.089700 0.058700 0.029200 0.089400 0.121800 0.121700 0.058700 0.058700 0.089500 0.151600 0.058700 0.029200 0.059300 0.089500 0.227500 0.058200 0.185200 0.029200 0.000000
Gerenuk 0.058200 0.466900 0.090300 0.264200 0.089400 0.058200 0.088200 0.028000 0.089500 0.087000 0.028400 0.089700 0.057700 0.028400 0.028400 0.000000 0.000000 0.000000 0.057200 0.089500 0.058200 0.028400 0.028400 0.000000 0.028400 0.000000 0.057700 0.089500 0.000000 0.089500 0.087000 0.028400 0.057700 0.057700 0.028400 0.058700 0.057700 0.088100 0.028400 0.028400 0.028400 0.000000 0.117400 0.028400 0.058700 0.088800 0.000000 0.187800 0.087300 0.149200 0.058700 0.089500
CommonElan 0.090600 0.666400 0.059700 0.395700 0.059800 0.090600 0.121900 0.119700 0.000000 0.119900 0.058700 0.059400 0.089600 0.058700 0.058200 0.089500 0.089100 0.089500 0.088800 0.000000 0.156900 0.058700 0.058700 0.089500 0.058700 0.089500 0.089700 0.000000 0.089500 0.000000 0.119900 0.058700 0.089700 0.089700 0.058700 0.029200 0.089700 0.121800 0.121700 0.058600 0.058700 0.089500 0.151600 0.058700 0.029200 0.059300 0.089500 0.227500 0.058200 0.185200 0.029300 0.000000
MuntiacusR 0.087800 0.626700 0.121100 0.301100 0.119600 0.087800 0.118400 0.116800 0.119900 0.000000 0.056900 0.057900 0.087200 0.057000 0.057000 0.087000 0.087000 0.087000 0.086500 0.119900 0.151700 0.057200 0.057000 0.087000 0.057000 0.087000 0.087200 0.119900 0.087000 0.119900 0.000000 0.056800 0.028100 0.087200 0.056800 0.088400 0.028100 0.118100 0.118200 0.057000 0.057000 0.087000 0.027600 0.057000 0.088400 0.119100 0.087100 0.221100 0.117400 0.116300 0.152900 0.119900
HarveysDui 0.028700 0.527400 0.059200 0.301700 0.058700 0.028700 0.058100 0.057000 0.058700 0.057000 0.000000 0.058400 0.028400 0.000000 0.000000 0.028400 0.028400 0.028400 0.028200 0.058700 0.089100 0.000000 0.000000 0.028400 0.000000 0.028400 0.028400 0.058700 0.028400 0.058700 0.056800 0.000000 0.028400 0.028400 0.000000 0.028900 0.028400 0.057900 0.057600 0.000000 0.000000 0.028400 0.087000 0.000000 0.028900 0.058400 0.028400 0.154000 0.057200 0.117400 0.089500 0.058700
Pronghorn 0.058300 0.575300 0.090400 0.265300 0.089000 0.058300 0.088300 0.087000 0.089700 0.028100 0.028400 0.028900 0.057900 0.028400 0.028400 0.057700 0.057700 0.057600 0.057300 0.089700 0.120800 0.028400 0.028400 0.057700 0.028400 0.057700 0.057600 0.089700 0.057700 0.089700 0.028100 0.028400 0.000000 0.057900 0.028400 0.058800 0.000000 0.088200 0.088200 0.028400 0.028400 0.057700 0.056600 0.028400 0.058900 0.089000 0.057700 0.187800 0.087500 0.149300 0.121900 0.089700
BlueWildeb 0.058300 0.575300 0.090400 0.344800 0.089500 0.058300 0.088300 0.087000 0.089700 0.087800 0.028400 0.089800 0.000000 0.028400 0.028400 0.057700 0.057800 0.057700 0.057300 0.089700 0.120800 0.028400 0.028400 0.057700 0.028400 0.057700 0.000000 0.089700 0.057700 0.089700 0.087200 0.028400 0.057900 0.000000 0.028400 0.058800 0.057900 0.088200 0.088200 0.028400 0.028400 0.057700 0.117600 0.028400 0.058300 0.089000 0.057700 0.187800 0.087500 0.149300 0.121900 0.089700
Gemsbok 0.028700 0.527400 0.059200 0.301700 0.058600 0.028700 0.057900 0.056900 0.059200 0.057000 0.000000 0.058800 0.028600 0.000000 0.000000 0.028400 0.028400 0.028400 0.028000 0.058700 0.089100 0.000000 0.000000 0.028400 0.000000 0.028400 0.028400 0.058700 0.028400 0.058700 0.056800 0.000000 0.028400 0.028400 0.000000 0.028900 0.028400 0.057900 0.057600 0.000000 0.000000 0.028400 0.086500 0.000000 0.028700 0.058200 0.028400 0.154000 0.057200 0.117400 0.089500 0.058700
Yak 0.059500 0.605500 0.029400 0.349200 0.091300 0.059500 0.090000 0.088300 0.029200 0.088400 0.028900 0.029200 0.058800 0.028900 0.028800 0.058700 0.058700 0.058600 0.058300 0.029200 0.123400 0.028900 0.029000 0.058600 0.028900 0.059000 0.058800 0.029200 0.058700 0.029200 0.088400 0.028900 0.058800 0.058800 0.028900 0.000000 0.058800 0.089900 0.089500 0.028900 0.028900 0.058700 0.119100 0.029100 0.000000 0.090600 0.058700 0.191700 0.088800 0.151800 0.059300 0.029200
BlueSheep 0.058300 0.575300 0.090400 0.265300 0.089700 0.058200 0.088300 0.087000 0.089700 0.028100 0.028400 0.028900 0.057900 0.028400 0.028400 0.057700 0.057700 0.057700 0.056700 0.089700 0.120800 0.028400 0.028400 0.057700 0.028400 0.057700 0.057900 0.089400 0.057700 0.089700 0.028100 0.028400 0.000000 0.057900 0.028400 0.058800 0.000000 0.088200 0.088200 0.028400 0.028400 0.057700 0.056700 0.028400 0.058700 0.089700 0.057800 0.187800 0.087500 0.149300 0.121900 0.089700
BohorReedb 0.089200 0.526100 0.123000 0.384200 0.058800 0.089200 0.120200 0.057200 0.121800 0.118100 0.057900 0.121900 0.088200 0.058600 0.057900 0.088100 0.088100 0.088100 0.087600 0.121800 0.154300 0.057900 0.057900 0.088100 0.057900 0.088100 0.088200 0.121800 0.088100 0.121800 0.118100 0.057900 0.088200 0.088200 0.057900 0.089900 0.088200 0.000000 0.119400 0.057300 0.057900 0.088100 0.149400 0.057900 0.089900 0.120800 0.088100 0.224300 0.118700 0.182900 0.155000 0.121800
KirksDik 0.088800 0.515100 0.122600 0.305800 0.121400 0.088800 0.119600 0.057000 0.121700 0.118200 0.057600 0.121900 0.088200 0.057600 0.057600 0.028500 0.028400 0.028400 0.087300 0.121700 0.088900 0.057600 0.057600 0.028800 0.057600 0.028400 0.088200 0.121700 0.028400 0.121700 0.118200 0.057600 0.088200 0.088200 0.057600 0.089500 0.088200 0.119400 0.000000 0.057600 0.057600 0.028400 0.149600 0.057600 0.089500 0.120700 0.028400 0.223000 0.118600 0.182200 0.089900 0.121700
RoeDeer 0.028700 0.527400 0.059200 0.301700 0.058600 0.028700 0.057800 0.056500 0.058700 0.057000 0.000000 0.058800 0.028400 0.000000 0.000000 0.028400 0.028400 0.028400 0.028000 0.058700 0.089100 0.000000 0.000000 0.028500 0.000000 0.028400 0.028400 0.058700 0.028400 0.058600 0.057000 0.000000 0.028400 0.028400 0.000000 0.028900 0.028400 0.057300 0.057600 0.000000 0.000000 0.028400 0.086500 0.000000 0.028800 0.058200 0.028400 0.154000 0.057200 0.117400 0.089500 0.058200
WhiteLippe 0.028700 0.527400 0.059200 0.301700 0.058600 0.028700 0.057600 0.057000 0.058700 0.057000 0.000000 0.058800 0.028400 0.000000 0.000000 0.028400 0.028400 0.028400 0.028200 0.058700 0.089100 0.000000 0.000000 0.028400 0.000000 0.028400 0.028400 0.058700 0.028400 0.058700 0.057000 0.000000 0.028400 0.028400 0.000000 0.028900 0.028400 0.057900 0.057600 0.000000 0.000000 0.028500 0.086500 0.000000 0.028900 0.058200 0.028400 0.154000 0.057200 0.117400 0.089500 0.058700
ThomsonGaz 0.058200 0.466900 0.090300 0.264200 0.089800 0.058300 0.088200 0.028000 0.089500 0.087000 0.028400 0.089700 0.057700 0.028400 0.028400 0.000000 0.000000 0.000000 0.056700 0.089500 0.058200 0.028400 0.028400 0.000000 0.028400 0.000000 0.057700 0.089500 0.000000 0.089500 0.087000 0.028400 0.057700 0.057700 0.028400 0.058700 0.057700 0.088100 0.028400 0.028400 0.028500 0.000000 0.117400 0.028400 0.058700 0.088800 0.000000 0.187800 0.087300 0.149200 0.058700 0.089500
MuntiacusC 0.118400 0.623000 0.153400 0.259600 0.151100 0.118400 0.086500 0.148100 0.151600 0.027700 0.086500 0.087800 0.117400 0.086500 0.086500 0.117400 0.117400 0.117400 0.056300 0.151600 0.184500 0.086500 0.086500 0.117400 0.086500 0.117900 0.117600 0.151600 0.117400 0.151600 0.027600 0.087000 0.056600 0.117600 0.086500 0.119100 0.056700 0.149400 0.149600 0.086500 0.086500 0.117400 0.000000 0.086500 0.119100 0.150700 0.117400 0.184200 0.085800 0.147800 0.185700 0.151600
WhiteTaile 0.028700 0.527400 0.059200 0.301700 0.058600 0.028700 0.057900 0.057000 0.058700 0.057000 0.000000 0.058800 0.028400 0.000000 0.000000 0.028400 0.028400 0.028400 0.028000 0.058700 0.089100 0.000000 0.000000 0.028400 0.000000 0.028400 0.028400 0.058700 0.028400 0.058700 0.057000 0.000000 0.028400 0.028400 0.000000 0.029100 0.028400 0.057900 0.057600 0.000000 0.000000 0.028400 0.086500 0.000000 0.028800 0.057800 0.028400 0.154000 0.057200 0.117400 0.089500 0.058400
Cattle 0.059500 0.605500 0.029500 0.349200 0.091300 0.059500 0.090000 0.088300 0.029200 0.088400 0.028800 0.029200 0.058200 0.028900 0.028800 0.058200 0.058700 0.058700 0.057300 0.029200 0.123400 0.028900 0.028700 0.058200 0.028800 0.058700 0.058800 0.029200 0.058700 0.029200 0.088400 0.028900 0.058900 0.058300 0.028700 0.000000 0.058700 0.089900 0.089500 0.028800 0.028900 0.058700 0.119100 0.028800 0.000000 0.090600 0.058700 0.191700 0.088800 0.151800 0.059300 0.029200
RoyalAntel 0.029200 0.582900 0.123900 0.304000 0.059300 0.029000 0.058000 0.118900 0.059300 0.119100 0.058200 0.123100 0.089000 0.058200 0.058200 0.088800 0.088800 0.088800 0.088200 0.059300 0.089300 0.058200 0.058200 0.088800 0.058200 0.088800 0.089400 0.059300 0.088800 0.059300 0.119100 0.058400 0.089000 0.089000 0.058200 0.090600 0.089700 0.120800 0.120700 0.058200 0.058200 0.088800 0.150700 0.057800 0.090600 0.000000 0.088800 0.188400 0.057800 0.184100 0.090700 0.059300
Steenbok 0.058800 0.466900 0.090300 0.264200 0.089400 0.058200 0.088200 0.028000 0.089500 0.087000 0.028400 0.089700 0.057700 0.028400 0.028400 0.000000 0.000000 0.000000 0.057200 0.089500 0.058600 0.028400 0.028400 0.000000 0.028400 0.000000 0.057600 0.089500 0.000000 0.089500 0.087100 0.028400 0.057700 0.057700 0.028400 0.058700 0.057800 0.088100 0.028400 0.028400 0.028400 0.000000 0.117400 0.028400 0.058700 0.088800 0.000000 0.187800 0.087300 0.149200 0.058700 0.089500
Impala 0.154500 0.529900 0.230900 0.382100 0.226500 0.154500 0.120100 0.221200 0.227500 0.221100 0.154000 0.227400 0.187800 0.154000 0.154000 0.187800 0.187800 0.187800 0.119700 0.227500 0.225300 0.154000 0.154000 0.187800 0.154000 0.187800 0.187800 0.227500 0.187800 0.227500 0.221100 0.154000 0.187800 0.187800 0.154000 0.191700 0.187800 0.224300 0.223000 0.154000 0.154000 0.187800 0.184200 0.154000 0.191700 0.188400 0.187800 0.000000 0.151900 0.297400 0.265300 0.227500
Klipspring 0.088200 0.576900 0.121700 0.300200 0.057700 0.088200 0.057100 0.117200 0.058200 0.117400 0.057200 0.120700 0.087700 0.057200 0.057200 0.087300 0.087300 0.087300 0.027900 0.058200 0.152600 0.057200 0.057100 0.087300 0.056700 0.087300 0.087500 0.058200 0.087300 0.058200 0.117400 0.057200 0.087500 0.087500 0.057200 0.088800 0.087500 0.118700 0.118600 0.057200 0.057200 0.087300 0.085800 0.057200 0.088800 0.057800 0.087300 0.151900 0.000000 0.181800 0.088900 0.058200
ForestMusk 0.150800 0.638500 0.187800 0.378700 0.184500 0.150800 0.183800 0.180800 0.185200 0.116300 0.117400 0.185300 0.149300 0.117400 0.117400 0.149200 0.149200 0.149200 0.149000 0.185200 0.150800 0.117400 0.117400 0.149200 0.117400 0.149200 0.149300 0.185200 0.149200 0.185200 0.116300 0.117400 0.149300 0.149300 0.117400 0.151800 0.149300 0.182900 0.182200 0.117400 0.117400 0.149200 0.147800 0.117400 0.151800 0.184100 0.149200 0.297400 0.181800 0.000000 0.220400 0.185200
Bushbuck 0.122900 0.593900 0.090700 0.354200 0.091400 0.122900 0.155300 0.088300 0.029200 0.152900 0.089500 0.090800 0.121900 0.089500 0.089500 0.058700 0.058700 0.058700 0.120500 0.029200 0.123000 0.089500 0.089500 0.058700 0.089500 0.058700 0.121900 0.029200 0.058700 0.029300 0.152900 0.089500 0.121900 0.121900 0.089500 0.059300 0.121900 0.155000 0.089900 0.089500 0.089500 0.058700 0.185700 0.089500 0.059300 0.090700 0.058700 0.265300 0.088900 0.220400 0.000000 0.029400
GreaterKud 0.090600 0.666400 0.059700 0.395700 0.059800 0.090600 0.121900 0.119700 0.000000 0.119900 0.058100 0.059200 0.089700 0.058700 0.058700 0.089500 0.089500 0.089500 0.088800 0.000000 0.156900 0.058700 0.058700 0.089500 0.058100 0.089500 0.089700 0.000000 0.089500 0.000000 0.119900 0.058700 0.089700 0.089700 0.058700 0.029200 0.089700 0.121800 0.121700 0.058200 0.058700 0.089500 0.151600 0.058400 0.029200 0.059300 0.089500 0.227500 0.058200 0.185200 0.029400 0.000000
