1
52 1
Argali 0.000000 0.087400 0.000100 0.000300 0.039400 0.000000 0.000000 0.000000 0.000100 0.000000 0.000000 0.000000 0.000000 0.000000 0.042400 0.000000 0.000000 0.000000 0.000000 0.000100 0.000000 0.000000 0.000000 0.000000 0.000000 0.000000 0.000000 0.039400 0.000000 0.000100 0.000000 0.039500 0.040800 0.000000 0.000000 0.000000 0.000000 0.039400 0.000000 0.000000 0.000000 0.000000 0.000000 0.000000 0.000000 0.000100 0.000000 0.085900 0.000000 0.000000 0.000100 0.000100
LesserMous 0.087400 0.000000 0.087100 0.092700 0.127700 0.087400 0.087400 0.087400 0.087100 0.087400 0.087400 0.087400 0.087400 0.087400 0.137400 0.087400 0.087400 0.087400 0.087400 0.087100 0.087400 0.087400 0.087400 0.087400 0.087400 0.087400 0.087400 0.127700 0.087400 0.087100 0.087400 0.128500 0.132600 0.087400 0.087400 0.087400 0.087400 0.127700 0.087400 0.087400 0.087400 0.087400 0.087400 0.087400 0.087400 0.088100 0.087400 0.186700 0.087400 0.087400 0.087100 0.087100
LesserKudu 0.000100 0.087100 0.000000 0.000400 0.039300 0.000100 0.000100 0.000100 0.000000 0.000100 0.000100 0.000100 0.000100 0.000100 0.042100 0.000100 0.000100 0.000100 0.000100 0.000000 0.000100 0.000100 0.000100 0.000100 0.000100 0.000100 0.000100 0.038900 0.000100 0.000000 0.000100 0.039400 0.040700 0.000100 0.000100 0.000100 0.000100 0.039300 0.000100 0.000100 0.000100 0.000100 0.000100 0.000100 0.000100 0.000300 0.000100 0.085800 0.000100 0.000100 0.000000 0.000000
KillerWhal 0.000300 0.092700 0.000400 0.000000 0.041700 0.000300 0.000300 0.000300 0.000400 0.000300 0.000300 0.000300 0.000300 0.000300 0.045000 0.000300 0.000300 0.000300 0.000300 0.000400 0.000300 0.000300 0.000300 0.000300 0.000300 0.000300 0.000300 0.041600 0.000300 0.000400 0.000300 0.041800 0.043400 0.000300 0.000300 0.000300 0.000300 0.041700 0.000300 0.000300 0.000300 0.000300 0.000300 0.000300 0.000300 0.000400 0.000300 0.091700 0.000300 0.000300 0.000400 0.000400
DefassaWat 0.039400 0.127700 0.039300 0.041700 0.000000 0.039400 0.039700 0.039400 0.039300 0.039800 0.039400 0.039400 0.039400 0.039400 0.082700 0.039400 0.039400 0.040000 0.039400 0.039300 0.039400 0.040100 0.039400 0.039400 0.039400 0.039400 0.039400 0.077000 0.039400 0.039300 0.039400 0.077400 0.079700 0.039400 0.039400 0.039400 0.039400 0.000000 0.039400 0.039400 0.039800 0.039400 0.039400 0.039400 0.039400 0.039800 0.040100 0.126000 0.039400 0.039400 0.039300 0.039300
Sheep 0.000000 0.087400 0.000100 0.000300 0.039400 0.000000 0.000000 0.000000 0.000100 0.000000 0.000000 0.000000 0.000000 0.000000 0.042400 0.000000 0.000000 0.000000 0.000000 0.000100 0.000000 0.000000 0.000000 0.000000 0.000000 0.000000 0.000000 0.039400 0.000000 0.000100 0.000000 0.039500 0.040800 0.000000 0.000000 0.000000 0.000000 0.039400 0.000000 0.000000 0.000000 0.000000 0.000000 0.000000 0.000000 0.000100 0.000000 0.085900 0.000000 0.000000 0.000100 0.000100
MaxwellsDu 0.000000 0.087400 0.000100 0.000300 0.039700 0.000000 0.000000 0.000000 0.000100 0.000000 0.000000 0.000000 0.000000 0.000000 0.042400 0.000000 0.000000 0.000000 0.000000 0.000100 0.000000 0.000000 0.000000 0.000000 0.000000 0.000000 0.000000 0.039400 0.000000 0.000100 0.000000 0.039500 0.041400 0.000000 0.000000 0.000000 0.000000 0.039400 0.000000 0.000000 0.000000 0.000000 0.000000 0.000000 0.000000 0.000100 0.000000 0.085900 0.000000 0.000000 0.000100 0.000100
GazellaPrz 0.000000 0.087400 0.000100 0.000300 0.039400 0.000000 0.000000 0.000000 0.000100 0.000000 0.000000 0.000000 0.000000 0.000000 0.042400 0.000000 0.000000 0.000000 0.000000 0.000100 0.000000 0.000000 0.000000 0.000000 0.000000 0.000000 0.000000 0.039400 0.000000 0.000100 0.000000 0.039500 0.040800 0.000000 0.000000 0.000000 0.000000 0.039700 0.000000 0.000000 0.000000 0.000000 0.000000 0.000000 0.000000 0.000100 0.000000 0.085900 0.000000 0.000000 0.000100 0.000100
MountainNy 0.000100 0.087100 0.000000 0.000400 0.039300 0.000100 0.000100 0.000100 0.000000 0.000100 0.000100 0.000100 0.000100 0.000100 0.042100 0.000100 0.000100 0.000100 0.000100 0.000000 0.000100 0.000100 0.000100 0.000100 0.000100 0.000100 0.000100 0.038900 0.000100 0.000000 0.000100 0.039400 0.040700 0.000100 0.000100 0.000100 0.000100 0.039300 0.000100 0.000100 0.000100 0.000100 0.000100 0.000100 0.000100 0.000300 0.000100 0.085800 0.000100 0.000100 0.000000 0.000000
MuntiacusM 0.000000 0.087400 0.000100 0.000300 0.039800 0.000000 0.000000 0.000000 0.000100 0.000000 0.000000 0.000000 0.000000 0.000000 0.042400 0.000000 0.000000 0.000000 0.000000 0.000100 0.000000 0.000000 0.000000 0.000000 0.000000 0.000000 0.000000 0.039400 0.000000 0.000100 0.000000 0.039500 0.040800 0.000000 0.000000 0.000000 0.000000 0.039400 0.000000 0.000000 0.000000 0.000000 0.000000 0.000000 0.000000 0.000100 0.000000 0.085900 0.000000 0.000000 0.000100 0.000100
goat 0.000000 0.087400 0.000100 0.000300 0.039400 0.000000 0.000000 0.000000 0.000100 0.000000 0.000000 0.000000 0.000000 0.000000 0.042400 0.000000 0.000000 0.000000 0.000000 0.000100 0.000000 0.000000 0.000000 0.000000 0.000000 0.000000 0.000000 0.039400 0.000000 0.000100 0.000000 0.039500 0.040800 0.000000 0.000000 0.000000 0.000000 0.039400 0.000000 0.000000 0.000000 0.000000 0.000000 0.000000 0.000000 0.000100 0.000000 0.085900 0.000000 0.000000 0.000100 0.000100
AfricanBuf 0.000000 0.087400 0.000100 0.000300 0.039400 0.000000 0.000000 0.000000 0.000100 0.000000 0.000000 0.000000 0.000000 0.000000 0.042400 0.000000 0.000000 0.000000 0.000000 0.000100 0.000000 0.000000 0.000000 0.000000 0.000000 0.000000 0.000000 0.039400 0.000000 0.000100 0.000000 0.039500 0.040800 0.000000 0.000000 0.000000 0.000000 0.039400 0.000000 0.000000 0.000000 0.000000 0.000000 0.000000 0.000000 0.000100 0.000000 0.085900 0.000000 0.000000 0.000100 0.000100
Topi 0.000000 0.087400 0.000100 0.000300 0.039400 0.000000 0.000000 0.000000 0.000100 0.000000 0.000000 0.000000 0.000000 0.000000 0.042400 0.000000 0.000000 0.000000 0.000000 0.000100 0.000000 0.000000 0.000000 0.000000 0.000000 0.000000 0.000000 0.039400 0.000000 0.000100 0.000000 0.039500 0.040800 0.000000 0.000000 0.000000 0.000000 0.039400 0.000000 0.000000 0.000000 0.000000 0.000000 0.000000 0.000000 0.000100 0.000000 0.085900 0.000000 0.000000 0.000100 0.000100
CommonDuik 0.000000 0.087400 0.000100 0.000300 0.039400 0.000000 0.000000 0.000000 0.000100 0.000000 0.000000 0.000000 0.000000 0.000000 0.042400 0.000000 0.000000 0.000000 0.000000 0.000100 0.000000 0.000000 0.000000 0.000000 0.000000 0.000000 0.000000 0.039400 0.000000 0.000100 0.000000 0.039500 0.040800 0.000000 0.000000 0.000000 0.000000 0.039400 0.000000 0.000000 0.000000 0.000000 0.000000 0.000000 0.000000 0.000100 0.000000 0.085900 0.000000 0.000000 0.000100 0.000100
Suni 0.042400 0.137400 0.042100 0.045000 0.082700 0.042400 0.042400 0.042400 0.042100 0.042400 0.042400 0.042400 0.042400 0.042400 0.000000 0.042400 0.042400 0.042400 0.042400 0.042100 0.042400 0.042400 0.042400 0.042400 0.042400 0.042400 0.042400 0.082200 0.042400 0.042100 0.042400 0.083000 0.085800 0.042400 0.042400 0.042400 0.042400 0.082700 0.042400 0.042400 0.042400 0.042400 0.042400 0.042400 0.042400 0.042800 0.042400 0.043000 0.042400 0.042400 0.042100 0.042100
Springbuck 0.000000 0.087400 0.000100 0.000300 0.039400 0.000000 0.000000 0.000000 0.000100 0.000000 0.000000 0.000000 0.000000 0.000000 0.042400 0.000000 0.000000 0.000000 0.000000 0.000100 0.000000 0.000000 0.000000 0.000000 0.000000 0.000000 0.000000 0.039400 0.000000 0.000100 0.000000 0.039500 0.040800 0.000000 0.000000 0.000000 0.000000 0.039400 0.000000 0.000000 0.000000 0.000000 0.000000 0.000000 0.000000 0.000100 0.000000 0.085900 0.000000 0.000000 0.000100 0.000100
Okapi 0.000000 0.087400 0.000100 0.000300 0.039400 0.000000 0.000000 0.000000 0.000100 0.000000 0.000000 0.000000 0.000000 0.000000 0.042400 0.000000 0.000000 0.000000 0.000000 0.000100 0.000000 0.000000 0.000000 0.000000 0.000000 0.000000 0.000000 0.039400 0.000000 0.000100 0.000000 0.039500 0.041500 0.000000 0.000000 0.000000 0.000000 0.039400 0.000000 0.000000 0.000000 0.000000 0.000000 0.000000 0.000000 0.000100 0.000000 0.085900 0.000000 0.000000 0.000100 0.000100
Giraffe 0.000000 0.087400 0.000100 0.000300 0.040000 0.000000 0.000000 0.000000 0.000100 0.000000 0.000000 0.000000 0.000000 0.000000 0.042400 0.000000 0.000000 0.000000 0.000000 0.000100 0.000000 0.000000 0.000000 0.000000 0.000000 0.000000 0.000000 0.039400 0.000000 0.000100 0.000000 0.039500 0.040800 0.000000 0.000000 0.000000 0.000000 0.039400 0.000000 0.000000 0.000000 0.000000 0.000000 0.000000 0.000000 0.000100 0.000000 0.085900 0.000000 0.000000 0.000100 0.000100
TibetanAnt 0.000000 0.087400 0.000100 0.000300 0.039400 0.000000 0.000000 0.000000 0.000100 0.000000 0.000000 0.000000 0.000000 0.000000 0.042400 0.000000 0.000000 0.000000 0.000000 0.000100 0.000000 0.000000 0.000000 0.000000 0.000000 0.000000 0.000000 0.039400 0.000000 0.000100 0.000000 0.039500 0.040800 0.000000 0.000000 0.000000 0.000000 0.039400 0.000000 0.000000 0.000000 0.000000 0.000000 0.000000 0.000000 0.000100 0.000000 0.085900 0.000000 0.000000 0.000100 0.000100
Sitatunga 0.000100 0.087100 0.000000 0.000400 0.039300 0.000100 0.000100 0.000100 0.000000 0.000100 0.000100 0.000100 0.000100 0.000100 0.042100 0.000100 0.000100 0.000100 0.000100 0.000000 0.000100 0.000100 0.000100 0.000100 0.000100 0.000100 0.000100 0.038900 0.000100 0.000000 0.000100 0.039400 0.040700 0.000100 0.000100 0.000100 0.000100 0.039300 0.000100 0.000100 0.000100 0.000100 0.000100 0.000100 0.000100 0.000300 0.000100 0.085800 0.000100 0.000100 0.000000 0.000000
Oribi 0.000000 0.087400 0.000100 0.000300 0.039400 0.000000 0.000000 0.000000 0.000100 0.000000 0.000000 0.000000 0.000000 0.000000 0.042400 0.000000 0.000000 0.000000 0.000000 0.000100 0.000000 0.000000 0.000000 0.000000 0.000000 0.000000 0.000000 0.039400 0.000000 0.000100 0.000000 0.039500 0.041200 0.000000 0.000000 0.000000 0.000000 0.039400 0.000000 0.000000 0.000000 0.000000 0.000000 0.000000 0.000000 0.000100 0.000000 0.085900 0.000000 0.000000 0.000100 0.000100
BarbaryShe 0.000000 0.087400 0.000100 0.000300 0.040100 0.000000 0.000000 0.000000 0.000100 0.000000 0.000000 0.000000 0.000000 0.000000 0.042400 0.000000 0.000000 0.000000 0.000000 0.000100 0.000000 0.000000 0.000000 0.000000 0.000000 0.000000 0.000000 0.039400 0.000000 0.000100 0.000000 0.039500 0.040800 0.000000 0.000000 0.000000 0.000000 0.039400 0.000000 0.000000 0.000000 0.000000 0.000000 0.000000 0.000000 0.000100 0.000000 0.085900 0.000000 0.000000 0.000100 0.000100
Daviddeer 0.000000 0.087400 0.000100 0.000300 0.039400 0.000000 0.000000 0.000000 0.000100 0.000000 0.000000 0.000000 0.000000 0.000000 0.042400 0.000000 0.000000 0.000000 0.000000 0.000100 0.000000 0.000000 0.000000 0.000000 0.000000 0.000000 0.000000 0.039400 0.000000 0.000100 0.000000 0.040200 0.040800 0.000000 0.000000 0.000000 0.000000 0.039400 0.000000 0.000000 0.000000 0.000000 0.000000 0.000000 0.000000 0.000100 0.000000 0.085900 0.000000 0.000000 0.000100 0.000100
Reindeer 0.000000 0.087400 0.000100 0.000300 0.039400 0.000000 0.000000 0.000000 0.000100 0.000000 0.000000 0.000000 0.000000 0.000000 0.042400 0.000000 0.000000 0.000000 0.000000 0.000100 0.000000 0.000000 0.000000 0.000000 0.000000 0.000000 0.000000 0.039400 0.000000 0.000100 0.000000 0.039500 0.040800 0.000000 0.000000 0.000000 0.000000 0.039400 0.000000 0.000000 0.000000 0.000000 0.000000 0.000000 0.000000 0.000100 0.000000 0.085900 0.000000 0.000000 0.000100 0.000100
Ibex 0.000000 0.087400 0.000100 0.000300 0.039400 0.000000 0.000000 0.000000 0.000100 0.000000 0.000000 0.000000 0.000000 0.000000 0.042400 0.000000 0.000000 0.000000 0.000000 0.000100 0.000000 0.000000 0.000000 0.000000 0.000000 0.000000 0.000000 0.039400 0.000000 0.000100 0.000000 0.039500 0.040800 0.000000 0.000000 0.000000 0.000000 0.039400 0.000000 0.000000 0.000000 0.000000 0.000000 0.000000 0.000000 0.000100 0.000000 0.085900 0.000000 0.000000 0.000100 0.000100
GyrantGaze 0.000000 0.087400 0.000100 0.000300 0.039400 0.000000 0.000000 0.000000 0.000100 0.000000 0.000000 0.000000 0.000000 0.000000 0.042400 0.000000 0.000000 0.000000 0.000000 0.000100 0.000000 0.000000 0.000000 0.000000 0.000000 0.000000 0.000000 0.039400 0.000000 0.000100 0.000000 0.039800 0.040800 0.000000 0.000000 0.000000 0.000000 0.039400 0.000000 0.000000 0.000000 0.000000 0.000000 0.000000 0.000000 0.000100 0.000000 0.085900 0.000000 0.000000 0.000100 0.000100
Hartebeest 0.000000 0.087400 0.000100 0.000300 0.039400 0.000000 0.000000 0.000000 0.000100 0.000000 0.000000 0.000000 0.000000 0.000000 0.042400 0.000000 0.000000 0.000000 0.000000 0.000100 0.000000 0.000000 0.000000 0.000000 0.000000 0.000000 0.000000 0.039400 0.000000 0.000100 0.000000 0.039500 0.040800 0.000000 0.000000 0.000000 0.000000 0.040000 0.000000 0.000000 0.000000 0.000000 0.000000 0.000000 0.000000 0.000100 0.000000 0.085900 0.000000 0.000000 0.000100 0.000100
Bongo 0.039400 0.127700 0.038900 0.041600 0.077000 0.039400 0.039400 0.039400 0.038900 0.039400 0.039400 0.039400 0.039400 0.039400 0.082200 0.039400 0.039400 0.039400 0.039400 0.038900 0.039400 0.039400 0.039400 0.039400 0.039400 0.039400 0.039400 0.000000 0.039400 0.038900 0.039400 0.077300 0.039500 0.039400 0.039400 0.039400 0.039400 0.077000 0.039400 0.039400 0.039400 0.039400 0.039400 0.039400 0.039400 0.039700 0.039400 0.083200 0.039400 0.039400 0.038900 0.038900
Gerenuk 0.000000 0.087400 0.000100 0.000300 0.039400 0.000000 0.000000 0.000000 0.000100 0.000000 0.000000 0.000000 0.000000 0.000000 0.042400 0.000000 0.000000 0.000000 0.000000 0.000100 0.000000 0.000000 0.000000 0.000000 0.000000 0.000000 0.000000 0.039400 0.000000 0.000100 0.000000 0.039800 0.040800 0.000000 0.000000 0.000000 0.000000 0.039400 0.000000 0.000000 0.000000 0.000000 0.000000 0.000000 0.000000 0.000100 0.000000 0.085900 0.000000 0.000000 0.000100 0.000100
CommonElan 0.000100 0.087100 0.000000 0.000400 0.039300 0.000100 0.000100 0.000100 0.000000 0.000100 0.000100 0.000100 0.000100 0.000100 0.042100 0.000100 0.000100 0.000100 0.000100 0.000000 0.000100 0.000100 0.000100 0.000100 0.000100 0.000100 0.000100 0.038900 0.000100 0.000000 0.000100 0.039400 0.040700 0.000100 0.000100 0.000100 0.000100 0.039300 0.000100 0.000100 0.000100 0.000100 0.000100 0.000100 0.000100 0.000300 0.000100 0.085800 0.000100 0.000100 0.000000 0.000000
MuntiacusR 0.000000 0.087400 0.000100 0.000300 0.039400 0.000000 0.000000 0.000000 0.000100 0.000000 0.000000 0.000000 0.000000 0.000000 0.042400 0.000000 0.000000 0.000000 0.000000 0.000100 0.000000 0.000000 0.000000 0.000000 0.000000 0.000000 0.000000 0.039400 0.000000 0.000100 0.000000 0.039900 0.040800 0.000000 0.000000 0.000000 0.000000 0.039400 0.000000 0.000000 0.000000 0.000000 0.000000 0.000000 0.000000 0.000100 0.000000 0.085900 0.000000 0.000000 0.000100 0.000100
HarveysDui 0.039500 0.128500 0.039400 0.041800 0.077400 0.039500 0.039500 0.039500 0.039400 0.039500 0.039500 0.039500 0.039500 0.039500 0.083000 0.039500 0.039500 0.039500 0.039500 0.039400 0.039500 0.039500 0.040200 0.039500 0.039500 0.039800 0.039500 0.077300 0.039800 0.039400 0.039900 0.000000 0.080100 0.039800 0.039500 0.040300 0.039500 0.077400 0.040100 0.039500 0.039500 0.040000 0.039500 0.039500 0.039500 0.040000 0.039500 0.126700 0.039900 0.039500 0.039400 0.039400
Pronghorn 0.040800 0.132600 0.040700 0.043400 0.079700 0.040800 0.041400 0.040800 0.040700 0.040800 0.040800 0.040800 0.040800 0.040800 0.085800 0.040800 0.041500 0.040800 0.040800 0.040700 0.041200 0.040800 0.040800 0.040800 0.040800 0.040800 0.040800 0.039500 0.040800 0.040700 0.040800 0.080100 0.000000 0.040800 0.040800 0.040800 0.040800 0.079700 0.040800 0.040800 0.041400 0.040800 0.040800 0.040800 0.040800 0.041300 0.041300 0.041300 0.040800 0.040800 0.040700 0.040700
BlueWildeb 0.000000 0.087400 0.000100 0.000300 0.039400 0.000000 0.000000 0.000000 0.000100 0.000000 0.000000 0.000000 0.000000 0.000000 0.042400 0.000000 0.000000 0.000000 0.000000 0.000100 0.000000 0.000000 0.000000 0.000000 0.000000 0.000000 0.000000 0.039400 0.000000 0.000100 0.000000 0.039800 0.040800 0.000000 0.000000 0.000000 0.000000 0.039400 0.000000 0.000000 0.000000 0.000000 0.000000 0.000000 0.000000 0.000100 0.000000 0.085900 0.000000 0.000000 0.000100 0.000100
Gemsbok 0.000000 0.087400 0.000100 0.000300 0.039400 0.000000 0.000000 0.000000 0.000100 0.000000 0.000000 0.000000 0.000000 0.000000 0.042400 0.000000 0.000000 0.000000 0.000000 0.000100 0.000000 0.000000 0.000000 0.000000 0.000000 0.000000 0.000000 0.039400 0.000000 0.000100 0.000000 0.039500 0.040800 0.000000 0.000000 0.000000 0.000000 0.039400 0.000000 0.000000 0.000000 0.000000 0.000000 0.000000 0.000000 0.000100 0.000000 0.085900 0.000000 0.000000 0.000100 0.000100
Yak 0.000000 0.087400 0.000100 0.000300 0.039400 0.000000 0.000000 0.000000 0.000100 0.000000 0.000000 0.000000 0.000000 0.000000 0.042400 0.000000 0.000000 0.000000 0.000000 0.000100 0.000000 0.000000 0.000000 0.000000 0.000000 0.000000 0.000000 0.039400 0.000000 0.000100 0.000000 0.040300 0.040800 0.000000 0.000000 0.000000 0.000000 0.039400 0.000000 0.000000 0.000000 0.000000 0.000000 0.000000 0.000000 0.000100 0.000000 0.085900 0.000000 0.000000 0.000100 0.000100
BlueSheep 0.000000 0.087400 0.000100 0.000300 0.039400 0.000000 0.000000 0.000000 0.000100 0.000000 0.000000 0.000000 0.000000 0.000000 0.042400 0.000000 0.000000 0.000000 0.000000 0.000100 0.000000 0.000000 0.000000 0.000000 0.000000 0.000000 0.000000 0.039400 0.000000 0.000100 0.000000 0.039500 0.040800 0.000000 0.000000 0.000000 0.000000 0.039400 0.000000 0.000000 0.000000 0.000000 0.000000 0.000000 0.000000 0.000100 0.000000 0.085900 0.000000 0.000000 0.000100 0.000100
BohorReedb 0.039400 0.127700 0.039300 0.041700 0.000000 0.039400 0.039400 0.039700 0.039300 0.039400 0.039400 0.039400 0.039400 0.039400 0.082700 0.039400 0.039400 0.039400 0.039400 0.039300 0.039400 0.039400 0.039400 0.039400 0.039400 0.039400 0.040000 0.077000 0.039400 0.039300 0.039400 0.077400 0.079700 0.039400 0.039400 0.039400 0.039400 0.000000 0.039700 0.039400 0.039400 0.039400 0.039400 0.039400 0.039400 0.039800 0.039400 0.126000 0.039400 0.039400 0.039300 0.039300
KirksDik 0.000000 0.087400 0.000100 0.000300 0.039400 0.000000 0.000000 0.000000 0.000100 0.000000 0.000000 0.000000 0.000000 0.000000 0.042400 0.000000 0.000000 0.000000 0.000000 0.000100 0.000000 0.000000 0.000000 0.000000 0.000000 0.000000 0.000000 0.039400 0.000000 0.000100 0.000000 0.040100 0.040800 0.000000 0.000000 0.000000 0.000000 0.039700 0.000000 0.000000 0.000000 0.000000 0.000000 0.000000 0.000000 0.000100 0.000000 0.085900 0.000000 0.000000 0.000100 0.000100
RoeDeer 0.000000 0.087400 0.000100 0.000300 0.039400 0.000000 0.000000 0.000000 0.000100 0.000000 0.000000 0.000000 0.000000 0.000000 0.042400 0.000000 0.000000 0.000000 0.000000 0.000100 0.000000 0.000000 0.000000 0.000000 0.000000 0.000000 0.000000 0.039400 0.000000 0.000100 0.000000 0.039500 0.040800 0.000000 0.000000 0.000000 0.000000 0.039400 0.000000 0.000000 0.000000 0.000000 0.000000 0.000000 0.000000 0.000100 0.000000 0.085900 0.000000 0.000000 0.000100 0.000100
WhiteLippe 0.000000 0.087400 0.000100 0.000300 0.039800 0.000000 0.000000 0.000000 0.000100 0.000000 0.000000 0.000000 0.000000 0.000000 0.042400 0.000000 0.000000 0.000000 0.000000 0.000100 0.000000 0.000000 0.000000 0.000000 0.000000 0.000000 0.000000 0.039400 0.000000 0.000100 0.000000 0.039500 0.041400 0.000000 0.000000 0.000000 0.000000 0.039400 0.000000 0.000000 0.000000 0.000000 0.000000 0.000000 0.000000 0.000100 0.000000 0.085900 0.000000 0.000000 0.000100 0.000100
ThomsonGaz 0.000000 0.087400 0.000100 0.000300 0.039400 0.000000 0.000000 0.000000 0.000100 0.000000 0.000000 0.000000 0.000000 0.000000 0.042400 0.000000 0.000000 0.000000 0.000000 0.000100 0.000000 0.000000 0.000000 0.000000 0.000000 0.000000 0.000000 0.039400 0.000000 0.000100 0.000000 0.040000 0.040800 0.000000 0.000000 0.000000 0.000000 0.039400 0.000000 0.000000 0.000000 0.000000 0.000000 0.000000 0.000000 0.000100 0.000000 0.085900 0.000000 0.000000 0.000100 0.000100
MuntiacusC 0.000000 0.087400 0.000100 0.000300 0.039400 0.000000 0.000000 0.000000 0.000100 0.000000 0.000000 0.000000 0.000000 0.000000 0.042400 0.000000 0.000000 0.000000 0.000000 0.000100 0.000000 0.000000 0.000000 0.000000 0.000000 0.000000 0.000000 0.039400 0.000000 0.000100 0.000000 0.039500 0.040800 0.000000 0.000000 0.000000 0.000000 0.039400 0.000000 0.000000 0.000000 0.000000 0.000000 0.000000 0.000000 0.000100 0.000000 0.085900 0.000000 0.000000 0.000100 0.000100
WhiteTaile 0.000000 0.087400 0.000100 0.000300 0.039400 0.000000 0.000000 0.000000 0.000100 0.000000 0.000000 0.000000 0.000000 0.000000 0.042400 0.000000 0.000000 0.000000 0.000000 0.000100 0.000000 0.000000 0.000000 0.000000 0.000000 0.000000 0.000000 0.039400 0.000000 0.000100 0.000000 0.039500 0.040800 0.000000 0.000000 0.000000 0.000000 0.039400 0.000000 0.000000 0.000000 0.000000 0.000000 0.000000 0.000000 0.000100 0.000000 0.085900 0.000000 0.000000 0.000100 0.000100
Cattle 0.000000 0.087400 0.000100 0.000300 0.039400 0.000000 0.000000 0.000000 0.000100 0.000000 0.000000 0.000000 0.000000 0.000000 0.042400 0.000000 0.000000 0.000000 0.000000 0.000100 0.000000 0.000000 0.000000 0.000000 0.000000 0.000000 0.000000 0.039400 0.000000 0.000100 0.000000 0.039500 0.040800 0.000000 0.000000 0.000000 0.000000 0.039400 0.000000 0.000000 0.000000 0.000000 0.000000 0.000000 0.000000 0.000100 0.000000 0.085900 0.000000 0.000000 0.000100 0.000100
RoyalAntel 0.000100 0.088100 0.000300 0.000400 0.039800 0.000100 0.000100 0.000100 0.000300 0.000100 0.000100 0.000100 0.000100 0.000100 0.042800 0.000100 0.000100 0.000100 0.000100 0.000300 0.000100 0.000100 0.000100 0.000100 0.000100 0.000100 0.000100 0.039700 0.000100 0.000300 0.000100 0.040000 0.041300 0.000100 0.000100 0.000100 0.000100 0.039800 0.000100 0.000100 0.000100 0.000100 0.000100 0.000100 0.000100 0.000000 0.000100 0.086900 0.000100 0.000100 0.000300 0.000300
Steenbok 0.000000 0.087400 0.000100 0.000300 0.040100 0.000000 0.000000 0.000000 0.000100 0.000000 0.000000 0.000000 0.000000 0.000000 0.042400 0.000000 0.000000 0.000000 0.000000 0.000100 0.000000 0.000000 0.000000 0.000000 0.000000 0.000000 0.000000 0.039400 0.000000 0.000100 0.000000 0.039500 0.041300 0.000000 0.000000 0.000000 0.000000 0.039400 0.000000 0.000000 0.000000 0.000000 0.000000 0.000000 0.000000 0.000100 0.000000 0.085900 0.000000 0.000000 0.000100 0.000100
Impala 0.085900 0.186700 0.085800 0.091700 0.126000 0.085900 0.085900 0.085900 0.085800 0.085900 0.085900 0.085900 0.085900 0.085900 0.043000 0.085900 0.085900 0.085900 0.085900 0.085800 0.085900 0.085900 0.085900 0.085900 0.085900 0.085900 0.085900 0.083200 0.085900 0.085800 0.085900 0.126700 0.041300 0.085900 0.085900 0.085900 0.085900 0.126000 0.085900 0.085900 0.085900 0.085900 0.085900 0.085900 0.085900 0.086900 0.085900 0.000000 0.085900 0.085900 0.085800 0.085800
Klipspring 0.000000 0.087400 0.000100 0.000300 0.039400 0.000000 0.000000 0.000000 0.000100 0.000000 0.000000 0.000000 0.000000 0.000000 0.042400 0.000000 0.000000 0.000000 0.000000 0.000100 0.000000 0.000000 0.000000 0.000000 0.000000 0.000000 0.000000 0.039400 0.000000 0.000100 0.000000 0.039900 0.040800 0.000000 0.000000 0.000000 0.000000 0.039400 0.000000 0.000000 0.000000 0.000000 0.000000 0.000000 0.000000 0.000100 0.000000 0.085900 0.000000 0.000000 0.000100 0.000100
ForestMusk 0.000000 0.087400 0.000100 0.000300 0.039400 0.000000 0.000000 0.000000 0.000100 0.000000 0.000000 0.000000 0.000000 0.000000 0.042400 0.000000 0.000000 0.000000 0.000000 0.000100 0.000000 0.000000 0.000000 0.000000 0.000000 0.000000 0.000000 0.039400 0.000000 0.000100 0.000000 0.039500 0.040800 0.000000 0.000000 0.000000 0.000000 0.039400 0.000000 0.000000 0.000000 0.000000 0.000000 0.000000 0.000000 0.000100 0.000000 0.085900 0.000000 0.000000 0.000100 0.000100
Bushbuck 0.000100 0.087100 0.000000 0.000400 0.039300 0.000100 0.000100 0.000100 0.000000 0.000100 0.000100 0.000100 0.000100 0.000100 0.042100 0.000100 0.000100 0.000100 0.000100 0.000000 0.000100 0.000100 0.000100 0.000100 0.000100 0.000100 0.000100 0.038900 0.000100 0.000000 0.000100 0.039400 0.040700 0.000100 0.000100 0.000100 0.000100 0.039300 0.000100 0.000100 0.000100 0.000100 0.000100 0.000100 0.000100 0.000300 0.000100 0.085800 0.000100 0.000100 0.000000 0.000000
GreaterKud 0.000100 0.087100 0.000000 0.000400 0.039300 0.000100 0.000100 0.000100 0.000000 0.000100 0.000100 0.000100 0.000100 0.000100 0.042100 0.000100 0.000100 0.000100 0.000100 0.000000 0.000100 0.000100 0.000100 0.000100 0.000100 0.000100 0.000100 0.038900 0.000100 0.000000 0.000100 0.039400 0.040700 0.000100 0.000100 0.000100 0.000100 0.039300 0.000100 0.000100 0.000100 0.000100 0.000100 0.000100 0.000100 0.000300 0.000100 0.085800 0.000100 0.000100 0.000000 0.000000
