1
52 1
Argali 0.000000 0.011900 0.000000 0.011900 0.000000 0.000000 0.000000 0.000000 0.000000 0.000100 0.000000 0.012000 0.000100 0.000000 0.000000 0.000000 0.000100 0.011900 0.000000 0.000000 0.000100 0.000000 0.000000 0.000000 0.000000 0.000000 0.000100 0.000000 0.000000 0.000000 0.000000 0.000000 0.024100 0.000100 0.000000 0.000000 0.000000 0.000000 0.000000 0.000100 0.000000 0.000000 0.000000 0.000000 0.000000 0.000100 0.011900 0.000100 0.000000 0.011900 0.000000 0.000000
LesserMous 0.011900 0.000000 0.011900 0.024000 0.012100 0.011900 0.012100 0.011900 0.011900 0.011800 0.011900 0.024300 0.011700 0.012100 0.012000 0.011900 0.012000 0.024000 0.011900 0.011900 0.011900 0.011900 0.011800 0.011800 0.011900 0.011900 0.011700 0.011900 0.011900 0.011900 0.011800 0.011900 0.036400 0.011700 0.011900 0.011900 0.011900 0.012100 0.011900 0.011900 0.011800 0.011900 0.011800 0.011800 0.011900 0.012000 0.024000 0.012100 0.012000 0.024000 0.011900 0.011900
LesserKudu 0.000000 0.011900 0.000000 0.011900 0.000000 0.000000 0.000000 0.000000 0.000000 0.000100 0.000000 0.012000 0.000100 0.000000 0.000000 0.000000 0.000100 0.011900 0.000000 0.000000 0.000100 0.000000 0.000000 0.000000 0.000000 0.000000 0.000100 0.000000 0.000000 0.000000 0.000000 0.000000 0.024100 0.000100 0.000000 0.000000 0.000000 0.000000 0.000000 0.000100 0.000000 0.000000 0.000000 0.000000 0.000000 0.000100 0.011900 0.000100 0.000000 0.011900 0.000000 0.000000
KillerWhal 0.011900 0.024000 0.011900 0.000000 0.012100 0.011900 0.012000 0.011900 0.011900 0.011700 0.011900 0.024200 0.011600 0.012000 0.011900 0.011900 0.012000 0.023900 0.011900 0.011900 0.011900 0.011900 0.011700 0.011700 0.011900 0.011900 0.011600 0.011900 0.011900 0.011900 0.011700 0.011900 0.036300 0.011600 0.011900 0.011900 0.011900 0.012100 0.011900 0.011900 0.011700 0.011900 0.011700 0.011700 0.011900 0.011900 0.023900 0.012000 0.011900 0.023900 0.011900 0.011900
DefassaWat 0.000000 0.012100 0.000000 0.012100 0.000000 0.000000 0.000100 0.000000 0.000000 0.000100 0.000000 0.012200 0.000200 0.000100 0.000100 0.000000 0.000100 0.012100 0.000000 0.000000 0.000100 0.000000 0.000100 0.000100 0.000000 0.000000 0.000200 0.000000 0.000100 0.000000 0.000100 0.000000 0.024400 0.000200 0.000000 0.000000 0.000000 0.000000 0.000000 0.000000 0.000100 0.000000 0.000100 0.000100 0.000000 0.000100 0.012100 0.000100 0.000100 0.012100 0.000000 0.000000
Sheep 0.000000 0.011900 0.000000 0.011900 0.000000 0.000000 0.000000 0.000000 0.000000 0.000100 0.000000 0.012000 0.000100 0.000000 0.000000 0.000000 0.000100 0.011900 0.000000 0.000000 0.000100 0.000000 0.000000 0.000000 0.000000 0.000000 0.000100 0.000000 0.000000 0.000000 0.000000 0.000000 0.024100 0.000100 0.000000 0.000000 0.000000 0.000000 0.000000 0.000100 0.000000 0.000000 0.000000 0.000000 0.000000 0.000100 0.011900 0.000100 0.000000 0.011900 0.000000 0.000000
MaxwellsDu 0.000000 0.012100 0.000000 0.012000 0.000100 0.000000 0.000000 0.000000 0.000000 0.000100 0.000000 0.012200 0.000200 0.000100 0.000100 0.000000 0.000100 0.012000 0.000000 0.000000 0.000100 0.000000 0.000100 0.000100 0.000000 0.000000 0.000200 0.000000 0.000100 0.000000 0.000100 0.000000 0.024300 0.000200 0.000000 0.000000 0.000000 0.000100 0.000000 0.000100 0.000100 0.000000 0.000100 0.000100 0.000000 0.000100 0.012000 0.000100 0.000100 0.012000 0.000000 0.000000
GazellaPrz 0.000000 0.011900 0.000000 0.011900 0.000000 0.000000 0.000000 0.000000 0.000000 0.000100 0.000000 0.012000 0.000100 0.000000 0.000000 0.000000 0.000100 0.011900 0.000000 0.000000 0.000100 0.000000 0.000000 0.000000 0.000000 0.000000 0.000100 0.000000 0.000000 0.000000 0.000000 0.000000 0.024100 0.000100 0.000000 0.000000 0.000000 0.000000 0.000000 0.000100 0.000000 0.000000 0.000000 0.000000 0.000000 0.000100 0.011900 0.000100 0.000000 0.011900 0.000000 0.000000
MountainNy 0.000000 0.011900 0.000000 0.011900 0.000000 0.000000 0.000000 0.000000 0.000000 0.000100 0.000000 0.012000 0.000100 0.000000 0.000000 0.000000 0.000100 0.011900 0.000000 0.000000 0.000100 0.000000 0.000000 0.000000 0.000000 0.000000 0.000100 0.000000 0.000000 0.000000 0.000000 0.000000 0.024100 0.000100 0.000000 0.000000 0.000000 0.000000 0.000000 0.000100 0.000000 0.000000 0.000000 0.000000 0.000000 0.000100 0.011900 0.000100 0.000000 0.011900 0.000000 0.000000
MuntiacusM 0.000100 0.011800 0.000100 0.011700 0.000100 0.000100 0.000100 0.000100 0.000100 0.000000 0.000100 0.011900 0.000100 0.000100 0.000000 0.000100 0.000100 0.011700 0.000100 0.000100 0.000200 0.000100 0.000000 0.000000 0.000100 0.000100 0.000100 0.000100 0.000100 0.000100 0.000000 0.000100 0.023700 0.000100 0.000100 0.000100 0.000100 0.000100 0.000100 0.000100 0.000000 0.000100 0.000000 0.000000 0.000100 0.000200 0.011700 0.000100 0.000100 0.011700 0.000100 0.000100
goat 0.000000 0.011900 0.000000 0.011900 0.000000 0.000000 0.000000 0.000000 0.000000 0.000100 0.000000 0.012000 0.000100 0.000000 0.000000 0.000000 0.000100 0.011900 0.000000 0.000000 0.000100 0.000000 0.000000 0.000000 0.000000 0.000000 0.000100 0.000000 0.000000 0.000000 0.000000 0.000000 0.024100 0.000100 0.000000 0.000000 0.000000 0.000000 0.000000 0.000100 0.000000 0.000000 0.000000 0.000000 0.000000 0.000100 0.011900 0.000100 0.000000 0.011900 0.000000 0.000000
AfricanBuf 0.012000 0.024300 0.012000 0.024200 0.012200 0.012000 0.012200 0.012000 0.012000 0.011900 0.012000 0.000000 0.011800 0.012100 0.012100 0.012000 0.012100 0.024100 0.012000 0.012000 0.012000 0.012000 0.011900 0.011900 0.012000 0.012000 0.011800 0.012000 0.012100 0.012000 0.011900 0.012000 0.036800 0.011800 0.012000 0.012000 0.012000 0.012200 0.012000 0.012000 0.011900 0.012000 0.011900 0.011900 0.012000 0.012000 0.024200 0.012200 0.012100 0.024200 0.012000 0.012000
Topi 0.000100 0.011700 0.000100 0.011600 0.000200 0.000100 0.000200 0.000100 0.000100 0.000100 0.000100 0.011800 0.000000 0.000200 0.000200 0.000100 0.000200 0.011600 0.000100 0.000100 0.000200 0.000100 0.000100 0.000100 0.000100 0.000100 0.000000 0.000100 0.000200 0.000100 0.000100 0.000100 0.023500 0.000000 0.000100 0.000100 0.000100 0.000200 0.000100 0.000100 0.000100 0.000100 0.000100 0.000100 0.000100 0.000200 0.011600 0.000200 0.000200 0.011600 0.000100 0.000100
CommonDuik 0.000000 0.012100 0.000000 0.012000 0.000100 0.000000 0.000100 0.000000 0.000000 0.000100 0.000000 0.012100 0.000200 0.000000 0.000100 0.000000 0.000100 0.011900 0.000000 0.000000 0.000100 0.000000 0.000100 0.000100 0.000000 0.000000 0.000200 0.000000 0.000100 0.000000 0.000100 0.000000 0.024100 0.000200 0.000000 0.000000 0.000000 0.000100 0.000000 0.000100 0.000100 0.000000 0.000100 0.000100 0.000000 0.000100 0.011900 0.000100 0.000100 0.011900 0.000000 0.000000
Suni 0.000000 0.012000 0.000000 0.011900 0.000100 0.000000 0.000100 0.000000 0.000000 0.000000 0.000000 0.012100 0.000200 0.000100 0.000000 0.000000 0.000100 0.011900 0.000000 0.000000 0.000100 0.000000 0.000100 0.000100 0.000000 0.000000 0.000200 0.000000 0.000100 0.000000 0.000100 0.000000 0.024100 0.000200 0.000000 0.000000 0.000000 0.000100 0.000000 0.000100 0.000100 0.000000 0.000100 0.000100 0.000000 0.000100 0.011800 0.000000 0.000100 0.011900 0.000000 0.000000
Springbuck 0.000000 0.011900 0.000000 0.011900 0.000000 0.000000 0.000000 0.000000 0.000000 0.000100 0.000000 0.012000 0.000100 0.000000 0.000000 0.000000 0.000100 0.011900 0.000000 0.000000 0.000100 0.000000 0.000000 0.000000 0.000000 0.000000 0.000100 0.000000 0.000000 0.000000 0.000000 0.000000 0.024100 0.000100 0.000000 0.000000 0.000000 0.000000 0.000000 0.000100 0.000000 0.000000 0.000000 0.000000 0.000000 0.000100 0.011900 0.000100 0.000000 0.011900 0.000000 0.000000
Okapi 0.000100 0.012000 0.000100 0.012000 0.000100 0.000100 0.000100 0.000100 0.000100 0.000100 0.000100 0.012100 0.000200 0.000100 0.000100 0.000100 0.000000 0.012000 0.000100 0.000100 0.000200 0.000100 0.000100 0.000100 0.000100 0.000100 0.000200 0.000100 0.000100 0.000100 0.000100 0.000100 0.024200 0.000200 0.000100 0.000100 0.000100 0.000100 0.000100 0.000100 0.000100 0.000100 0.000100 0.000100 0.000100 0.000200 0.012000 0.000200 0.000100 0.012000 0.000100 0.000100
Giraffe 0.011900 0.024000 0.011900 0.023900 0.012100 0.011900 0.012000 0.011900 0.011900 0.011700 0.011900 0.024100 0.011600 0.011900 0.011900 0.011900 0.012000 0.000000 0.011900 0.011900 0.011900 0.011900 0.011700 0.011700 0.011900 0.011900 0.011600 0.011900 0.011900 0.011900 0.011700 0.011900 0.023700 0.011600 0.011900 0.011900 0.011900 0.012100 0.011900 0.011900 0.011700 0.011900 0.011700 0.011700 0.011900 0.011900 0.023900 0.012000 0.011900 0.023800 0.011900 0.011900
TibetanAnt 0.000000 0.011900 0.000000 0.011900 0.000000 0.000000 0.000000 0.000000 0.000000 0.000100 0.000000 0.012000 0.000100 0.000000 0.000000 0.000000 0.000100 0.011900 0.000000 0.000000 0.000100 0.000000 0.000000 0.000000 0.000000 0.000000 0.000100 0.000000 0.000000 0.000000 0.000000 0.000000 0.024100 0.000100 0.000000 0.000000 0.000000 0.000000 0.000000 0.000100 0.000000 0.000000 0.000000 0.000000 0.000000 0.000100 0.011900 0.000100 0.000000 0.011900 0.000000 0.000000
Sitatunga 0.000000 0.011900 0.000000 0.011900 0.000000 0.000000 0.000000 0.000000 0.000000 0.000100 0.000000 0.012000 0.000100 0.000000 0.000000 0.000000 0.000100 0.011900 0.000000 0.000000 0.000100 0.000000 0.000000 0.000000 0.000000 0.000000 0.000100 0.000000 0.000000 0.000000 0.000000 0.000000 0.024100 0.000100 0.000000 0.000000 0.000000 0.000000 0.000000 0.000100 0.000000 0.000000 0.000000 0.000000 0.000000 0.000100 0.011900 0.000100 0.000000 0.011900 0.000000 0.000000
Oribi 0.000100 0.011900 0.000100 0.011900 0.000100 0.000100 0.000100 0.000100 0.000100 0.000200 0.000100 0.012000 0.000200 0.000100 0.000100 0.000100 0.000200 0.011900 0.000100 0.000100 0.000000 0.000100 0.000100 0.000100 0.000100 0.000100 0.000200 0.000100 0.000100 0.000100 0.000100 0.000100 0.024100 0.000200 0.000100 0.000100 0.000100 0.000100 0.000100 0.000200 0.000100 0.000100 0.000100 0.000100 0.000100 0.000200 0.011900 0.000200 0.000100 0.011900 0.000100 0.000100
BarbaryShe 0.000000 0.011900 0.000000 0.011900 0.000000 0.000000 0.000000 0.000000 0.000000 0.000100 0.000000 0.012000 0.000100 0.000000 0.000000 0.000000 0.000100 0.011900 0.000000 0.000000 0.000100 0.000000 0.000000 0.000000 0.000000 0.000000 0.000100 0.000000 0.000000 0.000000 0.000000 0.000000 0.024100 0.000100 0.000000 0.000000 0.000000 0.000000 0.000000 0.000100 0.000000 0.000000 0.000000 0.000000 0.000000 0.000100 0.011900 0.000100 0.000000 0.011900 0.000000 0.000000
Daviddeer 0.000000 0.011800 0.000000 0.011700 0.000100 0.000000 0.000100 0.000000 0.000000 0.000000 0.000000 0.011900 0.000100 0.000100 0.000100 0.000000 0.000100 0.011700 0.000000 0.000000 0.000100 0.000000 0.000000 0.000000 0.000000 0.000000 0.000100 0.000000 0.000100 0.000000 0.000000 0.000000 0.023700 0.000100 0.000000 0.000000 0.000000 0.000100 0.000000 0.000000 0.000000 0.000000 0.000000 0.000000 0.000000 0.000100 0.011700 0.000100 0.000100 0.011700 0.000000 0.000000
Reindeer 0.000000 0.011800 0.000000 0.011700 0.000100 0.000000 0.000100 0.000000 0.000000 0.000000 0.000000 0.011900 0.000100 0.000100 0.000100 0.000000 0.000100 0.011700 0.000000 0.000000 0.000100 0.000000 0.000000 0.000000 0.000000 0.000000 0.000100 0.000000 0.000100 0.000000 0.000000 0.000000 0.023700 0.000100 0.000000 0.000000 0.000000 0.000100 0.000000 0.000000 0.000000 0.000000 0.000000 0.000000 0.000000 0.000100 0.011700 0.000100 0.000100 0.011700 0.000000 0.000000
Ibex 0.000000 0.011900 0.000000 0.011900 0.000000 0.000000 0.000000 0.000000 0.000000 0.000100 0.000000 0.012000 0.000100 0.000000 0.000000 0.000000 0.000100 0.011900 0.000000 0.000000 0.000100 0.000000 0.000000 0.000000 0.000000 0.000000 0.000100 0.000000 0.000000 0.000000 0.000000 0.000000 0.024100 0.000100 0.000000 0.000000 0.000000 0.000000 0.000000 0.000100 0.000000 0.000000 0.000000 0.000000 0.000000 0.000100 0.011900 0.000100 0.000000 0.011900 0.000000 0.000000
GyrantGaze 0.000000 0.011900 0.000000 0.011900 0.000000 0.000000 0.000000 0.000000 0.000000 0.000100 0.000000 0.012000 0.000100 0.000000 0.000000 0.000000 0.000100 0.011900 0.000000 0.000000 0.000100 0.000000 0.000000 0.000000 0.000000 0.000000 0.000100 0.000000 0.000000 0.000000 0.000000 0.000000 0.024100 0.000100 0.000000 0.000000 0.000000 0.000000 0.000000 0.000100 0.000000 0.000000 0.000000 0.000000 0.000000 0.000100 0.011900 0.000100 0.000000 0.011900 0.000000 0.000000
Hartebeest 0.000100 0.011700 0.000100 0.011600 0.000200 0.000100 0.000200 0.000100 0.000100 0.000100 0.000100 0.011800 0.000000 0.000200 0.000200 0.000100 0.000200 0.011600 0.000100 0.000100 0.000200 0.000100 0.000100 0.000100 0.000100 0.000100 0.000000 0.000100 0.000200 0.000100 0.000100 0.000100 0.023500 0.000000 0.000100 0.000100 0.000100 0.000200 0.000100 0.000100 0.000100 0.000100 0.000100 0.000100 0.000100 0.000200 0.011600 0.000200 0.000200 0.011600 0.000100 0.000100
Bongo 0.000000 0.011900 0.000000 0.011900 0.000000 0.000000 0.000000 0.000000 0.000000 0.000100 0.000000 0.012000 0.000100 0.000000 0.000000 0.000000 0.000100 0.011900 0.000000 0.000000 0.000100 0.000000 0.000000 0.000000 0.000000 0.000000 0.000100 0.000000 0.000000 0.000000 0.000000 0.000000 0.024100 0.000100 0.000000 0.000000 0.000000 0.000000 0.000000 0.000100 0.000000 0.000000 0.000000 0.000000 0.000000 0.000100 0.011900 0.000100 0.000000 0.011900 0.000000 0.000000
Gerenuk 0.000000 0.011900 0.000000 0.011900 0.000100 0.000000 0.000100 0.000000 0.000000 0.000100 0.000000 0.012100 0.000200 0.000100 0.000100 0.000000 0.000100 0.011900 0.000000 0.000000 0.000100 0.000000 0.000100 0.000100 0.000000 0.000000 0.000200 0.000000 0.000000 0.000000 0.000100 0.000000 0.024100 0.000200 0.000000 0.000000 0.000000 0.000100 0.000000 0.000100 0.000100 0.000000 0.000100 0.000100 0.000000 0.000100 0.011900 0.000100 0.000100 0.011900 0.000000 0.000000
CommonElan 0.000000 0.011900 0.000000 0.011900 0.000000 0.000000 0.000000 0.000000 0.000000 0.000100 0.000000 0.012000 0.000100 0.000000 0.000000 0.000000 0.000100 0.011900 0.000000 0.000000 0.000100 0.000000 0.000000 0.000000 0.000000 0.000000 0.000100 0.000000 0.000000 0.000000 0.000000 0.000000 0.024100 0.000100 0.000000 0.000000 0.000000 0.000000 0.000000 0.000100 0.000000 0.000000 0.000000 0.000000 0.000000 0.000100 0.011900 0.000100 0.000000 0.011900 0.000000 0.000000
MuntiacusR 0.000000 0.011800 0.000000 0.011700 0.000100 0.000000 0.000100 0.000000 0.000000 0.000000 0.000000 0.011900 0.000100 0.000100 0.000100 0.000000 0.000100 0.011700 0.000000 0.000000 0.000100 0.000000 0.000000 0.000000 0.000000 0.000000 0.000100 0.000000 0.000100 0.000000 0.000000 0.000000 0.023700 0.000100 0.000000 0.000000 0.000000 0.000100 0.000000 0.000000 0.000000 0.000000 0.000000 0.000000 0.000000 0.000100 0.011700 0.000100 0.000100 0.011700 0.000000 0.000000
HarveysDui 0.000000 0.011900 0.000000 0.011900 0.000000 0.000000 0.000000 0.000000 0.000000 0.000100 0.000000 0.012000 0.000100 0.000000 0.000000 0.000000 0.000100 0.011900 0.000000 0.000000 0.000100 0.000000 0.000000 0.000000 0.000000 0.000000 0.000100 0.000000 0.000000 0.000000 0.000000 0.000000 0.024100 0.000100 0.000000 0.000000 0.000000 0.000000 0.000000 0.000100 0.000000 0.000000 0.000000 0.000000 0.000000 0.000100 0.011900 0.000100 0.000000 0.011900 0.000000 0.000000
Pronghorn 0.024100 0.036400 0.024100 0.036300 0.024400 0.024100 0.024300 0.024100 0.024100 0.023700 0.024100 0.036800 0.023500 0.024100 0.024100 0.024100 0.024200 0.023700 0.024100 0.024100 0.024100 0.024100 0.023700 0.023700 0.024100 0.024100 0.023500 0.024100 0.024100 0.024100 0.023700 0.024100 0.000000 0.023500 0.024100 0.024100 0.024100 0.024400 0.024100 0.024000 0.023700 0.024100 0.023700 0.023700 0.024100 0.024100 0.036200 0.024300 0.024200 0.011800 0.024100 0.024100
BlueWildeb 0.000100 0.011700 0.000100 0.011600 0.000200 0.000100 0.000200 0.000100 0.000100 0.000100 0.000100 0.011800 0.000000 0.000200 0.000200 0.000100 0.000200 0.011600 0.000100 0.000100 0.000200 0.000100 0.000100 0.000100 0.000100 0.000100 0.000000 0.000100 0.000200 0.000100 0.000100 0.000100 0.023500 0.000000 0.000100 0.000100 0.000100 0.000200 0.000100 0.000100 0.000100 0.000100 0.000100 0.000100 0.000100 0.000200 0.011600 0.000200 0.000200 0.011600 0.000100 0.000100
Gemsbok 0.000000 0.011900 0.000000 0.011900 0.000000 0.000000 0.000000 0.000000 0.000000 0.000100 0.000000 0.012000 0.000100 0.000000 0.000000 0.000000 0.000100 0.011900 0.000000 0.000000 0.000100 0.000000 0.000000 0.000000 0.000000 0.000000 0.000100 0.000000 0.000000 0.000000 0.000000 0.000000 0.024100 0.000100 0.000000 0.000000 0.000000 0.000000 0.000000 0.000100 0.000000 0.000000 0.000000 0.000000 0.000000 0.000100 0.011900 0.000100 0.000000 0.011900 0.000000 0.000000
Yak 0.000000 0.011900 0.000000 0.011900 0.000000 0.000000 0.000000 0.000000 0.000000 0.000100 0.000000 0.012000 0.000100 0.000000 0.000000 0.000000 0.000100 0.011900 0.000000 0.000000 0.000100 0.000000 0.000000 0.000000 0.000000 0.000000 0.000100 0.000000 0.000000 0.000000 0.000000 0.000000 0.024100 0.000100 0.000000 0.000000 0.000000 0.000000 0.000000 0.000100 0.000000 0.000000 0.000000 0.000000 0.000000 0.000100 0.011900 0.000100 0.000000 0.011900 0.000000 0.000000
BlueSheep 0.000000 0.011900 0.000000 0.011900 0.000000 0.000000 0.000000 0.000000 0.000000 0.000100 0.000000 0.012000 0.000100 0.000000 0.000000 0.000000 0.000100 0.011900 0.000000 0.000000 0.000100 0.000000 0.000000 0.000000 0.000000 0.000000 0.000100 0.000000 0.000000 0.000000 0.000000 0.000000 0.024100 0.000100 0.000000 0.000000 0.000000 0.000000 0.000000 0.000100 0.000000 0.000000 0.000000 0.000000 0.000000 0.000100 0.011900 0.000100 0.000000 0.011900 0.000000 0.000000
BohorReedb 0.000000 0.012100 0.000000 0.012100 0.000000 0.000000 0.000100 0.000000 0.000000 0.000100 0.000000 0.012200 0.000200 0.000100 0.000100 0.000000 0.000100 0.012100 0.000000 0.000000 0.000100 0.000000 0.000100 0.000100 0.000000 0.000000 0.000200 0.000000 0.000100 0.000000 0.000100 0.000000 0.024400 0.000200 0.000000 0.000000 0.000000 0.000000 0.000000 0.000000 0.000100 0.000000 0.000100 0.000100 0.000000 0.000100 0.012100 0.000100 0.000100 0.012100 0.000000 0.000000
KirksDik 0.000000 0.011900 0.000000 0.011900 0.000000 0.000000 0.000000 0.000000 0.000000 0.000100 0.000000 0.012000 0.000100 0.000000 0.000000 0.000000 0.000100 0.011900 0.000000 0.000000 0.000100 0.000000 0.000000 0.000000 0.000000 0.000000 0.000100 0.000000 0.000000 0.000000 0.000000 0.000000 0.024100 0.000100 0.000000 0.000000 0.000000 0.000000 0.000000 0.000100 0.000000 0.000000 0.000000 0.000000 0.000000 0.000100 0.011900 0.000100 0.000000 0.011900 0.000000 0.000000
RoeDeer 0.000100 0.011900 0.000100 0.011900 0.000000 0.000100 0.000100 0.000100 0.000100 0.000100 0.000100 0.012000 0.000100 0.000100 0.000100 0.000100 0.000100 0.011900 0.000100 0.000100 0.000200 0.000100 0.000000 0.000000 0.000100 0.000100 0.000100 0.000100 0.000100 0.000100 0.000000 0.000100 0.024000 0.000100 0.000100 0.000100 0.000100 0.000000 0.000100 0.000000 0.000000 0.000100 0.000000 0.000000 0.000100 0.000200 0.011900 0.000200 0.000100 0.011900 0.000100 0.000100
WhiteLippe 0.000000 0.011800 0.000000 0.011700 0.000100 0.000000 0.000100 0.000000 0.000000 0.000000 0.000000 0.011900 0.000100 0.000100 0.000100 0.000000 0.000100 0.011700 0.000000 0.000000 0.000100 0.000000 0.000000 0.000000 0.000000 0.000000 0.000100 0.000000 0.000100 0.000000 0.000000 0.000000 0.023700 0.000100 0.000000 0.000000 0.000000 0.000100 0.000000 0.000000 0.000000 0.000000 0.000000 0.000000 0.000000 0.000100 0.011700 0.000100 0.000100 0.011700 0.000000 0.000000
ThomsonGaz 0.000000 0.011900 0.000000 0.011900 0.000000 0.000000 0.000000 0.000000 0.000000 0.000100 0.000000 0.012000 0.000100 0.000000 0.000000 0.000000 0.000100 0.011900 0.000000 0.000000 0.000100 0.000000 0.000000 0.000000 0.000000 0.000000 0.000100 0.000000 0.000000 0.000000 0.000000 0.000000 0.024100 0.000100 0.000000 0.000000 0.000000 0.000000 0.000000 0.000100 0.000000 0.000000 0.000000 0.000000 0.000000 0.000100 0.011900 0.000100 0.000000 0.011900 0.000000 0.000000
MuntiacusC 0.000000 0.011800 0.000000 0.011700 0.000100 0.000000 0.000100 0.000000 0.000000 0.000000 0.000000 0.011900 0.000100 0.000100 0.000100 0.000000 0.000100 0.011700 0.000000 0.000000 0.000100 0.000000 0.000000 0.000000 0.000000 0.000000 0.000100 0.000000 0.000100 0.000000 0.000000 0.000000 0.023700 0.000100 0.000000 0.000000 0.000000 0.000100 0.000000 0.000000 0.000000 0.000000 0.000000 0.000000 0.000000 0.000100 0.011700 0.000100 0.000100 0.011700 0.000000 0.000000
WhiteTaile 0.000000 0.011800 0.000000 0.011700 0.000100 0.000000 0.000100 0.000000 0.000000 0.000000 0.000000 0.011900 0.000100 0.000100 0.000100 0.000000 0.000100 0.011700 0.000000 0.000000 0.000100 0.000000 0.000000 0.000000 0.000000 0.000000 0.000100 0.000000 0.000100 0.000000 0.000000 0.000000 0.023700 0.000100 0.000000 0.000000 0.000000 0.000100 0.000000 0.000000 0.000000 0.000000 0.000000 0.000000 0.000000 0.000100 0.011700 0.000100 0.000100 0.011700 0.000000 0.000000
Cattle 0.000000 0.011900 0.000000 0.011900 0.000000 0.000000 0.000000 0.000000 0.000000 0.000100 0.000000 0.012000 0.000100 0.000000 0.000000 0.000000 0.000100 0.011900 0.000000 0.000000 0.000100 0.000000 0.000000 0.000000 0.000000 0.000000 0.000100 0.000000 0.000000 0.000000 0.000000 0.000000 0.024100 0.000100 0.000000 0.000000 0.000000 0.000000 0.000000 0.000100 0.000000 0.000000 0.000000 0.000000 0.000000 0.000100 0.011900 0.000100 0.000000 0.011900 0.000000 0.000000
RoyalAntel 0.000100 0.012000 0.000100 0.011900 0.000100 0.000100 0.000100 0.000100 0.000100 0.000200 0.000100 0.012000 0.000200 0.000100 0.000100 0.000100 0.000200 0.011900 0.000100 0.000100 0.000200 0.000100 0.000100 0.000100 0.000100 0.000100 0.000200 0.000100 0.000100 0.000100 0.000100 0.000100 0.024100 0.000200 0.000100 0.000100 0.000100 0.000100 0.000100 0.000200 0.000100 0.000100 0.000100 0.000100 0.000100 0.000000 0.011900 0.000200 0.000100 0.011900 0.000100 0.000100
Steenbok 0.011900 0.024000 0.011900 0.023900 0.012100 0.011900 0.012000 0.011900 0.011900 0.011700 0.011900 0.024200 0.011600 0.011900 0.011800 0.011900 0.012000 0.023900 0.011900 0.011900 0.011900 0.011900 0.011700 0.011700 0.011900 0.011900 0.011600 0.011900 0.011900 0.011900 0.011700 0.011900 0.036200 0.011600 0.011900 0.011900 0.011900 0.012100 0.011900 0.011900 0.011700 0.011900 0.011700 0.011700 0.011900 0.011900 0.000000 0.012000 0.011900 0.023900 0.011900 0.011900
Impala 0.000100 0.012100 0.000100 0.012000 0.000100 0.000100 0.000100 0.000100 0.000100 0.000100 0.000100 0.012200 0.000200 0.000100 0.000000 0.000100 0.000200 0.012000 0.000100 0.000100 0.000200 0.000100 0.000100 0.000100 0.000100 0.000100 0.000200 0.000100 0.000100 0.000100 0.000100 0.000100 0.024300 0.000200 0.000100 0.000100 0.000100 0.000100 0.000100 0.000200 0.000100 0.000100 0.000100 0.000100 0.000100 0.000200 0.012000 0.000000 0.000100 0.012000 0.000100 0.000100
Klipspring 0.000000 0.012000 0.000000 0.011900 0.000100 0.000000 0.000100 0.000000 0.000000 0.000100 0.000000 0.012100 0.000200 0.000100 0.000100 0.000000 0.000100 0.011900 0.000000 0.000000 0.000100 0.000000 0.000100 0.000100 0.000000 0.000000 0.000200 0.000000 0.000100 0.000000 0.000100 0.000000 0.024200 0.000200 0.000000 0.000000 0.000000 0.000100 0.000000 0.000100 0.000100 0.000000 0.000100 0.000100 0.000000 0.000100 0.011900 0.000100 0.000000 0.011900 0.000000 0.000000
ForestMusk 0.011900 0.024000 0.011900 0.023900 0.012100 0.011900 0.012000 0.011900 0.011900 0.011700 0.011900 0.024200 0.011600 0.011900 0.011900 0.011900 0.012000 0.023800 0.011900 0.011900 0.011900 0.011900 0.011700 0.011700 0.011900 0.011900 0.011600 0.011900 0.011900 0.011900 0.011700 0.011900 0.011800 0.011600 0.011900 0.011900 0.011900 0.012100 0.011900 0.011900 0.011700 0.011900 0.011700 0.011700 0.011900 0.011900 0.023900 0.012000 0.011900 0.000000 0.011900 0.011900
Bushbuck 0.000000 0.011900 0.000000 0.011900 0.000000 0.000000 0.000000 0.000000 0.000000 0.000100 0.000000 0.012000 0.000100 0.000000 0.000000 0.000000 0.000100 0.011900 0.000000 0.000000 0.000100 0.000000 0.000000 0.000000 0.000000 0.000000 0.000100 0.000000 0.000000 0.000000 0.000000 0.000000 0.024100 0.000100 0.000000 0.000000 0.000000 0.000000 0.000000 0.000100 0.000000 0.000000 0.000000 0.000000 0.000000 0.000100 0.011900 0.000100 0.000000 0.011900 0.000000 0.000000
GreaterKud 0.000000 0.011900 0.000000 0.011900 0.000000 0.000000 0.000000 0.000000 0.000000 0.000100 0.000000 0.012000 0.000100 0.000000 0.000000 0.000000 0.000100 0.011900 0.000000 0.000000 0.000100 0.000000 0.000000 0.000000 0.000000 0.000000 0.000100 0.000000 0.000000 0.000000 0.000000 0.000000 0.024100 0.000100 0.000000 0.000000 0.000000 0.000000 0.000000 0.000100 0.000000 0.000000 0.000000 0.000000 0.000000 0.000100 0.011900 0.000100 0.000000 0.011900 0.000000 0.000000
