1
52 1
Argali 0.000000 0.366000 0.098300 0.335800 0.108000 0.012800 0.081100 0.053200 0.128400 0.125000 0.054400 0.100900 0.081000 0.054000 0.080200 0.094700 0.053400 0.054400 0.081400 0.114500 0.080300 0.026200 0.122400 0.142900 0.053000 0.095100 0.067400 0.126200 0.079200 0.099300 0.110100 0.094000 0.156100 0.080800 0.039500 0.084900 0.039700 0.108500 0.080900 0.181900 0.169000 0.108800 0.126000 0.140700 0.069400 0.080800 0.067600 0.081600 0.067400 0.081400 0.099300 0.099200
LesserMous 0.366000 0.000000 0.273900 0.281700 0.371500 0.349000 0.334300 0.380100 0.295400 0.268000 0.332400 0.307700 0.334100 0.298600 0.372500 0.399200 0.350900 0.316200 0.293800 0.278900 0.419500 0.335000 0.387000 0.338700 0.332400 0.357100 0.315600 0.330800 0.283900 0.277300 0.310900 0.330200 0.366800 0.332700 0.355400 0.282200 0.314100 0.353500 0.393100 0.383200 0.415500 0.375600 0.293700 0.376500 0.299700 0.337600 0.361800 0.336900 0.360700 0.332000 0.277300 0.273900
LesserKudu 0.098300 0.273900 0.000000 0.266500 0.084500 0.084500 0.041900 0.101300 0.056600 0.084100 0.041600 0.043700 0.071100 0.043200 0.070200 0.085400 0.085100 0.056800 0.071300 0.042600 0.131200 0.070900 0.158800 0.117300 0.042200 0.116300 0.086600 0.084900 0.098600 0.028800 0.114900 0.084500 0.084400 0.100900 0.085900 0.028500 0.057500 0.084900 0.129000 0.172300 0.176400 0.131000 0.100500 0.146800 0.042800 0.100900 0.086800 0.042800 0.086400 0.055700 0.028200 0.027900
KillerWhal 0.335800 0.281700 0.266500 0.000000 0.341000 0.318600 0.303500 0.349000 0.308700 0.320100 0.301900 0.256300 0.349000 0.267500 0.341900 0.368300 0.301200 0.266200 0.306300 0.291500 0.388800 0.302400 0.354900 0.306100 0.301900 0.369500 0.329500 0.345900 0.337800 0.269900 0.321800 0.281000 0.360500 0.347400 0.324600 0.231900 0.283400 0.322800 0.362500 0.377000 0.382500 0.388500 0.304100 0.341600 0.249400 0.304300 0.330600 0.306100 0.305900 0.282200 0.269900 0.266600
DefassaWat 0.108000 0.371500 0.084500 0.341000 0.000000 0.094800 0.069400 0.111200 0.129700 0.157100 0.067300 0.102000 0.096500 0.054500 0.067200 0.081600 0.082500 0.083800 0.082200 0.115700 0.140000 0.081800 0.185100 0.144800 0.067300 0.096300 0.097000 0.127400 0.108400 0.100300 0.173000 0.094800 0.142700 0.081800 0.096300 0.085700 0.067700 0.053100 0.137800 0.216100 0.203000 0.110200 0.158500 0.142500 0.100000 0.110800 0.097200 0.068200 0.068200 0.126900 0.100300 0.099200
Sheep 0.012800 0.349000 0.084500 0.318600 0.094800 0.000000 0.067800 0.040000 0.114400 0.111500 0.041200 0.086800 0.067800 0.040600 0.067100 0.081400 0.040200 0.041800 0.068100 0.100500 0.067100 0.013200 0.109100 0.129000 0.039900 0.081800 0.054100 0.112400 0.066200 0.085400 0.096700 0.080800 0.142300 0.067600 0.026400 0.071000 0.027200 0.095300 0.068000 0.168300 0.155300 0.095500 0.112400 0.127000 0.055800 0.067600 0.054200 0.068200 0.082500 0.096900 0.085400 0.084500
MaxwellsDu 0.081100 0.334300 0.041900 0.303500 0.069400 0.067800 0.000000 0.083500 0.100900 0.128600 0.026700 0.074000 0.054700 0.027300 0.054100 0.068500 0.083900 0.056000 0.054900 0.086800 0.112100 0.054600 0.156500 0.147200 0.027400 0.097800 0.069400 0.099800 0.081300 0.071700 0.144200 0.067700 0.129200 0.083200 0.068900 0.057200 0.040800 0.068100 0.110200 0.187000 0.173800 0.111900 0.129700 0.144700 0.071600 0.083100 0.069500 0.027100 0.069200 0.083800 0.071700 0.071000
GazellaPrz 0.053200 0.380100 0.101300 0.349000 0.111200 0.040000 0.083500 0.000000 0.132300 0.128700 0.082900 0.104200 0.083400 0.056400 0.082500 0.040000 0.055000 0.056000 0.085000 0.118000 0.026400 0.054600 0.125900 0.147300 0.082900 0.040200 0.069400 0.129800 0.052700 0.102400 0.113400 0.096600 0.160900 0.083200 0.041400 0.087500 0.069000 0.111700 0.026000 0.187200 0.174000 0.053600 0.129800 0.144900 0.071600 0.083200 0.013700 0.084000 0.098800 0.113700 0.102900 0.101300
MountainNy 0.128400 0.295400 0.056600 0.308700 0.129700 0.114400 0.100900 0.132300 0.000000 0.113900 0.100300 0.073800 0.116900 0.072100 0.130400 0.146900 0.115000 0.086500 0.086600 0.013900 0.162700 0.100900 0.190800 0.148700 0.100300 0.147700 0.102100 0.027200 0.114000 0.028300 0.145700 0.114700 0.145000 0.116500 0.116300 0.058000 0.086000 0.130200 0.128700 0.172000 0.209500 0.162500 0.131200 0.146300 0.072400 0.131800 0.117600 0.101600 0.117200 0.114900 0.028100 0.056600
MuntiacusM 0.125000 0.268000 0.084100 0.320100 0.157100 0.111500 0.128600 0.128700 0.113900 0.000000 0.127700 0.102400 0.128500 0.099900 0.127100 0.174900 0.112100 0.084200 0.129200 0.100100 0.158500 0.098200 0.095700 0.055500 0.127700 0.144400 0.114100 0.142400 0.156100 0.085000 0.026800 0.111400 0.141400 0.128200 0.113200 0.086100 0.113400 0.126700 0.125200 0.080200 0.111200 0.159100 0.013400 0.083300 0.100400 0.128100 0.145600 0.129500 0.145000 0.082400 0.085000 0.084100
goat 0.054400 0.332400 0.041600 0.301900 0.067300 0.041200 0.026700 0.082900 0.100300 0.127700 0.000000 0.072400 0.054300 0.027300 0.053700 0.068000 0.083300 0.055600 0.054500 0.086300 0.111300 0.026800 0.155600 0.146100 0.000000 0.097200 0.068900 0.098600 0.080800 0.071300 0.143200 0.069100 0.128200 0.082600 0.068400 0.056900 0.013300 0.067600 0.109600 0.185900 0.172800 0.111100 0.128800 0.143700 0.071000 0.082600 0.069100 0.026900 0.070500 0.083200 0.071300 0.070500
AfricanBuf 0.100900 0.307700 0.043700 0.256300 0.102000 0.086800 0.074000 0.104200 0.073800 0.102400 0.072400 0.000000 0.104000 0.044500 0.102700 0.119000 0.072600 0.044700 0.073300 0.059400 0.134800 0.072900 0.147800 0.105200 0.073400 0.119600 0.089100 0.103200 0.101300 0.044100 0.103000 0.086800 0.134500 0.103800 0.088200 0.014600 0.059100 0.102500 0.132500 0.194900 0.165600 0.134600 0.088300 0.135300 0.029900 0.103700 0.089300 0.073400 0.088900 0.072400 0.044100 0.043700
Topi 0.081000 0.334100 0.071100 0.349000 0.096500 0.067800 0.054700 0.083400 0.116900 0.128500 0.054300 0.104000 0.000000 0.055500 0.054100 0.097500 0.083800 0.055900 0.054800 0.102700 0.112000 0.054600 0.156500 0.147100 0.055300 0.128000 0.013400 0.114700 0.081300 0.102200 0.144200 0.096400 0.129100 0.027500 0.068800 0.087400 0.068900 0.096900 0.110200 0.186900 0.173700 0.142400 0.129700 0.144700 0.102000 0.112800 0.099000 0.055000 0.098600 0.083700 0.102200 0.101100
CommonDuik 0.054000 0.298600 0.043200 0.267500 0.054500 0.040600 0.027300 0.056400 0.072100 0.099900 0.027300 0.044500 0.055500 0.000000 0.054900 0.069400 0.056700 0.028000 0.027400 0.057900 0.083900 0.027300 0.127900 0.117600 0.027100 0.069800 0.041600 0.070800 0.054200 0.043100 0.115200 0.040700 0.131100 0.055400 0.042400 0.028600 0.014000 0.054700 0.082600 0.158000 0.144700 0.083800 0.100800 0.115600 0.042900 0.055400 0.041700 0.027500 0.041400 0.085100 0.043100 0.043300
Suni 0.080200 0.372500 0.070200 0.341900 0.067200 0.067100 0.054100 0.082500 0.130400 0.127100 0.053700 0.102700 0.054100 0.054900 0.000000 0.067900 0.054500 0.055300 0.082700 0.116400 0.110800 0.054000 0.154700 0.114600 0.053700 0.097000 0.068500 0.128100 0.109100 0.100900 0.142600 0.095400 0.097900 0.054800 0.068100 0.086300 0.068100 0.067500 0.109000 0.184800 0.171700 0.111000 0.128200 0.112800 0.100700 0.111500 0.097900 0.054400 0.069500 0.082800 0.100900 0.099900
Springbuck 0.094700 0.399200 0.085400 0.368300 0.081600 0.081400 0.068500 0.040000 0.146900 0.174900 0.068000 0.119000 0.097500 0.069400 0.067900 0.000000 0.069000 0.099800 0.097800 0.132800 0.067000 0.097300 0.170900 0.162700 0.068000 0.026400 0.113100 0.144200 0.065800 0.117000 0.158800 0.110400 0.144400 0.097400 0.082700 0.102100 0.082800 0.082000 0.066000 0.235100 0.221800 0.039600 0.176400 0.160000 0.085900 0.097100 0.026900 0.068900 0.083400 0.128200 0.117000 0.115800
Okapi 0.053400 0.350900 0.085100 0.301200 0.082500 0.040200 0.083900 0.055000 0.115000 0.112100 0.083300 0.072600 0.083800 0.056700 0.054500 0.069000 0.000000 0.027400 0.084200 0.101100 0.083100 0.054900 0.095700 0.085100 0.083300 0.069300 0.069800 0.112900 0.081800 0.085900 0.083100 0.097000 0.112900 0.055000 0.040800 0.057000 0.069300 0.083000 0.081700 0.169100 0.141400 0.083200 0.098700 0.083700 0.042000 0.083600 0.069900 0.084400 0.069800 0.083300 0.085900 0.085100
Giraffe 0.054400 0.316200 0.056800 0.266200 0.083800 0.041800 0.056000 0.056000 0.086500 0.084200 0.055600 0.044700 0.055900 0.028000 0.055300 0.099800 0.027400 0.000000 0.056200 0.072400 0.084600 0.027500 0.097400 0.086400 0.055600 0.100200 0.041900 0.084900 0.083300 0.057400 0.084600 0.069400 0.114500 0.055800 0.041600 0.028500 0.042400 0.084200 0.084200 0.141000 0.113300 0.114600 0.070500 0.084900 0.042800 0.085200 0.071300 0.056300 0.071000 0.056700 0.057400 0.056800
TibetanAnt 0.081400 0.293800 0.071300 0.306300 0.082200 0.068100 0.054900 0.085000 0.086600 0.129200 0.054500 0.073300 0.054800 0.027400 0.082700 0.097800 0.084200 0.056200 0.000000 0.072400 0.112500 0.054800 0.157300 0.147800 0.054500 0.098200 0.041100 0.085000 0.053600 0.072100 0.144800 0.068100 0.161400 0.054700 0.069100 0.058300 0.040900 0.082600 0.110800 0.188000 0.174800 0.112400 0.130300 0.145400 0.072900 0.083500 0.069800 0.055200 0.069600 0.114100 0.072100 0.071300
Sitatunga 0.114500 0.278900 0.042600 0.291500 0.115700 0.100500 0.086800 0.118000 0.013900 0.100100 0.086300 0.059400 0.102700 0.057900 0.116400 0.132800 0.101100 0.072400 0.072400 0.000000 0.148500 0.086900 0.176800 0.134500 0.086600 0.133500 0.087900 0.041700 0.100100 0.014100 0.131700 0.100700 0.131000 0.102400 0.102200 0.043700 0.071900 0.116200 0.146300 0.190500 0.195200 0.148300 0.117100 0.164700 0.058200 0.117600 0.103300 0.087500 0.102900 0.100900 0.014400 0.042600
Oribi 0.080300 0.419500 0.131200 0.388800 0.140000 0.067100 0.112100 0.026400 0.162700 0.158500 0.111300 0.134800 0.112000 0.083900 0.110800 0.067000 0.083100 0.084600 0.112500 0.148500 0.000000 0.082500 0.155000 0.178100 0.111300 0.067400 0.097800 0.159700 0.079500 0.132500 0.142800 0.125000 0.191800 0.111800 0.068200 0.117500 0.097200 0.140700 0.052300 0.217600 0.204400 0.080900 0.159900 0.175200 0.100900 0.111700 0.041400 0.112700 0.127800 0.143200 0.132500 0.131100
BarbaryShe 0.026200 0.335000 0.070900 0.302400 0.081800 0.013200 0.054600 0.054600 0.100900 0.098200 0.026800 0.072900 0.054600 0.027300 0.054000 0.097300 0.054900 0.027500 0.054800 0.086900 0.082500 0.000000 0.125700 0.115400 0.026800 0.097800 0.040900 0.099200 0.081300 0.071700 0.113200 0.067800 0.127800 0.054400 0.040600 0.057200 0.013400 0.082200 0.081200 0.155300 0.142200 0.111800 0.099100 0.113100 0.071500 0.081600 0.069500 0.055000 0.067400 0.083600 0.071700 0.070900
Daviddeer 0.122400 0.387000 0.158800 0.354900 0.185100 0.109100 0.156500 0.125900 0.190800 0.095700 0.155600 0.147800 0.156500 0.127900 0.154700 0.170900 0.095700 0.097400 0.157300 0.176800 0.155000 0.125700 0.000000 0.068900 0.155600 0.141200 0.142000 0.187500 0.152800 0.160500 0.067500 0.169700 0.218800 0.156100 0.110800 0.130400 0.141300 0.185900 0.152600 0.121800 0.039500 0.155500 0.082400 0.067800 0.113800 0.140400 0.142300 0.157600 0.157200 0.155500 0.160500 0.158800
Reindeer 0.142900 0.338700 0.117300 0.306100 0.144800 0.129000 0.147200 0.147300 0.148700 0.055500 0.146100 0.105200 0.147100 0.117600 0.114600 0.162700 0.085100 0.086400 0.147800 0.134500 0.178100 0.115400 0.068900 0.000000 0.146100 0.131800 0.132200 0.178400 0.175300 0.118500 0.055800 0.160400 0.145700 0.115600 0.131100 0.088400 0.131300 0.145500 0.175000 0.111600 0.084000 0.146700 0.041800 0.027600 0.103200 0.162600 0.165000 0.148200 0.116400 0.114800 0.118500 0.117300
Ibex 0.053000 0.332400 0.042200 0.301900 0.067300 0.039900 0.027400 0.082900 0.100300 0.127700 0.000000 0.073400 0.055300 0.027100 0.053700 0.068000 0.083300 0.055600 0.054500 0.086600 0.111300 0.026800 0.155600 0.146100 0.000000 0.097200 0.068900 0.098600 0.080800 0.071300 0.143200 0.067400 0.128200 0.082600 0.068400 0.056900 0.013700 0.067600 0.109600 0.185900 0.172800 0.111100 0.128800 0.143700 0.071000 0.082600 0.069100 0.026900 0.068800 0.083200 0.071300 0.071200
GyrantGaze 0.095100 0.357100 0.116300 0.369500 0.096300 0.081800 0.097800 0.040200 0.147700 0.144400 0.097200 0.119600 0.128000 0.069800 0.097000 0.026400 0.069300 0.100200 0.098200 0.133500 0.067400 0.097800 0.141200 0.131800 0.097200 0.000000 0.113600 0.145000 0.066100 0.117600 0.128800 0.110900 0.177000 0.097800 0.083000 0.102600 0.083200 0.096800 0.066300 0.203700 0.190400 0.013600 0.145700 0.129700 0.086300 0.097500 0.026800 0.098400 0.083800 0.160100 0.117600 0.116300
Hartebeest 0.067400 0.315600 0.086600 0.329500 0.097000 0.054100 0.069400 0.069400 0.102100 0.114100 0.068900 0.089100 0.013400 0.041600 0.068500 0.113100 0.069800 0.041900 0.041100 0.087900 0.097800 0.040900 0.142000 0.132200 0.068900 0.113600 0.000000 0.100300 0.067700 0.087500 0.129500 0.082600 0.145700 0.013400 0.055000 0.072800 0.056700 0.097500 0.096200 0.172200 0.159000 0.127900 0.115100 0.130000 0.087300 0.098500 0.084800 0.069800 0.084400 0.099200 0.087500 0.086600
Bongo 0.126200 0.330800 0.084900 0.345900 0.127400 0.112400 0.099800 0.129800 0.027200 0.142400 0.098600 0.103200 0.114700 0.070800 0.128100 0.144200 0.112900 0.084900 0.085000 0.041700 0.159700 0.099200 0.187500 0.178400 0.098600 0.145000 0.100300 0.000000 0.112100 0.056100 0.174900 0.112900 0.174100 0.114400 0.098200 0.086800 0.085000 0.127900 0.126500 0.169200 0.205700 0.159500 0.160400 0.143700 0.101200 0.129400 0.115500 0.099800 0.115000 0.143700 0.056100 0.084800
Gerenuk 0.079200 0.283900 0.098600 0.337800 0.108400 0.066200 0.081300 0.052700 0.114000 0.156100 0.080800 0.101300 0.081300 0.054200 0.109100 0.065800 0.081800 0.083300 0.053600 0.100100 0.079500 0.081300 0.152800 0.175300 0.080800 0.066100 0.067700 0.112100 0.000000 0.099700 0.140500 0.094300 0.188800 0.081100 0.067200 0.085200 0.067300 0.108900 0.078400 0.214700 0.201700 0.079400 0.157400 0.172600 0.069700 0.081100 0.039500 0.081800 0.096300 0.141100 0.099700 0.098600
CommonElan 0.099300 0.277300 0.028800 0.269900 0.100300 0.085400 0.071700 0.102400 0.028300 0.085000 0.071300 0.044100 0.102200 0.043100 0.100900 0.117000 0.085900 0.057400 0.072100 0.014100 0.132500 0.071700 0.160500 0.118500 0.071300 0.117600 0.087500 0.056100 0.099700 0.000000 0.116100 0.085500 0.115500 0.102000 0.086800 0.028900 0.057000 0.100800 0.130400 0.174200 0.178400 0.132300 0.101600 0.148400 0.043300 0.102000 0.087800 0.072300 0.087400 0.085800 0.000000 0.028200
MuntiacusR 0.110100 0.310900 0.114900 0.321800 0.173000 0.096700 0.144200 0.113400 0.145700 0.026800 0.143200 0.103000 0.144200 0.115200 0.142600 0.158800 0.083100 0.084600 0.144800 0.131700 0.142800 0.113200 0.067500 0.055800 0.143200 0.128800 0.129500 0.174900 0.140500 0.116100 0.000000 0.126200 0.174300 0.143800 0.098200 0.086600 0.128700 0.142100 0.110200 0.109300 0.111700 0.143300 0.013500 0.083800 0.070900 0.112800 0.129700 0.145100 0.161000 0.082800 0.116100 0.114900
HarveysDui 0.094000 0.330200 0.084500 0.281000 0.094800 0.080800 0.067700 0.096600 0.114700 0.111400 0.069100 0.086800 0.096400 0.040700 0.095400 0.110400 0.097000 0.069400 0.068100 0.100700 0.125000 0.067800 0.169700 0.160400 0.067400 0.110900 0.082600 0.112900 0.094300 0.085500 0.126200 0.000000 0.173600 0.096200 0.082000 0.071000 0.053900 0.066800 0.094100 0.168300 0.187100 0.124800 0.112200 0.157900 0.085100 0.067500 0.082800 0.068200 0.082500 0.096800 0.085500 0.084500
Pronghorn 0.156100 0.366800 0.084400 0.360500 0.142700 0.142300 0.129200 0.160900 0.145000 0.141400 0.128200 0.134500 0.129100 0.131100 0.097900 0.144400 0.112900 0.114500 0.161400 0.131000 0.191800 0.127800 0.218800 0.145700 0.128200 0.177000 0.145700 0.174100 0.188800 0.115500 0.174300 0.173600 0.000000 0.129000 0.144500 0.117100 0.144600 0.143400 0.188400 0.232100 0.237500 0.192200 0.159500 0.174600 0.131900 0.192500 0.178800 0.129900 0.145000 0.112300 0.115500 0.114400
BlueWildeb 0.080800 0.332700 0.100900 0.347400 0.081800 0.067600 0.083200 0.083200 0.116500 0.128200 0.082600 0.103800 0.027500 0.055400 0.054800 0.097400 0.055000 0.055800 0.054700 0.102400 0.111800 0.054400 0.156100 0.115600 0.082600 0.097800 0.013400 0.114400 0.081100 0.102000 0.143800 0.096200 0.129000 0.000000 0.068700 0.087200 0.068700 0.082300 0.109900 0.186400 0.173200 0.112000 0.129300 0.113700 0.101700 0.112500 0.098800 0.083700 0.069200 0.113300 0.102000 0.100900
Gemsbok 0.039500 0.355400 0.085900 0.324600 0.096300 0.026400 0.068900 0.041400 0.116300 0.113200 0.068400 0.088200 0.068800 0.042400 0.068100 0.082700 0.040800 0.041600 0.069100 0.102200 0.068200 0.040600 0.110800 0.131100 0.068400 0.083000 0.055000 0.098200 0.067200 0.086800 0.098200 0.082000 0.144500 0.068700 0.000000 0.072100 0.056200 0.096700 0.067100 0.170900 0.157700 0.097000 0.114200 0.129000 0.056700 0.068600 0.055900 0.069300 0.083800 0.098400 0.086800 0.085900
Yak 0.084900 0.282200 0.028500 0.231900 0.085700 0.071000 0.057200 0.087500 0.058000 0.086100 0.056900 0.014600 0.087400 0.028600 0.086300 0.102100 0.057000 0.028500 0.058300 0.043700 0.117500 0.057200 0.130400 0.088400 0.056900 0.102600 0.072800 0.086800 0.085200 0.028900 0.086600 0.071000 0.117100 0.087200 0.072100 0.000000 0.043800 0.086100 0.115500 0.176400 0.147600 0.117300 0.072200 0.117900 0.014400 0.087200 0.072900 0.057600 0.072600 0.056800 0.028900 0.029200
BlueSheep 0.039700 0.314100 0.057500 0.283400 0.067700 0.027200 0.040800 0.069000 0.086000 0.113400 0.013300 0.059100 0.068900 0.014000 0.068100 0.082800 0.069300 0.042400 0.040900 0.071900 0.097200 0.013400 0.141300 0.131300 0.013700 0.083200 0.056700 0.085000 0.067300 0.057000 0.128700 0.053900 0.144600 0.068700 0.056200 0.043800 0.000000 0.068000 0.095800 0.171300 0.158200 0.097100 0.114400 0.129200 0.056800 0.068700 0.055200 0.042200 0.055000 0.098600 0.057000 0.057200
BohorReedb 0.108500 0.353500 0.084900 0.322800 0.053100 0.095300 0.068100 0.111700 0.130200 0.126700 0.067600 0.102500 0.096900 0.054700 0.067500 0.082000 0.083000 0.084200 0.082600 0.116200 0.140700 0.082200 0.185900 0.145500 0.067600 0.096800 0.097500 0.127900 0.108900 0.100800 0.142100 0.066800 0.143400 0.082300 0.096700 0.086100 0.068000 0.000000 0.108700 0.184300 0.203800 0.110700 0.127800 0.143200 0.100500 0.081900 0.097700 0.068500 0.068500 0.097200 0.100800 0.099700
KirksDik 0.080900 0.393100 0.129000 0.362500 0.137800 0.068000 0.110200 0.026000 0.128700 0.125200 0.109600 0.132500 0.110200 0.082600 0.109000 0.066000 0.081700 0.084200 0.110800 0.146300 0.052300 0.081200 0.152600 0.175000 0.109600 0.066300 0.096200 0.126500 0.078400 0.130400 0.110200 0.094100 0.188400 0.109900 0.067100 0.115500 0.095800 0.108700 0.000000 0.151400 0.201400 0.079600 0.126200 0.141000 0.099200 0.080900 0.039600 0.110900 0.125900 0.110600 0.130400 0.129000
RoeDeer 0.181900 0.383200 0.172300 0.377000 0.216100 0.168300 0.187000 0.187200 0.172000 0.080200 0.185900 0.194900 0.186900 0.158000 0.184800 0.235100 0.169100 0.141000 0.188000 0.190500 0.217600 0.155300 0.121800 0.111600 0.185900 0.203700 0.172200 0.169200 0.214700 0.174200 0.109300 0.168300 0.232100 0.186400 0.170900 0.176400 0.171300 0.184300 0.151400 0.000000 0.137600 0.218500 0.095600 0.081100 0.191100 0.170200 0.205400 0.188200 0.187900 0.168800 0.174200 0.172300
WhiteLippe 0.169000 0.415500 0.176400 0.382500 0.203000 0.155300 0.173800 0.174000 0.209500 0.111200 0.172800 0.165600 0.173700 0.144700 0.171700 0.221800 0.141400 0.113300 0.174800 0.195200 0.204400 0.142200 0.039500 0.084000 0.172800 0.190400 0.159000 0.205700 0.201700 0.178400 0.111700 0.187100 0.237500 0.173200 0.157700 0.147600 0.158200 0.203800 0.201400 0.137600 0.000000 0.205300 0.097700 0.082700 0.162300 0.189300 0.192000 0.175000 0.174600 0.172600 0.178400 0.176400
ThomsonGaz 0.108800 0.375600 0.131000 0.388500 0.110200 0.095500 0.111900 0.053600 0.162500 0.159100 0.111100 0.134600 0.142400 0.083800 0.111000 0.039600 0.083200 0.114600 0.112400 0.148300 0.080900 0.111800 0.155500 0.146700 0.111100 0.013600 0.127900 0.159500 0.079400 0.132300 0.143300 0.124800 0.192200 0.112000 0.097000 0.117300 0.097100 0.110700 0.079600 0.218500 0.205300 0.000000 0.160400 0.144300 0.100700 0.111500 0.040200 0.112600 0.097800 0.174900 0.132300 0.130900
MuntiacusC 0.126000 0.293700 0.100500 0.304100 0.158500 0.112400 0.129700 0.129800 0.131200 0.013400 0.128800 0.088300 0.129700 0.100800 0.128200 0.176400 0.098700 0.070500 0.130300 0.117100 0.159900 0.099100 0.082400 0.041800 0.128800 0.145700 0.115100 0.160400 0.157400 0.101600 0.013500 0.112200 0.159500 0.129300 0.114200 0.072200 0.114400 0.127800 0.126200 0.095600 0.097700 0.160400 0.000000 0.069800 0.086600 0.129200 0.146900 0.130600 0.146300 0.069000 0.101600 0.100500
WhiteTaile 0.140700 0.376500 0.146800 0.341600 0.142500 0.127000 0.144700 0.144900 0.146300 0.083300 0.143700 0.135300 0.144700 0.115600 0.112800 0.160000 0.083700 0.084900 0.145400 0.164700 0.175200 0.113100 0.067800 0.027600 0.143700 0.129700 0.130000 0.143700 0.172600 0.148400 0.083800 0.157900 0.174600 0.113700 0.129000 0.117900 0.129200 0.143200 0.141000 0.081100 0.082700 0.144300 0.069800 0.000000 0.132700 0.160000 0.162300 0.145700 0.114500 0.143700 0.148400 0.146800
Cattle 0.069400 0.299700 0.042800 0.249400 0.100000 0.055800 0.071600 0.071600 0.072400 0.100400 0.071000 0.029900 0.102000 0.042900 0.100700 0.085900 0.042000 0.042800 0.072900 0.058200 0.100900 0.071500 0.113800 0.103200 0.071000 0.086300 0.087300 0.101200 0.069700 0.043300 0.070900 0.085100 0.131900 0.101700 0.056700 0.014400 0.056800 0.100500 0.099200 0.191100 0.162300 0.100700 0.086600 0.132700 0.000000 0.071300 0.057300 0.072000 0.087100 0.071000 0.043300 0.043600
RoyalAntel 0.080800 0.337600 0.100900 0.304300 0.110800 0.067600 0.083100 0.083200 0.131800 0.128100 0.082600 0.103700 0.112800 0.055400 0.111500 0.097100 0.083600 0.085200 0.083500 0.117600 0.111700 0.081600 0.140400 0.162600 0.082600 0.097500 0.098500 0.129400 0.081100 0.102000 0.112800 0.067500 0.192500 0.112500 0.068600 0.087200 0.068700 0.081900 0.080900 0.170200 0.189300 0.111500 0.129200 0.160000 0.071300 0.000000 0.069300 0.083600 0.068700 0.113200 0.102000 0.100900
Steenbok 0.067600 0.361800 0.086800 0.330600 0.097200 0.054200 0.069500 0.013700 0.117600 0.145600 0.069100 0.089300 0.099000 0.041700 0.097900 0.026900 0.069900 0.071300 0.069800 0.103300 0.041400 0.069500 0.142300 0.165000 0.069100 0.026800 0.084800 0.115500 0.039500 0.087800 0.129700 0.082800 0.178800 0.098800 0.055900 0.072900 0.055200 0.097700 0.039600 0.205400 0.192000 0.040200 0.146900 0.162300 0.057300 0.069300 0.000000 0.070000 0.084600 0.130300 0.088300 0.086800
Impala 0.081600 0.336900 0.042800 0.306100 0.068200 0.068200 0.027100 0.084000 0.101600 0.129500 0.026900 0.073400 0.055000 0.027500 0.054400 0.068900 0.084400 0.056300 0.055200 0.087500 0.112700 0.055000 0.157600 0.148200 0.026900 0.098400 0.069800 0.099800 0.081800 0.072300 0.145100 0.068200 0.129900 0.083700 0.069300 0.057600 0.042200 0.068500 0.110900 0.188200 0.175000 0.112600 0.130600 0.145700 0.072000 0.083600 0.070000 0.000000 0.069700 0.084300 0.072300 0.071400
Klipspring 0.067400 0.360700 0.086400 0.305900 0.068200 0.082500 0.069200 0.098800 0.117200 0.145000 0.070500 0.088900 0.098600 0.041400 0.069500 0.083400 0.069800 0.071000 0.069600 0.102900 0.127800 0.067400 0.157200 0.116400 0.068800 0.083800 0.084400 0.115000 0.096300 0.087400 0.161000 0.082500 0.145000 0.069200 0.083800 0.072600 0.055000 0.068500 0.125900 0.187900 0.174600 0.097800 0.146300 0.114500 0.087100 0.068700 0.084600 0.069700 0.000000 0.099100 0.087400 0.086400
ForestMusk 0.081400 0.332000 0.055700 0.282200 0.126900 0.096900 0.083800 0.113700 0.114900 0.082400 0.083200 0.072400 0.083700 0.085100 0.082800 0.128200 0.083300 0.056700 0.114100 0.100900 0.143200 0.083600 0.155500 0.114800 0.083200 0.160100 0.099200 0.143700 0.141100 0.085800 0.082800 0.096800 0.112300 0.113300 0.098400 0.056800 0.098600 0.097200 0.110600 0.168800 0.172600 0.174900 0.069000 0.143700 0.071000 0.113200 0.130300 0.084300 0.099100 0.000000 0.085800 0.084800
Bushbuck 0.099300 0.277300 0.028200 0.269900 0.100300 0.085400 0.071700 0.102900 0.028100 0.085000 0.071300 0.044100 0.102200 0.043100 0.100900 0.117000 0.085900 0.057400 0.072100 0.014400 0.132500 0.071700 0.160500 0.118500 0.071300 0.117600 0.087500 0.056100 0.099700 0.000000 0.116100 0.085500 0.115500 0.102000 0.086800 0.028900 0.057000 0.100800 0.130400 0.174200 0.178400 0.132300 0.101600 0.148400 0.043300 0.102000 0.088300 0.072300 0.087400 0.085800 0.000000 0.028200
GreaterKud 0.099200 0.273900 0.027900 0.266600 0.099200 0.084500 0.071000 0.101300 0.056600 0.084100 0.070500 0.043700 0.101100 0.043300 0.099900 0.115800 0.085100 0.056800 0.071300 0.042600 0.131100 0.070900 0.158800 0.117300 0.071200 0.116300 0.086600 0.084800 0.098600 0.028200 0.114900 0.084500 0.114400 0.100900 0.085900 0.029200 0.057200 0.099700 0.129000 0.172300 0.176400 0.130900 0.100500 0.146800 0.043600 0.100900 0.086800 0.071400 0.086400 0.084800 0.028200 0.000000
