1
52 1
Argali 0.000000 0.003600 0.003500 0.005300 0.008900 0.000000 0.001800 0.003500 0.001800 0.007100 0.001800 0.001800 0.005300 0.001800 0.001800 0.001800 0.001800 0.001800 0.001800 0.003500 0.005300 0.000000 0.003600 0.003500 0.001800 0.001800 0.005300 0.001800 0.001800 0.001800 0.007100 0.001800 0.003500 0.005300 0.001800 0.005400 0.000000 0.005300 0.001800 0.003500 0.005300 0.001800 0.007100 0.001800 0.005400 0.007100 0.001900 0.001800 0.001900 0.001800 0.003500 0.001800
LesserMous 0.003600 0.000000 0.003600 0.007100 0.005300 0.003600 0.001800 0.003600 0.001800 0.003600 0.001800 0.001800 0.007100 0.001800 0.001800 0.001800 0.001800 0.001800 0.005300 0.003600 0.001800 0.003600 0.000200 0.003500 0.001800 0.001800 0.007100 0.001800 0.001800 0.001800 0.003600 0.001800 0.003600 0.007100 0.001800 0.005400 0.003600 0.005300 0.001800 0.003600 0.001800 0.001800 0.003600 0.003600 0.005400 0.003600 0.003500 0.001800 0.003500 0.001800 0.000200 0.001800
LesserKudu 0.003500 0.003600 0.000000 0.007100 0.008900 0.003500 0.001800 0.003500 0.001800 0.007100 0.005300 0.001800 0.007100 0.001800 0.001800 0.001800 0.001800 0.001800 0.005300 0.003500 0.005300 0.003500 0.003600 0.003500 0.005300 0.001800 0.007100 0.001800 0.001800 0.001800 0.007100 0.001800 0.003500 0.007100 0.001800 0.005400 0.003600 0.005300 0.001800 0.003500 0.005300 0.001800 0.007100 0.003500 0.005400 0.007100 0.003500 0.001800 0.003500 0.001800 0.003500 0.001800
KillerWhal 0.005300 0.007100 0.007100 0.000000 0.012500 0.005300 0.005300 0.007100 0.005300 0.010700 0.007100 0.005300 0.007100 0.005300 0.005300 0.005300 0.005300 0.005300 0.007100 0.003500 0.008900 0.005300 0.007100 0.007100 0.007100 0.005300 0.007100 0.005300 0.005300 0.005300 0.010700 0.005300 0.007100 0.007100 0.005300 0.008900 0.005300 0.008900 0.005300 0.007100 0.008900 0.005300 0.010700 0.005400 0.008900 0.010700 0.005400 0.005300 0.005400 0.005300 0.007100 0.005300
DefassaWat 0.008900 0.005300 0.008900 0.012500 0.000000 0.008900 0.007100 0.008900 0.007100 0.008900 0.007100 0.007100 0.012500 0.007100 0.007100 0.007100 0.007100 0.007100 0.010700 0.008900 0.007100 0.008900 0.005300 0.008900 0.007100 0.007100 0.012500 0.007100 0.007100 0.007100 0.008900 0.007100 0.008900 0.012500 0.007100 0.010800 0.008900 0.003600 0.007100 0.005300 0.007100 0.007100 0.008900 0.008900 0.010800 0.008900 0.008900 0.007100 0.008900 0.007100 0.005300 0.007100
Sheep 0.000000 0.003600 0.003500 0.005300 0.008900 0.000000 0.001800 0.003500 0.001800 0.007100 0.001800 0.001800 0.005300 0.001800 0.001800 0.001800 0.001800 0.001800 0.001800 0.003500 0.005300 0.000000 0.003600 0.003500 0.001800 0.001800 0.005300 0.001800 0.001800 0.001800 0.007100 0.001800 0.003500 0.005300 0.001800 0.005400 0.000000 0.005300 0.001800 0.003500 0.005300 0.001800 0.007100 0.001800 0.005400 0.007100 0.001900 0.001800 0.001900 0.001800 0.003500 0.001800
MaxwellsDu 0.001800 0.001800 0.001800 0.005300 0.007100 0.001800 0.000000 0.001800 0.000000 0.005300 0.003500 0.000100 0.005300 0.000000 0.000100 0.000000 0.000100 0.000100 0.003500 0.001800 0.003500 0.001800 0.001800 0.001800 0.003500 0.000100 0.005300 0.000000 0.000100 0.000000 0.005300 0.000000 0.001800 0.005300 0.000000 0.003600 0.001800 0.003500 0.000000 0.001800 0.003500 0.000100 0.005300 0.001800 0.003600 0.005300 0.001800 0.000100 0.001800 0.000000 0.001800 0.000000
GazellaPrz 0.003500 0.003600 0.003500 0.007100 0.008900 0.003500 0.001800 0.000000 0.001800 0.007100 0.005300 0.001800 0.007100 0.001800 0.001800 0.001800 0.001800 0.001800 0.005300 0.003500 0.005300 0.003500 0.003600 0.003500 0.005300 0.001800 0.007100 0.001800 0.001800 0.001800 0.007100 0.001800 0.003500 0.007100 0.001800 0.005300 0.003500 0.005300 0.001800 0.003500 0.005300 0.001800 0.007100 0.003500 0.005300 0.007100 0.003500 0.001800 0.003500 0.001800 0.003500 0.001800
MountainNy 0.001800 0.001800 0.001800 0.005300 0.007100 0.001800 0.000000 0.001800 0.000000 0.005300 0.003500 0.000100 0.005300 0.000000 0.000100 0.000000 0.000100 0.000100 0.003500 0.001800 0.003500 0.001800 0.001800 0.001800 0.003500 0.000100 0.005300 0.000000 0.000100 0.000000 0.005300 0.000000 0.001800 0.005300 0.000000 0.003600 0.001800 0.003600 0.000000 0.001800 0.003600 0.000100 0.005300 0.001800 0.003600 0.005300 0.001800 0.000100 0.001800 0.000000 0.001800 0.000000
MuntiacusM 0.007100 0.003600 0.007100 0.010700 0.008900 0.007100 0.005300 0.007100 0.005300 0.000000 0.005300 0.005300 0.010700 0.005300 0.005300 0.005300 0.005300 0.005300 0.008900 0.007100 0.005300 0.007100 0.003600 0.007100 0.005300 0.005300 0.010700 0.005300 0.005300 0.005300 0.000000 0.005300 0.007100 0.010700 0.005300 0.005400 0.007100 0.008900 0.005300 0.007100 0.005300 0.005300 0.000000 0.007100 0.005400 0.007100 0.007100 0.005300 0.007100 0.005300 0.003600 0.005300
goat 0.001800 0.001800 0.005300 0.007100 0.007100 0.001800 0.003500 0.005300 0.003500 0.005300 0.000000 0.003600 0.007100 0.003600 0.003600 0.003600 0.003600 0.003600 0.003600 0.005300 0.003600 0.001800 0.001800 0.005300 0.000000 0.003500 0.007100 0.003500 0.003500 0.003600 0.005300 0.003500 0.005300 0.007100 0.003500 0.007100 0.001800 0.007100 0.003500 0.005300 0.003600 0.003600 0.005300 0.003700 0.007100 0.005300 0.003700 0.003600 0.003800 0.003500 0.001800 0.003500
AfricanBuf 0.001800 0.001800 0.001800 0.005300 0.007100 0.001800 0.000100 0.001800 0.000100 0.005300 0.003600 0.000000 0.005300 0.000100 0.000100 0.000100 0.000100 0.000100 0.003500 0.001800 0.003500 0.001800 0.001800 0.001800 0.003600 0.000100 0.005300 0.000100 0.000100 0.000100 0.005300 0.000100 0.001800 0.005300 0.000100 0.003600 0.001800 0.003600 0.000100 0.001800 0.003600 0.000100 0.005300 0.001800 0.003600 0.005300 0.001800 0.000100 0.001800 0.000100 0.001800 0.000100
Topi 0.005300 0.007100 0.007100 0.007100 0.012500 0.005300 0.005300 0.007100 0.005300 0.010700 0.007100 0.005300 0.000000 0.005300 0.005300 0.005300 0.005300 0.005300 0.007100 0.007100 0.008900 0.005300 0.007100 0.007100 0.007100 0.005300 0.000000 0.005300 0.005300 0.005300 0.010700 0.005300 0.007100 0.000000 0.005300 0.008900 0.005300 0.008900 0.005300 0.007100 0.008900 0.005300 0.010700 0.005500 0.008900 0.010700 0.005700 0.005300 0.005800 0.005300 0.007100 0.005300
CommonDuik 0.001800 0.001800 0.001800 0.005300 0.007100 0.001800 0.000000 0.001800 0.000000 0.005300 0.003600 0.000100 0.005300 0.000000 0.000000 0.000000 0.000100 0.000100 0.003500 0.001800 0.003500 0.001800 0.001800 0.001800 0.003600 0.000100 0.005300 0.000000 0.000100 0.000100 0.005300 0.000000 0.001800 0.005300 0.000000 0.003600 0.001800 0.003600 0.000100 0.001800 0.003600 0.000100 0.005300 0.001800 0.003600 0.005300 0.001800 0.000100 0.001800 0.000000 0.001800 0.000100
Suni 0.001800 0.001800 0.001800 0.005300 0.007100 0.001800 0.000100 0.001800 0.000100 0.005300 0.003600 0.000100 0.005300 0.000000 0.000000 0.000100 0.000100 0.000100 0.003600 0.001800 0.003600 0.001800 0.001800 0.001800 0.003600 0.000100 0.005300 0.000100 0.000100 0.000100 0.005300 0.000100 0.001800 0.005300 0.000000 0.003600 0.001800 0.003600 0.000100 0.001800 0.003600 0.000100 0.005300 0.001800 0.003600 0.005300 0.001800 0.000100 0.001800 0.000100 0.001800 0.000100
Springbuck 0.001800 0.001800 0.001800 0.005300 0.007100 0.001800 0.000000 0.001800 0.000000 0.005300 0.003600 0.000100 0.005300 0.000000 0.000100 0.000000 0.000100 0.000100 0.003600 0.001800 0.003500 0.001800 0.001800 0.001800 0.003600 0.000000 0.005300 0.000000 0.000000 0.000000 0.005300 0.000000 0.001800 0.005300 0.000100 0.003600 0.001800 0.003600 0.000000 0.001800 0.003600 0.000000 0.005300 0.001800 0.003600 0.005300 0.001800 0.000100 0.001800 0.000000 0.001800 0.000000
Okapi 0.001800 0.001800 0.001800 0.005300 0.007100 0.001800 0.000100 0.001800 0.000100 0.005300 0.003600 0.000100 0.005300 0.000100 0.000100 0.000100 0.000000 0.000000 0.003600 0.001800 0.003500 0.001800 0.001800 0.001800 0.003600 0.000100 0.005300 0.000100 0.000100 0.000100 0.005300 0.000100 0.001800 0.005300 0.000100 0.003600 0.001800 0.003600 0.000100 0.001800 0.003600 0.000100 0.005300 0.001800 0.003600 0.005300 0.001800 0.000100 0.001800 0.000100 0.001800 0.000100
Giraffe 0.001800 0.001800 0.001800 0.005300 0.007100 0.001800 0.000100 0.001800 0.000100 0.005300 0.003600 0.000100 0.005300 0.000100 0.000100 0.000100 0.000000 0.000000 0.003500 0.001800 0.003500 0.001800 0.001800 0.001800 0.003600 0.000100 0.005300 0.000100 0.000100 0.000100 0.005300 0.000100 0.001800 0.005300 0.000100 0.003600 0.001800 0.003600 0.000100 0.001800 0.003600 0.000100 0.005300 0.001800 0.003600 0.005300 0.001800 0.000100 0.001800 0.000100 0.001800 0.000100
TibetanAnt 0.001800 0.005300 0.005300 0.007100 0.010700 0.001800 0.003500 0.005300 0.003500 0.008900 0.003600 0.003500 0.007100 0.003500 0.003600 0.003600 0.003600 0.003500 0.000000 0.005300 0.007100 0.001800 0.005300 0.005300 0.003600 0.003500 0.007100 0.003500 0.003500 0.003500 0.008900 0.003500 0.005300 0.007100 0.003500 0.007100 0.001800 0.007100 0.003500 0.005300 0.007100 0.003600 0.008900 0.003700 0.007100 0.008900 0.003700 0.003600 0.003800 0.003500 0.005300 0.003500
Sitatunga 0.003500 0.003600 0.003500 0.003500 0.008900 0.003500 0.001800 0.003500 0.001800 0.007100 0.005300 0.001800 0.007100 0.001800 0.001800 0.001800 0.001800 0.001800 0.005300 0.000000 0.005300 0.003500 0.003600 0.003500 0.005300 0.001800 0.007100 0.001800 0.001800 0.001800 0.007100 0.001800 0.003500 0.007100 0.001800 0.005300 0.003500 0.005300 0.001800 0.003500 0.005300 0.001800 0.007100 0.003500 0.005300 0.007100 0.003500 0.001800 0.003500 0.001800 0.003500 0.001800
Oribi 0.005300 0.001800 0.005300 0.008900 0.007100 0.005300 0.003500 0.005300 0.003500 0.005300 0.003600 0.003500 0.008900 0.003500 0.003600 0.003500 0.003500 0.003500 0.007100 0.005300 0.000000 0.005300 0.001800 0.005300 0.003600 0.003500 0.008900 0.003500 0.003500 0.003500 0.005300 0.003500 0.005300 0.008900 0.003500 0.007100 0.005300 0.007100 0.003500 0.005300 0.000100 0.003600 0.005300 0.005300 0.007100 0.005300 0.005300 0.003600 0.005300 0.003500 0.001800 0.003500
BarbaryShe 0.000000 0.003600 0.003500 0.005300 0.008900 0.000000 0.001800 0.003500 0.001800 0.007100 0.001800 0.001800 0.005300 0.001800 0.001800 0.001800 0.001800 0.001800 0.001800 0.003500 0.005300 0.000000 0.003600 0.003500 0.001800 0.001800 0.005300 0.001800 0.001800 0.001800 0.007100 0.001800 0.003500 0.005300 0.001800 0.005300 0.000000 0.005300 0.001800 0.003500 0.005300 0.001800 0.007100 0.001800 0.005300 0.007100 0.001900 0.001800 0.002000 0.001800 0.003500 0.001800
Daviddeer 0.003600 0.000200 0.003600 0.007100 0.005300 0.003600 0.001800 0.003600 0.001800 0.003600 0.001800 0.001800 0.007100 0.001800 0.001800 0.001800 0.001800 0.001800 0.005300 0.003600 0.001800 0.003600 0.000000 0.003500 0.001800 0.001800 0.007100 0.001800 0.001800 0.001800 0.003600 0.001800 0.003600 0.007100 0.001800 0.005400 0.003600 0.005300 0.001800 0.003600 0.001800 0.001800 0.003600 0.003600 0.005400 0.003600 0.003500 0.001800 0.003500 0.001800 0.000100 0.001800
Reindeer 0.003500 0.003500 0.003500 0.007100 0.008900 0.003500 0.001800 0.003500 0.001800 0.007100 0.005300 0.001800 0.007100 0.001800 0.001800 0.001800 0.001800 0.001800 0.005300 0.003500 0.005300 0.003500 0.003500 0.000000 0.005300 0.001800 0.007100 0.001800 0.001800 0.001800 0.007100 0.001800 0.003500 0.007100 0.001800 0.005300 0.003500 0.005300 0.001800 0.003500 0.005300 0.001800 0.007100 0.003500 0.005300 0.007100 0.003500 0.001800 0.003500 0.001800 0.003500 0.001800
Ibex 0.001800 0.001800 0.005300 0.007100 0.007100 0.001800 0.003500 0.005300 0.003500 0.005300 0.000000 0.003600 0.007100 0.003600 0.003600 0.003600 0.003600 0.003600 0.003600 0.005300 0.003600 0.001800 0.001800 0.005300 0.000000 0.003500 0.007100 0.003500 0.003500 0.003600 0.005300 0.003500 0.005300 0.007100 0.003500 0.007100 0.001800 0.007100 0.003500 0.005300 0.003600 0.003600 0.005300 0.003700 0.007100 0.005300 0.003700 0.003600 0.003800 0.003500 0.001800 0.003500
GyrantGaze 0.001800 0.001800 0.001800 0.005300 0.007100 0.001800 0.000100 0.001800 0.000100 0.005300 0.003500 0.000100 0.005300 0.000100 0.000100 0.000000 0.000100 0.000100 0.003500 0.001800 0.003500 0.001800 0.001800 0.001800 0.003500 0.000000 0.005300 0.000100 0.000000 0.000100 0.005300 0.000100 0.001800 0.005300 0.000100 0.003600 0.001800 0.003500 0.000000 0.001800 0.003600 0.000000 0.005300 0.001800 0.003600 0.005300 0.001800 0.000100 0.001800 0.000100 0.001800 0.000100
Hartebeest 0.005300 0.007100 0.007100 0.007100 0.012500 0.005300 0.005300 0.007100 0.005300 0.010700 0.007100 0.005300 0.000000 0.005300 0.005300 0.005300 0.005300 0.005300 0.007100 0.007100 0.008900 0.005300 0.007100 0.007100 0.007100 0.005300 0.000000 0.005300 0.005300 0.005300 0.010700 0.005300 0.007100 0.000000 0.005300 0.008900 0.005300 0.008900 0.005300 0.007100 0.008900 0.005300 0.010700 0.005500 0.008900 0.010700 0.005600 0.005300 0.005700 0.005300 0.007100 0.005300
Bongo 0.001800 0.001800 0.001800 0.005300 0.007100 0.001800 0.000000 0.001800 0.000000 0.005300 0.003500 0.000100 0.005300 0.000000 0.000100 0.000000 0.000100 0.000100 0.003500 0.001800 0.003500 0.001800 0.001800 0.001800 0.003500 0.000100 0.005300 0.000000 0.000100 0.000000 0.005300 0.000000 0.001800 0.005300 0.000000 0.003600 0.001800 0.003600 0.000000 0.001800 0.003600 0.000100 0.005300 0.001800 0.003600 0.005300 0.001800 0.000100 0.001800 0.000000 0.001800 0.000000
Gerenuk 0.001800 0.001800 0.001800 0.005300 0.007100 0.001800 0.000100 0.001800 0.000100 0.005300 0.003500 0.000100 0.005300 0.000100 0.000100 0.000000 0.000100 0.000100 0.003500 0.001800 0.003500 0.001800 0.001800 0.001800 0.003500 0.000000 0.005300 0.000100 0.000000 0.000100 0.005300 0.000100 0.001800 0.005300 0.000100 0.003600 0.001800 0.003500 0.000100 0.001800 0.003500 0.000000 0.005300 0.001800 0.003600 0.005300 0.001800 0.000100 0.001800 0.000100 0.001800 0.000100
CommonElan 0.001800 0.001800 0.001800 0.005300 0.007100 0.001800 0.000000 0.001800 0.000000 0.005300 0.003600 0.000100 0.005300 0.000100 0.000100 0.000000 0.000100 0.000100 0.003500 0.001800 0.003500 0.001800 0.001800 0.001800 0.003600 0.000100 0.005300 0.000000 0.000100 0.000000 0.005300 0.000000 0.001800 0.005300 0.000000 0.003600 0.001800 0.003600 0.000100 0.001800 0.003600 0.000100 0.005300 0.001800 0.003600 0.005300 0.001800 0.000100 0.001800 0.000100 0.001800 0.000000
MuntiacusR 0.007100 0.003600 0.007100 0.010700 0.008900 0.007100 0.005300 0.007100 0.005300 0.000000 0.005300 0.005300 0.010700 0.005300 0.005300 0.005300 0.005300 0.005300 0.008900 0.007100 0.005300 0.007100 0.003600 0.007100 0.005300 0.005300 0.010700 0.005300 0.005300 0.005300 0.000000 0.005300 0.007100 0.010700 0.005300 0.005400 0.007100 0.008900 0.005300 0.007100 0.005400 0.005300 0.000000 0.007100 0.005400 0.007100 0.007100 0.005300 0.007100 0.005300 0.003600 0.005300
HarveysDui 0.001800 0.001800 0.001800 0.005300 0.007100 0.001800 0.000000 0.001800 0.000000 0.005300 0.003500 0.000100 0.005300 0.000000 0.000100 0.000000 0.000100 0.000100 0.003500 0.001800 0.003500 0.001800 0.001800 0.001800 0.003500 0.000100 0.005300 0.000000 0.000100 0.000000 0.005300 0.000000 0.001800 0.005300 0.000000 0.003600 0.001800 0.003600 0.000000 0.001800 0.003600 0.000100 0.005300 0.001800 0.003600 0.005300 0.001800 0.000100 0.001800 0.000000 0.001800 0.000000
Pronghorn 0.003500 0.003600 0.003500 0.007100 0.008900 0.003500 0.001800 0.003500 0.001800 0.007100 0.005300 0.001800 0.007100 0.001800 0.001800 0.001800 0.001800 0.001800 0.005300 0.003500 0.005300 0.003500 0.003600 0.003500 0.005300 0.001800 0.007100 0.001800 0.001800 0.001800 0.007100 0.001800 0.000000 0.007100 0.001800 0.005300 0.003500 0.005300 0.001800 0.003500 0.005300 0.001800 0.007100 0.003500 0.005300 0.007100 0.003500 0.001800 0.003500 0.001800 0.003500 0.001800
BlueWildeb 0.005300 0.007100 0.007100 0.007100 0.012500 0.005300 0.005300 0.007100 0.005300 0.010700 0.007100 0.005300 0.000000 0.005300 0.005300 0.005300 0.005300 0.005300 0.007100 0.007100 0.008900 0.005300 0.007100 0.007100 0.007100 0.005300 0.000000 0.005300 0.005300 0.005300 0.010700 0.005300 0.007100 0.000000 0.005300 0.008900 0.005300 0.008900 0.005300 0.007100 0.008900 0.005300 0.010700 0.005500 0.008900 0.010700 0.005700 0.005300 0.005800 0.005300 0.007100 0.005300
Gemsbok 0.001800 0.001800 0.001800 0.005300 0.007100 0.001800 0.000000 0.001800 0.000000 0.005300 0.003500 0.000100 0.005300 0.000000 0.000000 0.000100 0.000100 0.000100 0.003500 0.001800 0.003500 0.001800 0.001800 0.001800 0.003500 0.000100 0.005300 0.000000 0.000100 0.000000 0.005300 0.000000 0.001800 0.005300 0.000000 0.003600 0.001800 0.003600 0.000000 0.001800 0.003600 0.000000 0.005300 0.001800 0.003600 0.005300 0.001800 0.000100 0.001800 0.000000 0.001800 0.000000
Yak 0.005400 0.005400 0.005400 0.008900 0.010800 0.005400 0.003600 0.005300 0.003600 0.005400 0.007100 0.003600 0.008900 0.003600 0.003600 0.003600 0.003600 0.003600 0.007100 0.005300 0.007100 0.005300 0.005400 0.005300 0.007100 0.003600 0.008900 0.003600 0.003600 0.003600 0.005400 0.003600 0.005300 0.008900 0.003600 0.000000 0.005400 0.007100 0.003600 0.005300 0.007200 0.003600 0.005400 0.005300 0.003600 0.009000 0.005300 0.003600 0.005300 0.003600 0.005300 0.003600
BlueSheep 0.000000 0.003600 0.003600 0.005300 0.008900 0.000000 0.001800 0.003500 0.001800 0.007100 0.001800 0.001800 0.005300 0.001800 0.001800 0.001800 0.001800 0.001800 0.001800 0.003500 0.005300 0.000000 0.003600 0.003500 0.001800 0.001800 0.005300 0.001800 0.001800 0.001800 0.007100 0.001800 0.003500 0.005300 0.001800 0.005400 0.000000 0.005300 0.001800 0.003500 0.005300 0.001800 0.007100 0.001800 0.005400 0.007100 0.001900 0.001800 0.001900 0.001800 0.003600 0.001800
BohorReedb 0.005300 0.005300 0.005300 0.008900 0.003600 0.005300 0.003500 0.005300 0.003600 0.008900 0.007100 0.003600 0.008900 0.003600 0.003600 0.003600 0.003600 0.003600 0.007100 0.005300 0.007100 0.005300 0.005300 0.005300 0.007100 0.003500 0.008900 0.003600 0.003500 0.003600 0.008900 0.003600 0.005300 0.008900 0.003600 0.007100 0.005300 0.000000 0.003500 0.001800 0.007100 0.003600 0.008900 0.005300 0.007100 0.008900 0.005300 0.003600 0.005300 0.003500 0.005300 0.003500
KirksDik 0.001800 0.001800 0.001800 0.005300 0.007100 0.001800 0.000000 0.001800 0.000000 0.005300 0.003500 0.000100 0.005300 0.000100 0.000100 0.000000 0.000100 0.000100 0.003500 0.001800 0.003500 0.001800 0.001800 0.001800 0.003500 0.000000 0.005300 0.000000 0.000100 0.000100 0.005300 0.000000 0.001800 0.005300 0.000000 0.003600 0.001800 0.003500 0.000000 0.001800 0.003600 0.000000 0.005300 0.001800 0.003600 0.005300 0.001800 0.000100 0.001800 0.000100 0.001800 0.000100
RoeDeer 0.003500 0.003600 0.003500 0.007100 0.005300 0.003500 0.001800 0.003500 0.001800 0.007100 0.005300 0.001800 0.007100 0.001800 0.001800 0.001800 0.001800 0.001800 0.005300 0.003500 0.005300 0.003500 0.003600 0.003500 0.005300 0.001800 0.007100 0.001800 0.001800 0.001800 0.007100 0.001800 0.003500 0.007100 0.001800 0.005300 0.003500 0.001800 0.001800 0.000000 0.005300 0.001800 0.007100 0.003500 0.005300 0.007100 0.003500 0.001800 0.003500 0.001800 0.003500 0.001800
WhiteLippe 0.005300 0.001800 0.005300 0.008900 0.007100 0.005300 0.003500 0.005300 0.003600 0.005300 0.003600 0.003600 0.008900 0.003600 0.003600 0.003600 0.003600 0.003600 0.007100 0.005300 0.000100 0.005300 0.001800 0.005300 0.003600 0.003600 0.008900 0.003600 0.003500 0.003600 0.005400 0.003600 0.005300 0.008900 0.003600 0.007200 0.005300 0.007100 0.003600 0.005300 0.000000 0.003600 0.005300 0.005300 0.007200 0.005400 0.005300 0.003600 0.005300 0.003500 0.001800 0.003600
ThomsonGaz 0.001800 0.001800 0.001800 0.005300 0.007100 0.001800 0.000100 0.001800 0.000100 0.005300 0.003600 0.000100 0.005300 0.000100 0.000100 0.000000 0.000100 0.000100 0.003600 0.001800 0.003600 0.001800 0.001800 0.001800 0.003600 0.000000 0.005300 0.000100 0.000000 0.000100 0.005300 0.000100 0.001800 0.005300 0.000000 0.003600 0.001800 0.003600 0.000000 0.001800 0.003600 0.000000 0.005300 0.001800 0.003600 0.005300 0.001800 0.000100 0.001800 0.000000 0.001800 0.000100
MuntiacusC 0.007100 0.003600 0.007100 0.010700 0.008900 0.007100 0.005300 0.007100 0.005300 0.000000 0.005300 0.005300 0.010700 0.005300 0.005300 0.005300 0.005300 0.005300 0.008900 0.007100 0.005300 0.007100 0.003600 0.007100 0.005300 0.005300 0.010700 0.005300 0.005300 0.005300 0.000000 0.005300 0.007100 0.010700 0.005300 0.005400 0.007100 0.008900 0.005300 0.007100 0.005300 0.005300 0.000000 0.007100 0.005400 0.007100 0.007100 0.005300 0.007100 0.005300 0.003600 0.005300
WhiteTaile 0.001800 0.003600 0.003500 0.005400 0.008900 0.001800 0.001800 0.003500 0.001800 0.007100 0.003700 0.001800 0.005500 0.001800 0.001800 0.001800 0.001800 0.001800 0.003700 0.003500 0.005300 0.001800 0.003600 0.003500 0.003700 0.001800 0.005500 0.001800 0.001800 0.001800 0.007100 0.001800 0.003500 0.005500 0.001800 0.005300 0.001800 0.005300 0.001800 0.003500 0.005300 0.001800 0.007100 0.000000 0.005300 0.007100 0.000100 0.001800 0.000100 0.001800 0.003500 0.001800
Cattle 0.005400 0.005400 0.005400 0.008900 0.010800 0.005400 0.003600 0.005300 0.003600 0.005400 0.007100 0.003600 0.008900 0.003600 0.003600 0.003600 0.003600 0.003600 0.007100 0.005300 0.007100 0.005300 0.005400 0.005300 0.007100 0.003600 0.008900 0.003600 0.003600 0.003600 0.005400 0.003600 0.005300 0.008900 0.003600 0.003600 0.005400 0.007100 0.003600 0.005300 0.007200 0.003600 0.005400 0.005300 0.000000 0.009000 0.005300 0.003600 0.005300 0.003600 0.005300 0.003600
RoyalAntel 0.007100 0.003600 0.007100 0.010700 0.008900 0.007100 0.005300 0.007100 0.005300 0.007100 0.005300 0.005300 0.010700 0.005300 0.005300 0.005300 0.005300 0.005300 0.008900 0.007100 0.005300 0.007100 0.003600 0.007100 0.005300 0.005300 0.010700 0.005300 0.005300 0.005300 0.007100 0.005300 0.007100 0.010700 0.005300 0.009000 0.007100 0.008900 0.005300 0.007100 0.005400 0.005300 0.007100 0.007100 0.009000 0.000000 0.007100 0.005300 0.007100 0.005300 0.003600 0.005300
Steenbok 0.001900 0.003500 0.003500 0.005400 0.008900 0.001900 0.001800 0.003500 0.001800 0.007100 0.003700 0.001800 0.005700 0.001800 0.001800 0.001800 0.001800 0.001800 0.003700 0.003500 0.005300 0.001900 0.003500 0.003500 0.003700 0.001800 0.005600 0.001800 0.001800 0.001800 0.007100 0.001800 0.003500 0.005700 0.001800 0.005300 0.001900 0.005300 0.001800 0.003500 0.005300 0.001800 0.007100 0.000100 0.005300 0.007100 0.000000 0.001800 0.000000 0.001800 0.003500 0.001800
Impala 0.001800 0.001800 0.001800 0.005300 0.007100 0.001800 0.000100 0.001800 0.000100 0.005300 0.003600 0.000100 0.005300 0.000100 0.000100 0.000100 0.000100 0.000100 0.003600 0.001800 0.003600 0.001800 0.001800 0.001800 0.003600 0.000100 0.005300 0.000100 0.000100 0.000100 0.005300 0.000100 0.001800 0.005300 0.000100 0.003600 0.001800 0.003600 0.000100 0.001800 0.003600 0.000100 0.005300 0.001800 0.003600 0.005300 0.001800 0.000000 0.001800 0.000100 0.001800 0.000100
Klipspring 0.001900 0.003500 0.003500 0.005400 0.008900 0.001900 0.001800 0.003500 0.001800 0.007100 0.003800 0.001800 0.005800 0.001800 0.001800 0.001800 0.001800 0.001800 0.003800 0.003500 0.005300 0.002000 0.003500 0.003500 0.003800 0.001800 0.005700 0.001800 0.001800 0.001800 0.007100 0.001800 0.003500 0.005800 0.001800 0.005300 0.001900 0.005300 0.001800 0.003500 0.005300 0.001800 0.007100 0.000100 0.005300 0.007100 0.000000 0.001800 0.000000 0.001800 0.003500 0.001800
ForestMusk 0.001800 0.001800 0.001800 0.005300 0.007100 0.001800 0.000000 0.001800 0.000000 0.005300 0.003500 0.000100 0.005300 0.000000 0.000100 0.000000 0.000100 0.000100 0.003500 0.001800 0.003500 0.001800 0.001800 0.001800 0.003500 0.000100 0.005300 0.000000 0.000100 0.000100 0.005300 0.000000 0.001800 0.005300 0.000000 0.003600 0.001800 0.003500 0.000100 0.001800 0.003500 0.000000 0.005300 0.001800 0.003600 0.005300 0.001800 0.000100 0.001800 0.000000 0.001800 0.000100
Bushbuck 0.003500 0.000200 0.003500 0.007100 0.005300 0.003500 0.001800 0.003500 0.001800 0.003600 0.001800 0.001800 0.007100 0.001800 0.001800 0.001800 0.001800 0.001800 0.005300 0.003500 0.001800 0.003500 0.000100 0.003500 0.001800 0.001800 0.007100 0.001800 0.001800 0.001800 0.003600 0.001800 0.003500 0.007100 0.001800 0.005300 0.003600 0.005300 0.001800 0.003500 0.001800 0.001800 0.003600 0.003500 0.005300 0.003600 0.003500 0.001800 0.003500 0.001800 0.000000 0.001800
GreaterKud 0.001800 0.001800 0.001800 0.005300 0.007100 0.001800 0.000000 0.001800 0.000000 0.005300 0.003500 0.000100 0.005300 0.000100 0.000100 0.000000 0.000100 0.000100 0.003500 0.001800 0.003500 0.001800 0.001800 0.001800 0.003500 0.000100 0.005300 0.000000 0.000100 0.000000 0.005300 0.000000 0.001800 0.005300 0.000000 0.003600 0.001800 0.003500 0.000100 0.001800 0.003600 0.000100 0.005300 0.001800 0.003600 0.005300 0.001800 0.000100 0.001800 0.000100 0.001800 0.000000
