1
52 1
Argali 0.000000 0.014700 0.000200 0.011000 0.000100 0.000000 0.003700 0.000100 0.000100 0.003700 0.000000 0.000100 0.000100 0.003700 0.014800 0.003700 0.007400 0.003700 0.000100 0.000100 0.000100 0.000000 0.000200 0.003700 0.003700 0.000100 0.000100 0.000100 0.003700 0.000100 0.003700 0.003700 0.000200 0.000100 0.000100 0.000100 0.000000 0.000100 0.000100 0.003700 0.000200 0.000100 0.003700 0.000200 0.000100 0.007400 0.003700 0.003700 0.003700 0.003700 0.000100 0.000200
LesserMous 0.014700 0.000000 0.014600 0.018200 0.014600 0.014700 0.018500 0.014700 0.014600 0.018400 0.014800 0.014600 0.014600 0.018700 0.029600 0.018400 0.014600 0.011000 0.014800 0.014600 0.014700 0.014800 0.014600 0.018500 0.018600 0.014700 0.014600 0.014600 0.018300 0.014600 0.018400 0.018600 0.014500 0.014600 0.014700 0.014600 0.014800 0.014700 0.014600 0.018400 0.014600 0.014700 0.018400 0.014600 0.014600 0.022300 0.018500 0.018400 0.018500 0.018300 0.014600 0.014600
LesserKudu 0.000200 0.014600 0.000000 0.010900 0.000100 0.000200 0.003700 0.000100 0.000000 0.003700 0.000200 0.000100 0.000100 0.003700 0.014800 0.003700 0.007300 0.003700 0.000100 0.000000 0.000100 0.000200 0.000100 0.003700 0.003700 0.000100 0.000100 0.000000 0.003700 0.000000 0.003700 0.003700 0.000100 0.000100 0.000100 0.000100 0.000100 0.000100 0.000100 0.003700 0.000100 0.000100 0.003700 0.000100 0.000100 0.007400 0.003700 0.003700 0.003700 0.003700 0.000000 0.000000
KillerWhal 0.011000 0.018200 0.010900 0.000000 0.010900 0.011000 0.014700 0.011000 0.010900 0.014600 0.011000 0.010900 0.010900 0.014800 0.025800 0.014600 0.011300 0.014600 0.011000 0.010900 0.011000 0.011100 0.010900 0.014700 0.014800 0.011000 0.010900 0.010900 0.014600 0.010900 0.014700 0.014800 0.010800 0.010900 0.010900 0.010900 0.011000 0.010900 0.010900 0.014600 0.010900 0.010900 0.014700 0.010900 0.010900 0.018400 0.014700 0.015100 0.014700 0.014600 0.010900 0.010900
DefassaWat 0.000100 0.014600 0.000100 0.010900 0.000000 0.000100 0.003700 0.000100 0.000100 0.003700 0.000100 0.000100 0.000100 0.003700 0.014700 0.003700 0.007300 0.003700 0.000100 0.000100 0.000100 0.000100 0.000100 0.003700 0.003700 0.000100 0.000100 0.000100 0.003600 0.000100 0.003700 0.003700 0.000200 0.000100 0.000100 0.000100 0.000100 0.000000 0.000100 0.003700 0.000100 0.000100 0.003700 0.000100 0.000100 0.007400 0.003700 0.003700 0.003700 0.003600 0.000100 0.000100
Sheep 0.000000 0.014700 0.000200 0.011000 0.000100 0.000000 0.003700 0.000100 0.000100 0.003700 0.000000 0.000100 0.000100 0.003700 0.014800 0.003700 0.007400 0.003700 0.000100 0.000100 0.000100 0.000000 0.000200 0.003700 0.003700 0.000100 0.000100 0.000100 0.003700 0.000100 0.003700 0.003700 0.000200 0.000100 0.000100 0.000100 0.000000 0.000100 0.000100 0.003700 0.000200 0.000100 0.003700 0.000200 0.000100 0.007400 0.003700 0.003700 0.003700 0.003700 0.000100 0.000200
MaxwellsDu 0.003700 0.018500 0.003700 0.014700 0.003700 0.003700 0.000000 0.003700 0.003700 0.007400 0.003700 0.003700 0.003700 0.000100 0.018700 0.003700 0.011100 0.007400 0.003700 0.003700 0.003700 0.003700 0.003700 0.007500 0.007500 0.003700 0.003700 0.003700 0.003700 0.003700 0.007400 0.000100 0.003700 0.003700 0.003700 0.003700 0.003700 0.003700 0.003700 0.007400 0.003700 0.003700 0.007400 0.003700 0.003700 0.003700 0.007500 0.007400 0.000100 0.007400 0.003700 0.003700
GazellaPrz 0.000100 0.014700 0.000100 0.011000 0.000100 0.000100 0.003700 0.000000 0.000000 0.003700 0.000100 0.000100 0.000100 0.003700 0.014800 0.003700 0.007400 0.003700 0.000100 0.000000 0.000100 0.000100 0.000100 0.003700 0.003700 0.000000 0.000100 0.000000 0.003700 0.000100 0.003700 0.003700 0.000200 0.000100 0.000100 0.000100 0.000100 0.000100 0.000100 0.003700 0.000100 0.000100 0.003700 0.000100 0.000100 0.007400 0.003700 0.003700 0.003700 0.003700 0.000000 0.000100
MountainNy 0.000100 0.014600 0.000000 0.010900 0.000100 0.000100 0.003700 0.000000 0.000000 0.003600 0.000100 0.000000 0.000100 0.003700 0.014700 0.003700 0.007300 0.003700 0.000100 0.000000 0.000100 0.000100 0.000100 0.003700 0.003700 0.000100 0.000100 0.000000 0.003600 0.000000 0.003700 0.003700 0.000100 0.000100 0.000100 0.000000 0.000100 0.000100 0.000100 0.003600 0.000100 0.000100 0.003700 0.000100 0.000000 0.007400 0.003700 0.003700 0.003700 0.003600 0.000000 0.000000
MuntiacusM 0.003700 0.018400 0.003700 0.014600 0.003700 0.003700 0.007400 0.003700 0.003600 0.000000 0.003700 0.003700 0.003700 0.007500 0.018600 0.007400 0.011000 0.007400 0.003700 0.003600 0.003700 0.003700 0.003700 0.007400 0.007400 0.003700 0.003700 0.003600 0.007300 0.003700 0.000000 0.007500 0.003600 0.003700 0.003700 0.003700 0.003700 0.003700 0.003700 0.007400 0.003700 0.003700 0.000000 0.003700 0.003700 0.011100 0.007400 0.007400 0.007400 0.007300 0.003600 0.003600
goat 0.000000 0.014800 0.000200 0.011000 0.000100 0.000000 0.003700 0.000100 0.000100 0.003700 0.000000 0.000100 0.000100 0.003800 0.014900 0.003700 0.007400 0.003700 0.000100 0.000100 0.000100 0.000000 0.000200 0.003700 0.003700 0.000100 0.000100 0.000100 0.003700 0.000100 0.003700 0.003700 0.000200 0.000100 0.000100 0.000100 0.000000 0.000100 0.000100 0.003700 0.000200 0.000100 0.003700 0.000100 0.000100 0.007500 0.003700 0.003700 0.003700 0.003700 0.000100 0.000200
AfricanBuf 0.000100 0.014600 0.000100 0.010900 0.000100 0.000100 0.003700 0.000100 0.000000 0.003700 0.000100 0.000000 0.000000 0.003700 0.014800 0.003700 0.007300 0.003700 0.000100 0.000000 0.000100 0.000100 0.000100 0.003700 0.003700 0.000000 0.000000 0.000000 0.003700 0.000100 0.003700 0.003700 0.000100 0.000000 0.000100 0.000000 0.000100 0.000100 0.000100 0.003700 0.000100 0.000100 0.003700 0.000100 0.000000 0.007400 0.003700 0.003700 0.003700 0.003700 0.000000 0.000100
Topi 0.000100 0.014600 0.000100 0.010900 0.000100 0.000100 0.003700 0.000100 0.000100 0.003700 0.000100 0.000000 0.000000 0.003700 0.014800 0.003700 0.007300 0.003700 0.000100 0.000100 0.000100 0.000100 0.000100 0.003700 0.003700 0.000000 0.000000 0.000100 0.003700 0.000100 0.003700 0.003700 0.000200 0.000000 0.000000 0.000000 0.000100 0.000100 0.000100 0.003700 0.000100 0.000100 0.003700 0.000100 0.000000 0.007400 0.003700 0.003700 0.003700 0.003700 0.000100 0.000100
CommonDuik 0.003700 0.018700 0.003700 0.014800 0.003700 0.003700 0.000100 0.003700 0.003700 0.007500 0.003800 0.003700 0.003700 0.000000 0.018800 0.003700 0.011200 0.007500 0.003800 0.003700 0.003700 0.003800 0.003700 0.007500 0.007500 0.003700 0.003700 0.003700 0.003700 0.003700 0.007500 0.000100 0.003700 0.003700 0.003700 0.003700 0.003700 0.003700 0.003700 0.007500 0.003700 0.003700 0.007500 0.003700 0.003700 0.003700 0.007500 0.007500 0.000200 0.007500 0.003700 0.003700
Suni 0.014800 0.029600 0.014800 0.025800 0.014700 0.014800 0.018700 0.014800 0.014700 0.018600 0.014900 0.014800 0.014800 0.018800 0.000000 0.018600 0.022300 0.018500 0.014900 0.014700 0.014900 0.015000 0.014800 0.018700 0.018700 0.014800 0.014800 0.014700 0.018500 0.014800 0.018600 0.018800 0.014700 0.014800 0.014800 0.014800 0.014900 0.014800 0.014800 0.018600 0.014800 0.014800 0.018600 0.014800 0.014800 0.022500 0.018700 0.018600 0.018700 0.018500 0.014700 0.014700
Springbuck 0.003700 0.018400 0.003700 0.014600 0.003700 0.003700 0.003700 0.003700 0.003700 0.007400 0.003700 0.003700 0.003700 0.003700 0.018600 0.000000 0.011100 0.007400 0.003700 0.003700 0.003700 0.003700 0.003700 0.007400 0.007400 0.003700 0.003700 0.003700 0.000000 0.003700 0.007400 0.003700 0.003600 0.003700 0.003700 0.003700 0.003700 0.003700 0.003700 0.007400 0.003700 0.003700 0.007400 0.003700 0.003700 0.007400 0.007400 0.007400 0.003700 0.007400 0.003700 0.003600
Okapi 0.007400 0.014600 0.007300 0.011300 0.007300 0.007400 0.011100 0.007400 0.007300 0.011000 0.007400 0.007300 0.007300 0.011200 0.022300 0.011100 0.000000 0.011000 0.007400 0.007300 0.007400 0.007400 0.007300 0.011100 0.011200 0.007300 0.007300 0.007300 0.011000 0.007300 0.011100 0.011200 0.007300 0.007300 0.007300 0.007300 0.007400 0.007300 0.007300 0.011000 0.007300 0.007300 0.011100 0.007300 0.007300 0.014900 0.011100 0.003700 0.011100 0.011000 0.007300 0.007300
Giraffe 0.003700 0.011000 0.003700 0.014600 0.003700 0.003700 0.007400 0.003700 0.003700 0.007400 0.003700 0.003700 0.003700 0.007500 0.018500 0.007400 0.011000 0.000000 0.003700 0.003700 0.003700 0.003700 0.003700 0.007400 0.007400 0.003700 0.003700 0.003700 0.007300 0.003700 0.007400 0.007500 0.003600 0.003700 0.003700 0.003700 0.003700 0.003700 0.003700 0.007400 0.003700 0.003700 0.007400 0.003700 0.003700 0.011100 0.007400 0.007400 0.007400 0.007300 0.003700 0.003600
TibetanAnt 0.000100 0.014800 0.000100 0.011000 0.000100 0.000100 0.003700 0.000100 0.000100 0.003700 0.000100 0.000100 0.000100 0.003800 0.014900 0.003700 0.007400 0.003700 0.000000 0.000100 0.000100 0.000000 0.000100 0.003700 0.003700 0.000100 0.000100 0.000100 0.003700 0.000100 0.003700 0.003700 0.000200 0.000100 0.000100 0.000100 0.000000 0.000100 0.000100 0.003700 0.000100 0.000100 0.003700 0.000100 0.000100 0.007500 0.003700 0.003700 0.003700 0.003700 0.000100 0.000200
Sitatunga 0.000100 0.014600 0.000000 0.010900 0.000100 0.000100 0.003700 0.000000 0.000000 0.003600 0.000100 0.000000 0.000100 0.003700 0.014700 0.003700 0.007300 0.003700 0.000100 0.000000 0.000100 0.000100 0.000100 0.003700 0.003700 0.000100 0.000100 0.000000 0.003600 0.000000 0.003700 0.003700 0.000100 0.000100 0.000100 0.000000 0.000100 0.000100 0.000100 0.003600 0.000100 0.000100 0.003700 0.000100 0.000000 0.007400 0.003700 0.003700 0.003700 0.003600 0.000000 0.000000
Oribi 0.000100 0.014700 0.000100 0.011000 0.000100 0.000100 0.003700 0.000100 0.000100 0.003700 0.000100 0.000100 0.000100 0.003700 0.014900 0.003700 0.007400 0.003700 0.000100 0.000100 0.000000 0.000100 0.000100 0.003700 0.003700 0.000000 0.000100 0.000100 0.003700 0.000100 0.003700 0.003700 0.000200 0.000100 0.000100 0.000100 0.000100 0.000100 0.000100 0.003700 0.000100 0.000100 0.003700 0.000100 0.000100 0.007400 0.003700 0.003700 0.003700 0.003700 0.000100 0.000100
BarbaryShe 0.000000 0.014800 0.000200 0.011100 0.000100 0.000000 0.003700 0.000100 0.000100 0.003700 0.000000 0.000100 0.000100 0.003800 0.015000 0.003700 0.007400 0.003700 0.000000 0.000100 0.000100 0.000000 0.000200 0.003700 0.003700 0.000100 0.000100 0.000100 0.003700 0.000100 0.003700 0.003800 0.000100 0.000100 0.000100 0.000100 0.000000 0.000100 0.000100 0.003700 0.000200 0.000100 0.003700 0.000200 0.000100 0.007500 0.003700 0.003700 0.003700 0.003700 0.000100 0.000200
Daviddeer 0.000200 0.014600 0.000100 0.010900 0.000100 0.000200 0.003700 0.000100 0.000100 0.003700 0.000200 0.000100 0.000100 0.003700 0.014800 0.003700 0.007300 0.003700 0.000100 0.000100 0.000100 0.000200 0.000000 0.003700 0.003700 0.000100 0.000100 0.000100 0.003600 0.000100 0.003700 0.003700 0.000100 0.000100 0.000100 0.000100 0.000100 0.000100 0.000100 0.003700 0.000000 0.000100 0.003700 0.000000 0.000100 0.007400 0.003700 0.003700 0.003700 0.003600 0.000100 0.000100
Reindeer 0.003700 0.018500 0.003700 0.014700 0.003700 0.003700 0.007500 0.003700 0.003700 0.007400 0.003700 0.003700 0.003700 0.007500 0.018700 0.007400 0.011100 0.007400 0.003700 0.003700 0.003700 0.003700 0.003700 0.000000 0.007500 0.003700 0.003700 0.003700 0.007400 0.003700 0.007400 0.007500 0.003700 0.003700 0.003700 0.003700 0.003700 0.003700 0.003700 0.007400 0.003700 0.003700 0.007400 0.003700 0.003700 0.011200 0.007500 0.007400 0.007500 0.007400 0.003700 0.003700
Ibex 0.003700 0.018600 0.003700 0.014800 0.003700 0.003700 0.007500 0.003700 0.003700 0.007400 0.003700 0.003700 0.003700 0.007500 0.018700 0.007400 0.011200 0.007400 0.003700 0.003700 0.003700 0.003700 0.003700 0.007500 0.000000 0.003700 0.003700 0.003700 0.007400 0.003700 0.007500 0.007500 0.003700 0.003700 0.003700 0.003700 0.003700 0.003700 0.003700 0.007400 0.003700 0.003700 0.007500 0.003700 0.003700 0.007500 0.007500 0.007400 0.007500 0.007400 0.003700 0.003700
GyrantGaze 0.000100 0.014700 0.000100 0.011000 0.000100 0.000100 0.003700 0.000000 0.000100 0.003700 0.000100 0.000000 0.000000 0.003700 0.014800 0.003700 0.007300 0.003700 0.000100 0.000100 0.000000 0.000100 0.000100 0.003700 0.003700 0.000000 0.000000 0.000100 0.003700 0.000100 0.003700 0.003700 0.000100 0.000000 0.000100 0.000000 0.000100 0.000100 0.000100 0.003700 0.000100 0.000000 0.003700 0.000100 0.000000 0.007400 0.003700 0.003700 0.003700 0.003700 0.000100 0.000100
Hartebeest 0.000100 0.014600 0.000100 0.010900 0.000100 0.000100 0.003700 0.000100 0.000100 0.003700 0.000100 0.000000 0.000000 0.003700 0.014800 0.003700 0.007300 0.003700 0.000100 0.000100 0.000100 0.000100 0.000100 0.003700 0.003700 0.000000 0.000000 0.000100 0.003700 0.000100 0.003700 0.003700 0.000200 0.000000 0.000000 0.000000 0.000100 0.000100 0.000100 0.003700 0.000100 0.000100 0.003700 0.000100 0.000000 0.007400 0.003700 0.003700 0.003700 0.003700 0.000100 0.000100
Bongo 0.000100 0.014600 0.000000 0.010900 0.000100 0.000100 0.003700 0.000000 0.000000 0.003600 0.000100 0.000000 0.000100 0.003700 0.014700 0.003700 0.007300 0.003700 0.000100 0.000000 0.000100 0.000100 0.000100 0.003700 0.003700 0.000100 0.000100 0.000000 0.003600 0.000000 0.003700 0.003700 0.000100 0.000100 0.000100 0.000000 0.000100 0.000100 0.000100 0.003600 0.000100 0.000100 0.003700 0.000100 0.000000 0.007400 0.003700 0.003700 0.003700 0.003600 0.000000 0.000000
Gerenuk 0.003700 0.018300 0.003700 0.014600 0.003600 0.003700 0.003700 0.003700 0.003600 0.007300 0.003700 0.003700 0.003700 0.003700 0.018500 0.000000 0.011000 0.007300 0.003700 0.003600 0.003700 0.003700 0.003600 0.007400 0.007400 0.003700 0.003700 0.003600 0.000000 0.003600 0.007400 0.003700 0.003600 0.003700 0.003700 0.003700 0.003700 0.003700 0.003600 0.007300 0.003600 0.003700 0.007400 0.003700 0.003700 0.007400 0.007400 0.007400 0.003700 0.007300 0.003600 0.003600
CommonElan 0.000100 0.014600 0.000000 0.010900 0.000100 0.000100 0.003700 0.000100 0.000000 0.003700 0.000100 0.000100 0.000100 0.003700 0.014800 0.003700 0.007300 0.003700 0.000100 0.000000 0.000100 0.000100 0.000100 0.003700 0.003700 0.000100 0.000100 0.000000 0.003600 0.000000 0.003700 0.003700 0.000100 0.000100 0.000100 0.000100 0.000100 0.000100 0.000100 0.003700 0.000100 0.000100 0.003700 0.000100 0.000100 0.007400 0.003700 0.003700 0.003700 0.003600 0.000000 0.000000
MuntiacusR 0.003700 0.018400 0.003700 0.014700 0.003700 0.003700 0.007400 0.003700 0.003700 0.000000 0.003700 0.003700 0.003700 0.007500 0.018600 0.007400 0.011100 0.007400 0.003700 0.003700 0.003700 0.003700 0.003700 0.007400 0.007500 0.003700 0.003700 0.003700 0.007400 0.003700 0.000000 0.007500 0.003600 0.003700 0.003700 0.003700 0.003700 0.003700 0.003700 0.007400 0.003700 0.003700 0.000000 0.003700 0.003700 0.011200 0.007400 0.007400 0.007400 0.007400 0.003700 0.003600
HarveysDui 0.003700 0.018600 0.003700 0.014800 0.003700 0.003700 0.000100 0.003700 0.003700 0.007500 0.003700 0.003700 0.003700 0.000100 0.018800 0.003700 0.011200 0.007500 0.003700 0.003700 0.003700 0.003800 0.003700 0.007500 0.007500 0.003700 0.003700 0.003700 0.003700 0.003700 0.007500 0.000000 0.003700 0.003700 0.003700 0.003700 0.003700 0.003700 0.003700 0.007500 0.003700 0.003700 0.007500 0.003700 0.003700 0.003700 0.007500 0.007500 0.000100 0.007400 0.003700 0.003700
Pronghorn 0.000200 0.014500 0.000100 0.010800 0.000200 0.000200 0.003700 0.000200 0.000100 0.003600 0.000200 0.000100 0.000200 0.003700 0.014700 0.003600 0.007300 0.003600 0.000200 0.000100 0.000200 0.000100 0.000100 0.003700 0.003700 0.000100 0.000200 0.000100 0.003600 0.000100 0.003600 0.003700 0.000000 0.000200 0.000200 0.000100 0.000200 0.000200 0.000100 0.003600 0.000100 0.000200 0.003600 0.000200 0.000100 0.007300 0.003700 0.003600 0.003700 0.003600 0.000100 0.000100
BlueWildeb 0.000100 0.014600 0.000100 0.010900 0.000100 0.000100 0.003700 0.000100 0.000100 0.003700 0.000100 0.000000 0.000000 0.003700 0.014800 0.003700 0.007300 0.003700 0.000100 0.000100 0.000100 0.000100 0.000100 0.003700 0.003700 0.000000 0.000000 0.000100 0.003700 0.000100 0.003700 0.003700 0.000200 0.000000 0.000000 0.000000 0.000100 0.000100 0.000100 0.003700 0.000100 0.000100 0.003700 0.000100 0.000000 0.007400 0.003700 0.003700 0.003700 0.003700 0.000100 0.000100
Gemsbok 0.000100 0.014700 0.000100 0.010900 0.000100 0.000100 0.003700 0.000100 0.000100 0.003700 0.000100 0.000100 0.000000 0.003700 0.014800 0.003700 0.007300 0.003700 0.000100 0.000100 0.000100 0.000100 0.000100 0.003700 0.003700 0.000100 0.000000 0.000100 0.003700 0.000100 0.003700 0.003700 0.000200 0.000000 0.000000 0.000100 0.000100 0.000100 0.000100 0.003700 0.000100 0.000100 0.003700 0.000100 0.000100 0.007400 0.003700 0.003700 0.003700 0.003700 0.000100 0.000100
Yak 0.000100 0.014600 0.000100 0.010900 0.000100 0.000100 0.003700 0.000100 0.000000 0.003700 0.000100 0.000000 0.000000 0.003700 0.014800 0.003700 0.007300 0.003700 0.000100 0.000000 0.000100 0.000100 0.000100 0.003700 0.003700 0.000000 0.000000 0.000000 0.003700 0.000100 0.003700 0.003700 0.000100 0.000000 0.000100 0.000000 0.000100 0.000100 0.000100 0.003700 0.000100 0.000100 0.003700 0.000100 0.000000 0.007400 0.003700 0.003700 0.003700 0.003700 0.000000 0.000100
BlueSheep 0.000000 0.014800 0.000100 0.011000 0.000100 0.000000 0.003700 0.000100 0.000100 0.003700 0.000000 0.000100 0.000100 0.003700 0.014900 0.003700 0.007400 0.003700 0.000000 0.000100 0.000100 0.000000 0.000100 0.003700 0.003700 0.000100 0.000100 0.000100 0.003700 0.000100 0.003700 0.003700 0.000200 0.000100 0.000100 0.000100 0.000000 0.000100 0.000100 0.003700 0.000100 0.000100 0.003700 0.000100 0.000100 0.007400 0.003700 0.003700 0.003700 0.003700 0.000100 0.000100
BohorReedb 0.000100 0.014700 0.000100 0.010900 0.000000 0.000100 0.003700 0.000100 0.000100 0.003700 0.000100 0.000100 0.000100 0.003700 0.014800 0.003700 0.007300 0.003700 0.000100 0.000100 0.000100 0.000100 0.000100 0.003700 0.003700 0.000100 0.000100 0.000100 0.003700 0.000100 0.003700 0.003700 0.000200 0.000100 0.000100 0.000100 0.000100 0.000000 0.000100 0.003700 0.000100 0.000100 0.003700 0.000200 0.000100 0.007400 0.003700 0.003700 0.003700 0.003700 0.000100 0.000100
KirksDik 0.000100 0.014600 0.000100 0.010900 0.000100 0.000100 0.003700 0.000100 0.000100 0.003700 0.000100 0.000100 0.000100 0.003700 0.014800 0.003700 0.007300 0.003700 0.000100 0.000100 0.000100 0.000100 0.000100 0.003700 0.003700 0.000100 0.000100 0.000100 0.003600 0.000100 0.003700 0.003700 0.000100 0.000100 0.000100 0.000100 0.000100 0.000100 0.000000 0.003700 0.000100 0.000100 0.003700 0.000100 0.000100 0.007400 0.003700 0.003700 0.003700 0.003600 0.000100 0.000100
RoeDeer 0.003700 0.018400 0.003700 0.014600 0.003700 0.003700 0.007400 0.003700 0.003600 0.007400 0.003700 0.003700 0.003700 0.007500 0.018600 0.007400 0.011000 0.007400 0.003700 0.003600 0.003700 0.003700 0.003700 0.007400 0.007400 0.003700 0.003700 0.003600 0.007300 0.003700 0.007400 0.007500 0.003600 0.003700 0.003700 0.003700 0.003700 0.003700 0.003700 0.000000 0.003700 0.003700 0.007400 0.003700 0.003700 0.011100 0.007400 0.007400 0.007400 0.007300 0.003600 0.003600
WhiteLippe 0.000200 0.014600 0.000100 0.010900 0.000100 0.000200 0.003700 0.000100 0.000100 0.003700 0.000200 0.000100 0.000100 0.003700 0.014800 0.003700 0.007300 0.003700 0.000100 0.000100 0.000100 0.000200 0.000000 0.003700 0.003700 0.000100 0.000100 0.000100 0.003600 0.000100 0.003700 0.003700 0.000100 0.000100 0.000100 0.000100 0.000100 0.000100 0.000100 0.003700 0.000000 0.000100 0.003700 0.000000 0.000100 0.007400 0.003700 0.003700 0.003700 0.003600 0.000100 0.000100
ThomsonGaz 0.000100 0.014700 0.000100 0.010900 0.000100 0.000100 0.003700 0.000100 0.000100 0.003700 0.000100 0.000100 0.000100 0.003700 0.014800 0.003700 0.007300 0.003700 0.000100 0.000100 0.000100 0.000100 0.000100 0.003700 0.003700 0.000000 0.000100 0.000100 0.003700 0.000100 0.003700 0.003700 0.000200 0.000100 0.000100 0.000100 0.000100 0.000100 0.000100 0.003700 0.000100 0.000000 0.003700 0.000100 0.000100 0.007400 0.003700 0.003700 0.003700 0.003700 0.000100 0.000100
MuntiacusC 0.003700 0.018400 0.003700 0.014700 0.003700 0.003700 0.007400 0.003700 0.003700 0.000000 0.003700 0.003700 0.003700 0.007500 0.018600 0.007400 0.011100 0.007400 0.003700 0.003700 0.003700 0.003700 0.003700 0.007400 0.007500 0.003700 0.003700 0.003700 0.007400 0.003700 0.000000 0.007500 0.003600 0.003700 0.003700 0.003700 0.003700 0.003700 0.003700 0.007400 0.003700 0.003700 0.000000 0.003700 0.003700 0.011200 0.007400 0.007400 0.007400 0.007400 0.003700 0.003700
WhiteTaile 0.000200 0.014600 0.000100 0.010900 0.000100 0.000200 0.003700 0.000100 0.000100 0.003700 0.000100 0.000100 0.000100 0.003700 0.014800 0.003700 0.007300 0.003700 0.000100 0.000100 0.000100 0.000200 0.000000 0.003700 0.003700 0.000100 0.000100 0.000100 0.003700 0.000100 0.003700 0.003700 0.000200 0.000100 0.000100 0.000100 0.000100 0.000200 0.000100 0.003700 0.000000 0.000100 0.003700 0.000000 0.000100 0.007400 0.003700 0.003700 0.003700 0.003700 0.000100 0.000100
Cattle 0.000100 0.014600 0.000100 0.010900 0.000100 0.000100 0.003700 0.000100 0.000000 0.003700 0.000100 0.000000 0.000000 0.003700 0.014800 0.003700 0.007300 0.003700 0.000100 0.000000 0.000100 0.000100 0.000100 0.003700 0.003700 0.000000 0.000000 0.000000 0.003700 0.000100 0.003700 0.003700 0.000100 0.000000 0.000100 0.000000 0.000100 0.000100 0.000100 0.003700 0.000100 0.000100 0.003700 0.000100 0.000000 0.007400 0.003700 0.003700 0.003700 0.003700 0.000000 0.000100
RoyalAntel 0.007400 0.022300 0.007400 0.018400 0.007400 0.007400 0.003700 0.007400 0.007400 0.011100 0.007500 0.007400 0.007400 0.003700 0.022500 0.007400 0.014900 0.011100 0.007500 0.007400 0.007400 0.007500 0.007400 0.011200 0.007500 0.007400 0.007400 0.007400 0.007400 0.007400 0.011200 0.003700 0.007300 0.007400 0.007400 0.007400 0.007400 0.007400 0.007400 0.011100 0.007400 0.007400 0.011200 0.007400 0.007400 0.000000 0.011200 0.011200 0.003700 0.011100 0.007400 0.007300
Steenbok 0.003700 0.018500 0.003700 0.014700 0.003700 0.003700 0.007500 0.003700 0.003700 0.007400 0.003700 0.003700 0.003700 0.007500 0.018700 0.007400 0.011100 0.007400 0.003700 0.003700 0.003700 0.003700 0.003700 0.007500 0.007500 0.003700 0.003700 0.003700 0.007400 0.003700 0.007400 0.007500 0.003700 0.003700 0.003700 0.003700 0.003700 0.003700 0.003700 0.007400 0.003700 0.003700 0.007400 0.003700 0.003700 0.011200 0.000000 0.007400 0.007400 0.007400 0.003700 0.003700
Impala 0.003700 0.018400 0.003700 0.015100 0.003700 0.003700 0.007400 0.003700 0.003700 0.007400 0.003700 0.003700 0.003700 0.007500 0.018600 0.007400 0.003700 0.007400 0.003700 0.003700 0.003700 0.003700 0.003700 0.007400 0.007400 0.003700 0.003700 0.003700 0.007400 0.003700 0.007400 0.007500 0.003600 0.003700 0.003700 0.003700 0.003700 0.003700 0.003700 0.007400 0.003700 0.003700 0.007400 0.003700 0.003700 0.011200 0.007400 0.000000 0.007400 0.007400 0.003700 0.003700
Klipspring 0.003700 0.018500 0.003700 0.014700 0.003700 0.003700 0.000100 0.003700 0.003700 0.007400 0.003700 0.003700 0.003700 0.000200 0.018700 0.003700 0.011100 0.007400 0.003700 0.003700 0.003700 0.003700 0.003700 0.007500 0.007500 0.003700 0.003700 0.003700 0.003700 0.003700 0.007400 0.000100 0.003700 0.003700 0.003700 0.003700 0.003700 0.003700 0.003700 0.007400 0.003700 0.003700 0.007400 0.003700 0.003700 0.003700 0.007400 0.007400 0.000000 0.007400 0.003700 0.003700
ForestMusk 0.003700 0.018300 0.003700 0.014600 0.003600 0.003700 0.007400 0.003700 0.003600 0.007300 0.003700 0.003700 0.003700 0.007500 0.018500 0.007400 0.011000 0.007300 0.003700 0.003600 0.003700 0.003700 0.003600 0.007400 0.007400 0.003700 0.003700 0.003600 0.007300 0.003600 0.007400 0.007400 0.003600 0.003700 0.003700 0.003700 0.003700 0.003700 0.003600 0.007300 0.003600 0.003700 0.007400 0.003700 0.003700 0.011100 0.007400 0.007400 0.007400 0.000000 0.003600 0.003600
Bushbuck 0.000100 0.014600 0.000000 0.010900 0.000100 0.000100 0.003700 0.000000 0.000000 0.003600 0.000100 0.000000 0.000100 0.003700 0.014700 0.003700 0.007300 0.003700 0.000100 0.000000 0.000100 0.000100 0.000100 0.003700 0.003700 0.000100 0.000100 0.000000 0.003600 0.000000 0.003700 0.003700 0.000100 0.000100 0.000100 0.000000 0.000100 0.000100 0.000100 0.003600 0.000100 0.000100 0.003700 0.000100 0.000000 0.007400 0.003700 0.003700 0.003700 0.003600 0.000000 0.000000
GreaterKud 0.000200 0.014600 0.000000 0.010900 0.000100 0.000200 0.003700 0.000100 0.000000 0.003600 0.000200 0.000100 0.000100 0.003700 0.014700 0.003600 0.007300 0.003600 0.000200 0.000000 0.000100 0.000200 0.000100 0.003700 0.003700 0.000100 0.000100 0.000000 0.003600 0.000000 0.003600 0.003700 0.000100 0.000100 0.000100 0.000100 0.000100 0.000100 0.000100 0.003600 0.000100 0.000100 0.003700 0.000100 0.000100 0.007300 0.003700 0.003700 0.003700 0.003600 0.000000 0.000000
