1
52 1
Argali 0.000000 0.066200 0.000000 0.000000 0.015600 0.000000 0.000000 0.000000 0.000000 0.000000 0.000000 0.016100 0.000000 0.000000 0.000000 0.000000 0.015500 0.015600 0.016000 0.000000 0.000000 0.000000 0.000000 0.000000 0.000000 0.000000 0.000000 0.000000 0.000000 0.000000 0.000000 0.000000 0.031300 0.000000 0.000000 0.000000 0.000000 0.000000 0.000000 0.000000 0.000000 0.000000 0.000000 0.015500 0.000000 0.000100 0.000000 0.000000 0.000000 0.000000 0.000000 0.000000
LesserMous 0.066200 0.000000 0.066200 0.066900 0.083300 0.066200 0.066200 0.066200 0.066100 0.066200 0.066200 0.087100 0.066200 0.066200 0.066200 0.066200 0.082700 0.083300 0.084400 0.066100 0.066400 0.066200 0.066200 0.066200 0.066200 0.066100 0.066200 0.066100 0.066200 0.066100 0.066200 0.066600 0.100200 0.066200 0.066200 0.066200 0.066200 0.066600 0.066200 0.066200 0.066200 0.066100 0.066200 0.082700 0.066200 0.067100 0.066200 0.066400 0.066200 0.066400 0.066500 0.066100
LesserKudu 0.000000 0.066200 0.000000 0.000000 0.015600 0.000000 0.000000 0.000000 0.000000 0.000000 0.000000 0.016100 0.000000 0.000000 0.000000 0.000000 0.015500 0.015600 0.016000 0.000000 0.000000 0.000000 0.000000 0.000000 0.000000 0.000000 0.000000 0.000000 0.000000 0.000000 0.000000 0.000000 0.031300 0.000000 0.000000 0.000000 0.000000 0.000000 0.000000 0.000000 0.000000 0.000000 0.000000 0.015500 0.000000 0.000100 0.000000 0.000000 0.000000 0.000000 0.000000 0.000000
KillerWhal 0.000000 0.066900 0.000000 0.000000 0.015800 0.000000 0.000000 0.000000 0.000100 0.000000 0.000000 0.016200 0.000000 0.000000 0.000000 0.000000 0.015700 0.015700 0.016100 0.000100 0.000100 0.000000 0.000000 0.000000 0.000000 0.000100 0.000000 0.000100 0.000000 0.000100 0.000000 0.000100 0.021200 0.000000 0.000000 0.000000 0.000000 0.000100 0.000000 0.000000 0.000000 0.000100 0.000000 0.015700 0.000000 0.000100 0.000000 0.000100 0.000000 0.000100 0.000100 0.000100
DefassaWat 0.015600 0.083300 0.015600 0.015800 0.000000 0.015600 0.015600 0.015600 0.015600 0.015600 0.015600 0.032400 0.015600 0.015600 0.015600 0.015600 0.031200 0.031300 0.032000 0.015600 0.015700 0.015600 0.015600 0.015600 0.015600 0.015600 0.015600 0.015600 0.015600 0.015600 0.015600 0.015700 0.047200 0.015600 0.015600 0.015600 0.015600 0.015700 0.015600 0.015600 0.015600 0.015600 0.015600 0.031200 0.015600 0.015800 0.015600 0.015600 0.015600 0.015600 0.015700 0.015600
Sheep 0.000000 0.066200 0.000000 0.000000 0.015600 0.000000 0.000000 0.000000 0.000000 0.000000 0.000000 0.016100 0.000000 0.000000 0.000000 0.000000 0.015500 0.015600 0.016000 0.000000 0.000000 0.000000 0.000000 0.000000 0.000000 0.000000 0.000000 0.000000 0.000000 0.000000 0.000000 0.000000 0.031300 0.000000 0.000000 0.000000 0.000000 0.000000 0.000000 0.000000 0.000000 0.000000 0.000000 0.015500 0.000000 0.000100 0.000000 0.000000 0.000000 0.000000 0.000000 0.000000
MaxwellsDu 0.000000 0.066200 0.000000 0.000000 0.015600 0.000000 0.000000 0.000000 0.000000 0.000000 0.000000 0.016100 0.000000 0.000000 0.000000 0.000000 0.015500 0.015600 0.016000 0.000000 0.000000 0.000000 0.000000 0.000000 0.000000 0.000000 0.000000 0.000000 0.000000 0.000000 0.000000 0.000000 0.031300 0.000000 0.000000 0.000000 0.000000 0.000000 0.000000 0.000000 0.000000 0.000000 0.000000 0.015500 0.000000 0.000100 0.000000 0.000000 0.000000 0.000000 0.000000 0.000000
GazellaPrz 0.000000 0.066200 0.000000 0.000000 0.015600 0.000000 0.000000 0.000000 0.000000 0.000000 0.000000 0.016100 0.000000 0.000000 0.000000 0.000000 0.015500 0.015600 0.016000 0.000000 0.000000 0.000000 0.000000 0.000000 0.000000 0.000000 0.000000 0.000000 0.000000 0.000000 0.000000 0.000000 0.031300 0.000000 0.000000 0.000000 0.000000 0.000000 0.000000 0.000000 0.000000 0.000000 0.000000 0.015500 0.000000 0.000100 0.000000 0.000000 0.000000 0.000000 0.000000 0.000000
MountainNy 0.000000 0.066100 0.000000 0.000100 0.015600 0.000000 0.000000 0.000000 0.000000 0.000000 0.000000 0.016000 0.000000 0.000000 0.000000 0.000000 0.015500 0.015500 0.015900 0.000000 0.000100 0.000000 0.000000 0.000000 0.000000 0.000000 0.000000 0.000000 0.000000 0.000000 0.000000 0.000100 0.020800 0.000000 0.000000 0.000000 0.000000 0.000100 0.000000 0.000000 0.000000 0.000000 0.000000 0.015500 0.000000 0.000100 0.000000 0.000100 0.000000 0.000100 0.000100 0.000000
MuntiacusM 0.000000 0.066200 0.000000 0.000000 0.015600 0.000000 0.000000 0.000000 0.000000 0.000000 0.000000 0.016100 0.000000 0.000000 0.000000 0.000000 0.015500 0.015600 0.016000 0.000000 0.000000 0.000000 0.000000 0.000000 0.000000 0.000000 0.000000 0.000000 0.000000 0.000000 0.000000 0.000000 0.031300 0.000000 0.000000 0.000000 0.000000 0.000000 0.000000 0.000000 0.000000 0.000000 0.000000 0.015500 0.000000 0.000100 0.000000 0.000000 0.000000 0.000000 0.000000 0.000000
goat 0.000000 0.066200 0.000000 0.000000 0.015600 0.000000 0.000000 0.000000 0.000000 0.000000 0.000000 0.016100 0.000000 0.000000 0.000000 0.000000 0.015500 0.015600 0.016000 0.000000 0.000000 0.000000 0.000000 0.000000 0.000000 0.000000 0.000000 0.000000 0.000000 0.000000 0.000000 0.000000 0.031300 0.000000 0.000000 0.000000 0.000000 0.000000 0.000000 0.000000 0.000000 0.000000 0.000000 0.015500 0.000000 0.000100 0.000000 0.000000 0.000000 0.000000 0.000000 0.000000
AfricanBuf 0.016100 0.087100 0.016100 0.016200 0.032400 0.016100 0.016100 0.016100 0.016000 0.016100 0.016100 0.000000 0.016100 0.016100 0.016100 0.016100 0.032200 0.032100 0.033300 0.016000 0.016100 0.016100 0.016100 0.016100 0.016100 0.016000 0.016100 0.016000 0.016100 0.016000 0.016100 0.016100 0.038000 0.016100 0.016100 0.016100 0.016100 0.016100 0.016100 0.016100 0.016100 0.016000 0.016100 0.032200 0.016100 0.016200 0.016100 0.016100 0.016100 0.016100 0.016100 0.016000
Topi 0.000000 0.066200 0.000000 0.000000 0.015600 0.000000 0.000000 0.000000 0.000000 0.000000 0.000000 0.016100 0.000000 0.000000 0.000000 0.000000 0.015500 0.015600 0.016000 0.000000 0.000000 0.000000 0.000000 0.000000 0.000000 0.000000 0.000000 0.000000 0.000000 0.000000 0.000000 0.000000 0.031300 0.000000 0.000000 0.000000 0.000000 0.000000 0.000000 0.000000 0.000000 0.000000 0.000000 0.015500 0.000000 0.000100 0.000000 0.000000 0.000000 0.000000 0.000000 0.000000
CommonDuik 0.000000 0.066200 0.000000 0.000000 0.015600 0.000000 0.000000 0.000000 0.000000 0.000000 0.000000 0.016100 0.000000 0.000000 0.000000 0.000000 0.015500 0.015600 0.016000 0.000000 0.000000 0.000000 0.000000 0.000000 0.000000 0.000000 0.000000 0.000000 0.000000 0.000000 0.000000 0.000000 0.031300 0.000000 0.000000 0.000000 0.000000 0.000000 0.000000 0.000000 0.000000 0.000000 0.000000 0.015500 0.000000 0.000100 0.000000 0.000000 0.000000 0.000000 0.000000 0.000000
Suni 0.000000 0.066200 0.000000 0.000000 0.015600 0.000000 0.000000 0.000000 0.000000 0.000000 0.000000 0.016100 0.000000 0.000000 0.000000 0.000000 0.015500 0.015600 0.016000 0.000000 0.000000 0.000000 0.000000 0.000000 0.000000 0.000000 0.000000 0.000000 0.000000 0.000000 0.000000 0.000000 0.031300 0.000000 0.000000 0.000000 0.000000 0.000000 0.000000 0.000000 0.000000 0.000000 0.000000 0.015500 0.000000 0.000100 0.000000 0.000000 0.000000 0.000000 0.000000 0.000000
Springbuck 0.000000 0.066200 0.000000 0.000000 0.015600 0.000000 0.000000 0.000000 0.000000 0.000000 0.000000 0.016100 0.000000 0.000000 0.000000 0.000000 0.015500 0.015600 0.016000 0.000000 0.000000 0.000000 0.000000 0.000000 0.000000 0.000000 0.000000 0.000000 0.000000 0.000000 0.000000 0.000000 0.031300 0.000000 0.000000 0.000000 0.000000 0.000000 0.000000 0.000000 0.000000 0.000000 0.000000 0.015500 0.000000 0.000100 0.000000 0.000000 0.000000 0.000000 0.000000 0.000000
Okapi 0.015500 0.082700 0.015500 0.015700 0.031200 0.015500 0.015500 0.015500 0.015500 0.015500 0.015500 0.032200 0.015500 0.015500 0.015500 0.015500 0.000000 0.000000 0.031800 0.015500 0.015600 0.015500 0.015500 0.015500 0.015500 0.015500 0.015500 0.015500 0.015500 0.015500 0.015500 0.015600 0.015400 0.015500 0.015500 0.015500 0.015500 0.015600 0.015500 0.015500 0.015500 0.015500 0.015500 0.000000 0.015500 0.015700 0.015500 0.015600 0.015500 0.015600 0.015600 0.015500
Giraffe 0.015600 0.083300 0.015600 0.015700 0.031300 0.015600 0.015600 0.015600 0.015500 0.015600 0.015600 0.032100 0.015600 0.015600 0.015600 0.015600 0.000000 0.000000 0.031900 0.015500 0.015600 0.015600 0.015600 0.015600 0.015600 0.015500 0.015600 0.015500 0.015600 0.015500 0.015600 0.015600 0.015400 0.015600 0.015600 0.015600 0.015600 0.015600 0.015600 0.015600 0.015600 0.015500 0.015600 0.000000 0.015600 0.015800 0.015600 0.015600 0.015600 0.015600 0.015600 0.015500
TibetanAnt 0.016000 0.084400 0.016000 0.016100 0.032000 0.016000 0.016000 0.016000 0.015900 0.016000 0.016000 0.033300 0.016000 0.016000 0.016000 0.016000 0.031800 0.031900 0.000000 0.015900 0.016000 0.016000 0.016000 0.016000 0.016000 0.015900 0.016000 0.015900 0.016000 0.015900 0.016000 0.016100 0.048000 0.016000 0.016000 0.016000 0.016000 0.016100 0.016000 0.016000 0.016000 0.015900 0.016000 0.031800 0.016000 0.016200 0.016000 0.016000 0.016000 0.016000 0.016000 0.015900
Sitatunga 0.000000 0.066100 0.000000 0.000100 0.015600 0.000000 0.000000 0.000000 0.000000 0.000000 0.000000 0.016000 0.000000 0.000000 0.000000 0.000000 0.015500 0.015500 0.015900 0.000000 0.000100 0.000000 0.000000 0.000000 0.000000 0.000000 0.000000 0.000000 0.000000 0.000000 0.000000 0.000100 0.020800 0.000000 0.000000 0.000000 0.000000 0.000100 0.000000 0.000000 0.000000 0.000000 0.000000 0.015500 0.000000 0.000100 0.000000 0.000100 0.000000 0.000100 0.000100 0.000000
Oribi 0.000000 0.066400 0.000000 0.000100 0.015700 0.000000 0.000000 0.000000 0.000100 0.000000 0.000000 0.016100 0.000000 0.000000 0.000000 0.000000 0.015600 0.015600 0.016000 0.000100 0.000000 0.000000 0.000000 0.000000 0.000000 0.000100 0.000000 0.000100 0.000000 0.000100 0.000000 0.000100 0.021600 0.000000 0.000000 0.000000 0.000000 0.000100 0.000000 0.000000 0.000000 0.000100 0.000000 0.015600 0.000000 0.000100 0.000000 0.000100 0.000000 0.000100 0.000100 0.000100
BarbaryShe 0.000000 0.066200 0.000000 0.000000 0.015600 0.000000 0.000000 0.000000 0.000000 0.000000 0.000000 0.016100 0.000000 0.000000 0.000000 0.000000 0.015500 0.015600 0.016000 0.000000 0.000000 0.000000 0.000000 0.000000 0.000000 0.000000 0.000000 0.000000 0.000000 0.000000 0.000000 0.000000 0.031300 0.000000 0.000000 0.000000 0.000000 0.000000 0.000000 0.000000 0.000000 0.000000 0.000000 0.015500 0.000000 0.000100 0.000000 0.000000 0.000000 0.000000 0.000000 0.000000
Daviddeer 0.000000 0.066200 0.000000 0.000000 0.015600 0.000000 0.000000 0.000000 0.000000 0.000000 0.000000 0.016100 0.000000 0.000000 0.000000 0.000000 0.015500 0.015600 0.016000 0.000000 0.000000 0.000000 0.000000 0.000000 0.000000 0.000000 0.000000 0.000000 0.000000 0.000000 0.000000 0.000000 0.031300 0.000000 0.000000 0.000000 0.000000 0.000000 0.000000 0.000000 0.000000 0.000000 0.000000 0.015500 0.000000 0.000100 0.000000 0.000000 0.000000 0.000000 0.000000 0.000000
Reindeer 0.000000 0.066200 0.000000 0.000000 0.015600 0.000000 0.000000 0.000000 0.000000 0.000000 0.000000 0.016100 0.000000 0.000000 0.000000 0.000000 0.015500 0.015600 0.016000 0.000000 0.000000 0.000000 0.000000 0.000000 0.000000 0.000000 0.000000 0.000000 0.000000 0.000000 0.000000 0.000000 0.031300 0.000000 0.000000 0.000000 0.000000 0.000000 0.000000 0.000000 0.000000 0.000000 0.000000 0.015500 0.000000 0.000100 0.000000 0.000000 0.000000 0.000000 0.000000 0.000000
Ibex 0.000000 0.066200 0.000000 0.000000 0.015600 0.000000 0.000000 0.000000 0.000000 0.000000 0.000000 0.016100 0.000000 0.000000 0.000000 0.000000 0.015500 0.015600 0.016000 0.000000 0.000000 0.000000 0.000000 0.000000 0.000000 0.000000 0.000000 0.000000 0.000000 0.000000 0.000000 0.000000 0.031300 0.000000 0.000000 0.000000 0.000000 0.000000 0.000000 0.000000 0.000000 0.000000 0.000000 0.015500 0.000000 0.000100 0.000000 0.000000 0.000000 0.000000 0.000000 0.000000
GyrantGaze 0.000000 0.066100 0.000000 0.000100 0.015600 0.000000 0.000000 0.000000 0.000000 0.000000 0.000000 0.016000 0.000000 0.000000 0.000000 0.000000 0.015500 0.015500 0.015900 0.000000 0.000100 0.000000 0.000000 0.000000 0.000000 0.000000 0.000000 0.000000 0.000000 0.000000 0.000000 0.000100 0.020800 0.000000 0.000000 0.000000 0.000000 0.000100 0.000000 0.000000 0.000000 0.000000 0.000000 0.015500 0.000000 0.000100 0.000000 0.000100 0.000000 0.000100 0.000100 0.000000
Hartebeest 0.000000 0.066200 0.000000 0.000000 0.015600 0.000000 0.000000 0.000000 0.000000 0.000000 0.000000 0.016100 0.000000 0.000000 0.000000 0.000000 0.015500 0.015600 0.016000 0.000000 0.000000 0.000000 0.000000 0.000000 0.000000 0.000000 0.000000 0.000000 0.000000 0.000000 0.000000 0.000000 0.031300 0.000000 0.000000 0.000000 0.000000 0.000000 0.000000 0.000000 0.000000 0.000000 0.000000 0.015500 0.000000 0.000100 0.000000 0.000000 0.000000 0.000000 0.000000 0.000000
Bongo 0.000000 0.066100 0.000000 0.000100 0.015600 0.000000 0.000000 0.000000 0.000000 0.000000 0.000000 0.016000 0.000000 0.000000 0.000000 0.000000 0.015500 0.015500 0.015900 0.000000 0.000100 0.000000 0.000000 0.000000 0.000000 0.000000 0.000000 0.000000 0.000000 0.000000 0.000000 0.000100 0.020800 0.000000 0.000000 0.000000 0.000000 0.000100 0.000000 0.000000 0.000000 0.000000 0.000000 0.015500 0.000000 0.000100 0.000000 0.000100 0.000000 0.000100 0.000100 0.000000
Gerenuk 0.000000 0.066200 0.000000 0.000000 0.015600 0.000000 0.000000 0.000000 0.000000 0.000000 0.000000 0.016100 0.000000 0.000000 0.000000 0.000000 0.015500 0.015600 0.016000 0.000000 0.000000 0.000000 0.000000 0.000000 0.000000 0.000000 0.000000 0.000000 0.000000 0.000000 0.000000 0.000000 0.031300 0.000000 0.000000 0.000000 0.000000 0.000000 0.000000 0.000000 0.000000 0.000000 0.000000 0.015500 0.000000 0.000100 0.000000 0.000000 0.000000 0.000000 0.000000 0.000000
CommonElan 0.000000 0.066100 0.000000 0.000100 0.015600 0.000000 0.000000 0.000000 0.000000 0.000000 0.000000 0.016000 0.000000 0.000000 0.000000 0.000000 0.015500 0.015500 0.015900 0.000000 0.000100 0.000000 0.000000 0.000000 0.000000 0.000000 0.000000 0.000000 0.000000 0.000000 0.000000 0.000100 0.020800 0.000000 0.000000 0.000000 0.000000 0.000100 0.000000 0.000000 0.000000 0.000000 0.000000 0.015500 0.000000 0.000100 0.000000 0.000100 0.000000 0.000100 0.000100 0.000000
MuntiacusR 0.000000 0.066200 0.000000 0.000000 0.015600 0.000000 0.000000 0.000000 0.000000 0.000000 0.000000 0.016100 0.000000 0.000000 0.000000 0.000000 0.015500 0.015600 0.016000 0.000000 0.000000 0.000000 0.000000 0.000000 0.000000 0.000000 0.000000 0.000000 0.000000 0.000000 0.000000 0.000000 0.031300 0.000000 0.000000 0.000000 0.000000 0.000000 0.000000 0.000000 0.000000 0.000000 0.000000 0.015500 0.000000 0.000100 0.000000 0.000000 0.000000 0.000000 0.000000 0.000000
HarveysDui 0.000000 0.066600 0.000000 0.000100 0.015700 0.000000 0.000000 0.000000 0.000100 0.000000 0.000000 0.016100 0.000000 0.000000 0.000000 0.000000 0.015600 0.015600 0.016100 0.000100 0.000100 0.000000 0.000000 0.000000 0.000000 0.000100 0.000000 0.000100 0.000000 0.000100 0.000000 0.000000 0.021300 0.000000 0.000000 0.000000 0.000000 0.000000 0.000000 0.000000 0.000000 0.000100 0.000000 0.015600 0.000000 0.000100 0.000000 0.000100 0.000000 0.000100 0.000100 0.000100
Pronghorn 0.031300 0.100200 0.031300 0.021200 0.047200 0.031300 0.031300 0.031300 0.020800 0.031300 0.031300 0.038000 0.031300 0.031300 0.031300 0.031300 0.015400 0.015400 0.048000 0.020800 0.021600 0.031300 0.031300 0.031300 0.031300 0.020800 0.031300 0.020800 0.031300 0.020800 0.031300 0.021300 0.000000 0.031300 0.031300 0.031300 0.031300 0.021300 0.031300 0.031300 0.031300 0.020800 0.031300 0.015400 0.031300 0.019400 0.031300 0.021600 0.031300 0.021600 0.020400 0.020800
BlueWildeb 0.000000 0.066200 0.000000 0.000000 0.015600 0.000000 0.000000 0.000000 0.000000 0.000000 0.000000 0.016100 0.000000 0.000000 0.000000 0.000000 0.015500 0.015600 0.016000 0.000000 0.000000 0.000000 0.000000 0.000000 0.000000 0.000000 0.000000 0.000000 0.000000 0.000000 0.000000 0.000000 0.031300 0.000000 0.000000 0.000000 0.000000 0.000000 0.000000 0.000000 0.000000 0.000000 0.000000 0.015500 0.000000 0.000100 0.000000 0.000000 0.000000 0.000000 0.000000 0.000000
Gemsbok 0.000000 0.066200 0.000000 0.000000 0.015600 0.000000 0.000000 0.000000 0.000000 0.000000 0.000000 0.016100 0.000000 0.000000 0.000000 0.000000 0.015500 0.015600 0.016000 0.000000 0.000000 0.000000 0.000000 0.000000 0.000000 0.000000 0.000000 0.000000 0.000000 0.000000 0.000000 0.000000 0.031300 0.000000 0.000000 0.000000 0.000000 0.000000 0.000000 0.000000 0.000000 0.000000 0.000000 0.015500 0.000000 0.000100 0.000000 0.000000 0.000000 0.000000 0.000000 0.000000
Yak 0.000000 0.066200 0.000000 0.000000 0.015600 0.000000 0.000000 0.000000 0.000000 0.000000 0.000000 0.016100 0.000000 0.000000 0.000000 0.000000 0.015500 0.015600 0.016000 0.000000 0.000000 0.000000 0.000000 0.000000 0.000000 0.000000 0.000000 0.000000 0.000000 0.000000 0.000000 0.000000 0.031300 0.000000 0.000000 0.000000 0.000000 0.000000 0.000000 0.000000 0.000000 0.000000 0.000000 0.015500 0.000000 0.000100 0.000000 0.000000 0.000000 0.000000 0.000000 0.000000
BlueSheep 0.000000 0.066200 0.000000 0.000000 0.015600 0.000000 0.000000 0.000000 0.000000 0.000000 0.000000 0.016100 0.000000 0.000000 0.000000 0.000000 0.015500 0.015600 0.016000 0.000000 0.000000 0.000000 0.000000 0.000000 0.000000 0.000000 0.000000 0.000000 0.000000 0.000000 0.000000 0.000000 0.031300 0.000000 0.000000 0.000000 0.000000 0.000000 0.000000 0.000000 0.000000 0.000000 0.000000 0.015500 0.000000 0.000100 0.000000 0.000000 0.000000 0.000000 0.000000 0.000000
BohorReedb 0.000000 0.066600 0.000000 0.000100 0.015700 0.000000 0.000000 0.000000 0.000100 0.000000 0.000000 0.016100 0.000000 0.000000 0.000000 0.000000 0.015600 0.015600 0.016100 0.000100 0.000100 0.000000 0.000000 0.000000 0.000000 0.000100 0.000000 0.000100 0.000000 0.000100 0.000000 0.000000 0.021300 0.000000 0.000000 0.000000 0.000000 0.000000 0.000000 0.000000 0.000000 0.000100 0.000000 0.015600 0.000000 0.000100 0.000000 0.000100 0.000000 0.000100 0.000100 0.000100
KirksDik 0.000000 0.066200 0.000000 0.000000 0.015600 0.000000 0.000000 0.000000 0.000000 0.000000 0.000000 0.016100 0.000000 0.000000 0.000000 0.000000 0.015500 0.015600 0.016000 0.000000 0.000000 0.000000 0.000000 0.000000 0.000000 0.000000 0.000000 0.000000 0.000000 0.000000 0.000000 0.000000 0.031300 0.000000 0.000000 0.000000 0.000000 0.000000 0.000000 0.000000 0.000000 0.000000 0.000000 0.015500 0.000000 0.000100 0.000000 0.000000 0.000000 0.000000 0.000000 0.000000
RoeDeer 0.000000 0.066200 0.000000 0.000000 0.015600 0.000000 0.000000 0.000000 0.000000 0.000000 0.000000 0.016100 0.000000 0.000000 0.000000 0.000000 0.015500 0.015600 0.016000 0.000000 0.000000 0.000000 0.000000 0.000000 0.000000 0.000000 0.000000 0.000000 0.000000 0.000000 0.000000 0.000000 0.031300 0.000000 0.000000 0.000000 0.000000 0.000000 0.000000 0.000000 0.000000 0.000000 0.000000 0.015500 0.000000 0.000100 0.000000 0.000000 0.000000 0.000000 0.000000 0.000000
WhiteLippe 0.000000 0.066200 0.000000 0.000000 0.015600 0.000000 0.000000 0.000000 0.000000 0.000000 0.000000 0.016100 0.000000 0.000000 0.000000 0.000000 0.015500 0.015600 0.016000 0.000000 0.000000 0.000000 0.000000 0.000000 0.000000 0.000000 0.000000 0.000000 0.000000 0.000000 0.000000 0.000000 0.031300 0.000000 0.000000 0.000000 0.000000 0.000000 0.000000 0.000000 0.000000 0.000000 0.000000 0.015500 0.000000 0.000100 0.000000 0.000000 0.000000 0.000000 0.000000 0.000000
ThomsonGaz 0.000000 0.066100 0.000000 0.000100 0.015600 0.000000 0.000000 0.000000 0.000000 0.000000 0.000000 0.016000 0.000000 0.000000 0.000000 0.000000 0.015500 0.015500 0.015900 0.000000 0.000100 0.000000 0.000000 0.000000 0.000000 0.000000 0.000000 0.000000 0.000000 0.000000 0.000000 0.000100 0.020800 0.000000 0.000000 0.000000 0.000000 0.000100 0.000000 0.000000 0.000000 0.000000 0.000000 0.015500 0.000000 0.000100 0.000000 0.000100 0.000000 0.000100 0.000100 0.000000
MuntiacusC 0.000000 0.066200 0.000000 0.000000 0.015600 0.000000 0.000000 0.000000 0.000000 0.000000 0.000000 0.016100 0.000000 0.000000 0.000000 0.000000 0.015500 0.015600 0.016000 0.000000 0.000000 0.000000 0.000000 0.000000 0.000000 0.000000 0.000000 0.000000 0.000000 0.000000 0.000000 0.000000 0.031300 0.000000 0.000000 0.000000 0.000000 0.000000 0.000000 0.000000 0.000000 0.000000 0.000000 0.015500 0.000000 0.000100 0.000000 0.000000 0.000000 0.000000 0.000000 0.000000
WhiteTaile 0.015500 0.082700 0.015500 0.015700 0.031200 0.015500 0.015500 0.015500 0.015500 0.015500 0.015500 0.032200 0.015500 0.015500 0.015500 0.015500 0.000000 0.000000 0.031800 0.015500 0.015600 0.015500 0.015500 0.015500 0.015500 0.015500 0.015500 0.015500 0.015500 0.015500 0.015500 0.015600 0.015400 0.015500 0.015500 0.015500 0.015500 0.015600 0.015500 0.015500 0.015500 0.015500 0.015500 0.000000 0.015500 0.015700 0.015500 0.015600 0.015500 0.015600 0.015600 0.015500
Cattle 0.000000 0.066200 0.000000 0.000000 0.015600 0.000000 0.000000 0.000000 0.000000 0.000000 0.000000 0.016100 0.000000 0.000000 0.000000 0.000000 0.015500 0.015600 0.016000 0.000000 0.000000 0.000000 0.000000 0.000000 0.000000 0.000000 0.000000 0.000000 0.000000 0.000000 0.000000 0.000000 0.031300 0.000000 0.000000 0.000000 0.000000 0.000000 0.000000 0.000000 0.000000 0.000000 0.000000 0.015500 0.000000 0.000100 0.000000 0.000000 0.000000 0.000000 0.000000 0.000000
RoyalAntel 0.000100 0.067100 0.000100 0.000100 0.015800 0.000100 0.000100 0.000100 0.000100 0.000100 0.000100 0.016200 0.000100 0.000100 0.000100 0.000100 0.015700 0.015800 0.016200 0.000100 0.000100 0.000100 0.000100 0.000100 0.000100 0.000100 0.000100 0.000100 0.000100 0.000100 0.000100 0.000100 0.019400 0.000100 0.000100 0.000100 0.000100 0.000100 0.000100 0.000100 0.000100 0.000100 0.000100 0.015700 0.000100 0.000000 0.000100 0.000100 0.000100 0.000100 0.000100 0.000100
Steenbok 0.000000 0.066200 0.000000 0.000000 0.015600 0.000000 0.000000 0.000000 0.000000 0.000000 0.000000 0.016100 0.000000 0.000000 0.000000 0.000000 0.015500 0.015600 0.016000 0.000000 0.000000 0.000000 0.000000 0.000000 0.000000 0.000000 0.000000 0.000000 0.000000 0.000000 0.000000 0.000000 0.031300 0.000000 0.000000 0.000000 0.000000 0.000000 0.000000 0.000000 0.000000 0.000000 0.000000 0.015500 0.000000 0.000100 0.000000 0.000000 0.000000 0.000000 0.000000 0.000000
Impala 0.000000 0.066400 0.000000 0.000100 0.015600 0.000000 0.000000 0.000000 0.000100 0.000000 0.000000 0.016100 0.000000 0.000000 0.000000 0.000000 0.015600 0.015600 0.016000 0.000100 0.000100 0.000000 0.000000 0.000000 0.000000 0.000100 0.000000 0.000100 0.000000 0.000100 0.000000 0.000100 0.021600 0.000000 0.000000 0.000000 0.000000 0.000100 0.000000 0.000000 0.000000 0.000100 0.000000 0.015600 0.000000 0.000100 0.000000 0.000000 0.000000 0.000000 0.000100 0.000100
Klipspring 0.000000 0.066200 0.000000 0.000000 0.015600 0.000000 0.000000 0.000000 0.000000 0.000000 0.000000 0.016100 0.000000 0.000000 0.000000 0.000000 0.015500 0.015600 0.016000 0.000000 0.000000 0.000000 0.000000 0.000000 0.000000 0.000000 0.000000 0.000000 0.000000 0.000000 0.000000 0.000000 0.031300 0.000000 0.000000 0.000000 0.000000 0.000000 0.000000 0.000000 0.000000 0.000000 0.000000 0.015500 0.000000 0.000100 0.000000 0.000000 0.000000 0.000000 0.000000 0.000000
ForestMusk 0.000000 0.066400 0.000000 0.000100 0.015600 0.000000 0.000000 0.000000 0.000100 0.000000 0.000000 0.016100 0.000000 0.000000 0.000000 0.000000 0.015600 0.015600 0.016000 0.000100 0.000100 0.000000 0.000000 0.000000 0.000000 0.000100 0.000000 0.000100 0.000000 0.000100 0.000000 0.000100 0.021600 0.000000 0.000000 0.000000 0.000000 0.000100 0.000000 0.000000 0.000000 0.000100 0.000000 0.015600 0.000000 0.000100 0.000000 0.000000 0.000000 0.000000 0.000100 0.000100
Bushbuck 0.000000 0.066500 0.000000 0.000100 0.015700 0.000000 0.000000 0.000000 0.000100 0.000000 0.000000 0.016100 0.000000 0.000000 0.000000 0.000000 0.015600 0.015600 0.016000 0.000100 0.000100 0.000000 0.000000 0.000000 0.000000 0.000100 0.000000 0.000100 0.000000 0.000100 0.000000 0.000100 0.020400 0.000000 0.000000 0.000000 0.000000 0.000100 0.000000 0.000000 0.000000 0.000100 0.000000 0.015600 0.000000 0.000100 0.000000 0.000100 0.000000 0.000100 0.000000 0.000100
GreaterKud 0.000000 0.066100 0.000000 0.000100 0.015600 0.000000 0.000000 0.000000 0.000000 0.000000 0.000000 0.016000 0.000000 0.000000 0.000000 0.000000 0.015500 0.015500 0.015900 0.000000 0.000100 0.000000 0.000000 0.000000 0.000000 0.000000 0.000000 0.000000 0.000000 0.000000 0.000000 0.000100 0.020800 0.000000 0.000000 0.000000 0.000000 0.000100 0.000000 0.000000 0.000000 0.000000 0.000000 0.015500 0.000000 0.000100 0.000000 0.000100 0.000000 0.000100 0.000100 0.000000
