1
52 1
Argali 0.000000 0.293100 0.084100 0.290500 0.065100 0.008600 0.072300 0.048500 0.088700 0.090500 0.008700 0.047900 0.039000 0.058000 0.074100 0.079300 0.105500 0.105300 0.030400 0.079200 0.070800 0.012900 0.077300 0.103000 0.013000 0.061700 0.034700 0.106900 0.088400 0.075000 0.096100 0.058000 0.144100 0.034700 0.056600 0.039300 0.017400 0.060900 0.071200 0.109200 0.080400 0.075000 0.086700 0.100200 0.039300 0.061400 0.065700 0.065900 0.053300 0.066300 0.083800 0.093100
LesserMous 0.293100 0.000000 0.281700 0.356300 0.301400 0.304700 0.338200 0.291500 0.293100 0.322700 0.292700 0.288500 0.294300 0.305300 0.300800 0.315700 0.275900 0.264300 0.261900 0.297800 0.330300 0.296800 0.332500 0.364600 0.298000 0.330400 0.289500 0.319600 0.326500 0.293200 0.326600 0.316900 0.293800 0.289500 0.304300 0.295600 0.287700 0.308200 0.291400 0.332900 0.307300 0.346300 0.320900 0.322700 0.278700 0.294500 0.304500 0.282300 0.275700 0.278300 0.287000 0.292100
LesserKudu 0.084100 0.281700 0.000000 0.358000 0.086300 0.093400 0.113000 0.097700 0.037100 0.116800 0.084100 0.087400 0.078200 0.079600 0.113800 0.119400 0.117400 0.117200 0.060600 0.037600 0.120500 0.088200 0.113500 0.145300 0.088500 0.120600 0.073900 0.046400 0.128600 0.033800 0.122600 0.079500 0.146000 0.073900 0.096100 0.087900 0.093600 0.091200 0.130800 0.140900 0.115900 0.134200 0.122900 0.126600 0.078700 0.106000 0.105500 0.115100 0.084000 0.115800 0.033600 0.042100
KillerWhal 0.290500 0.356300 0.358000 0.000000 0.311100 0.290200 0.361600 0.337700 0.364200 0.358700 0.301800 0.309400 0.321200 0.352700 0.311000 0.350700 0.331400 0.325200 0.305500 0.338300 0.353800 0.305900 0.356800 0.374100 0.307300 0.334800 0.316100 0.387400 0.350400 0.332700 0.350000 0.345400 0.382900 0.316100 0.331600 0.317100 0.308800 0.330400 0.331400 0.351200 0.330000 0.351400 0.344300 0.364300 0.323400 0.365200 0.356800 0.351100 0.364700 0.328300 0.357000 0.356800
DefassaWat 0.065100 0.301400 0.086300 0.311100 0.000000 0.074200 0.112100 0.078300 0.090800 0.120700 0.064800 0.068500 0.059700 0.088100 0.085400 0.108900 0.106800 0.106500 0.033800 0.072600 0.100600 0.068900 0.107800 0.124000 0.069100 0.100600 0.055400 0.108600 0.118000 0.068400 0.116800 0.078800 0.134600 0.055400 0.058000 0.068700 0.064900 0.020700 0.101100 0.114900 0.119800 0.113900 0.117100 0.125500 0.059800 0.095800 0.077100 0.081700 0.083300 0.086800 0.077100 0.095000
Sheep 0.008600 0.304700 0.093400 0.290200 0.074200 0.000000 0.081800 0.057600 0.098100 0.100100 0.017400 0.056900 0.039000 0.067300 0.074000 0.088600 0.114900 0.114600 0.039200 0.088500 0.080100 0.021700 0.086900 0.113000 0.021700 0.070800 0.034700 0.116400 0.097800 0.084200 0.105800 0.067200 0.153900 0.034700 0.065700 0.048200 0.026300 0.070000 0.080500 0.118900 0.089800 0.084200 0.096400 0.109800 0.048200 0.070500 0.074900 0.075100 0.062500 0.075500 0.093100 0.102500
MaxwellsDu 0.072300 0.338200 0.113000 0.361600 0.112100 0.081800 0.000000 0.081300 0.112800 0.130300 0.072200 0.094500 0.075800 0.049300 0.112000 0.103300 0.154500 0.154100 0.076100 0.112500 0.104300 0.076500 0.107100 0.134300 0.076800 0.094800 0.071400 0.131600 0.112700 0.108400 0.136500 0.049300 0.195800 0.071400 0.084700 0.085600 0.081900 0.107800 0.105000 0.160100 0.119400 0.108500 0.126800 0.140500 0.085600 0.104100 0.098800 0.113500 0.101000 0.114100 0.117300 0.107900
GazellaPrz 0.048500 0.291500 0.097700 0.337700 0.078300 0.057600 0.081300 0.000000 0.102200 0.104300 0.048400 0.061100 0.052100 0.062300 0.087200 0.047200 0.119100 0.118800 0.043400 0.092600 0.038800 0.052600 0.091100 0.117300 0.052700 0.038800 0.047800 0.120600 0.056000 0.088400 0.110000 0.062200 0.148500 0.047800 0.060800 0.052500 0.057600 0.074100 0.057100 0.113400 0.103500 0.051300 0.100600 0.104400 0.052400 0.070300 0.043000 0.079200 0.062200 0.079700 0.097400 0.106600
MountainNy 0.088700 0.293100 0.037100 0.364200 0.090800 0.098100 0.112800 0.102200 0.000000 0.131200 0.084000 0.091900 0.082700 0.088500 0.109000 0.124000 0.131400 0.131100 0.065000 0.024600 0.125100 0.092800 0.118200 0.150300 0.088500 0.125300 0.078400 0.025000 0.133300 0.046700 0.122500 0.088400 0.145900 0.078400 0.100600 0.092400 0.098200 0.095700 0.135700 0.135800 0.120600 0.138900 0.127700 0.141200 0.083200 0.120100 0.110000 0.119800 0.084100 0.120500 0.046500 0.046200
MuntiacusM 0.090500 0.322700 0.116800 0.358700 0.120700 0.100100 0.130300 0.104300 0.131200 0.000000 0.090500 0.093700 0.093700 0.095400 0.139800 0.126500 0.133800 0.123800 0.084800 0.121200 0.118100 0.085300 0.049200 0.069000 0.095000 0.108500 0.089300 0.149900 0.135800 0.116900 0.030900 0.095400 0.183600 0.089300 0.102700 0.094400 0.100300 0.107000 0.128200 0.080500 0.061700 0.122200 0.022000 0.062300 0.094300 0.112900 0.112300 0.122200 0.104800 0.113300 0.116500 0.126000
goat 0.008700 0.292700 0.084100 0.301800 0.064800 0.017400 0.072200 0.048400 0.084000 0.090500 0.000000 0.047900 0.039000 0.057900 0.074000 0.079200 0.105000 0.104800 0.030300 0.074600 0.070700 0.012900 0.077200 0.102900 0.004300 0.061600 0.034700 0.102100 0.088300 0.074900 0.086200 0.057900 0.143300 0.034700 0.056300 0.039100 0.017200 0.060800 0.071100 0.103900 0.080300 0.074900 0.086600 0.100100 0.038300 0.061400 0.065700 0.065800 0.044100 0.066200 0.083800 0.093000
AfricanBuf 0.047900 0.288500 0.087400 0.309400 0.068500 0.056900 0.094500 0.061100 0.091900 0.093700 0.047900 0.000000 0.051600 0.061600 0.086400 0.091800 0.099400 0.099200 0.043000 0.082500 0.083300 0.052100 0.080700 0.106000 0.052200 0.083400 0.047300 0.109900 0.091700 0.078300 0.099100 0.070700 0.136900 0.047300 0.069100 0.043100 0.057000 0.073300 0.083900 0.102600 0.083700 0.096700 0.089900 0.098300 0.043000 0.078600 0.078200 0.064800 0.066000 0.078800 0.087100 0.096200
Topi 0.039000 0.294300 0.078200 0.321200 0.059700 0.039000 0.075800 0.052100 0.082700 0.093700 0.039000 0.051600 0.000000 0.052600 0.077300 0.082600 0.099300 0.099100 0.025500 0.073400 0.074200 0.043200 0.071400 0.106000 0.043200 0.074300 0.004200 0.100600 0.091700 0.069200 0.089700 0.052500 0.137000 0.004200 0.051300 0.043000 0.048000 0.055500 0.083900 0.112200 0.093000 0.087500 0.090000 0.103300 0.034200 0.069500 0.060200 0.069300 0.056900 0.069700 0.078000 0.078000
CommonDuik 0.058000 0.305300 0.079600 0.352700 0.088100 0.067300 0.049300 0.062300 0.088500 0.095400 0.057900 0.061600 0.052600 0.000000 0.097200 0.093500 0.119800 0.119600 0.052800 0.079000 0.084900 0.062200 0.072700 0.113200 0.062400 0.085000 0.048200 0.106700 0.102700 0.075000 0.101000 0.026400 0.149200 0.048200 0.070400 0.062000 0.067300 0.083800 0.094900 0.114200 0.094600 0.098500 0.091600 0.105200 0.052800 0.070800 0.079700 0.084500 0.067300 0.089600 0.083700 0.083700
Suni 0.074100 0.300800 0.113800 0.311000 0.085400 0.074000 0.112000 0.087200 0.109000 0.139800 0.074000 0.086400 0.077300 0.097200 0.000000 0.127500 0.125700 0.125400 0.068800 0.099500 0.119100 0.069100 0.126700 0.153700 0.078300 0.119200 0.073100 0.127100 0.127400 0.095300 0.145800 0.106500 0.183500 0.073100 0.086000 0.077900 0.083300 0.090200 0.119900 0.139200 0.138700 0.123200 0.136300 0.149700 0.077800 0.104800 0.104200 0.090900 0.092400 0.114500 0.113500 0.113400
Springbuck 0.079300 0.315700 0.119400 0.350700 0.108900 0.088600 0.103300 0.047200 0.124000 0.126500 0.079200 0.091800 0.082600 0.093500 0.127500 0.000000 0.140700 0.140500 0.073900 0.123700 0.051200 0.083400 0.113400 0.140000 0.078900 0.033900 0.078300 0.142400 0.033500 0.119500 0.132400 0.093400 0.160800 0.078300 0.091300 0.083100 0.088700 0.104700 0.078700 0.135700 0.125600 0.046700 0.122900 0.136200 0.083100 0.091900 0.064200 0.110200 0.093300 0.101300 0.119100 0.128400
Okapi 0.105500 0.275900 0.117400 0.331400 0.106800 0.114900 0.154500 0.119100 0.131400 0.133800 0.105000 0.099400 0.099300 0.119800 0.125700 0.140700 0.000000 0.040100 0.090600 0.121700 0.137200 0.109100 0.130700 0.152800 0.109500 0.132500 0.095000 0.149600 0.140500 0.108200 0.130000 0.119700 0.119700 0.095000 0.107500 0.099600 0.110000 0.103100 0.133100 0.147200 0.132800 0.146000 0.130400 0.124500 0.099900 0.127300 0.117400 0.117600 0.124300 0.099800 0.117100 0.135700
Giraffe 0.105300 0.264300 0.117200 0.325200 0.106500 0.114600 0.154100 0.118800 0.131100 0.123800 0.104800 0.099200 0.099100 0.119600 0.125400 0.140500 0.040100 0.000000 0.081400 0.121400 0.136900 0.108800 0.120700 0.142300 0.109200 0.132200 0.094800 0.149300 0.140300 0.108000 0.120100 0.129000 0.138000 0.094800 0.116400 0.099400 0.105000 0.102800 0.118700 0.132300 0.122900 0.145700 0.120400 0.114700 0.099200 0.127000 0.117100 0.126800 0.124000 0.108800 0.116900 0.135400
TibetanAnt 0.030400 0.261900 0.060600 0.305500 0.033800 0.039200 0.076100 0.043400 0.065000 0.084800 0.030300 0.043000 0.025500 0.052800 0.068800 0.073900 0.090600 0.081400 0.000000 0.055900 0.065500 0.034600 0.071700 0.096900 0.034700 0.065500 0.021300 0.082700 0.082800 0.051700 0.080700 0.052700 0.128100 0.021300 0.042700 0.034400 0.030400 0.038200 0.065800 0.093800 0.084100 0.078700 0.081000 0.094300 0.025700 0.060800 0.051600 0.060600 0.048200 0.061000 0.060400 0.069300
Sitatunga 0.079200 0.297800 0.037600 0.338300 0.072600 0.088500 0.112500 0.092600 0.024600 0.121200 0.074600 0.082500 0.073400 0.079000 0.099500 0.123700 0.121700 0.121400 0.055900 0.000000 0.115300 0.083300 0.108300 0.139800 0.079000 0.115400 0.069100 0.041900 0.123500 0.029300 0.112600 0.078900 0.150300 0.069100 0.082000 0.083000 0.088600 0.077300 0.125600 0.125700 0.110800 0.128900 0.117700 0.131100 0.073900 0.110400 0.091200 0.100700 0.074700 0.110700 0.046400 0.046100
Oribi 0.070800 0.330300 0.120500 0.353800 0.100600 0.080100 0.104300 0.038800 0.125100 0.118100 0.070700 0.083300 0.074200 0.084900 0.119100 0.051200 0.137200 0.136900 0.065500 0.115300 0.000000 0.074900 0.104900 0.131400 0.075000 0.042900 0.069900 0.134100 0.060000 0.106400 0.123800 0.084800 0.167200 0.069900 0.082900 0.074700 0.080200 0.096400 0.061200 0.127100 0.117100 0.055900 0.114400 0.127800 0.074600 0.083500 0.055900 0.101800 0.084800 0.102300 0.120100 0.129500
BarbaryShe 0.012900 0.296800 0.088200 0.305900 0.068900 0.021700 0.076500 0.052600 0.092800 0.085300 0.012900 0.052100 0.043200 0.062200 0.069100 0.083400 0.109100 0.108800 0.034600 0.083300 0.074900 0.000000 0.081500 0.107200 0.017200 0.065800 0.038900 0.110900 0.092500 0.079100 0.100200 0.062200 0.147400 0.038900 0.060500 0.042900 0.021400 0.065000 0.075400 0.103200 0.084500 0.079100 0.090900 0.104300 0.042500 0.065600 0.069800 0.070000 0.057500 0.070400 0.088000 0.097100
Daviddeer 0.077300 0.332500 0.113500 0.356800 0.107800 0.086900 0.107100 0.091100 0.118200 0.049200 0.077200 0.080700 0.071400 0.072700 0.126700 0.113400 0.130700 0.120700 0.071700 0.108300 0.104900 0.081500 0.000000 0.055500 0.081800 0.095400 0.067000 0.137000 0.122900 0.103900 0.054200 0.072800 0.165600 0.067000 0.089700 0.081200 0.087000 0.094000 0.125000 0.076900 0.057900 0.109100 0.045100 0.058500 0.081200 0.109400 0.099300 0.109000 0.091700 0.090600 0.113100 0.103500
Reindeer 0.103000 0.364600 0.145300 0.374100 0.124000 0.113000 0.134300 0.117300 0.150300 0.069000 0.102900 0.106000 0.106000 0.113200 0.153700 0.140000 0.152800 0.142300 0.096900 0.139800 0.131400 0.107200 0.055500 0.000000 0.107600 0.121500 0.101500 0.169900 0.149900 0.135400 0.074300 0.108100 0.178600 0.101500 0.115300 0.106800 0.113200 0.114800 0.142200 0.073200 0.077700 0.135700 0.064900 0.044000 0.106800 0.136100 0.115600 0.125000 0.118000 0.116600 0.140000 0.144800
Ibex 0.013000 0.298000 0.088500 0.307300 0.069100 0.021700 0.076800 0.052700 0.088500 0.095000 0.004300 0.052200 0.043200 0.062400 0.078300 0.078900 0.109500 0.109200 0.034700 0.079000 0.075000 0.017200 0.081800 0.107600 0.000000 0.065900 0.038900 0.106700 0.092600 0.079300 0.090800 0.062400 0.147900 0.038900 0.060700 0.042600 0.021500 0.065200 0.075500 0.108400 0.084800 0.079200 0.091200 0.104700 0.043400 0.061200 0.069900 0.070200 0.048500 0.070600 0.088300 0.097500
GyrantGaze 0.061700 0.330400 0.120600 0.334800 0.100600 0.070800 0.094800 0.038800 0.125300 0.108500 0.061600 0.083400 0.074300 0.085000 0.119200 0.033900 0.132500 0.132200 0.065500 0.115400 0.042900 0.065800 0.095400 0.121500 0.065900 0.000000 0.069900 0.143800 0.033800 0.111100 0.114200 0.075600 0.162400 0.069900 0.073900 0.074700 0.070900 0.096400 0.060900 0.117600 0.098200 0.012600 0.104800 0.118200 0.074700 0.092800 0.047100 0.101800 0.080200 0.083800 0.120300 0.120200
Hartebeest 0.034700 0.289500 0.073900 0.316100 0.055400 0.034700 0.071400 0.047800 0.078400 0.089300 0.034700 0.047300 0.004200 0.048200 0.073100 0.078300 0.095000 0.094800 0.021300 0.069100 0.069900 0.038900 0.067000 0.101500 0.038900 0.069900 0.000000 0.096200 0.087300 0.064900 0.085200 0.048200 0.132600 0.000000 0.047000 0.038800 0.043700 0.051300 0.079500 0.107700 0.088600 0.083100 0.085500 0.098800 0.030000 0.065200 0.055900 0.065000 0.052600 0.065400 0.073700 0.073700
Bongo 0.106900 0.319600 0.046400 0.387400 0.108600 0.116400 0.131600 0.120600 0.025000 0.149900 0.102100 0.109900 0.100600 0.106700 0.127100 0.142400 0.149600 0.149300 0.082700 0.041900 0.134100 0.110900 0.137000 0.169900 0.106700 0.143800 0.096200 0.000000 0.151900 0.055200 0.141300 0.106600 0.169300 0.096200 0.118600 0.110500 0.116600 0.113600 0.154500 0.154600 0.139100 0.157600 0.146600 0.160100 0.101100 0.138500 0.128200 0.138200 0.102200 0.139000 0.054900 0.054900
Gerenuk 0.088400 0.326500 0.128600 0.350400 0.118000 0.097800 0.112700 0.056000 0.133300 0.135800 0.088300 0.091700 0.091700 0.102700 0.127400 0.033500 0.140500 0.140300 0.082800 0.123500 0.060000 0.092500 0.122900 0.149900 0.092600 0.033800 0.087300 0.151900 0.000000 0.119200 0.142000 0.093200 0.170400 0.087300 0.100300 0.092100 0.097800 0.113800 0.078600 0.145200 0.125300 0.046600 0.132500 0.145700 0.092100 0.110200 0.073000 0.110100 0.093100 0.110600 0.128200 0.137800
CommonElan 0.075000 0.293200 0.033800 0.332700 0.068400 0.084200 0.108400 0.088400 0.046700 0.116900 0.074900 0.078300 0.069200 0.075000 0.095300 0.119500 0.108200 0.108000 0.051700 0.029300 0.106400 0.079100 0.103900 0.135400 0.079300 0.111100 0.064900 0.055200 0.119200 0.000000 0.113000 0.075000 0.136400 0.064900 0.077800 0.078800 0.084300 0.073100 0.121300 0.131100 0.106500 0.124700 0.113300 0.126800 0.069600 0.106100 0.087000 0.096400 0.074900 0.106400 0.042300 0.042200
MuntiacusR 0.096100 0.326600 0.122600 0.350000 0.116800 0.105800 0.136500 0.110000 0.122500 0.030900 0.086200 0.099100 0.089700 0.101000 0.145800 0.132400 0.130000 0.120100 0.080700 0.112600 0.123800 0.100200 0.054200 0.074300 0.090800 0.114200 0.085200 0.141300 0.142000 0.113000 0.000000 0.101000 0.169900 0.085200 0.098700 0.099800 0.105900 0.103000 0.134400 0.090700 0.066800 0.128100 0.008800 0.076800 0.090200 0.128400 0.108300 0.128000 0.100700 0.109400 0.122200 0.122100
HarveysDui 0.058000 0.316900 0.079500 0.345400 0.078800 0.067200 0.049300 0.062200 0.088400 0.095400 0.057900 0.070700 0.052500 0.026400 0.106500 0.093400 0.119700 0.129000 0.052700 0.078900 0.084800 0.062200 0.072800 0.108100 0.062400 0.075600 0.048200 0.106600 0.093200 0.075000 0.101000 0.000000 0.149000 0.048200 0.052200 0.061900 0.067300 0.074500 0.094800 0.119300 0.085200 0.089100 0.091700 0.105200 0.061900 0.080000 0.070400 0.089000 0.062600 0.071000 0.083600 0.074400
Pronghorn 0.144100 0.293800 0.146000 0.382900 0.134600 0.153900 0.195800 0.148500 0.145900 0.183600 0.143300 0.136900 0.137000 0.149200 0.183500 0.160800 0.119700 0.138000 0.128100 0.150300 0.167200 0.147400 0.165600 0.178600 0.147900 0.162400 0.132600 0.169300 0.170400 0.136400 0.169900 0.149000 0.000000 0.132600 0.145200 0.146800 0.148600 0.140600 0.178000 0.157500 0.162300 0.176300 0.170400 0.154100 0.127600 0.156400 0.151100 0.155900 0.134300 0.137700 0.150600 0.155000
BlueWildeb 0.034700 0.289500 0.073900 0.316100 0.055400 0.034700 0.071400 0.047800 0.078400 0.089300 0.034700 0.047300 0.004200 0.048200 0.073100 0.078300 0.095000 0.094800 0.021300 0.069100 0.069900 0.038900 0.067000 0.101500 0.038900 0.069900 0.000000 0.096200 0.087300 0.064900 0.085200 0.048200 0.132600 0.000000 0.047000 0.038800 0.043700 0.051300 0.079500 0.107700 0.088600 0.083100 0.085500 0.098800 0.030000 0.065200 0.055900 0.065000 0.052600 0.065400 0.073700 0.073700
Gemsbok 0.056600 0.304300 0.096100 0.331600 0.058000 0.065700 0.084700 0.060800 0.100600 0.102700 0.056300 0.069100 0.051300 0.070400 0.086000 0.091300 0.107500 0.116400 0.042700 0.082000 0.082900 0.060500 0.089700 0.115300 0.060700 0.073900 0.047000 0.118600 0.100300 0.077800 0.098700 0.052200 0.145200 0.047000 0.000000 0.060300 0.065500 0.055200 0.092700 0.116000 0.101900 0.087100 0.099000 0.112300 0.051400 0.078200 0.051100 0.077900 0.070300 0.069400 0.091300 0.086700
Yak 0.039300 0.295600 0.087900 0.317100 0.068700 0.048200 0.085600 0.052500 0.092400 0.094400 0.039100 0.043100 0.043000 0.062000 0.077900 0.083100 0.099600 0.099400 0.034400 0.083000 0.074700 0.042900 0.081200 0.106800 0.042600 0.074700 0.038800 0.110500 0.092100 0.078800 0.099800 0.061900 0.146800 0.038800 0.060300 0.000000 0.048100 0.064800 0.084400 0.112400 0.093600 0.088000 0.090600 0.104000 0.016800 0.070000 0.069600 0.069700 0.057300 0.070100 0.087600 0.096800
BlueSheep 0.017400 0.287700 0.093600 0.308800 0.064900 0.026300 0.081900 0.057600 0.098200 0.100300 0.017200 0.057000 0.048000 0.067300 0.083300 0.088700 0.110000 0.105000 0.030400 0.088600 0.080200 0.021400 0.087000 0.113200 0.021500 0.070900 0.043700 0.116600 0.097800 0.084300 0.105900 0.067300 0.148600 0.043700 0.065500 0.048100 0.000000 0.061000 0.071200 0.118500 0.085200 0.084300 0.096500 0.110100 0.048100 0.070700 0.075000 0.075100 0.062600 0.071000 0.093300 0.102600
BohorReedb 0.060900 0.308200 0.091200 0.330400 0.020700 0.070000 0.107800 0.074100 0.095700 0.107000 0.060800 0.073300 0.055500 0.083800 0.090200 0.104700 0.103100 0.102800 0.038200 0.077300 0.096400 0.065000 0.094000 0.114800 0.065200 0.096400 0.051300 0.113600 0.113800 0.073100 0.103000 0.074500 0.140600 0.051300 0.055200 0.064800 0.061000 0.000000 0.096900 0.130300 0.106100 0.109700 0.103300 0.116600 0.055800 0.091600 0.073000 0.082200 0.079100 0.082700 0.081800 0.099900
KirksDik 0.071200 0.291400 0.130800 0.331400 0.101100 0.080500 0.105000 0.057100 0.135700 0.128200 0.071100 0.083900 0.083900 0.094900 0.119900 0.078700 0.133100 0.118700 0.065800 0.125600 0.061200 0.075400 0.125000 0.142200 0.075500 0.060900 0.079500 0.154500 0.078600 0.121300 0.134400 0.094800 0.178000 0.079500 0.092700 0.084400 0.071200 0.096900 0.000000 0.132900 0.113000 0.074400 0.124800 0.128400 0.084300 0.093100 0.065200 0.093000 0.094800 0.107800 0.130400 0.140100
RoeDeer 0.109200 0.332900 0.140900 0.351200 0.114900 0.118900 0.160100 0.113400 0.135800 0.080500 0.103900 0.102600 0.112200 0.114200 0.139200 0.135700 0.147200 0.132300 0.093800 0.125700 0.127100 0.103200 0.076900 0.073200 0.108400 0.117600 0.107700 0.154600 0.145200 0.131100 0.090700 0.119300 0.157500 0.107700 0.116000 0.112400 0.118500 0.130300 0.132900 0.000000 0.089100 0.131400 0.086100 0.080300 0.102800 0.131600 0.121300 0.131100 0.104500 0.108000 0.140400 0.140400
WhiteLippe 0.080400 0.307300 0.115900 0.330000 0.119800 0.089800 0.119400 0.103500 0.120600 0.061700 0.080300 0.083700 0.093000 0.094600 0.138700 0.125600 0.132800 0.122900 0.084100 0.110800 0.117100 0.084500 0.057900 0.077700 0.084800 0.098200 0.088600 0.139100 0.125300 0.106500 0.066800 0.085200 0.162300 0.088600 0.101900 0.093600 0.085200 0.106100 0.113000 0.089100 0.000000 0.111700 0.057800 0.080200 0.093500 0.121600 0.111500 0.121200 0.094500 0.093300 0.115600 0.115500
ThomsonGaz 0.075000 0.346300 0.134200 0.351400 0.113900 0.084200 0.108500 0.051300 0.138900 0.122200 0.074900 0.096700 0.087500 0.098500 0.123200 0.046700 0.146000 0.145700 0.078700 0.128900 0.055900 0.079100 0.109100 0.135700 0.079200 0.012600 0.083100 0.157600 0.046600 0.124700 0.128100 0.089100 0.176300 0.083100 0.087100 0.088000 0.084300 0.109700 0.074400 0.131400 0.111700 0.000000 0.118700 0.132000 0.088000 0.106200 0.060100 0.115300 0.093700 0.097100 0.133800 0.133800
MuntiacusC 0.086700 0.320900 0.122900 0.344300 0.117100 0.096400 0.126800 0.100600 0.127700 0.022000 0.086600 0.089900 0.090000 0.091600 0.136300 0.122900 0.130400 0.120400 0.081000 0.117700 0.114400 0.090900 0.045100 0.064900 0.091200 0.104800 0.085500 0.146600 0.132500 0.113300 0.008800 0.091700 0.170400 0.085500 0.099000 0.090600 0.096500 0.103300 0.124800 0.086100 0.057800 0.118700 0.000000 0.067700 0.090500 0.119000 0.108700 0.118600 0.101200 0.100000 0.122600 0.122500
WhiteTaile 0.100200 0.322700 0.126600 0.364300 0.125500 0.109800 0.140500 0.104400 0.141200 0.062300 0.100100 0.098300 0.103300 0.105200 0.149700 0.136200 0.124500 0.114700 0.094300 0.131100 0.127800 0.104300 0.058500 0.044000 0.104700 0.118200 0.098800 0.160100 0.145700 0.126800 0.076800 0.105200 0.154100 0.098800 0.112300 0.104000 0.110100 0.116600 0.128400 0.080300 0.080200 0.132000 0.067700 0.000000 0.103900 0.122600 0.093600 0.121800 0.114700 0.103900 0.126200 0.135900
Cattle 0.039300 0.278700 0.078700 0.323400 0.059800 0.048200 0.085600 0.052400 0.083200 0.094300 0.038300 0.043000 0.034200 0.052800 0.077800 0.083100 0.099900 0.099200 0.025700 0.073900 0.074600 0.042500 0.081200 0.106800 0.043400 0.074700 0.030000 0.101100 0.092100 0.069600 0.090200 0.061900 0.127600 0.030000 0.051400 0.016800 0.048100 0.055800 0.084300 0.102800 0.093500 0.088000 0.090500 0.103900 0.000000 0.060900 0.060600 0.065300 0.048200 0.070100 0.078400 0.087500
RoyalAntel 0.061400 0.294500 0.106000 0.365200 0.095800 0.070500 0.104100 0.070300 0.120100 0.112900 0.061400 0.078600 0.069500 0.070800 0.104800 0.091900 0.127300 0.127000 0.060800 0.110400 0.083500 0.065600 0.109400 0.136100 0.061200 0.092800 0.065200 0.138500 0.110200 0.106100 0.128400 0.080000 0.156400 0.065200 0.078200 0.070000 0.070700 0.091600 0.093100 0.131600 0.121600 0.106200 0.119000 0.122600 0.060900 0.000000 0.087400 0.074000 0.075100 0.097400 0.105700 0.124500
Steenbok 0.065700 0.304500 0.105500 0.356800 0.077100 0.074900 0.098800 0.043000 0.110000 0.112300 0.065700 0.078200 0.060200 0.079700 0.104200 0.064200 0.117400 0.117100 0.051600 0.091200 0.055900 0.069800 0.099300 0.115600 0.069900 0.047100 0.055900 0.128200 0.073000 0.087000 0.108300 0.070400 0.151100 0.055900 0.051100 0.069600 0.075000 0.073000 0.065200 0.121300 0.111500 0.060100 0.108700 0.093600 0.060600 0.087400 0.000000 0.087100 0.074900 0.078600 0.105200 0.105100
Impala 0.065900 0.282300 0.115100 0.351100 0.081700 0.075100 0.113500 0.079200 0.119800 0.122200 0.065800 0.064800 0.069300 0.084500 0.090900 0.110200 0.117600 0.126800 0.060600 0.100700 0.101800 0.070000 0.109000 0.125000 0.070200 0.101800 0.065000 0.138200 0.110100 0.096400 0.128000 0.089000 0.155900 0.065000 0.077900 0.069700 0.075100 0.082200 0.093000 0.131100 0.121200 0.115300 0.118600 0.121800 0.065300 0.074000 0.087100 0.000000 0.079800 0.087800 0.114800 0.124100
Klipspring 0.053300 0.275700 0.084000 0.364700 0.083300 0.062500 0.101000 0.062200 0.084100 0.104800 0.044100 0.066000 0.056900 0.067300 0.092400 0.093300 0.124300 0.124000 0.048200 0.074700 0.084800 0.057500 0.091700 0.118000 0.048500 0.080200 0.052600 0.102200 0.093100 0.074900 0.100700 0.062600 0.134300 0.052600 0.070300 0.057300 0.062600 0.079100 0.094800 0.104500 0.094500 0.093700 0.101200 0.114700 0.048200 0.075100 0.074900 0.079800 0.000000 0.080100 0.088500 0.088400
ForestMusk 0.066300 0.278300 0.115800 0.328300 0.086800 0.075500 0.114100 0.079700 0.120500 0.113300 0.066200 0.078800 0.069700 0.089600 0.114500 0.101300 0.099800 0.108800 0.061000 0.110700 0.102300 0.070400 0.090600 0.116600 0.070600 0.083800 0.065400 0.139000 0.110600 0.106400 0.109400 0.071000 0.137700 0.065400 0.069400 0.070100 0.071000 0.082700 0.107800 0.108000 0.093300 0.097100 0.100000 0.103900 0.070100 0.097400 0.078600 0.087800 0.080100 0.000000 0.115500 0.115400
Bushbuck 0.083800 0.287000 0.033600 0.357000 0.077100 0.093100 0.117300 0.097400 0.046500 0.116500 0.083800 0.087100 0.078000 0.083700 0.113500 0.119100 0.117100 0.116900 0.060400 0.046400 0.120100 0.088000 0.113100 0.140000 0.088300 0.120300 0.073700 0.054900 0.128200 0.042300 0.122200 0.083600 0.150600 0.073700 0.091300 0.087600 0.093300 0.081800 0.130400 0.140400 0.115600 0.133800 0.122600 0.126200 0.078400 0.105700 0.105200 0.114800 0.088500 0.115500 0.000000 0.042100
GreaterKud 0.093100 0.292100 0.042100 0.356800 0.095000 0.102500 0.107900 0.106600 0.046200 0.126000 0.093000 0.096200 0.078000 0.083700 0.113400 0.128400 0.135700 0.135400 0.069300 0.046100 0.129500 0.097100 0.103500 0.144800 0.097500 0.120200 0.073700 0.054900 0.137800 0.042200 0.122100 0.074400 0.155000 0.073700 0.086700 0.096800 0.102600 0.099900 0.140100 0.140400 0.115500 0.133800 0.122500 0.135900 0.087500 0.124500 0.105100 0.124100 0.088400 0.115400 0.042100 0.000000
