1
52 1
Argali 0.000000 0.062500 0.000000 0.000200 0.000000 0.000000 0.000000 0.000000 0.000000 0.063500 0.000000 0.000000 0.030300 0.000000 0.000000 0.000000 0.000000 0.000000 0.000000 0.000000 0.031400 0.000000 0.000000 0.030800 0.000000 0.000000 0.000000 0.000000 0.000000 0.000000 0.095100 0.000000 0.000000 0.000000 0.000000 0.000000 0.000000 0.000000 0.000000 0.000000 0.000000 0.000000 0.063500 0.030800 0.000000 0.000000 0.000000 0.000000 0.000000 0.000000 0.000000 0.000000
LesserMous 0.062500 0.000000 0.062500 0.060800 0.062500 0.062500 0.062500 0.062500 0.062500 0.131600 0.062500 0.062500 0.093800 0.062500 0.062500 0.062500 0.062500 0.062500 0.062500 0.062500 0.097100 0.062500 0.062500 0.095400 0.062500 0.062500 0.062500 0.062500 0.062500 0.062500 0.165000 0.062500 0.062500 0.062500 0.062500 0.062500 0.062500 0.062500 0.062500 0.062500 0.062500 0.062500 0.131600 0.095400 0.062500 0.062500 0.062500 0.062500 0.062500 0.062500 0.062500 0.062500
LesserKudu 0.000000 0.062500 0.000000 0.000200 0.000000 0.000000 0.000000 0.000000 0.000000 0.063500 0.000000 0.000000 0.030300 0.000000 0.000000 0.000000 0.000000 0.000000 0.000000 0.000000 0.031400 0.000000 0.000000 0.030800 0.000000 0.000000 0.000000 0.000000 0.000000 0.000000 0.095100 0.000000 0.000000 0.000000 0.000000 0.000000 0.000000 0.000000 0.000000 0.000000 0.000000 0.000000 0.063500 0.030800 0.000000 0.000000 0.000000 0.000000 0.000000 0.000000 0.000000 0.000000
KillerWhal 0.000200 0.060800 0.000200 0.000000 0.000200 0.000200 0.000200 0.000200 0.000200 0.061800 0.000200 0.000200 0.029300 0.000200 0.000200 0.000200 0.000200 0.000200 0.000200 0.000200 0.030600 0.000200 0.000200 0.030000 0.000200 0.000200 0.000200 0.000200 0.000200 0.000200 0.092400 0.000200 0.000200 0.000200 0.000200 0.000200 0.000200 0.000200 0.000200 0.000200 0.000200 0.000200 0.061800 0.030000 0.000200 0.000200 0.000200 0.000200 0.000200 0.000200 0.000200 0.000200
DefassaWat 0.000000 0.062500 0.000000 0.000200 0.000000 0.000000 0.000000 0.000000 0.000000 0.063500 0.000000 0.000000 0.030300 0.000000 0.000000 0.000000 0.000000 0.000000 0.000000 0.000000 0.031400 0.000000 0.000000 0.030800 0.000000 0.000000 0.000000 0.000000 0.000000 0.000000 0.095100 0.000000 0.000000 0.000000 0.000000 0.000000 0.000000 0.000000 0.000000 0.000000 0.000000 0.000000 0.063500 0.030800 0.000000 0.000000 0.000000 0.000000 0.000000 0.000000 0.000000 0.000000
Sheep 0.000000 0.062500 0.000000 0.000200 0.000000 0.000000 0.000000 0.000000 0.000000 0.063500 0.000000 0.000000 0.030300 0.000000 0.000000 0.000000 0.000000 0.000000 0.000000 0.000000 0.031400 0.000000 0.000000 0.030800 0.000000 0.000000 0.000000 0.000000 0.000000 0.000000 0.095100 0.000000 0.000000 0.000000 0.000000 0.000000 0.000000 0.000000 0.000000 0.000000 0.000000 0.000000 0.063500 0.030800 0.000000 0.000000 0.000000 0.000000 0.000000 0.000000 0.000000 0.000000
MaxwellsDu 0.000000 0.062500 0.000000 0.000200 0.000000 0.000000 0.000000 0.000000 0.000000 0.063500 0.000000 0.000000 0.030300 0.000000 0.000000 0.000000 0.000000 0.000000 0.000000 0.000000 0.031400 0.000000 0.000000 0.030800 0.000000 0.000000 0.000000 0.000000 0.000000 0.000000 0.095100 0.000000 0.000000 0.000000 0.000000 0.000000 0.000000 0.000000 0.000000 0.000000 0.000000 0.000000 0.063500 0.030800 0.000000 0.000000 0.000000 0.000000 0.000000 0.000000 0.000000 0.000000
GazellaPrz 0.000000 0.062500 0.000000 0.000200 0.000000 0.000000 0.000000 0.000000 0.000000 0.063500 0.000000 0.000000 0.030300 0.000000 0.000000 0.000000 0.000000 0.000000 0.000000 0.000000 0.031400 0.000000 0.000000 0.030800 0.000000 0.000000 0.000000 0.000000 0.000000 0.000000 0.095100 0.000000 0.000000 0.000000 0.000000 0.000000 0.000000 0.000000 0.000000 0.000000 0.000000 0.000000 0.063500 0.030800 0.000000 0.000000 0.000000 0.000000 0.000000 0.000000 0.000000 0.000000
MountainNy 0.000000 0.062500 0.000000 0.000200 0.000000 0.000000 0.000000 0.000000 0.000000 0.063300 0.000000 0.000000 0.030300 0.000000 0.000000 0.000000 0.000000 0.000000 0.000000 0.000000 0.031400 0.000000 0.000000 0.030800 0.000000 0.000000 0.000000 0.000000 0.000000 0.000000 0.095100 0.000000 0.000000 0.000000 0.000000 0.000000 0.000000 0.000000 0.000000 0.000000 0.000000 0.000000 0.063500 0.030800 0.000000 0.000000 0.000000 0.000000 0.000000 0.000000 0.000000 0.000000
MuntiacusM 0.063500 0.131600 0.063500 0.061800 0.063500 0.063500 0.063500 0.063500 0.063300 0.000000 0.063500 0.063500 0.095100 0.063500 0.063500 0.063500 0.063500 0.063500 0.063500 0.063500 0.063900 0.063500 0.063500 0.097000 0.063500 0.063500 0.063500 0.063500 0.063500 0.063500 0.029400 0.063500 0.063500 0.063500 0.063500 0.063500 0.063500 0.063500 0.063500 0.063500 0.063500 0.063500 0.000000 0.097000 0.063500 0.063500 0.063500 0.063500 0.063500 0.063500 0.063500 0.063500
goat 0.000000 0.062500 0.000000 0.000200 0.000000 0.000000 0.000000 0.000000 0.000000 0.063500 0.000000 0.000000 0.030300 0.000000 0.000000 0.000000 0.000000 0.000000 0.000000 0.000000 0.031400 0.000000 0.000000 0.030800 0.000000 0.000000 0.000000 0.000000 0.000000 0.000000 0.095100 0.000000 0.000000 0.000000 0.000000 0.000000 0.000000 0.000000 0.000000 0.000000 0.000000 0.000000 0.063500 0.030800 0.000000 0.000000 0.000000 0.000000 0.000000 0.000000 0.000000 0.000000
AfricanBuf 0.000000 0.062500 0.000000 0.000200 0.000000 0.000000 0.000000 0.000000 0.000000 0.063500 0.000000 0.000000 0.030300 0.000000 0.000000 0.000000 0.000000 0.000000 0.000000 0.000000 0.031400 0.000000 0.000000 0.030800 0.000000 0.000000 0.000000 0.000000 0.000000 0.000000 0.095100 0.000000 0.000000 0.000000 0.000000 0.000000 0.000000 0.000000 0.000000 0.000000 0.000000 0.000000 0.063500 0.030800 0.000000 0.000000 0.000000 0.000000 0.000000 0.000000 0.000000 0.000000
Topi 0.030300 0.093800 0.030300 0.029300 0.030300 0.030300 0.030300 0.030300 0.030300 0.095100 0.030300 0.030300 0.000000 0.030300 0.030300 0.030300 0.030300 0.030300 0.030300 0.030300 0.062500 0.030300 0.030300 0.061500 0.030300 0.030300 0.030300 0.030300 0.030200 0.030300 0.127100 0.030300 0.030300 0.030300 0.030300 0.030300 0.030300 0.030300 0.030300 0.030300 0.030300 0.030300 0.095100 0.061500 0.030300 0.030300 0.030300 0.030300 0.030300 0.030300 0.030300 0.030300
CommonDuik 0.000000 0.062500 0.000000 0.000200 0.000000 0.000000 0.000000 0.000000 0.000000 0.063500 0.000000 0.000000 0.030300 0.000000 0.000000 0.000000 0.000000 0.000000 0.000000 0.000000 0.031400 0.000000 0.000000 0.030800 0.000000 0.000000 0.000000 0.000000 0.000000 0.000000 0.095100 0.000000 0.000000 0.000000 0.000000 0.000000 0.000000 0.000000 0.000000 0.000000 0.000000 0.000000 0.063500 0.030800 0.000000 0.000000 0.000000 0.000000 0.000000 0.000000 0.000000 0.000000
Suni 0.000000 0.062500 0.000000 0.000200 0.000000 0.000000 0.000000 0.000000 0.000000 0.063500 0.000000 0.000000 0.030300 0.000000 0.000000 0.000000 0.000000 0.000000 0.000000 0.000000 0.031400 0.000000 0.000000 0.030800 0.000000 0.000000 0.000000 0.000000 0.000000 0.000000 0.095100 0.000000 0.000000 0.000000 0.000000 0.000000 0.000000 0.000000 0.000000 0.000000 0.000000 0.000000 0.063500 0.030800 0.000000 0.000000 0.000000 0.000000 0.000000 0.000000 0.000000 0.000000
Springbuck 0.000000 0.062500 0.000000 0.000200 0.000000 0.000000 0.000000 0.000000 0.000000 0.063500 0.000000 0.000000 0.030300 0.000000 0.000000 0.000000 0.000000 0.000000 0.000000 0.000000 0.031400 0.000000 0.000000 0.030800 0.000000 0.000000 0.000000 0.000000 0.000000 0.000000 0.095100 0.000000 0.000000 0.000000 0.000000 0.000000 0.000000 0.000000 0.000000 0.000000 0.000000 0.000000 0.063500 0.030800 0.000000 0.000000 0.000000 0.000000 0.000000 0.000000 0.000000 0.000000
Okapi 0.000000 0.062500 0.000000 0.000200 0.000000 0.000000 0.000000 0.000000 0.000000 0.063500 0.000000 0.000000 0.030300 0.000000 0.000000 0.000000 0.000000 0.000000 0.000000 0.000000 0.031400 0.000000 0.000000 0.030800 0.000000 0.000000 0.000000 0.000000 0.000000 0.000000 0.095100 0.000000 0.000000 0.000000 0.000000 0.000000 0.000000 0.000000 0.000000 0.000000 0.000000 0.000000 0.063500 0.030800 0.000000 0.000000 0.000000 0.000000 0.000000 0.000000 0.000000 0.000000
Giraffe 0.000000 0.062500 0.000000 0.000200 0.000000 0.000000 0.000000 0.000000 0.000000 0.063500 0.000000 0.000000 0.030300 0.000000 0.000000 0.000000 0.000000 0.000000 0.000000 0.000000 0.031400 0.000000 0.000000 0.030800 0.000000 0.000000 0.000000 0.000000 0.000000 0.000000 0.095100 0.000000 0.000000 0.000000 0.000000 0.000000 0.000000 0.000000 0.000000 0.000000 0.000000 0.000000 0.063500 0.030800 0.000000 0.000000 0.000000 0.000000 0.000000 0.000000 0.000000 0.000000
TibetanAnt 0.000000 0.062500 0.000000 0.000200 0.000000 0.000000 0.000000 0.000000 0.000000 0.063500 0.000000 0.000000 0.030300 0.000000 0.000000 0.000000 0.000000 0.000000 0.000000 0.000000 0.031400 0.000000 0.000000 0.030800 0.000000 0.000000 0.000000 0.000000 0.000000 0.000000 0.095100 0.000000 0.000000 0.000000 0.000000 0.000000 0.000000 0.000000 0.000000 0.000000 0.000000 0.000000 0.063500 0.030800 0.000000 0.000000 0.000000 0.000000 0.000000 0.000000 0.000000 0.000000
Sitatunga 0.000000 0.062500 0.000000 0.000200 0.000000 0.000000 0.000000 0.000000 0.000000 0.063500 0.000000 0.000000 0.030300 0.000000 0.000000 0.000000 0.000000 0.000000 0.000000 0.000000 0.031400 0.000000 0.000000 0.030800 0.000000 0.000000 0.000000 0.000000 0.000000 0.000000 0.095100 0.000000 0.000000 0.000000 0.000000 0.000000 0.000000 0.000000 0.000000 0.000000 0.000000 0.000000 0.063500 0.030800 0.000000 0.000000 0.000000 0.000000 0.000000 0.000000 0.000000 0.000000
Oribi 0.031400 0.097100 0.031400 0.030600 0.031400 0.031400 0.031400 0.031400 0.031400 0.063900 0.031400 0.031400 0.062500 0.031400 0.031400 0.031400 0.031400 0.031400 0.031400 0.031400 0.000000 0.031400 0.031400 0.063700 0.031400 0.031400 0.031400 0.031400 0.031400 0.031400 0.095700 0.031400 0.031400 0.031400 0.031400 0.031400 0.031400 0.031400 0.031400 0.031400 0.031400 0.031400 0.063900 0.063700 0.031400 0.031400 0.031400 0.031400 0.031400 0.031400 0.031400 0.031400
BarbaryShe 0.000000 0.062500 0.000000 0.000200 0.000000 0.000000 0.000000 0.000000 0.000000 0.063500 0.000000 0.000000 0.030300 0.000000 0.000000 0.000000 0.000000 0.000000 0.000000 0.000000 0.031400 0.000000 0.000000 0.030800 0.000000 0.000000 0.000000 0.000000 0.000000 0.000000 0.095100 0.000000 0.000000 0.000000 0.000000 0.000000 0.000000 0.000000 0.000000 0.000000 0.000000 0.000000 0.063500 0.030800 0.000000 0.000000 0.000000 0.000000 0.000000 0.000000 0.000000 0.000000
Daviddeer 0.000000 0.062500 0.000000 0.000200 0.000000 0.000000 0.000000 0.000000 0.000000 0.063500 0.000000 0.000000 0.030300 0.000000 0.000000 0.000000 0.000000 0.000000 0.000000 0.000000 0.031400 0.000000 0.000000 0.030800 0.000000 0.000000 0.000000 0.000000 0.000000 0.000000 0.095100 0.000000 0.000000 0.000000 0.000000 0.000000 0.000000 0.000000 0.000000 0.000000 0.000000 0.000000 0.063500 0.030800 0.000000 0.000000 0.000000 0.000000 0.000000 0.000000 0.000000 0.000000
Reindeer 0.030800 0.095400 0.030800 0.030000 0.030800 0.030800 0.030800 0.030800 0.030800 0.097000 0.030800 0.030800 0.061500 0.030800 0.030800 0.030800 0.030800 0.030800 0.030800 0.030800 0.063700 0.030800 0.030800 0.000000 0.030800 0.030800 0.030800 0.030800 0.030800 0.030800 0.129400 0.030800 0.030800 0.030800 0.030800 0.030800 0.030800 0.030800 0.030800 0.030800 0.030800 0.030800 0.097000 0.000000 0.030800 0.030800 0.030800 0.030800 0.030800 0.030800 0.030800 0.030800
Ibex 0.000000 0.062500 0.000000 0.000200 0.000000 0.000000 0.000000 0.000000 0.000000 0.063500 0.000000 0.000000 0.030300 0.000000 0.000000 0.000000 0.000000 0.000000 0.000000 0.000000 0.031400 0.000000 0.000000 0.030800 0.000000 0.000000 0.000000 0.000000 0.000000 0.000000 0.095100 0.000000 0.000000 0.000000 0.000000 0.000000 0.000000 0.000000 0.000000 0.000000 0.000000 0.000000 0.063500 0.030800 0.000000 0.000000 0.000000 0.000000 0.000000 0.000000 0.000000 0.000000
GyrantGaze 0.000000 0.062500 0.000000 0.000200 0.000000 0.000000 0.000000 0.000000 0.000000 0.063500 0.000000 0.000000 0.030300 0.000000 0.000000 0.000000 0.000000 0.000000 0.000000 0.000000 0.031400 0.000000 0.000000 0.030800 0.000000 0.000000 0.000000 0.000000 0.000000 0.000000 0.095100 0.000000 0.000000 0.000000 0.000000 0.000000 0.000000 0.000000 0.000000 0.000000 0.000000 0.000000 0.063500 0.030800 0.000000 0.000000 0.000000 0.000000 0.000000 0.000000 0.000000 0.000000
Hartebeest 0.000000 0.062500 0.000000 0.000200 0.000000 0.000000 0.000000 0.000000 0.000000 0.063500 0.000000 0.000000 0.030300 0.000000 0.000000 0.000000 0.000000 0.000000 0.000000 0.000000 0.031400 0.000000 0.000000 0.030800 0.000000 0.000000 0.000000 0.000000 0.000000 0.000000 0.095100 0.000000 0.000000 0.000000 0.000000 0.000000 0.000000 0.000000 0.000000 0.000000 0.000000 0.000000 0.063500 0.030800 0.000000 0.000000 0.000000 0.000000 0.000000 0.000000 0.000000 0.000000
Bongo 0.000000 0.062500 0.000000 0.000200 0.000000 0.000000 0.000000 0.000000 0.000000 0.063500 0.000000 0.000000 0.030300 0.000000 0.000000 0.000000 0.000000 0.000000 0.000000 0.000000 0.031400 0.000000 0.000000 0.030800 0.000000 0.000000 0.000000 0.000000 0.000000 0.000000 0.095100 0.000000 0.000000 0.000000 0.000000 0.000000 0.000000 0.000000 0.000000 0.000000 0.000000 0.000000 0.063500 0.030800 0.000000 0.000000 0.000000 0.000000 0.000000 0.000000 0.000000 0.000000
Gerenuk 0.000000 0.062500 0.000000 0.000200 0.000000 0.000000 0.000000 0.000000 0.000000 0.063500 0.000000 0.000000 0.030200 0.000000 0.000000 0.000000 0.000000 0.000000 0.000000 0.000000 0.031400 0.000000 0.000000 0.030800 0.000000 0.000000 0.000000 0.000000 0.000000 0.000000 0.095100 0.000000 0.000000 0.000000 0.000000 0.000000 0.000000 0.000000 0.000000 0.000000 0.000000 0.000000 0.063500 0.030800 0.000000 0.000000 0.000000 0.000000 0.000000 0.000000 0.000000 0.000000
CommonElan 0.000000 0.062500 0.000000 0.000200 0.000000 0.000000 0.000000 0.000000 0.000000 0.063500 0.000000 0.000000 0.030300 0.000000 0.000000 0.000000 0.000000 0.000000 0.000000 0.000000 0.031400 0.000000 0.000000 0.030800 0.000000 0.000000 0.000000 0.000000 0.000000 0.000000 0.095100 0.000000 0.000000 0.000000 0.000000 0.000000 0.000000 0.000000 0.000000 0.000000 0.000000 0.000000 0.063500 0.030800 0.000000 0.000000 0.000000 0.000000 0.000000 0.000000 0.000000 0.000000
MuntiacusR 0.095100 0.165000 0.095100 0.092400 0.095100 0.095100 0.095100 0.095100 0.095100 0.029400 0.095100 0.095100 0.127100 0.095100 0.095100 0.095100 0.095100 0.095100 0.095100 0.095100 0.095700 0.095100 0.095100 0.129400 0.095100 0.095100 0.095100 0.095100 0.095100 0.095100 0.000000 0.095100 0.095100 0.095100 0.095100 0.095100 0.095100 0.095100 0.095100 0.095100 0.095100 0.095100 0.029400 0.129400 0.095100 0.095100 0.095100 0.095100 0.095100 0.095100 0.095100 0.095100
HarveysDui 0.000000 0.062500 0.000000 0.000200 0.000000 0.000000 0.000000 0.000000 0.000000 0.063500 0.000000 0.000000 0.030300 0.000000 0.000000 0.000000 0.000000 0.000000 0.000000 0.000000 0.031400 0.000000 0.000000 0.030800 0.000000 0.000000 0.000000 0.000000 0.000000 0.000000 0.095100 0.000000 0.000000 0.000000 0.000000 0.000000 0.000000 0.000000 0.000000 0.000000 0.000000 0.000000 0.063500 0.030800 0.000000 0.000000 0.000000 0.000000 0.000000 0.000000 0.000000 0.000000
Pronghorn 0.000000 0.062500 0.000000 0.000200 0.000000 0.000000 0.000000 0.000000 0.000000 0.063500 0.000000 0.000000 0.030300 0.000000 0.000000 0.000000 0.000000 0.000000 0.000000 0.000000 0.031400 0.000000 0.000000 0.030800 0.000000 0.000000 0.000000 0.000000 0.000000 0.000000 0.095100 0.000000 0.000000 0.000000 0.000000 0.000000 0.000000 0.000000 0.000000 0.000000 0.000000 0.000000 0.063500 0.030800 0.000000 0.000000 0.000000 0.000000 0.000000 0.000000 0.000000 0.000000
BlueWildeb 0.000000 0.062500 0.000000 0.000200 0.000000 0.000000 0.000000 0.000000 0.000000 0.063500 0.000000 0.000000 0.030300 0.000000 0.000000 0.000000 0.000000 0.000000 0.000000 0.000000 0.031400 0.000000 0.000000 0.030800 0.000000 0.000000 0.000000 0.000000 0.000000 0.000000 0.095100 0.000000 0.000000 0.000000 0.000000 0.000000 0.000000 0.000000 0.000000 0.000000 0.000000 0.000000 0.063500 0.030800 0.000000 0.000000 0.000000 0.000000 0.000000 0.000000 0.000000 0.000000
Gemsbok 0.000000 0.062500 0.000000 0.000200 0.000000 0.000000 0.000000 0.000000 0.000000 0.063500 0.000000 0.000000 0.030300 0.000000 0.000000 0.000000 0.000000 0.000000 0.000000 0.000000 0.031400 0.000000 0.000000 0.030800 0.000000 0.000000 0.000000 0.000000 0.000000 0.000000 0.095100 0.000000 0.000000 0.000000 0.000000 0.000000 0.000000 0.000000 0.000000 0.000000 0.000000 0.000000 0.063500 0.030800 0.000000 0.000000 0.000000 0.000000 0.000000 0.000000 0.000000 0.000000
Yak 0.000000 0.062500 0.000000 0.000200 0.000000 0.000000 0.000000 0.000000 0.000000 0.063500 0.000000 0.000000 0.030300 0.000000 0.000000 0.000000 0.000000 0.000000 0.000000 0.000000 0.031400 0.000000 0.000000 0.030800 0.000000 0.000000 0.000000 0.000000 0.000000 0.000000 0.095100 0.000000 0.000000 0.000000 0.000000 0.000000 0.000000 0.000000 0.000000 0.000000 0.000000 0.000000 0.063500 0.030800 0.000000 0.000000 0.000000 0.000000 0.000000 0.000000 0.000000 0.000000
BlueSheep 0.000000 0.062500 0.000000 0.000200 0.000000 0.000000 0.000000 0.000000 0.000000 0.063500 0.000000 0.000000 0.030300 0.000000 0.000000 0.000000 0.000000 0.000000 0.000000 0.000000 0.031400 0.000000 0.000000 0.030800 0.000000 0.000000 0.000000 0.000000 0.000000 0.000000 0.095100 0.000000 0.000000 0.000000 0.000000 0.000000 0.000000 0.000000 0.000000 0.000000 0.000000 0.000000 0.063500 0.030800 0.000000 0.000000 0.000000 0.000000 0.000000 0.000000 0.000000 0.000000
BohorReedb 0.000000 0.062500 0.000000 0.000200 0.000000 0.000000 0.000000 0.000000 0.000000 0.063500 0.000000 0.000000 0.030300 0.000000 0.000000 0.000000 0.000000 0.000000 0.000000 0.000000 0.031400 0.000000 0.000000 0.030800 0.000000 0.000000 0.000000 0.000000 0.000000 0.000000 0.095100 0.000000 0.000000 0.000000 0.000000 0.000000 0.000000 0.000000 0.000000 0.000000 0.000000 0.000000 0.063500 0.030800 0.000000 0.000000 0.000000 0.000000 0.000000 0.000000 0.000000 0.000000
KirksDik 0.000000 0.062500 0.000000 0.000200 0.000000 0.000000 0.000000 0.000000 0.000000 0.063500 0.000000 0.000000 0.030300 0.000000 0.000000 0.000000 0.000000 0.000000 0.000000 0.000000 0.031400 0.000000 0.000000 0.030800 0.000000 0.000000 0.000000 0.000000 0.000000 0.000000 0.095100 0.000000 0.000000 0.000000 0.000000 0.000000 0.000000 0.000000 0.000000 0.000000 0.000000 0.000000 0.063500 0.030800 0.000000 0.000000 0.000000 0.000000 0.000000 0.000000 0.000000 0.000000
RoeDeer 0.000000 0.062500 0.000000 0.000200 0.000000 0.000000 0.000000 0.000000 0.000000 0.063500 0.000000 0.000000 0.030300 0.000000 0.000000 0.000000 0.000000 0.000000 0.000000 0.000000 0.031400 0.000000 0.000000 0.030800 0.000000 0.000000 0.000000 0.000000 0.000000 0.000000 0.095100 0.000000 0.000000 0.000000 0.000000 0.000000 0.000000 0.000000 0.000000 0.000000 0.000000 0.000000 0.063500 0.030800 0.000000 0.000000 0.000000 0.000000 0.000000 0.000000 0.000000 0.000000
WhiteLippe 0.000000 0.062500 0.000000 0.000200 0.000000 0.000000 0.000000 0.000000 0.000000 0.063500 0.000000 0.000000 0.030300 0.000000 0.000000 0.000000 0.000000 0.000000 0.000000 0.000000 0.031400 0.000000 0.000000 0.030800 0.000000 0.000000 0.000000 0.000000 0.000000 0.000000 0.095100 0.000000 0.000000 0.000000 0.000000 0.000000 0.000000 0.000000 0.000000 0.000000 0.000000 0.000000 0.063500 0.030800 0.000000 0.000000 0.000000 0.000000 0.000000 0.000000 0.000000 0.000000
ThomsonGaz 0.000000 0.062500 0.000000 0.000200 0.000000 0.000000 0.000000 0.000000 0.000000 0.063500 0.000000 0.000000 0.030300 0.000000 0.000000 0.000000 0.000000 0.000000 0.000000 0.000000 0.031400 0.000000 0.000000 0.030800 0.000000 0.000000 0.000000 0.000000 0.000000 0.000000 0.095100 0.000000 0.000000 0.000000 0.000000 0.000000 0.000000 0.000000 0.000000 0.000000 0.000000 0.000000 0.063500 0.030800 0.000000 0.000000 0.000000 0.000000 0.000000 0.000000 0.000000 0.000000
MuntiacusC 0.063500 0.131600 0.063500 0.061800 0.063500 0.063500 0.063500 0.063500 0.063500 0.000000 0.063500 0.063500 0.095100 0.063500 0.063500 0.063500 0.063500 0.063500 0.063500 0.063500 0.063900 0.063500 0.063500 0.097000 0.063500 0.063500 0.063500 0.063500 0.063500 0.063500 0.029400 0.063500 0.063500 0.063500 0.063500 0.063500 0.063500 0.063500 0.063500 0.063500 0.063500 0.063500 0.000000 0.097000 0.063500 0.063500 0.063500 0.063500 0.063500 0.063500 0.063500 0.063500
WhiteTaile 0.030800 0.095400 0.030800 0.030000 0.030800 0.030800 0.030800 0.030800 0.030800 0.097000 0.030800 0.030800 0.061500 0.030800 0.030800 0.030800 0.030800 0.030800 0.030800 0.030800 0.063700 0.030800 0.030800 0.000000 0.030800 0.030800 0.030800 0.030800 0.030800 0.030800 0.129400 0.030800 0.030800 0.030800 0.030800 0.030800 0.030800 0.030800 0.030800 0.030800 0.030800 0.030800 0.097000 0.000000 0.030800 0.030800 0.030800 0.030800 0.030800 0.030800 0.030800 0.030800
Cattle 0.000000 0.062500 0.000000 0.000200 0.000000 0.000000 0.000000 0.000000 0.000000 0.063500 0.000000 0.000000 0.030300 0.000000 0.000000 0.000000 0.000000 0.000000 0.000000 0.000000 0.031400 0.000000 0.000000 0.030800 0.000000 0.000000 0.000000 0.000000 0.000000 0.000000 0.095100 0.000000 0.000000 0.000000 0.000000 0.000000 0.000000 0.000000 0.000000 0.000000 0.000000 0.000000 0.063500 0.030800 0.000000 0.000000 0.000000 0.000000 0.000000 0.000000 0.000000 0.000000
RoyalAntel 0.000000 0.062500 0.000000 0.000200 0.000000 0.000000 0.000000 0.000000 0.000000 0.063500 0.000000 0.000000 0.030300 0.000000 0.000000 0.000000 0.000000 0.000000 0.000000 0.000000 0.031400 0.000000 0.000000 0.030800 0.000000 0.000000 0.000000 0.000000 0.000000 0.000000 0.095100 0.000000 0.000000 0.000000 0.000000 0.000000 0.000000 0.000000 0.000000 0.000000 0.000000 0.000000 0.063500 0.030800 0.000000 0.000000 0.000000 0.000000 0.000000 0.000000 0.000000 0.000000
Steenbok 0.000000 0.062500 0.000000 0.000200 0.000000 0.000000 0.000000 0.000000 0.000000 0.063500 0.000000 0.000000 0.030300 0.000000 0.000000 0.000000 0.000000 0.000000 0.000000 0.000000 0.031400 0.000000 0.000000 0.030800 0.000000 0.000000 0.000000 0.000000 0.000000 0.000000 0.095100 0.000000 0.000000 0.000000 0.000000 0.000000 0.000000 0.000000 0.000000 0.000000 0.000000 0.000000 0.063500 0.030800 0.000000 0.000000 0.000000 0.000000 0.000000 0.000000 0.000000 0.000000
Impala 0.000000 0.062500 0.000000 0.000200 0.000000 0.000000 0.000000 0.000000 0.000000 0.063500 0.000000 0.000000 0.030300 0.000000 0.000000 0.000000 0.000000 0.000000 0.000000 0.000000 0.031400 0.000000 0.000000 0.030800 0.000000 0.000000 0.000000 0.000000 0.000000 0.000000 0.095100 0.000000 0.000000 0.000000 0.000000 0.000000 0.000000 0.000000 0.000000 0.000000 0.000000 0.000000 0.063500 0.030800 0.000000 0.000000 0.000000 0.000000 0.000000 0.000000 0.000000 0.000000
Klipspring 0.000000 0.062500 0.000000 0.000200 0.000000 0.000000 0.000000 0.000000 0.000000 0.063500 0.000000 0.000000 0.030300 0.000000 0.000000 0.000000 0.000000 0.000000 0.000000 0.000000 0.031400 0.000000 0.000000 0.030800 0.000000 0.000000 0.000000 0.000000 0.000000 0.000000 0.095100 0.000000 0.000000 0.000000 0.000000 0.000000 0.000000 0.000000 0.000000 0.000000 0.000000 0.000000 0.063500 0.030800 0.000000 0.000000 0.000000 0.000000 0.000000 0.000000 0.000000 0.000000
ForestMusk 0.000000 0.062500 0.000000 0.000200 0.000000 0.000000 0.000000 0.000000 0.000000 0.063500 0.000000 0.000000 0.030300 0.000000 0.000000 0.000000 0.000000 0.000000 0.000000 0.000000 0.031400 0.000000 0.000000 0.030800 0.000000 0.000000 0.000000 0.000000 0.000000 0.000000 0.095100 0.000000 0.000000 0.000000 0.000000 0.000000 0.000000 0.000000 0.000000 0.000000 0.000000 0.000000 0.063500 0.030800 0.000000 0.000000 0.000000 0.000000 0.000000 0.000000 0.000000 0.000000
Bushbuck 0.000000 0.062500 0.000000 0.000200 0.000000 0.000000 0.000000 0.000000 0.000000 0.063500 0.000000 0.000000 0.030300 0.000000 0.000000 0.000000 0.000000 0.000000 0.000000 0.000000 0.031400 0.000000 0.000000 0.030800 0.000000 0.000000 0.000000 0.000000 0.000000 0.000000 0.095100 0.000000 0.000000 0.000000 0.000000 0.000000 0.000000 0.000000 0.000000 0.000000 0.000000 0.000000 0.063500 0.030800 0.000000 0.000000 0.000000 0.000000 0.000000 0.000000 0.000000 0.000000
GreaterKud 0.000000 0.062500 0.000000 0.000200 0.000000 0.000000 0.000000 0.000000 0.000000 0.063500 0.000000 0.000000 0.030300 0.000000 0.000000 0.000000 0.000000 0.000000 0.000000 0.000000 0.031400 0.000000 0.000000 0.030800 0.000000 0.000000 0.000000 0.000000 0.000000 0.000000 0.095100 0.000000 0.000000 0.000000 0.000000 0.000000 0.000000 0.000000 0.000000 0.000000 0.000000 0.000000 0.063500 0.030800 0.000000 0.000000 0.000000 0.000000 0.000000 0.000000 0.000000 0.000000
