1
52 1
Argali 0.000000 0.184300 0.072800 0.119600 0.052200 0.000000 0.058200 0.060800 0.055300 0.084700 0.008000 0.052500 0.035600 0.058000 0.035500 0.046800 0.067100 0.069800 0.027000 0.072700 0.063500 0.008000 0.079000 0.075700 0.013400 0.046900 0.032800 0.075600 0.049600 0.072700 0.081700 0.060900 0.098900 0.035500 0.029800 0.049700 0.008000 0.052200 0.055300 0.078700 0.078900 0.044000 0.081700 0.072700 0.052500 0.055200 0.058100 0.049600 0.066500 0.055500 0.072700 0.075700
LesserMous 0.184300 0.000000 0.169100 0.161100 0.183600 0.184300 0.181600 0.177900 0.178500 0.179800 0.187400 0.156000 0.185400 0.181300 0.155600 0.168700 0.147300 0.156400 0.184400 0.165800 0.189500 0.187600 0.176800 0.176000 0.187600 0.168900 0.182000 0.169100 0.165300 0.165900 0.176300 0.184500 0.201700 0.191800 0.184400 0.152800 0.187500 0.190200 0.165100 0.179600 0.176600 0.165300 0.176400 0.172600 0.162500 0.165200 0.181800 0.165200 0.184100 0.153400 0.165800 0.162600
LesserKudu 0.072800 0.169100 0.000000 0.111300 0.081400 0.072800 0.064400 0.067100 0.033000 0.076600 0.075600 0.024700 0.076200 0.064200 0.041500 0.058700 0.056100 0.055900 0.081700 0.005300 0.075800 0.075700 0.070800 0.067500 0.081600 0.058800 0.076200 0.008100 0.061500 0.005400 0.073500 0.067100 0.096500 0.085000 0.072800 0.021900 0.075600 0.081500 0.064400 0.064700 0.070700 0.055700 0.073600 0.064600 0.030300 0.055600 0.070200 0.055700 0.090300 0.044500 0.005300 0.008000
KillerWhal 0.119600 0.161100 0.111300 0.000000 0.125500 0.119600 0.110800 0.107300 0.113900 0.115100 0.122500 0.092700 0.126800 0.116700 0.092500 0.099000 0.096300 0.102100 0.113500 0.108100 0.100700 0.122700 0.111200 0.105400 0.129100 0.098800 0.123600 0.111300 0.102000 0.108200 0.111800 0.119700 0.139000 0.133000 0.125800 0.089600 0.122600 0.125500 0.101500 0.105500 0.111100 0.095500 0.111800 0.102200 0.098900 0.104900 0.110800 0.104600 0.128700 0.083900 0.108100 0.105100
DefassaWat 0.052200 0.183600 0.081400 0.125500 0.000000 0.052200 0.055200 0.057800 0.058000 0.087500 0.055000 0.061000 0.058200 0.055000 0.043900 0.043900 0.075800 0.084300 0.066600 0.081400 0.063300 0.055000 0.081800 0.084400 0.060700 0.043900 0.055300 0.084300 0.046700 0.081400 0.084500 0.057900 0.107600 0.058100 0.052200 0.058100 0.055000 0.010700 0.046600 0.087400 0.081700 0.041000 0.084500 0.081400 0.066800 0.052300 0.055100 0.046600 0.069100 0.064000 0.081400 0.084400
Sheep 0.000000 0.184300 0.072800 0.119600 0.052200 0.000000 0.058200 0.060800 0.055300 0.084700 0.008000 0.052500 0.035600 0.058000 0.035500 0.046800 0.067100 0.069800 0.027000 0.072700 0.063500 0.008000 0.079000 0.075700 0.013400 0.046900 0.032800 0.075600 0.049600 0.072700 0.081700 0.060900 0.098900 0.035500 0.029800 0.049700 0.008000 0.052200 0.055300 0.078700 0.078900 0.044000 0.081700 0.072700 0.052500 0.055200 0.058100 0.049600 0.066500 0.055500 0.072700 0.075700
MaxwellsDu 0.058200 0.181600 0.064400 0.110800 0.055200 0.058200 0.000000 0.030000 0.047000 0.082200 0.060900 0.044200 0.058500 0.016200 0.027300 0.027300 0.064600 0.070100 0.072700 0.064300 0.043500 0.061000 0.076400 0.073100 0.066800 0.033000 0.055600 0.067200 0.035700 0.064400 0.079100 0.019000 0.084300 0.064200 0.052400 0.041400 0.061000 0.055200 0.038500 0.076200 0.076300 0.030100 0.079200 0.070200 0.049900 0.035600 0.044100 0.035700 0.058000 0.047100 0.064300 0.067300
GazellaPrz 0.060800 0.177900 0.067100 0.107300 0.057800 0.060800 0.030000 0.000000 0.044000 0.084900 0.057900 0.046900 0.061200 0.030000 0.030000 0.019000 0.067300 0.072900 0.063800 0.067000 0.029100 0.058000 0.079200 0.075800 0.063700 0.019000 0.058300 0.070000 0.016200 0.067100 0.081900 0.032700 0.093000 0.066900 0.049500 0.044100 0.058000 0.052200 0.030000 0.078900 0.079100 0.016200 0.081900 0.072900 0.052600 0.038300 0.035500 0.038400 0.049400 0.049800 0.067000 0.070000
MountainNy 0.055300 0.178500 0.033000 0.113900 0.058000 0.055300 0.047000 0.044000 0.000000 0.079200 0.058100 0.030100 0.052800 0.046900 0.030100 0.030100 0.055700 0.058400 0.069800 0.033000 0.048700 0.058200 0.073400 0.070200 0.063900 0.030200 0.052700 0.030100 0.032900 0.033000 0.076200 0.049700 0.102300 0.061300 0.055300 0.032900 0.052300 0.058100 0.038500 0.073200 0.073400 0.027300 0.076200 0.067200 0.041400 0.044100 0.041300 0.038400 0.066500 0.050000 0.033000 0.035800
MuntiacusM 0.084700 0.179800 0.076600 0.115100 0.087500 0.084700 0.082200 0.084900 0.079200 0.000000 0.087600 0.056000 0.091300 0.081900 0.058800 0.070500 0.059200 0.061900 0.088000 0.076500 0.082100 0.087700 0.016500 0.024700 0.093700 0.070600 0.088300 0.079500 0.073400 0.076600 0.002700 0.084900 0.093900 0.097200 0.090700 0.053100 0.087600 0.093500 0.067400 0.022000 0.016500 0.067500 0.002700 0.021900 0.056000 0.079200 0.082200 0.073300 0.108600 0.041800 0.076500 0.079600
goat 0.008000 0.187400 0.075600 0.122500 0.055000 0.008000 0.060900 0.057900 0.058100 0.087600 0.000000 0.055300 0.038300 0.055100 0.038300 0.049600 0.069900 0.072600 0.024300 0.075500 0.066300 0.005300 0.081800 0.078500 0.010700 0.049600 0.035500 0.078500 0.046700 0.075600 0.084500 0.058000 0.101700 0.038300 0.027100 0.052400 0.005300 0.049300 0.058000 0.081500 0.081700 0.046700 0.084500 0.075500 0.061000 0.058000 0.060900 0.052400 0.069300 0.058200 0.075500 0.078500
AfricanBuf 0.052500 0.156000 0.024700 0.092700 0.061000 0.052500 0.044200 0.046900 0.030100 0.056000 0.055300 0.000000 0.055700 0.044100 0.021800 0.038600 0.030300 0.035800 0.067000 0.024600 0.054200 0.055400 0.050300 0.047200 0.061100 0.038700 0.055700 0.021800 0.041400 0.024700 0.053000 0.046900 0.075700 0.064300 0.052500 0.002700 0.049500 0.061000 0.044200 0.050100 0.050300 0.035800 0.053100 0.044400 0.010600 0.041300 0.049900 0.030100 0.063700 0.024700 0.024600 0.027500
Topi 0.035600 0.185400 0.076200 0.126800 0.058200 0.035600 0.058500 0.061200 0.052800 0.091300 0.038300 0.055700 0.000000 0.058300 0.041400 0.047100 0.067600 0.070300 0.046800 0.076200 0.066900 0.038400 0.085500 0.082100 0.038400 0.047200 0.007900 0.079100 0.049900 0.076200 0.088200 0.061200 0.108600 0.016200 0.027100 0.052900 0.038400 0.058200 0.055600 0.085200 0.085400 0.044200 0.088200 0.079100 0.061500 0.055600 0.058500 0.049900 0.078500 0.061600 0.076200 0.079200
CommonDuik 0.058000 0.181300 0.064200 0.116700 0.055000 0.058000 0.016200 0.030000 0.046900 0.081900 0.055100 0.044100 0.058300 0.000000 0.027300 0.027300 0.064400 0.069900 0.066800 0.064100 0.048900 0.055200 0.076200 0.072900 0.060900 0.032900 0.055500 0.067100 0.030000 0.064200 0.078900 0.008100 0.090000 0.064000 0.046600 0.041300 0.055200 0.049400 0.038400 0.075900 0.076100 0.030000 0.078900 0.070000 0.049800 0.035500 0.038300 0.035600 0.052300 0.052700 0.064100 0.067100
Suni 0.035500 0.155600 0.041500 0.092500 0.043900 0.035500 0.027300 0.030000 0.030100 0.058800 0.038300 0.021800 0.041400 0.027300 0.000000 0.021800 0.041600 0.047100 0.049700 0.041400 0.037600 0.038300 0.053100 0.050000 0.044000 0.021900 0.038600 0.044300 0.024600 0.041500 0.055800 0.030000 0.075600 0.047000 0.035500 0.019100 0.038300 0.043900 0.027300 0.052900 0.053000 0.019100 0.055800 0.047100 0.027400 0.024500 0.032900 0.019000 0.052400 0.030200 0.041400 0.044300
Springbuck 0.046800 0.168700 0.058700 0.099000 0.043900 0.046800 0.027300 0.019000 0.030100 0.070500 0.049600 0.038600 0.047100 0.027300 0.021800 0.000000 0.053100 0.061500 0.055400 0.058600 0.023300 0.049700 0.064800 0.061600 0.055300 0.005400 0.044200 0.061500 0.008100 0.058700 0.067500 0.030000 0.090400 0.052700 0.046800 0.035800 0.049600 0.043900 0.019000 0.064600 0.064700 0.002700 0.067500 0.058600 0.044300 0.030100 0.021800 0.030100 0.052300 0.041500 0.058600 0.061600
Okapi 0.067100 0.147300 0.056100 0.096300 0.075800 0.067100 0.064600 0.067300 0.055700 0.059200 0.069900 0.030300 0.067600 0.064400 0.041600 0.053100 0.000000 0.019100 0.076000 0.056000 0.072400 0.070100 0.053500 0.050400 0.070100 0.047300 0.064600 0.053000 0.055900 0.056100 0.056300 0.067200 0.085000 0.073400 0.073000 0.033200 0.064000 0.075800 0.061600 0.053300 0.053500 0.050200 0.056300 0.047500 0.041700 0.061600 0.064600 0.050000 0.084400 0.027700 0.056000 0.053200
Giraffe 0.069800 0.156400 0.055900 0.102100 0.084300 0.069800 0.070100 0.072900 0.058400 0.061900 0.072600 0.035800 0.070300 0.069900 0.047100 0.061500 0.019100 0.000000 0.078700 0.055800 0.073200 0.072800 0.056200 0.053100 0.072800 0.061600 0.067300 0.052800 0.064400 0.055900 0.058900 0.072800 0.078800 0.076000 0.072700 0.038700 0.066700 0.084300 0.064200 0.056000 0.056100 0.058600 0.059000 0.050200 0.047200 0.067200 0.073100 0.055500 0.084200 0.036000 0.055800 0.053000
TibetanAnt 0.027000 0.184400 0.081700 0.113500 0.066600 0.027000 0.072700 0.063800 0.069800 0.088000 0.024300 0.067000 0.046800 0.066800 0.049700 0.055400 0.076000 0.078700 0.000000 0.087600 0.066600 0.024300 0.082200 0.078900 0.029800 0.055500 0.043900 0.090600 0.052600 0.087700 0.084900 0.069600 0.114200 0.046700 0.035400 0.064100 0.024300 0.060900 0.058200 0.076000 0.082100 0.052500 0.084900 0.075900 0.072800 0.063900 0.066800 0.064000 0.075300 0.070000 0.087600 0.084700
Sitatunga 0.072700 0.165800 0.005300 0.108100 0.081400 0.072700 0.064300 0.067000 0.033000 0.076500 0.075500 0.024600 0.076200 0.064100 0.041400 0.058600 0.056000 0.055800 0.087600 0.000000 0.075800 0.075700 0.070800 0.067500 0.081500 0.058700 0.076100 0.002600 0.061500 0.000000 0.073500 0.067000 0.096500 0.084900 0.072700 0.021900 0.075600 0.081400 0.064300 0.070500 0.070700 0.055700 0.073500 0.064500 0.030200 0.061400 0.070100 0.055700 0.087300 0.044400 0.000000 0.002600
Oribi 0.063500 0.189500 0.075800 0.100700 0.063300 0.063500 0.043500 0.029100 0.048700 0.082100 0.066300 0.054200 0.066900 0.048900 0.037600 0.023300 0.072400 0.073200 0.066600 0.075800 0.000000 0.066400 0.073100 0.072900 0.072300 0.023400 0.064000 0.078200 0.026200 0.075800 0.079000 0.051900 0.093100 0.066800 0.063400 0.052000 0.065800 0.063300 0.027500 0.076000 0.073100 0.020500 0.079000 0.069800 0.060900 0.046200 0.040400 0.045500 0.068500 0.055000 0.075800 0.078800
BarbaryShe 0.008000 0.187600 0.075700 0.122700 0.055000 0.008000 0.061000 0.058000 0.058200 0.087700 0.005300 0.055400 0.038400 0.055200 0.038300 0.049700 0.070100 0.072800 0.024300 0.075700 0.066400 0.000000 0.082000 0.078600 0.010700 0.049700 0.035600 0.078600 0.046800 0.075700 0.084700 0.058000 0.101900 0.038300 0.027100 0.052500 0.005300 0.049400 0.058100 0.081700 0.081900 0.046800 0.084700 0.075700 0.061100 0.058100 0.061000 0.052500 0.069400 0.058300 0.075700 0.078700
Daviddeer 0.079000 0.176800 0.070800 0.111200 0.081800 0.079000 0.076400 0.079200 0.073400 0.016500 0.081800 0.050300 0.085500 0.076200 0.053100 0.064800 0.053500 0.056200 0.082200 0.070800 0.073100 0.082000 0.000000 0.019200 0.087900 0.064900 0.082500 0.073700 0.067600 0.070800 0.013700 0.079100 0.088200 0.091400 0.084900 0.047500 0.081900 0.087700 0.061700 0.016500 0.000000 0.061800 0.013700 0.016400 0.050300 0.073400 0.076400 0.067600 0.102700 0.036200 0.070800 0.073800
Reindeer 0.075700 0.176000 0.067500 0.105400 0.084400 0.075700 0.073100 0.075800 0.070200 0.024700 0.078500 0.047200 0.082100 0.072900 0.050000 0.061600 0.050400 0.053100 0.078900 0.067500 0.072900 0.078600 0.019200 0.000000 0.083900 0.061600 0.079100 0.070400 0.064400 0.067500 0.021900 0.075800 0.084800 0.087900 0.081600 0.044400 0.078600 0.084400 0.061500 0.019200 0.019200 0.058600 0.021900 0.002700 0.047200 0.070100 0.067300 0.064400 0.099300 0.033200 0.067500 0.070500
Ibex 0.013400 0.187600 0.081600 0.129100 0.060700 0.013400 0.066800 0.063700 0.063900 0.093700 0.010700 0.061100 0.038400 0.060900 0.044000 0.055300 0.070100 0.072800 0.029800 0.081500 0.072300 0.010700 0.087900 0.083900 0.000000 0.055400 0.035600 0.084500 0.052500 0.081600 0.090600 0.063800 0.107900 0.038300 0.032600 0.058200 0.010400 0.055000 0.063900 0.087000 0.087800 0.052500 0.090600 0.080900 0.066900 0.063800 0.066700 0.058100 0.075200 0.064100 0.081500 0.084600
GyrantGaze 0.046900 0.168900 0.058800 0.098800 0.043900 0.046900 0.033000 0.019000 0.030200 0.070600 0.049600 0.038700 0.047200 0.032900 0.021900 0.005400 0.047300 0.061600 0.055500 0.058700 0.023400 0.049700 0.064900 0.061600 0.055400 0.000000 0.044300 0.061600 0.008100 0.058800 0.067600 0.035600 0.090500 0.052800 0.046800 0.035900 0.049700 0.043900 0.019100 0.064600 0.064800 0.002700 0.067600 0.058700 0.044400 0.030100 0.021800 0.030200 0.052400 0.041600 0.058700 0.061700
Hartebeest 0.032800 0.182000 0.076200 0.123600 0.055300 0.032800 0.055600 0.058300 0.052700 0.088300 0.035500 0.055700 0.007900 0.055500 0.038600 0.044200 0.064600 0.067300 0.043900 0.076100 0.064000 0.035600 0.082500 0.079100 0.035600 0.044300 0.000000 0.079100 0.047100 0.076200 0.085200 0.058300 0.105500 0.013500 0.024400 0.052800 0.035600 0.055300 0.052700 0.082200 0.082400 0.041400 0.085200 0.076100 0.061500 0.052700 0.055600 0.052800 0.075500 0.058700 0.076100 0.079200
Bongo 0.075600 0.169100 0.008100 0.111300 0.084300 0.075600 0.067200 0.070000 0.030100 0.079500 0.078500 0.021800 0.079100 0.067100 0.044300 0.061500 0.053000 0.052800 0.090600 0.002600 0.078200 0.078600 0.073700 0.070400 0.084500 0.061600 0.079100 0.000000 0.064400 0.002700 0.076500 0.069900 0.099500 0.087900 0.075600 0.024700 0.072500 0.084400 0.067200 0.073500 0.073600 0.058600 0.076500 0.067500 0.033000 0.064300 0.073100 0.052700 0.084100 0.047300 0.002600 0.005300
Gerenuk 0.049600 0.165300 0.061500 0.102000 0.046700 0.049600 0.035700 0.016200 0.032900 0.073400 0.046700 0.041400 0.049900 0.030000 0.024600 0.008100 0.055900 0.064400 0.052600 0.061500 0.026200 0.046800 0.067600 0.064400 0.052500 0.008100 0.047100 0.064400 0.000000 0.061500 0.070400 0.032800 0.093300 0.055500 0.043900 0.038600 0.046800 0.041100 0.021800 0.067400 0.067500 0.005400 0.070400 0.061500 0.047100 0.032900 0.024500 0.032900 0.049500 0.044300 0.061500 0.064400
CommonElan 0.072700 0.165900 0.005400 0.108200 0.081400 0.072700 0.064400 0.067100 0.033000 0.076600 0.075600 0.024700 0.076200 0.064200 0.041500 0.058700 0.056100 0.055900 0.087700 0.000000 0.075800 0.075700 0.070800 0.067500 0.081600 0.058800 0.076200 0.002700 0.061500 0.000000 0.073500 0.067100 0.096500 0.084900 0.072700 0.021900 0.075600 0.081400 0.064400 0.070600 0.070700 0.055700 0.073500 0.064600 0.030300 0.061400 0.070200 0.055700 0.087300 0.044500 0.000000 0.002700
MuntiacusR 0.081700 0.176300 0.073500 0.111800 0.084500 0.081700 0.079100 0.081900 0.076200 0.002700 0.084500 0.053000 0.088200 0.078900 0.055800 0.067500 0.056300 0.058900 0.084900 0.073500 0.079000 0.084700 0.013700 0.021900 0.090600 0.067600 0.085200 0.076500 0.070400 0.073500 0.000000 0.081800 0.090900 0.094100 0.087600 0.050200 0.084600 0.090400 0.064500 0.019200 0.013700 0.064500 0.000000 0.019200 0.053100 0.076100 0.079100 0.070300 0.105500 0.038900 0.073500 0.076500
HarveysDui 0.060900 0.184500 0.067100 0.119700 0.057900 0.060900 0.019000 0.032700 0.049700 0.084900 0.058000 0.046900 0.061200 0.008100 0.030000 0.030000 0.067200 0.072800 0.069600 0.067000 0.051900 0.058000 0.079100 0.075800 0.063800 0.035600 0.058300 0.069900 0.032800 0.067100 0.081800 0.000000 0.093000 0.066800 0.049400 0.044100 0.058000 0.052200 0.041100 0.078800 0.079000 0.032800 0.081800 0.072900 0.052600 0.038300 0.046800 0.038400 0.055100 0.055500 0.067000 0.070000
Pronghorn 0.098900 0.201700 0.096500 0.139000 0.107600 0.098900 0.084300 0.093000 0.102300 0.093900 0.101700 0.075700 0.108600 0.090000 0.075600 0.090400 0.085000 0.078800 0.114200 0.096500 0.093100 0.101900 0.088200 0.084800 0.107900 0.090500 0.105500 0.099500 0.093300 0.096500 0.090900 0.093000 0.000000 0.114500 0.101900 0.072700 0.101800 0.107600 0.096200 0.087800 0.088000 0.087400 0.090900 0.081800 0.081600 0.093200 0.099300 0.081400 0.107700 0.061300 0.096500 0.099600
BlueWildeb 0.035500 0.191800 0.085000 0.133000 0.058100 0.035500 0.064200 0.066900 0.061300 0.097200 0.038300 0.064300 0.016200 0.064000 0.047000 0.052700 0.073400 0.076000 0.046700 0.084900 0.066800 0.038300 0.091400 0.087900 0.038300 0.052800 0.013500 0.087900 0.055500 0.084900 0.094100 0.066800 0.114500 0.000000 0.027100 0.061400 0.038300 0.058100 0.061200 0.091100 0.091200 0.049800 0.094100 0.084900 0.070100 0.061200 0.064100 0.061300 0.078400 0.067400 0.084900 0.088000
Gemsbok 0.029800 0.184400 0.072800 0.125800 0.052200 0.029800 0.052400 0.049500 0.055300 0.090700 0.027100 0.052500 0.027100 0.046600 0.035500 0.046800 0.073000 0.072700 0.035400 0.072700 0.063400 0.027100 0.084900 0.081600 0.032600 0.046800 0.024400 0.075600 0.043900 0.072700 0.087600 0.049400 0.101900 0.027100 0.000000 0.049600 0.027100 0.046600 0.052400 0.084600 0.084800 0.043900 0.087600 0.078600 0.058200 0.049500 0.058100 0.049600 0.060700 0.061200 0.072700 0.075700
Yak 0.049700 0.152800 0.021900 0.089600 0.058100 0.049700 0.041400 0.044100 0.032900 0.053100 0.052400 0.002700 0.052900 0.041300 0.019100 0.035800 0.033200 0.038700 0.064100 0.021900 0.052000 0.052500 0.047500 0.044400 0.058200 0.035900 0.052800 0.024700 0.038600 0.021900 0.050200 0.044100 0.072700 0.061400 0.049600 0.000000 0.052500 0.058100 0.041400 0.047300 0.047400 0.033000 0.050200 0.041500 0.008100 0.038500 0.047000 0.032900 0.066700 0.021900 0.021900 0.024700
BlueSheep 0.008000 0.187500 0.075600 0.122600 0.055000 0.008000 0.061000 0.058000 0.052300 0.087600 0.005300 0.049500 0.038400 0.055200 0.038300 0.049600 0.064000 0.066700 0.024300 0.075600 0.065800 0.005300 0.081900 0.078600 0.010400 0.049700 0.035600 0.072500 0.046800 0.075600 0.084600 0.058000 0.101800 0.038300 0.027100 0.052500 0.000000 0.049400 0.058100 0.081600 0.081800 0.046700 0.084600 0.075600 0.061100 0.058000 0.060900 0.046600 0.063500 0.058300 0.075600 0.078600
BohorReedb 0.052200 0.190200 0.081500 0.125500 0.010700 0.052200 0.055200 0.052200 0.058100 0.093500 0.049300 0.061000 0.058200 0.049400 0.043900 0.043900 0.075800 0.084300 0.060900 0.081400 0.063300 0.049400 0.087700 0.084400 0.055000 0.043900 0.055300 0.084400 0.041100 0.081400 0.090400 0.052200 0.107600 0.058100 0.046600 0.058100 0.049400 0.000000 0.052300 0.087400 0.087600 0.041000 0.090400 0.081400 0.066800 0.052300 0.055100 0.046600 0.063400 0.064000 0.081400 0.084400
KirksDik 0.055300 0.165100 0.064400 0.101500 0.046600 0.055300 0.038500 0.030000 0.038500 0.067400 0.058000 0.044200 0.055600 0.038400 0.027300 0.019000 0.061600 0.064200 0.058200 0.064300 0.027500 0.058100 0.061700 0.061500 0.063900 0.019100 0.052700 0.067200 0.021800 0.064400 0.064500 0.041100 0.096200 0.061200 0.052400 0.041400 0.058100 0.052300 0.000000 0.067400 0.061700 0.016300 0.064500 0.058500 0.049900 0.035600 0.030000 0.035700 0.052300 0.050000 0.064300 0.067300
RoeDeer 0.078700 0.179600 0.064700 0.105500 0.087400 0.078700 0.076200 0.078900 0.073200 0.022000 0.081500 0.050100 0.085200 0.075900 0.052900 0.064600 0.053300 0.056000 0.076000 0.070500 0.076000 0.081700 0.016500 0.019200 0.087000 0.064600 0.082200 0.073500 0.067400 0.070600 0.019200 0.078800 0.087800 0.091100 0.084600 0.047300 0.081600 0.087400 0.067400 0.000000 0.016400 0.061600 0.019200 0.016400 0.050200 0.067300 0.076100 0.067400 0.102400 0.036000 0.070500 0.073500
WhiteLippe 0.078900 0.176600 0.070700 0.111100 0.081700 0.078900 0.076300 0.079100 0.073400 0.016500 0.081700 0.050300 0.085400 0.076100 0.053000 0.064700 0.053500 0.056100 0.082100 0.070700 0.073100 0.081900 0.000000 0.019200 0.087800 0.064800 0.082400 0.073600 0.067500 0.070700 0.013700 0.079000 0.088000 0.091200 0.084800 0.047400 0.081800 0.087600 0.061700 0.016400 0.000000 0.061700 0.013700 0.016400 0.050300 0.073300 0.076300 0.067500 0.102600 0.036100 0.070700 0.073700
ThomsonGaz 0.044000 0.165300 0.055700 0.095500 0.041000 0.044000 0.030100 0.016200 0.027300 0.067500 0.046700 0.035800 0.044200 0.030000 0.019100 0.002700 0.050200 0.058600 0.052500 0.055700 0.020500 0.046800 0.061800 0.058600 0.052500 0.002700 0.041400 0.058600 0.005400 0.055700 0.064500 0.032800 0.087400 0.049800 0.043900 0.033000 0.046700 0.041000 0.016300 0.061600 0.061700 0.000000 0.064500 0.055700 0.041400 0.027300 0.019000 0.027300 0.049500 0.038700 0.055700 0.058600
MuntiacusC 0.081700 0.176400 0.073600 0.111800 0.084500 0.081700 0.079200 0.081900 0.076200 0.002700 0.084500 0.053100 0.088200 0.078900 0.055800 0.067500 0.056300 0.059000 0.084900 0.073500 0.079000 0.084700 0.013700 0.021900 0.090600 0.067600 0.085200 0.076500 0.070400 0.073500 0.000000 0.081800 0.090900 0.094100 0.087600 0.050200 0.084600 0.090400 0.064500 0.019200 0.013700 0.064500 0.000000 0.019200 0.053100 0.076100 0.079100 0.070300 0.105500 0.038900 0.073500 0.076500
WhiteTaile 0.072700 0.172600 0.064600 0.102200 0.081400 0.072700 0.070200 0.072900 0.067200 0.021900 0.075500 0.044400 0.079100 0.070000 0.047100 0.058600 0.047500 0.050200 0.075900 0.064500 0.069800 0.075700 0.016400 0.002700 0.080900 0.058700 0.076100 0.067500 0.061500 0.064600 0.019200 0.072900 0.081800 0.084900 0.078600 0.041500 0.075600 0.081400 0.058500 0.016400 0.016400 0.055700 0.019200 0.000000 0.044400 0.067200 0.064300 0.061400 0.096200 0.030300 0.064500 0.067500
Cattle 0.052500 0.162500 0.030300 0.098900 0.066800 0.052500 0.049900 0.052600 0.041400 0.056000 0.061000 0.010600 0.061500 0.049800 0.027400 0.044300 0.041700 0.047200 0.072800 0.030200 0.060900 0.061100 0.050300 0.047200 0.066900 0.044400 0.061500 0.033000 0.047100 0.030300 0.053100 0.052600 0.081600 0.070100 0.058200 0.008100 0.061100 0.066800 0.049900 0.050200 0.050300 0.041400 0.053100 0.044400 0.000000 0.047000 0.055600 0.041400 0.069700 0.030300 0.030200 0.033100
RoyalAntel 0.055200 0.165200 0.055600 0.104900 0.052300 0.055200 0.035600 0.038300 0.044100 0.079200 0.058000 0.041300 0.055600 0.035500 0.024500 0.030100 0.061600 0.067200 0.063900 0.061400 0.046200 0.058100 0.073400 0.070100 0.063800 0.030100 0.052700 0.064300 0.032900 0.061400 0.076100 0.038300 0.093200 0.061200 0.049500 0.038500 0.058000 0.052300 0.035600 0.067300 0.073300 0.027300 0.076100 0.067200 0.047000 0.000000 0.041200 0.032800 0.060800 0.050000 0.061400 0.064300
Steenbok 0.058100 0.181800 0.070200 0.110800 0.055100 0.058100 0.044100 0.035500 0.041300 0.082200 0.060900 0.049900 0.058500 0.038300 0.032900 0.021800 0.064600 0.073100 0.066800 0.070100 0.040400 0.061000 0.076400 0.067300 0.066700 0.021800 0.055600 0.073100 0.024500 0.070200 0.079100 0.046800 0.099300 0.064100 0.058100 0.047000 0.060900 0.055100 0.030000 0.076100 0.076300 0.019000 0.079100 0.064300 0.055600 0.041200 0.000000 0.041300 0.060800 0.052900 0.070100 0.073100
Impala 0.049600 0.165200 0.055700 0.104600 0.046600 0.049600 0.035700 0.038400 0.038400 0.073300 0.052400 0.030100 0.049900 0.035600 0.019000 0.030100 0.050000 0.055500 0.064000 0.055700 0.045500 0.052500 0.067600 0.064400 0.058100 0.030200 0.052800 0.052700 0.032900 0.055700 0.070300 0.038400 0.081400 0.061300 0.049600 0.032900 0.046600 0.046600 0.035700 0.067400 0.067500 0.027300 0.070300 0.061400 0.041400 0.032800 0.041300 0.000000 0.055000 0.044300 0.055700 0.058600
Klipspring 0.066500 0.184100 0.090300 0.128700 0.069100 0.066500 0.058000 0.049400 0.066500 0.108600 0.069300 0.063700 0.078500 0.052300 0.052400 0.052300 0.084400 0.084200 0.075300 0.087300 0.068500 0.069400 0.102700 0.099300 0.075200 0.052400 0.075500 0.084100 0.049500 0.087300 0.105500 0.055100 0.107700 0.078400 0.060700 0.066700 0.063500 0.063400 0.052300 0.102400 0.102600 0.049500 0.105500 0.096200 0.069700 0.060800 0.060800 0.055000 0.000000 0.078500 0.087300 0.090300
ForestMusk 0.055500 0.153400 0.044500 0.083900 0.064000 0.055500 0.047100 0.049800 0.050000 0.041800 0.058200 0.024700 0.061600 0.052700 0.030200 0.041500 0.027700 0.036000 0.070000 0.044400 0.055000 0.058300 0.036200 0.033200 0.064100 0.041600 0.058700 0.047300 0.044300 0.044500 0.038900 0.055500 0.061300 0.067400 0.061200 0.021900 0.058300 0.064000 0.050000 0.036000 0.036100 0.038700 0.038900 0.030300 0.030300 0.050000 0.052900 0.044300 0.078500 0.000000 0.044400 0.047300
Bushbuck 0.072700 0.165800 0.005300 0.108100 0.081400 0.072700 0.064300 0.067000 0.033000 0.076500 0.075500 0.024600 0.076200 0.064100 0.041400 0.058600 0.056000 0.055800 0.087600 0.000000 0.075800 0.075700 0.070800 0.067500 0.081500 0.058700 0.076100 0.002600 0.061500 0.000000 0.073500 0.067000 0.096500 0.084900 0.072700 0.021900 0.075600 0.081400 0.064300 0.070500 0.070700 0.055700 0.073500 0.064500 0.030200 0.061400 0.070100 0.055700 0.087300 0.044400 0.000000 0.002600
GreaterKud 0.075700 0.162600 0.008000 0.105100 0.084400 0.075700 0.067300 0.070000 0.035800 0.079600 0.078500 0.027500 0.079200 0.067100 0.044300 0.061600 0.053200 0.053000 0.084700 0.002600 0.078800 0.078700 0.073800 0.070500 0.084600 0.061700 0.079200 0.005300 0.064400 0.002700 0.076500 0.070000 0.099600 0.088000 0.075700 0.024700 0.078600 0.084400 0.067300 0.073500 0.073700 0.058600 0.076500 0.067500 0.033100 0.064300 0.073100 0.058600 0.090300 0.047300 0.002600 0.000000
