1
52 1
Argali 0.000000 0.125800 0.000000 0.040900 0.010100 0.000000 0.000000 0.000100 0.000000 0.000000 0.000000 0.010000 0.010100 0.010200 0.000000 0.010000 0.000000 0.010000 0.000000 0.000000 0.010100 0.000000 0.000100 0.000000 0.000000 0.000000 0.010100 0.000000 0.000000 0.000000 0.000000 0.000000 0.010000 0.000000 0.010000 0.000000 0.000000 0.010100 0.000000 0.010100 0.000100 0.000000 0.000000 0.000000 0.000000 0.000000 0.000000 0.000100 0.000000 0.010200 0.000000 0.000000
LesserMous 0.125800 0.000000 0.125000 0.144300 0.138900 0.125800 0.126300 0.127400 0.125800 0.125200 0.125800 0.138000 0.139200 0.139500 0.125800 0.138400 0.126800 0.138300 0.126600 0.125800 0.126500 0.126700 0.125900 0.125200 0.125800 0.125800 0.139200 0.125900 0.125800 0.125800 0.125200 0.126300 0.137700 0.126700 0.113600 0.125800 0.125800 0.138900 0.126600 0.138800 0.125900 0.125800 0.125200 0.125200 0.125800 0.125800 0.125800 0.125700 0.125800 0.115400 0.125800 0.125800
LesserKudu 0.000000 0.125000 0.000000 0.040400 0.010000 0.000000 0.000100 0.000100 0.000000 0.000100 0.000000 0.010000 0.010000 0.010100 0.000000 0.010000 0.000100 0.009900 0.000100 0.000000 0.010000 0.000100 0.000100 0.000100 0.000000 0.000000 0.010000 0.000100 0.000000 0.000000 0.000100 0.000100 0.009900 0.000100 0.010000 0.000000 0.000000 0.010000 0.000100 0.010000 0.000100 0.000000 0.000100 0.000100 0.000000 0.000000 0.000000 0.000100 0.000000 0.010100 0.000000 0.000000
KillerWhal 0.040900 0.144300 0.040400 0.000000 0.051700 0.040900 0.041100 0.041400 0.040900 0.040600 0.040900 0.051400 0.051800 0.052000 0.040900 0.030400 0.041200 0.051300 0.041100 0.040900 0.051600 0.041300 0.041000 0.040600 0.040900 0.040900 0.051800 0.040900 0.040900 0.040900 0.040600 0.041100 0.030200 0.041300 0.051400 0.040900 0.040900 0.051700 0.041100 0.051500 0.041000 0.040900 0.040600 0.040600 0.040900 0.040900 0.040900 0.040900 0.040900 0.052200 0.040900 0.040900
DefassaWat 0.010100 0.138900 0.010000 0.051700 0.000000 0.010100 0.010200 0.010200 0.010100 0.010000 0.010100 0.020200 0.020400 0.000000 0.010100 0.020300 0.010200 0.020200 0.010200 0.010100 0.020400 0.010200 0.010100 0.010000 0.010100 0.010100 0.020400 0.010100 0.010100 0.010100 0.010000 0.010200 0.020200 0.010200 0.020200 0.010100 0.010100 0.000000 0.010100 0.020400 0.010100 0.010100 0.010000 0.010000 0.010100 0.010100 0.010100 0.010100 0.010100 0.020600 0.010100 0.010100
Sheep 0.000000 0.125800 0.000000 0.040900 0.010100 0.000000 0.000000 0.000100 0.000000 0.000000 0.000000 0.010000 0.010100 0.010200 0.000000 0.010000 0.000000 0.010000 0.000000 0.000000 0.010100 0.000000 0.000100 0.000000 0.000000 0.000000 0.010100 0.000000 0.000000 0.000000 0.000000 0.000000 0.010000 0.000000 0.010000 0.000000 0.000000 0.010100 0.000000 0.010100 0.000100 0.000000 0.000000 0.000000 0.000000 0.000000 0.000000 0.000100 0.000000 0.010200 0.000000 0.000000
MaxwellsDu 0.000000 0.126300 0.000100 0.041100 0.010200 0.000000 0.000000 0.000100 0.000000 0.000100 0.000000 0.010100 0.011800 0.010200 0.000000 0.010100 0.000100 0.013900 0.000100 0.000000 0.010200 0.000100 0.000100 0.000100 0.000000 0.000000 0.011800 0.000100 0.000000 0.000000 0.000100 0.000000 0.010100 0.000100 0.010100 0.000000 0.000000 0.010200 0.000100 0.010100 0.000100 0.000000 0.000100 0.000100 0.000000 0.000000 0.000000 0.000100 0.000000 0.010200 0.000000 0.000000
GazellaPrz 0.000100 0.127400 0.000100 0.041400 0.010200 0.000100 0.000100 0.000000 0.000100 0.000100 0.000100 0.010200 0.011300 0.010300 0.000100 0.010200 0.000100 0.011800 0.000100 0.000100 0.010200 0.000100 0.000200 0.000100 0.000100 0.000100 0.011300 0.000100 0.000100 0.000100 0.000100 0.000100 0.010100 0.000100 0.010200 0.000100 0.000100 0.010200 0.000100 0.010200 0.000200 0.000100 0.000100 0.000100 0.000100 0.000100 0.000100 0.000100 0.000100 0.010300 0.000100 0.000100
MountainNy 0.000000 0.125800 0.000000 0.040900 0.010100 0.000000 0.000000 0.000100 0.000000 0.000000 0.000000 0.010000 0.010100 0.010200 0.000000 0.010000 0.000000 0.010000 0.000000 0.000000 0.010100 0.000000 0.000100 0.000000 0.000000 0.000000 0.010100 0.000000 0.000000 0.000000 0.000000 0.000000 0.010000 0.000000 0.010000 0.000000 0.000000 0.010100 0.000000 0.010100 0.000100 0.000000 0.000000 0.000000 0.000000 0.000000 0.000000 0.000100 0.000000 0.010200 0.000000 0.000000
MuntiacusM 0.000000 0.125200 0.000100 0.040600 0.010000 0.000000 0.000100 0.000100 0.000000 0.000000 0.000000 0.010000 0.010100 0.010100 0.000000 0.010000 0.000100 0.010000 0.000100 0.000000 0.010000 0.000100 0.000000 0.000000 0.000000 0.000000 0.010100 0.000100 0.000000 0.000000 0.000000 0.000100 0.010000 0.000100 0.010000 0.000000 0.000000 0.010000 0.000100 0.010000 0.000000 0.000000 0.000000 0.000000 0.000000 0.000000 0.000000 0.000000 0.000000 0.010100 0.000000 0.000000
goat 0.000000 0.125800 0.000000 0.040900 0.010100 0.000000 0.000000 0.000100 0.000000 0.000000 0.000000 0.010000 0.010100 0.010200 0.000000 0.010000 0.000000 0.010000 0.000000 0.000000 0.010100 0.000000 0.000100 0.000000 0.000000 0.000000 0.010100 0.000000 0.000000 0.000000 0.000000 0.000000 0.010000 0.000000 0.010000 0.000000 0.000000 0.010100 0.000000 0.010100 0.000100 0.000000 0.000000 0.000000 0.000000 0.000000 0.000000 0.000100 0.000000 0.010200 0.000000 0.000000
AfricanBuf 0.010000 0.138000 0.010000 0.051400 0.020200 0.010000 0.010100 0.010200 0.010000 0.010000 0.010000 0.000000 0.020300 0.020400 0.010000 0.020200 0.010100 0.020100 0.010100 0.010000 0.020300 0.010100 0.010100 0.010000 0.010000 0.010000 0.020300 0.010100 0.010000 0.010000 0.010000 0.010100 0.020200 0.010100 0.020100 0.010000 0.010000 0.020200 0.010100 0.020300 0.010100 0.010000 0.010000 0.010000 0.010000 0.010000 0.010000 0.010000 0.010000 0.020500 0.010000 0.010000
Topi 0.010100 0.139200 0.010000 0.051800 0.020400 0.010100 0.011800 0.011300 0.010100 0.010100 0.010100 0.020300 0.000000 0.023700 0.010100 0.020400 0.010200 0.000000 0.010200 0.010100 0.020500 0.010200 0.010100 0.010100 0.010100 0.010100 0.000000 0.010100 0.010100 0.010100 0.010100 0.011800 0.020300 0.010200 0.020300 0.010100 0.010100 0.020400 0.010200 0.020400 0.010100 0.010100 0.010100 0.010100 0.010100 0.010100 0.010100 0.010900 0.010100 0.020600 0.010100 0.010100
CommonDuik 0.010200 0.139500 0.010100 0.052000 0.000000 0.010200 0.010200 0.010300 0.010200 0.010100 0.010200 0.020400 0.023700 0.000000 0.010200 0.020500 0.010200 0.028800 0.010200 0.010200 0.020500 0.010300 0.010200 0.010100 0.010200 0.010200 0.023700 0.010200 0.010200 0.010200 0.010100 0.010200 0.020400 0.010300 0.020400 0.010200 0.010200 0.000000 0.010200 0.020500 0.010200 0.010200 0.010100 0.010100 0.010200 0.010200 0.010200 0.010200 0.010200 0.020700 0.010200 0.010200
Suni 0.000000 0.125800 0.000000 0.040900 0.010100 0.000000 0.000000 0.000100 0.000000 0.000000 0.000000 0.010000 0.010100 0.010200 0.000000 0.010000 0.000000 0.010000 0.000000 0.000000 0.010100 0.000000 0.000100 0.000000 0.000000 0.000000 0.010100 0.000000 0.000000 0.000000 0.000000 0.000000 0.010000 0.000000 0.010000 0.000000 0.000000 0.010100 0.000000 0.010100 0.000100 0.000000 0.000000 0.000000 0.000000 0.000000 0.000000 0.000100 0.000000 0.010200 0.000000 0.000000
Springbuck 0.010000 0.138400 0.010000 0.030400 0.020300 0.010000 0.010100 0.010200 0.010000 0.010000 0.010000 0.020200 0.020400 0.020500 0.010000 0.000000 0.010100 0.020200 0.010100 0.010000 0.020400 0.010200 0.010100 0.010000 0.010000 0.010000 0.020400 0.010100 0.010000 0.010000 0.010000 0.010100 0.000100 0.010200 0.020200 0.010000 0.010000 0.020300 0.010100 0.020300 0.010100 0.010000 0.010000 0.010000 0.010000 0.010000 0.010000 0.010100 0.010000 0.020500 0.010000 0.010000
Okapi 0.000000 0.126800 0.000100 0.041200 0.010200 0.000000 0.000100 0.000100 0.000000 0.000100 0.000000 0.010100 0.010200 0.010200 0.000000 0.010100 0.000000 0.010100 0.000100 0.000000 0.010200 0.000100 0.000100 0.000100 0.000000 0.000000 0.010200 0.000100 0.000000 0.000000 0.000100 0.000100 0.010100 0.000100 0.010100 0.000000 0.000000 0.010200 0.000100 0.010100 0.000100 0.000000 0.000100 0.000100 0.000000 0.000000 0.000000 0.000100 0.000000 0.010200 0.000000 0.000000
Giraffe 0.010000 0.138300 0.009900 0.051300 0.020200 0.010000 0.013900 0.011800 0.010000 0.010000 0.010000 0.020100 0.000000 0.028800 0.010000 0.020200 0.010100 0.000000 0.010100 0.010000 0.020300 0.010100 0.010100 0.010000 0.010000 0.010000 0.000000 0.010000 0.010000 0.010000 0.010000 0.013900 0.020100 0.010100 0.020100 0.010000 0.010000 0.020200 0.010100 0.020200 0.010100 0.010000 0.010000 0.010000 0.010000 0.010000 0.010000 0.011300 0.010000 0.020400 0.010000 0.010000
TibetanAnt 0.000000 0.126600 0.000100 0.041100 0.010200 0.000000 0.000100 0.000100 0.000000 0.000100 0.000000 0.010100 0.010200 0.010200 0.000000 0.010100 0.000100 0.010100 0.000000 0.000000 0.010200 0.000100 0.000100 0.000100 0.000000 0.000000 0.010200 0.000100 0.000000 0.000000 0.000100 0.000100 0.010100 0.000100 0.010100 0.000000 0.000000 0.010200 0.000100 0.010100 0.000100 0.000000 0.000100 0.000100 0.000000 0.000000 0.000000 0.000100 0.000000 0.010200 0.000000 0.000000
Sitatunga 0.000000 0.125800 0.000000 0.040900 0.010100 0.000000 0.000000 0.000100 0.000000 0.000000 0.000000 0.010000 0.010100 0.010200 0.000000 0.010000 0.000000 0.010000 0.000000 0.000000 0.010100 0.000000 0.000100 0.000000 0.000000 0.000000 0.010100 0.000000 0.000000 0.000000 0.000000 0.000000 0.010000 0.000000 0.010000 0.000000 0.000000 0.010100 0.000000 0.010100 0.000100 0.000000 0.000000 0.000000 0.000000 0.000000 0.000000 0.000100 0.000000 0.010200 0.000000 0.000000
Oribi 0.010100 0.126500 0.010000 0.051600 0.020400 0.010100 0.010200 0.010200 0.010100 0.010000 0.010100 0.020300 0.020500 0.020500 0.010100 0.020400 0.010200 0.020300 0.010200 0.010100 0.000000 0.010200 0.010100 0.010000 0.010100 0.010100 0.020500 0.010100 0.010100 0.010100 0.010000 0.010200 0.020200 0.010200 0.020300 0.010100 0.010100 0.020400 0.010100 0.020400 0.010100 0.010100 0.010000 0.010000 0.010100 0.010100 0.010100 0.010100 0.010100 0.020600 0.010100 0.010100
BarbaryShe 0.000000 0.126700 0.000100 0.041300 0.010200 0.000000 0.000100 0.000100 0.000000 0.000100 0.000000 0.010100 0.010200 0.010300 0.000000 0.010200 0.000100 0.010100 0.000100 0.000000 0.010200 0.000000 0.000100 0.000100 0.000000 0.000000 0.010200 0.000100 0.000000 0.000000 0.000100 0.000100 0.010100 0.000100 0.010100 0.000000 0.000000 0.010200 0.000100 0.010200 0.000100 0.000000 0.000100 0.000100 0.000000 0.000000 0.000000 0.000100 0.000000 0.010300 0.000000 0.000000
Daviddeer 0.000100 0.125900 0.000100 0.041000 0.010100 0.000100 0.000100 0.000200 0.000100 0.000000 0.000100 0.010100 0.010100 0.010200 0.000100 0.010100 0.000100 0.010100 0.000100 0.000100 0.010100 0.000100 0.000000 0.000000 0.000100 0.000100 0.010100 0.000100 0.000100 0.000100 0.000000 0.000100 0.010100 0.000100 0.010100 0.000100 0.000100 0.010100 0.000100 0.010100 0.000000 0.000100 0.000000 0.000000 0.000100 0.000100 0.000100 0.000100 0.000100 0.010200 0.000100 0.000100
Reindeer 0.000000 0.125200 0.000100 0.040600 0.010000 0.000000 0.000100 0.000100 0.000000 0.000000 0.000000 0.010000 0.010100 0.010100 0.000000 0.010000 0.000100 0.010000 0.000100 0.000000 0.010000 0.000100 0.000000 0.000000 0.000000 0.000000 0.010100 0.000100 0.000000 0.000000 0.000000 0.000100 0.010000 0.000100 0.010000 0.000000 0.000000 0.010000 0.000100 0.010000 0.000000 0.000000 0.000000 0.000000 0.000000 0.000000 0.000000 0.000000 0.000000 0.010100 0.000000 0.000000
Ibex 0.000000 0.125800 0.000000 0.040900 0.010100 0.000000 0.000000 0.000100 0.000000 0.000000 0.000000 0.010000 0.010100 0.010200 0.000000 0.010000 0.000000 0.010000 0.000000 0.000000 0.010100 0.000000 0.000100 0.000000 0.000000 0.000000 0.010100 0.000000 0.000000 0.000000 0.000000 0.000000 0.010000 0.000000 0.010000 0.000000 0.000000 0.010100 0.000000 0.010100 0.000100 0.000000 0.000000 0.000000 0.000000 0.000000 0.000000 0.000100 0.000000 0.010200 0.000000 0.000000
GyrantGaze 0.000000 0.125800 0.000000 0.040900 0.010100 0.000000 0.000000 0.000100 0.000000 0.000000 0.000000 0.010000 0.010100 0.010200 0.000000 0.010000 0.000000 0.010000 0.000000 0.000000 0.010100 0.000000 0.000100 0.000000 0.000000 0.000000 0.010100 0.000000 0.000000 0.000000 0.000000 0.000000 0.010000 0.000000 0.010000 0.000000 0.000000 0.010100 0.000000 0.010100 0.000100 0.000000 0.000000 0.000000 0.000000 0.000000 0.000000 0.000100 0.000000 0.010200 0.000000 0.000000
Hartebeest 0.010100 0.139200 0.010000 0.051800 0.020400 0.010100 0.011800 0.011300 0.010100 0.010100 0.010100 0.020300 0.000000 0.023700 0.010100 0.020400 0.010200 0.000000 0.010200 0.010100 0.020500 0.010200 0.010100 0.010100 0.010100 0.010100 0.000000 0.010100 0.010100 0.010100 0.010100 0.011800 0.020300 0.010200 0.020300 0.010100 0.010100 0.020400 0.010200 0.020400 0.010100 0.010100 0.010100 0.010100 0.010100 0.010100 0.010100 0.010900 0.010100 0.020600 0.010100 0.010100
Bongo 0.000000 0.125900 0.000100 0.040900 0.010100 0.000000 0.000100 0.000100 0.000000 0.000100 0.000000 0.010100 0.010100 0.010200 0.000000 0.010100 0.000100 0.010000 0.000100 0.000000 0.010100 0.000100 0.000100 0.000100 0.000000 0.000000 0.010100 0.000000 0.000000 0.000000 0.000100 0.000100 0.010000 0.000100 0.010100 0.000000 0.000000 0.010100 0.000100 0.010100 0.000100 0.000000 0.000100 0.000100 0.000000 0.000000 0.000000 0.000100 0.000000 0.010200 0.000000 0.000000
Gerenuk 0.000000 0.125800 0.000000 0.040900 0.010100 0.000000 0.000000 0.000100 0.000000 0.000000 0.000000 0.010000 0.010100 0.010200 0.000000 0.010000 0.000000 0.010000 0.000000 0.000000 0.010100 0.000000 0.000100 0.000000 0.000000 0.000000 0.010100 0.000000 0.000000 0.000000 0.000000 0.000000 0.010000 0.000000 0.010000 0.000000 0.000000 0.010100 0.000000 0.010100 0.000100 0.000000 0.000000 0.000000 0.000000 0.000000 0.000000 0.000100 0.000000 0.010200 0.000000 0.000000
CommonElan 0.000000 0.125800 0.000000 0.040900 0.010100 0.000000 0.000000 0.000100 0.000000 0.000000 0.000000 0.010000 0.010100 0.010200 0.000000 0.010000 0.000000 0.010000 0.000000 0.000000 0.010100 0.000000 0.000100 0.000000 0.000000 0.000000 0.010100 0.000000 0.000000 0.000000 0.000000 0.000000 0.010000 0.000000 0.010000 0.000000 0.000000 0.010100 0.000000 0.010100 0.000100 0.000000 0.000000 0.000000 0.000000 0.000000 0.000000 0.000100 0.000000 0.010200 0.000000 0.000000
MuntiacusR 0.000000 0.125200 0.000100 0.040600 0.010000 0.000000 0.000100 0.000100 0.000000 0.000000 0.000000 0.010000 0.010100 0.010100 0.000000 0.010000 0.000100 0.010000 0.000100 0.000000 0.010000 0.000100 0.000000 0.000000 0.000000 0.000000 0.010100 0.000100 0.000000 0.000000 0.000000 0.000100 0.010000 0.000100 0.010000 0.000000 0.000000 0.010000 0.000100 0.010000 0.000000 0.000000 0.000000 0.000000 0.000000 0.000000 0.000000 0.000000 0.000000 0.010100 0.000000 0.000000
HarveysDui 0.000000 0.126300 0.000100 0.041100 0.010200 0.000000 0.000000 0.000100 0.000000 0.000100 0.000000 0.010100 0.011800 0.010200 0.000000 0.010100 0.000100 0.013900 0.000100 0.000000 0.010200 0.000100 0.000100 0.000100 0.000000 0.000000 0.011800 0.000100 0.000000 0.000000 0.000100 0.000000 0.010100 0.000100 0.010100 0.000000 0.000000 0.010200 0.000100 0.010100 0.000100 0.000000 0.000100 0.000100 0.000000 0.000000 0.000000 0.000100 0.000000 0.010200 0.000000 0.000000
Pronghorn 0.010000 0.137700 0.009900 0.030200 0.020200 0.010000 0.010100 0.010100 0.010000 0.010000 0.010000 0.020200 0.020300 0.020400 0.010000 0.000100 0.010100 0.020100 0.010100 0.010000 0.020200 0.010100 0.010100 0.010000 0.010000 0.010000 0.020300 0.010000 0.010000 0.010000 0.010000 0.010100 0.000000 0.010100 0.020200 0.010000 0.010000 0.020200 0.010100 0.020200 0.010100 0.010000 0.010000 0.010000 0.010000 0.010000 0.010000 0.010000 0.010000 0.020400 0.010000 0.010000
BlueWildeb 0.000000 0.126700 0.000100 0.041300 0.010200 0.000000 0.000100 0.000100 0.000000 0.000100 0.000000 0.010100 0.010200 0.010300 0.000000 0.010200 0.000100 0.010100 0.000100 0.000000 0.010200 0.000100 0.000100 0.000100 0.000000 0.000000 0.010200 0.000100 0.000000 0.000000 0.000100 0.000100 0.010100 0.000000 0.010100 0.000000 0.000000 0.010200 0.000100 0.010200 0.000100 0.000000 0.000100 0.000100 0.000000 0.000000 0.000000 0.000100 0.000000 0.010300 0.000000 0.000000
Gemsbok 0.010000 0.113600 0.010000 0.051400 0.020200 0.010000 0.010100 0.010200 0.010000 0.010000 0.010000 0.020100 0.020300 0.020400 0.010000 0.020200 0.010100 0.020100 0.010100 0.010000 0.020300 0.010100 0.010100 0.010000 0.010000 0.010000 0.020300 0.010100 0.010000 0.010000 0.010000 0.010100 0.020200 0.010100 0.000000 0.010000 0.010000 0.020200 0.010100 0.020300 0.010100 0.010000 0.010000 0.010000 0.010000 0.010000 0.010000 0.010000 0.010000 0.020500 0.010000 0.010000
Yak 0.000000 0.125800 0.000000 0.040900 0.010100 0.000000 0.000000 0.000100 0.000000 0.000000 0.000000 0.010000 0.010100 0.010200 0.000000 0.010000 0.000000 0.010000 0.000000 0.000000 0.010100 0.000000 0.000100 0.000000 0.000000 0.000000 0.010100 0.000000 0.000000 0.000000 0.000000 0.000000 0.010000 0.000000 0.010000 0.000000 0.000000 0.010100 0.000000 0.010100 0.000100 0.000000 0.000000 0.000000 0.000000 0.000000 0.000000 0.000100 0.000000 0.010200 0.000000 0.000000
BlueSheep 0.000000 0.125800 0.000000 0.040900 0.010100 0.000000 0.000000 0.000100 0.000000 0.000000 0.000000 0.010000 0.010100 0.010200 0.000000 0.010000 0.000000 0.010000 0.000000 0.000000 0.010100 0.000000 0.000100 0.000000 0.000000 0.000000 0.010100 0.000000 0.000000 0.000000 0.000000 0.000000 0.010000 0.000000 0.010000 0.000000 0.000000 0.010100 0.000000 0.010100 0.000100 0.000000 0.000000 0.000000 0.000000 0.000000 0.000000 0.000100 0.000000 0.010200 0.000000 0.000000
BohorReedb 0.010100 0.138900 0.010000 0.051700 0.000000 0.010100 0.010200 0.010200 0.010100 0.010000 0.010100 0.020200 0.020400 0.000000 0.010100 0.020300 0.010200 0.020200 0.010200 0.010100 0.020400 0.010200 0.010100 0.010000 0.010100 0.010100 0.020400 0.010100 0.010100 0.010100 0.010000 0.010200 0.020200 0.010200 0.020200 0.010100 0.010100 0.000000 0.010100 0.020400 0.010100 0.010100 0.010000 0.010000 0.010100 0.010100 0.010100 0.010100 0.010100 0.020600 0.010100 0.010100
KirksDik 0.000000 0.126600 0.000100 0.041100 0.010100 0.000000 0.000100 0.000100 0.000000 0.000100 0.000000 0.010100 0.010200 0.010200 0.000000 0.010100 0.000100 0.010100 0.000100 0.000000 0.010100 0.000100 0.000100 0.000100 0.000000 0.000000 0.010200 0.000100 0.000000 0.000000 0.000100 0.000100 0.010100 0.000100 0.010100 0.000000 0.000000 0.010100 0.000000 0.010100 0.000100 0.000000 0.000100 0.000100 0.000000 0.000000 0.000000 0.000100 0.000000 0.010200 0.000000 0.000000
RoeDeer 0.010100 0.138800 0.010000 0.051500 0.020400 0.010100 0.010100 0.010200 0.010100 0.010000 0.010100 0.020300 0.020400 0.020500 0.010100 0.020300 0.010100 0.020200 0.010100 0.010100 0.020400 0.010200 0.010100 0.010000 0.010100 0.010100 0.020400 0.010100 0.010100 0.010100 0.010000 0.010100 0.020200 0.010200 0.020300 0.010100 0.010100 0.020400 0.010100 0.000000 0.010100 0.010100 0.010000 0.010000 0.010100 0.010100 0.010100 0.010100 0.010100 0.020600 0.010100 0.010100
WhiteLippe 0.000100 0.125900 0.000100 0.041000 0.010100 0.000100 0.000100 0.000200 0.000100 0.000000 0.000100 0.010100 0.010100 0.010200 0.000100 0.010100 0.000100 0.010100 0.000100 0.000100 0.010100 0.000100 0.000000 0.000000 0.000100 0.000100 0.010100 0.000100 0.000100 0.000100 0.000000 0.000100 0.010100 0.000100 0.010100 0.000100 0.000100 0.010100 0.000100 0.010100 0.000000 0.000100 0.000000 0.000000 0.000100 0.000100 0.000100 0.000100 0.000100 0.010200 0.000100 0.000100
ThomsonGaz 0.000000 0.125800 0.000000 0.040900 0.010100 0.000000 0.000000 0.000100 0.000000 0.000000 0.000000 0.010000 0.010100 0.010200 0.000000 0.010000 0.000000 0.010000 0.000000 0.000000 0.010100 0.000000 0.000100 0.000000 0.000000 0.000000 0.010100 0.000000 0.000000 0.000000 0.000000 0.000000 0.010000 0.000000 0.010000 0.000000 0.000000 0.010100 0.000000 0.010100 0.000100 0.000000 0.000000 0.000000 0.000000 0.000000 0.000000 0.000100 0.000000 0.010200 0.000000 0.000000
MuntiacusC 0.000000 0.125200 0.000100 0.040600 0.010000 0.000000 0.000100 0.000100 0.000000 0.000000 0.000000 0.010000 0.010100 0.010100 0.000000 0.010000 0.000100 0.010000 0.000100 0.000000 0.010000 0.000100 0.000000 0.000000 0.000000 0.000000 0.010100 0.000100 0.000000 0.000000 0.000000 0.000100 0.010000 0.000100 0.010000 0.000000 0.000000 0.010000 0.000100 0.010000 0.000000 0.000000 0.000000 0.000000 0.000000 0.000000 0.000000 0.000000 0.000000 0.010100 0.000000 0.000000
WhiteTaile 0.000000 0.125200 0.000100 0.040600 0.010000 0.000000 0.000100 0.000100 0.000000 0.000000 0.000000 0.010000 0.010100 0.010100 0.000000 0.010000 0.000100 0.010000 0.000100 0.000000 0.010000 0.000100 0.000000 0.000000 0.000000 0.000000 0.010100 0.000100 0.000000 0.000000 0.000000 0.000100 0.010000 0.000100 0.010000 0.000000 0.000000 0.010000 0.000100 0.010000 0.000000 0.000000 0.000000 0.000000 0.000000 0.000000 0.000000 0.000000 0.000000 0.010100 0.000000 0.000000
Cattle 0.000000 0.125800 0.000000 0.040900 0.010100 0.000000 0.000000 0.000100 0.000000 0.000000 0.000000 0.010000 0.010100 0.010200 0.000000 0.010000 0.000000 0.010000 0.000000 0.000000 0.010100 0.000000 0.000100 0.000000 0.000000 0.000000 0.010100 0.000000 0.000000 0.000000 0.000000 0.000000 0.010000 0.000000 0.010000 0.000000 0.000000 0.010100 0.000000 0.010100 0.000100 0.000000 0.000000 0.000000 0.000000 0.000000 0.000000 0.000100 0.000000 0.010200 0.000000 0.000000
RoyalAntel 0.000000 0.125800 0.000000 0.040900 0.010100 0.000000 0.000000 0.000100 0.000000 0.000000 0.000000 0.010000 0.010100 0.010200 0.000000 0.010000 0.000000 0.010000 0.000000 0.000000 0.010100 0.000000 0.000100 0.000000 0.000000 0.000000 0.010100 0.000000 0.000000 0.000000 0.000000 0.000000 0.010000 0.000000 0.010000 0.000000 0.000000 0.010100 0.000000 0.010100 0.000100 0.000000 0.000000 0.000000 0.000000 0.000000 0.000000 0.000100 0.000000 0.010200 0.000000 0.000000
Steenbok 0.000000 0.125800 0.000000 0.040900 0.010100 0.000000 0.000000 0.000100 0.000000 0.000000 0.000000 0.010000 0.010100 0.010200 0.000000 0.010000 0.000000 0.010000 0.000000 0.000000 0.010100 0.000000 0.000100 0.000000 0.000000 0.000000 0.010100 0.000000 0.000000 0.000000 0.000000 0.000000 0.010000 0.000000 0.010000 0.000000 0.000000 0.010100 0.000000 0.010100 0.000100 0.000000 0.000000 0.000000 0.000000 0.000000 0.000000 0.000100 0.000000 0.010200 0.000000 0.000000
Impala 0.000100 0.125700 0.000100 0.040900 0.010100 0.000100 0.000100 0.000100 0.000100 0.000000 0.000100 0.010000 0.010900 0.010200 0.000100 0.010100 0.000100 0.011300 0.000100 0.000100 0.010100 0.000100 0.000100 0.000000 0.000100 0.000100 0.010900 0.000100 0.000100 0.000100 0.000000 0.000100 0.010000 0.000100 0.010000 0.000100 0.000100 0.010100 0.000100 0.010100 0.000100 0.000100 0.000000 0.000000 0.000100 0.000100 0.000100 0.000000 0.000100 0.010200 0.000100 0.000100
Klipspring 0.000000 0.125800 0.000000 0.040900 0.010100 0.000000 0.000000 0.000100 0.000000 0.000000 0.000000 0.010000 0.010100 0.010200 0.000000 0.010000 0.000000 0.010000 0.000000 0.000000 0.010100 0.000000 0.000100 0.000000 0.000000 0.000000 0.010100 0.000000 0.000000 0.000000 0.000000 0.000000 0.010000 0.000000 0.010000 0.000000 0.000000 0.010100 0.000000 0.010100 0.000100 0.000000 0.000000 0.000000 0.000000 0.000000 0.000000 0.000100 0.000000 0.010200 0.000000 0.000000
ForestMusk 0.010200 0.115400 0.010100 0.052200 0.020600 0.010200 0.010200 0.010300 0.010200 0.010100 0.010200 0.020500 0.020600 0.020700 0.010200 0.020500 0.010200 0.020400 0.010200 0.010200 0.020600 0.010300 0.010200 0.010100 0.010200 0.010200 0.020600 0.010200 0.010200 0.010200 0.010100 0.010200 0.020400 0.010300 0.020500 0.010200 0.010200 0.020600 0.010200 0.020600 0.010200 0.010200 0.010100 0.010100 0.010200 0.010200 0.010200 0.010200 0.010200 0.000000 0.010200 0.010200
Bushbuck 0.000000 0.125800 0.000000 0.040900 0.010100 0.000000 0.000000 0.000100 0.000000 0.000000 0.000000 0.010000 0.010100 0.010200 0.000000 0.010000 0.000000 0.010000 0.000000 0.000000 0.010100 0.000000 0.000100 0.000000 0.000000 0.000000 0.010100 0.000000 0.000000 0.000000 0.000000 0.000000 0.010000 0.000000 0.010000 0.000000 0.000000 0.010100 0.000000 0.010100 0.000100 0.000000 0.000000 0.000000 0.000000 0.000000 0.000000 0.000100 0.000000 0.010200 0.000000 0.000000
GreaterKud 0.000000 0.125800 0.000000 0.040900 0.010100 0.000000 0.000000 0.000100 0.000000 0.000000 0.000000 0.010000 0.010100 0.010200 0.000000 0.010000 0.000000 0.010000 0.000000 0.000000 0.010100 0.000000 0.000100 0.000000 0.000000 0.000000 0.010100 0.000000 0.000000 0.000000 0.000000 0.000000 0.010000 0.000000 0.010000 0.000000 0.000000 0.010100 0.000000 0.010100 0.000100 0.000000 0.000000 0.000000 0.000000 0.000000 0.000000 0.000100 0.000000 0.010200 0.000000 0.000000
