1
52 1
Argali 0.000000 0.351700 0.104500 0.352000 0.068100 0.014500 0.068500 0.066800 0.096500 0.146200 0.052000 0.090000 0.073300 0.053300 0.082800 0.066700 0.128200 0.142300 0.035700 0.103900 0.052300 0.043600 0.163300 0.170500 0.036800 0.104400 0.073100 0.104800 0.104600 0.103900 0.127700 0.097700 0.142800 0.073300 0.050200 0.097900 0.066200 0.091900 0.090200 0.153100 0.160800 0.097200 0.136700 0.170500 0.090300 0.104100 0.106100 0.107200 0.082500 0.130200 0.118500 0.096800
LesserMous 0.351700 0.000000 0.398700 0.521200 0.402700 0.351700 0.404500 0.418100 0.386400 0.365900 0.373800 0.361400 0.410000 0.384000 0.418500 0.370700 0.366700 0.371400 0.382100 0.397200 0.399500 0.371300 0.386700 0.387300 0.364400 0.398100 0.408400 0.378500 0.412100 0.396100 0.362400 0.462100 0.394200 0.409500 0.358200 0.349600 0.401600 0.391000 0.380000 0.386900 0.337200 0.368700 0.375600 0.387300 0.362200 0.432700 0.350200 0.456800 0.420000 0.367900 0.400400 0.408500
LesserKudu 0.104500 0.398700 0.000000 0.374100 0.130400 0.104500 0.114600 0.127800 0.020800 0.143100 0.112000 0.080600 0.133400 0.099200 0.112500 0.111800 0.125600 0.139400 0.111400 0.042200 0.097600 0.119000 0.159900 0.167000 0.096800 0.133800 0.132900 0.028100 0.150200 0.027600 0.125100 0.159900 0.180400 0.117400 0.095500 0.065600 0.126500 0.137500 0.135900 0.150000 0.157500 0.127300 0.133900 0.167000 0.057200 0.117800 0.152100 0.137400 0.112400 0.127800 0.042200 0.035600
KillerWhal 0.352000 0.521200 0.374100 0.000000 0.387500 0.362100 0.356200 0.369800 0.363300 0.422400 0.359100 0.337200 0.364600 0.379500 0.340500 0.379100 0.399200 0.368800 0.348900 0.363700 0.384000 0.348100 0.420500 0.373100 0.362100 0.352100 0.372800 0.355600 0.406200 0.362200 0.374400 0.420300 0.381700 0.342600 0.357000 0.359000 0.377200 0.385300 0.398500 0.384900 0.415200 0.365500 0.408700 0.373100 0.349800 0.385300 0.390400 0.427300 0.352000 0.375800 0.376800 0.353000
DefassaWat 0.068100 0.402700 0.130400 0.387500 0.000000 0.052500 0.093900 0.107700 0.122000 0.166100 0.091700 0.115500 0.113700 0.078200 0.100300 0.107600 0.138400 0.170000 0.091300 0.146300 0.092900 0.083100 0.137900 0.190900 0.076200 0.130300 0.113300 0.130800 0.147200 0.129600 0.156100 0.140400 0.186800 0.113700 0.090900 0.123800 0.059400 0.021700 0.099500 0.173000 0.162800 0.122900 0.156300 0.190900 0.116000 0.105100 0.132300 0.108600 0.107500 0.157400 0.144500 0.122400
Sheep 0.014500 0.351700 0.104500 0.362100 0.052500 0.000000 0.068500 0.082400 0.096500 0.146200 0.051700 0.090000 0.073300 0.053300 0.082800 0.082300 0.128200 0.142300 0.051500 0.119800 0.067800 0.058900 0.145500 0.170500 0.036800 0.104400 0.073100 0.104800 0.120600 0.103900 0.127700 0.113800 0.142800 0.073300 0.050800 0.097900 0.051100 0.075900 0.074500 0.153100 0.143300 0.097200 0.136700 0.170500 0.090300 0.104100 0.106100 0.107200 0.098400 0.130200 0.117400 0.096800
MaxwellsDu 0.068500 0.404500 0.114600 0.356200 0.093900 0.068500 0.000000 0.075900 0.106300 0.140200 0.060300 0.124000 0.090300 0.029800 0.076500 0.075800 0.139700 0.171500 0.075700 0.130300 0.060800 0.067600 0.156800 0.165000 0.045200 0.082400 0.097800 0.115000 0.082700 0.113800 0.104500 0.091100 0.128900 0.082400 0.075400 0.107900 0.059700 0.101900 0.083400 0.147300 0.155100 0.083100 0.130700 0.165000 0.100100 0.114100 0.083800 0.068800 0.092300 0.140500 0.128700 0.106100
GazellaPrz 0.066800 0.418100 0.127800 0.369800 0.107700 0.082400 0.075900 0.000000 0.119500 0.153800 0.089800 0.137200 0.111400 0.045200 0.074500 0.058600 0.136100 0.184500 0.072700 0.127200 0.044300 0.081300 0.171000 0.169500 0.074600 0.080400 0.111100 0.128200 0.096000 0.127000 0.135300 0.104900 0.191300 0.111400 0.089000 0.121300 0.104400 0.115600 0.081700 0.160700 0.168400 0.088700 0.144400 0.169500 0.113600 0.127300 0.097300 0.098600 0.105700 0.137700 0.141700 0.119900
MountainNy 0.096500 0.386400 0.020800 0.363300 0.122000 0.096500 0.106300 0.119500 0.000000 0.134300 0.103900 0.072800 0.125200 0.091000 0.104400 0.103700 0.117000 0.130800 0.088000 0.020600 0.089500 0.110900 0.150900 0.158000 0.088800 0.125600 0.124800 0.006900 0.141900 0.007000 0.116500 0.151400 0.171800 0.109500 0.087700 0.057900 0.102800 0.129800 0.127500 0.141100 0.148700 0.118500 0.125200 0.158000 0.049300 0.109800 0.143600 0.129000 0.088700 0.119500 0.020500 0.014000
MuntiacusM 0.146200 0.365900 0.143100 0.422400 0.166100 0.146200 0.140200 0.153800 0.134300 0.000000 0.154200 0.136200 0.177000 0.123600 0.172600 0.153600 0.116400 0.148600 0.153400 0.142600 0.121400 0.161600 0.072400 0.080000 0.137600 0.159600 0.176400 0.126800 0.195500 0.142100 0.031300 0.170700 0.191700 0.159300 0.152700 0.119500 0.169700 0.156900 0.162700 0.063600 0.071300 0.152100 0.007600 0.080000 0.111500 0.168000 0.180600 0.164200 0.163200 0.135700 0.157600 0.134800
goat 0.052000 0.373800 0.112000 0.359100 0.091700 0.051700 0.060300 0.089800 0.103900 0.154200 0.000000 0.105200 0.065400 0.060800 0.090100 0.089700 0.127700 0.150100 0.043000 0.127300 0.059800 0.051100 0.153700 0.178500 0.014500 0.096100 0.065200 0.112300 0.112100 0.111200 0.135600 0.105300 0.118300 0.065400 0.058600 0.105300 0.058400 0.099500 0.097700 0.161000 0.151300 0.096800 0.144700 0.178500 0.097800 0.103800 0.097600 0.098700 0.105900 0.137700 0.125900 0.096500
AfricanBuf 0.090000 0.361400 0.080600 0.337200 0.115500 0.090000 0.124000 0.137200 0.072800 0.136200 0.105200 0.000000 0.126800 0.108400 0.121700 0.120900 0.118600 0.116100 0.104700 0.095500 0.106600 0.096400 0.153100 0.159800 0.089900 0.143200 0.126400 0.081200 0.143400 0.080100 0.118100 0.169900 0.157400 0.110500 0.088800 0.058700 0.104100 0.115200 0.145400 0.142700 0.150700 0.136000 0.127000 0.159800 0.051300 0.111100 0.162000 0.147100 0.121600 0.137200 0.094500 0.088300
Topi 0.073300 0.410000 0.133400 0.364600 0.113700 0.073300 0.090300 0.111400 0.125200 0.177000 0.065400 0.126800 0.000000 0.082900 0.095300 0.111300 0.158700 0.172500 0.050300 0.148700 0.081600 0.087600 0.194300 0.201200 0.050800 0.133200 0.013600 0.133700 0.149700 0.132500 0.158200 0.127000 0.155600 0.028000 0.049000 0.127000 0.087400 0.121500 0.103500 0.183700 0.191300 0.126400 0.167400 0.201200 0.119400 0.117100 0.135300 0.136700 0.119800 0.142900 0.147100 0.125600
CommonDuik 0.053300 0.384000 0.099200 0.379500 0.078200 0.053300 0.029800 0.045200 0.091000 0.123600 0.060800 0.108400 0.082900 0.000000 0.045500 0.060600 0.105900 0.155000 0.060500 0.114800 0.045600 0.068100 0.140100 0.148300 0.045500 0.083000 0.082700 0.099500 0.099100 0.098500 0.105300 0.075900 0.163000 0.082900 0.060300 0.092400 0.075700 0.086200 0.068200 0.130800 0.138700 0.075700 0.114300 0.148300 0.084700 0.098700 0.084400 0.053500 0.092900 0.108400 0.113400 0.090900
Suni 0.082800 0.418500 0.112500 0.340500 0.100300 0.082800 0.076500 0.074500 0.104400 0.172600 0.090100 0.121700 0.095300 0.045500 0.000000 0.105900 0.136700 0.185300 0.074400 0.128000 0.091500 0.097400 0.190200 0.197100 0.075000 0.112100 0.096000 0.112800 0.145000 0.111800 0.153500 0.121800 0.191900 0.096300 0.074100 0.105800 0.105000 0.108200 0.114000 0.179400 0.187200 0.120900 0.162800 0.197100 0.098300 0.112000 0.130200 0.067900 0.106500 0.138200 0.126500 0.104700
Springbuck 0.066700 0.370700 0.111800 0.379100 0.107600 0.082300 0.075800 0.058600 0.103700 0.153600 0.089700 0.120900 0.111300 0.060600 0.105900 0.000000 0.153100 0.149500 0.073800 0.111200 0.044200 0.081200 0.170800 0.169300 0.074600 0.049000 0.110900 0.112100 0.065400 0.111100 0.135100 0.104800 0.174100 0.111300 0.058500 0.105200 0.104300 0.099100 0.066200 0.160500 0.168100 0.043300 0.144200 0.169300 0.097600 0.127100 0.081500 0.098500 0.105600 0.137300 0.125700 0.119800
Okapi 0.128200 0.366700 0.125600 0.399200 0.138400 0.128200 0.139700 0.136100 0.117000 0.116400 0.127700 0.118600 0.158700 0.105900 0.136700 0.153100 0.000000 0.086300 0.135300 0.125100 0.121000 0.143400 0.124000 0.159100 0.119800 0.176700 0.158300 0.109500 0.194700 0.124700 0.098000 0.188200 0.174000 0.141400 0.134800 0.102300 0.151400 0.129600 0.153600 0.141200 0.123000 0.169300 0.107000 0.159100 0.094400 0.141700 0.171300 0.163700 0.153900 0.118400 0.140100 0.100800
Giraffe 0.142300 0.371400 0.139400 0.368800 0.170000 0.142300 0.171500 0.184500 0.130800 0.148600 0.150100 0.116100 0.172500 0.155000 0.185300 0.149500 0.086300 0.000000 0.149400 0.138900 0.152300 0.157400 0.156100 0.191300 0.133900 0.155800 0.171900 0.123500 0.208300 0.138500 0.129800 0.201600 0.187900 0.155200 0.132100 0.116400 0.165300 0.143500 0.167100 0.173300 0.154800 0.165300 0.138900 0.191300 0.108600 0.189800 0.184600 0.213300 0.185300 0.131800 0.153700 0.147900
TibetanAnt 0.035700 0.382100 0.111400 0.348900 0.091300 0.051500 0.075700 0.072700 0.088000 0.153400 0.043000 0.104700 0.050300 0.060500 0.074400 0.073800 0.135300 0.149400 0.000000 0.095400 0.044200 0.050800 0.170600 0.177500 0.029100 0.111300 0.050200 0.096200 0.111500 0.095300 0.134900 0.089000 0.141400 0.050300 0.043400 0.104800 0.058200 0.099500 0.097200 0.160200 0.167900 0.104900 0.143900 0.177500 0.097300 0.111000 0.113000 0.113600 0.074100 0.137000 0.109800 0.088300
Sitatunga 0.103900 0.397200 0.042200 0.363700 0.146300 0.119800 0.130300 0.127200 0.020600 0.142600 0.127300 0.095500 0.148700 0.114800 0.128000 0.111200 0.125100 0.138900 0.095400 0.000000 0.097000 0.118300 0.159400 0.166300 0.112000 0.149200 0.148200 0.013800 0.149400 0.027200 0.124600 0.159000 0.179800 0.132600 0.110600 0.080500 0.126100 0.154200 0.151500 0.149400 0.156900 0.142000 0.133400 0.166300 0.073000 0.133000 0.167900 0.153200 0.096200 0.143300 0.040900 0.035400
Oribi 0.052300 0.399500 0.097600 0.384000 0.092900 0.067800 0.060800 0.044300 0.089500 0.121400 0.059800 0.106600 0.081600 0.045600 0.091500 0.044200 0.121000 0.152300 0.044200 0.097000 0.000000 0.066900 0.137600 0.137200 0.044700 0.081600 0.081300 0.097900 0.081700 0.097000 0.103400 0.074500 0.143900 0.081500 0.074700 0.090900 0.090000 0.100900 0.067000 0.128500 0.136200 0.074300 0.112200 0.137200 0.083300 0.097200 0.082900 0.099900 0.091200 0.122700 0.111700 0.089400
BarbaryShe 0.043600 0.371300 0.119000 0.348100 0.083100 0.058900 0.067600 0.081300 0.110900 0.161600 0.051100 0.096400 0.087600 0.068100 0.097400 0.081200 0.143400 0.157400 0.050800 0.118300 0.066900 0.000000 0.161000 0.150400 0.036400 0.103100 0.087300 0.119300 0.087700 0.118200 0.143000 0.112300 0.132700 0.087600 0.065600 0.112400 0.050500 0.090700 0.104800 0.133600 0.177100 0.103900 0.152000 0.150400 0.104900 0.118500 0.104700 0.089900 0.097100 0.144800 0.125200 0.111200
Daviddeer 0.163300 0.386700 0.159900 0.420500 0.137900 0.145500 0.156800 0.171000 0.150900 0.072400 0.153700 0.153100 0.194300 0.140100 0.190200 0.170800 0.124000 0.156100 0.170600 0.159400 0.137600 0.161000 0.000000 0.096600 0.154600 0.194700 0.193600 0.143400 0.213200 0.141700 0.071800 0.205500 0.237100 0.176300 0.169800 0.119100 0.151500 0.129000 0.161100 0.071500 0.030900 0.187000 0.063700 0.096600 0.111100 0.185200 0.198100 0.163600 0.180600 0.151600 0.174400 0.150700
Reindeer 0.170500 0.387300 0.167000 0.373100 0.190900 0.170500 0.165000 0.169500 0.158000 0.080000 0.178500 0.159800 0.201200 0.148300 0.197100 0.169300 0.159100 0.191300 0.177500 0.166300 0.137200 0.150400 0.096600 0.000000 0.161800 0.193000 0.200500 0.150500 0.193000 0.157400 0.079400 0.213600 0.225300 0.183200 0.176800 0.152100 0.193900 0.199700 0.178500 0.022500 0.095200 0.168100 0.071400 0.000000 0.144000 0.192100 0.196500 0.188600 0.187800 0.159800 0.173100 0.158600
Ibex 0.036800 0.364400 0.096800 0.362100 0.076200 0.036800 0.045200 0.074600 0.088800 0.137600 0.014500 0.089900 0.050800 0.045500 0.075000 0.074600 0.119800 0.133900 0.029100 0.112000 0.044700 0.036400 0.154600 0.161800 0.000000 0.081100 0.050600 0.097100 0.096800 0.096100 0.119400 0.090000 0.110800 0.050700 0.043800 0.090100 0.042600 0.084000 0.082400 0.144500 0.152300 0.081700 0.128300 0.161800 0.082500 0.096300 0.082400 0.083300 0.089400 0.122100 0.110700 0.089100
GyrantGaze 0.104400 0.398100 0.133800 0.352100 0.130300 0.104400 0.082400 0.080400 0.125600 0.159600 0.096100 0.143200 0.133200 0.083000 0.112100 0.049000 0.176700 0.155800 0.111300 0.149200 0.081600 0.103100 0.194700 0.193000 0.081100 0.000000 0.132800 0.134200 0.087100 0.133000 0.158500 0.127000 0.163500 0.133200 0.080200 0.127400 0.110500 0.121700 0.088000 0.184000 0.191600 0.028200 0.150200 0.193000 0.119800 0.149300 0.087600 0.104800 0.136200 0.159800 0.147600 0.141900
Hartebeest 0.073100 0.408400 0.132900 0.372800 0.113300 0.073100 0.097800 0.111100 0.124800 0.176400 0.065200 0.126400 0.013600 0.082700 0.096000 0.110900 0.158300 0.171900 0.050200 0.148200 0.081300 0.087300 0.193600 0.200500 0.050600 0.132800 0.000000 0.133300 0.149100 0.132100 0.157700 0.126600 0.162900 0.027400 0.050000 0.126600 0.094600 0.121100 0.103200 0.183100 0.190700 0.125700 0.166800 0.200500 0.119100 0.116700 0.134200 0.136200 0.127300 0.142600 0.146700 0.125200
Bongo 0.104800 0.378500 0.028100 0.355600 0.130800 0.104800 0.115000 0.128200 0.006900 0.126800 0.112300 0.081200 0.133700 0.099500 0.112800 0.112100 0.109500 0.123500 0.096200 0.013800 0.097900 0.119300 0.143400 0.150500 0.097100 0.134200 0.133300 0.000000 0.150700 0.013800 0.109100 0.160400 0.164700 0.117800 0.095800 0.065800 0.111100 0.138800 0.136300 0.133700 0.141200 0.127000 0.117700 0.150500 0.058400 0.118200 0.152600 0.137800 0.097000 0.128200 0.027400 0.021300
Gerenuk 0.104600 0.412100 0.150200 0.406200 0.147200 0.120600 0.082700 0.096000 0.141900 0.195500 0.112100 0.143400 0.149700 0.099100 0.145000 0.065400 0.194700 0.208300 0.111500 0.149400 0.081700 0.087700 0.213200 0.193000 0.096800 0.087100 0.149100 0.150700 0.000000 0.149300 0.158900 0.143400 0.180400 0.133600 0.095700 0.143800 0.126700 0.155300 0.119600 0.184100 0.192200 0.087700 0.185600 0.193000 0.136200 0.165900 0.119400 0.121200 0.144400 0.193800 0.164000 0.158500
CommonElan 0.103900 0.396100 0.027600 0.362200 0.129600 0.103900 0.113800 0.127000 0.007000 0.142100 0.111200 0.080100 0.132500 0.098500 0.111800 0.111100 0.124700 0.138500 0.095300 0.027200 0.097000 0.118200 0.141700 0.157400 0.096100 0.133000 0.132100 0.013800 0.149300 0.000000 0.124300 0.158900 0.179300 0.116700 0.094900 0.050300 0.110100 0.137500 0.135000 0.132100 0.139600 0.125900 0.133000 0.157400 0.043100 0.117200 0.151200 0.136500 0.096100 0.127000 0.027100 0.021100
MuntiacusR 0.127700 0.362400 0.125100 0.374400 0.156100 0.127700 0.104500 0.135300 0.116500 0.031300 0.135600 0.118100 0.158200 0.105300 0.153500 0.135100 0.098000 0.129800 0.134900 0.124600 0.103400 0.143000 0.071800 0.079400 0.119400 0.158500 0.157700 0.109100 0.158900 0.124300 0.000000 0.169500 0.182000 0.124300 0.134400 0.101800 0.151000 0.147100 0.143900 0.063000 0.070800 0.151000 0.023300 0.079400 0.094000 0.158300 0.161300 0.163000 0.153400 0.117600 0.139500 0.117000
HarveysDui 0.097700 0.462100 0.159900 0.420300 0.140400 0.113800 0.091100 0.104900 0.151400 0.170700 0.105300 0.169900 0.127000 0.075900 0.121800 0.104800 0.188200 0.201600 0.089000 0.159000 0.074500 0.112300 0.205500 0.213600 0.090000 0.127000 0.126600 0.160400 0.143400 0.158900 0.169500 0.000000 0.190700 0.126900 0.120300 0.153600 0.136100 0.148500 0.128500 0.195600 0.203400 0.119800 0.161000 0.213600 0.145800 0.142900 0.145500 0.130500 0.137700 0.152700 0.173800 0.151200
Pronghorn 0.142800 0.394200 0.180400 0.381700 0.186800 0.142800 0.128900 0.191300 0.171800 0.191700 0.118300 0.157400 0.155600 0.163000 0.191900 0.174100 0.174000 0.187900 0.141400 0.179800 0.143900 0.132700 0.237100 0.225300 0.110800 0.163500 0.162900 0.164700 0.180400 0.179300 0.182000 0.190700 0.000000 0.147400 0.140900 0.174400 0.140400 0.203400 0.182800 0.207400 0.215200 0.164800 0.191100 0.225300 0.166600 0.179600 0.182600 0.201300 0.191900 0.216500 0.186200 0.172200
BlueWildeb 0.073300 0.409500 0.117400 0.342600 0.113700 0.073300 0.082400 0.111400 0.109500 0.159300 0.065400 0.110500 0.028000 0.082900 0.096300 0.111300 0.141400 0.155200 0.050300 0.132600 0.081500 0.087600 0.176300 0.183200 0.050700 0.133200 0.027400 0.117800 0.133600 0.116700 0.124300 0.126900 0.147400 0.000000 0.050200 0.111000 0.094900 0.121500 0.103500 0.166000 0.173600 0.127200 0.149900 0.183200 0.103500 0.132800 0.135200 0.136100 0.127600 0.142800 0.131200 0.109800
Gemsbok 0.050200 0.358200 0.095500 0.357000 0.090900 0.050800 0.075400 0.089000 0.087700 0.152700 0.058600 0.088800 0.049000 0.060300 0.074100 0.058500 0.134800 0.132100 0.043400 0.110600 0.074700 0.065600 0.169800 0.176800 0.043800 0.080200 0.050000 0.095800 0.095700 0.094900 0.134400 0.120300 0.140900 0.050200 0.000000 0.088900 0.073000 0.098600 0.096900 0.159600 0.167200 0.073100 0.143400 0.176800 0.081400 0.110600 0.112600 0.098000 0.105000 0.136500 0.109400 0.103300
Yak 0.097900 0.349600 0.065600 0.359000 0.123800 0.097900 0.107900 0.121300 0.057900 0.119500 0.105300 0.058700 0.127000 0.092400 0.105800 0.105200 0.102300 0.116400 0.104800 0.080500 0.090900 0.112400 0.119100 0.152100 0.090100 0.127400 0.126600 0.065800 0.143800 0.050300 0.101800 0.153600 0.174400 0.111000 0.088900 0.000000 0.119900 0.115400 0.129500 0.126400 0.117400 0.120200 0.110500 0.152100 0.007200 0.111300 0.145900 0.130800 0.105800 0.121500 0.079500 0.073200
BlueSheep 0.066200 0.401600 0.126500 0.377200 0.059400 0.051100 0.059700 0.104400 0.102800 0.169700 0.058400 0.104100 0.087400 0.075700 0.105000 0.104300 0.151400 0.165300 0.058200 0.126100 0.090000 0.050500 0.151500 0.193900 0.042600 0.110500 0.094600 0.111100 0.126700 0.110100 0.151000 0.136100 0.140400 0.094900 0.073000 0.119900 0.000000 0.066900 0.096500 0.176400 0.166400 0.111300 0.160100 0.193900 0.112400 0.109000 0.112200 0.097500 0.089100 0.152300 0.124600 0.103100
BohorReedb 0.091900 0.391000 0.137500 0.385300 0.021700 0.075900 0.101900 0.115600 0.129800 0.156900 0.099500 0.115200 0.121500 0.086200 0.108200 0.099100 0.129600 0.143500 0.099500 0.154200 0.100900 0.090700 0.129000 0.199700 0.084000 0.121700 0.121100 0.138800 0.155300 0.137500 0.147100 0.148500 0.203400 0.121500 0.098600 0.115400 0.066900 0.000000 0.091200 0.181700 0.153800 0.114300 0.147300 0.199700 0.107700 0.112800 0.123600 0.116500 0.115400 0.131800 0.152400 0.130300
KirksDik 0.090200 0.380000 0.135900 0.398500 0.099500 0.074500 0.083400 0.081700 0.127500 0.162700 0.097700 0.145400 0.103500 0.068200 0.114000 0.066200 0.153600 0.167100 0.097200 0.151500 0.067000 0.104800 0.161100 0.178500 0.082400 0.088000 0.103200 0.136300 0.119600 0.135000 0.143900 0.128500 0.182800 0.103500 0.096900 0.129500 0.096500 0.091200 0.000000 0.169500 0.142200 0.080900 0.153100 0.178500 0.121800 0.135400 0.073900 0.122600 0.113700 0.145200 0.133600 0.127400
RoeDeer 0.153100 0.386900 0.150000 0.384900 0.173000 0.153100 0.147300 0.160700 0.141100 0.063600 0.161000 0.142700 0.183700 0.130800 0.179400 0.160500 0.141200 0.173300 0.160200 0.149400 0.128500 0.133600 0.071500 0.022500 0.144500 0.184000 0.183100 0.133700 0.184100 0.132100 0.063000 0.195600 0.207400 0.166000 0.159600 0.126400 0.176400 0.181700 0.169500 0.000000 0.070500 0.176500 0.055100 0.023100 0.118400 0.174700 0.187300 0.168900 0.170100 0.159600 0.156100 0.141700
WhiteLippe 0.160800 0.337200 0.157500 0.415200 0.162800 0.143300 0.155100 0.168400 0.148700 0.071300 0.151300 0.150700 0.191300 0.138700 0.187200 0.168100 0.123000 0.154800 0.167900 0.156900 0.136200 0.177100 0.030900 0.095200 0.152300 0.191600 0.190700 0.141200 0.192200 0.139600 0.070800 0.203400 0.215200 0.173600 0.167200 0.117400 0.166400 0.153800 0.142200 0.070500 0.000000 0.184200 0.062800 0.095200 0.109500 0.182400 0.177100 0.178700 0.177800 0.150200 0.171800 0.149300
ThomsonGaz 0.097200 0.368700 0.127300 0.365500 0.122900 0.097200 0.083100 0.088700 0.118500 0.152100 0.096800 0.136000 0.126400 0.075700 0.120900 0.043300 0.169300 0.165300 0.104900 0.142000 0.074300 0.103900 0.187000 0.168100 0.081700 0.028200 0.125700 0.127000 0.087700 0.125900 0.151000 0.119800 0.164800 0.127200 0.073100 0.120200 0.111300 0.114300 0.080900 0.176500 0.184200 0.000000 0.142800 0.168100 0.112700 0.142100 0.088700 0.105500 0.128900 0.136500 0.140500 0.134800
MuntiacusC 0.136700 0.375600 0.133900 0.408700 0.156300 0.136700 0.130700 0.144400 0.125200 0.007600 0.144700 0.127000 0.167400 0.114300 0.162800 0.144200 0.107000 0.138900 0.143900 0.133400 0.112200 0.152000 0.063700 0.071400 0.128300 0.150200 0.166800 0.117700 0.185600 0.133000 0.023300 0.161000 0.191100 0.149900 0.143400 0.110500 0.160100 0.147300 0.153100 0.055100 0.062800 0.142800 0.000000 0.071400 0.102600 0.158500 0.170700 0.154500 0.153600 0.126500 0.148400 0.125700
WhiteTaile 0.170500 0.387300 0.167000 0.373100 0.190900 0.170500 0.165000 0.169500 0.158000 0.080000 0.178500 0.159800 0.201200 0.148300 0.197100 0.169300 0.159100 0.191300 0.177500 0.166300 0.137200 0.150400 0.096600 0.000000 0.161800 0.193000 0.200500 0.150500 0.193000 0.157400 0.079400 0.213600 0.225300 0.183200 0.176800 0.152100 0.193900 0.199700 0.178500 0.023100 0.095200 0.168100 0.071400 0.000000 0.144000 0.192100 0.196500 0.188600 0.187800 0.159800 0.173100 0.158600
Cattle 0.090300 0.362200 0.057200 0.349800 0.116000 0.090300 0.100100 0.113600 0.049300 0.111500 0.097800 0.051300 0.119400 0.084700 0.098300 0.097600 0.094400 0.108600 0.097300 0.073000 0.083300 0.104900 0.111100 0.144000 0.082500 0.119800 0.119100 0.058400 0.136200 0.043100 0.094000 0.145800 0.166600 0.103500 0.081400 0.007200 0.112400 0.107700 0.121800 0.118400 0.109500 0.112700 0.102600 0.144000 0.000000 0.103900 0.138100 0.123000 0.098200 0.113800 0.070500 0.065800
RoyalAntel 0.104100 0.432700 0.117800 0.385300 0.105100 0.104100 0.114100 0.127300 0.109800 0.168000 0.103800 0.111100 0.117100 0.098700 0.112000 0.127100 0.141700 0.189800 0.111000 0.133000 0.097200 0.118500 0.185200 0.192100 0.096300 0.149300 0.116700 0.118200 0.165900 0.117200 0.158300 0.142900 0.179600 0.132800 0.110600 0.111300 0.109000 0.112800 0.135400 0.174700 0.182400 0.142100 0.158500 0.192100 0.103900 0.000000 0.151600 0.128400 0.119100 0.143200 0.131600 0.094600
Steenbok 0.106100 0.350200 0.152100 0.390400 0.132300 0.106100 0.083800 0.097300 0.143600 0.180600 0.097600 0.162000 0.135300 0.084400 0.130200 0.081500 0.171300 0.184600 0.113000 0.167900 0.082900 0.104700 0.198100 0.196500 0.082400 0.087600 0.134200 0.152600 0.119400 0.151200 0.161300 0.145500 0.182600 0.135200 0.112600 0.145900 0.112200 0.123600 0.073900 0.187300 0.177100 0.088700 0.170700 0.196500 0.138100 0.151600 0.000000 0.122400 0.146600 0.162600 0.166100 0.144200
Impala 0.107200 0.456800 0.137400 0.427300 0.108600 0.107200 0.068800 0.098600 0.129000 0.164200 0.098700 0.147100 0.136700 0.053500 0.067900 0.098500 0.163700 0.213300 0.113600 0.153200 0.099900 0.089900 0.163600 0.188600 0.083300 0.104800 0.136200 0.137800 0.121200 0.136500 0.163000 0.130500 0.201300 0.136100 0.098000 0.130800 0.097500 0.116500 0.122600 0.168900 0.178700 0.105500 0.154500 0.188600 0.123000 0.128400 0.122400 0.000000 0.123100 0.164000 0.151300 0.129300
Klipspring 0.082500 0.420000 0.112400 0.352000 0.107500 0.098400 0.092300 0.105700 0.088700 0.163200 0.105900 0.121600 0.119800 0.092900 0.106500 0.105600 0.153900 0.185300 0.074100 0.096200 0.091200 0.097100 0.180600 0.187800 0.089400 0.136200 0.127300 0.097000 0.144400 0.096100 0.153400 0.137700 0.191900 0.127600 0.105000 0.105800 0.089100 0.115400 0.113700 0.170100 0.177800 0.128900 0.153600 0.187800 0.098200 0.119100 0.146600 0.123100 0.000000 0.154700 0.095100 0.089000
ForestMusk 0.130200 0.367900 0.127800 0.375800 0.157400 0.130200 0.140500 0.137700 0.119500 0.135700 0.137700 0.137200 0.142900 0.108400 0.138200 0.137300 0.118400 0.131800 0.137000 0.143300 0.122700 0.144800 0.151600 0.159800 0.122100 0.159800 0.142600 0.128200 0.193800 0.127000 0.117600 0.152700 0.216500 0.142800 0.136500 0.121500 0.152300 0.131800 0.145200 0.159600 0.150200 0.136500 0.126500 0.159800 0.113800 0.143200 0.162600 0.164000 0.154700 0.000000 0.141800 0.119400
Bushbuck 0.118500 0.400400 0.042200 0.376800 0.144500 0.117400 0.128700 0.141700 0.020500 0.157600 0.125900 0.094500 0.147100 0.113400 0.126500 0.125700 0.140100 0.153700 0.109800 0.040900 0.111700 0.125200 0.174400 0.173100 0.110700 0.147600 0.146700 0.027400 0.164000 0.027100 0.139500 0.173800 0.186200 0.131200 0.109400 0.079500 0.124600 0.152400 0.133600 0.156100 0.171800 0.140500 0.148400 0.173100 0.070500 0.131600 0.166100 0.151300 0.095100 0.141800 0.000000 0.035100
GreaterKud 0.096800 0.408500 0.035600 0.353000 0.122400 0.096800 0.106100 0.119900 0.014000 0.134800 0.096500 0.088300 0.125600 0.090900 0.104700 0.119800 0.100800 0.147900 0.088300 0.035400 0.089400 0.111200 0.150700 0.158600 0.089100 0.141900 0.125200 0.021300 0.158500 0.021100 0.117000 0.151200 0.172200 0.109800 0.103300 0.073200 0.103100 0.130300 0.127400 0.141700 0.149300 0.134800 0.125700 0.158600 0.065800 0.094600 0.144200 0.129300 0.089000 0.119400 0.035100 0.000000
