1
52 1
Argali 0.000000 0.027900 0.007500 0.036200 0.004500 0.001500 0.006000 0.005200 0.005200 0.004500 0.001500 0.005200 0.003800 0.004500 0.005200 0.005200 0.005300 0.005200 0.001500 0.006700 0.004500 0.000700 0.005200 0.009700 0.002200 0.006000 0.002200 0.006700 0.006700 0.005200 0.005200 0.003700 0.007500 0.002200 0.004500 0.004500 0.001500 0.004500 0.003000 0.009800 0.005200 0.006800 0.004500 0.008900 0.003700 0.005200 0.005300 0.007500 0.009800 0.009000 0.006000 0.007500
LesserMous 0.027900 0.000000 0.032600 0.043200 0.027800 0.027900 0.029400 0.030200 0.030300 0.029700 0.027900 0.027200 0.028700 0.027900 0.028700 0.030200 0.030200 0.030200 0.028000 0.031900 0.028700 0.027200 0.029000 0.032800 0.028700 0.029500 0.027200 0.031800 0.031900 0.030300 0.030400 0.027100 0.030900 0.027100 0.029500 0.028000 0.028000 0.027900 0.026300 0.033500 0.030500 0.031700 0.029700 0.032000 0.027200 0.030300 0.030100 0.027200 0.033200 0.030900 0.031100 0.032100
LesserKudu 0.007500 0.032600 0.000000 0.040300 0.007500 0.007500 0.010500 0.009800 0.002200 0.009000 0.007500 0.008200 0.009700 0.009000 0.008200 0.009800 0.009000 0.009700 0.007500 0.003700 0.009000 0.006700 0.009700 0.013500 0.008200 0.010600 0.008200 0.003700 0.011300 0.002200 0.009700 0.008200 0.012000 0.008200 0.010500 0.007500 0.007500 0.007500 0.007500 0.014400 0.009700 0.011300 0.009000 0.013500 0.006700 0.009700 0.009800 0.012000 0.014200 0.013500 0.003000 0.004500
KillerWhal 0.036200 0.043200 0.040300 0.000000 0.037700 0.036200 0.037100 0.038400 0.038500 0.036100 0.036200 0.038400 0.036900 0.035500 0.038600 0.038400 0.036900 0.037700 0.036200 0.040100 0.036800 0.035400 0.036100 0.041600 0.037000 0.038500 0.036900 0.040100 0.040100 0.038500 0.036800 0.034700 0.039200 0.036900 0.039400 0.037700 0.036200 0.037700 0.034500 0.036900 0.036900 0.037600 0.036200 0.040700 0.036800 0.037800 0.036800 0.038500 0.037500 0.040900 0.039300 0.040400
DefassaWat 0.004500 0.027800 0.007500 0.037700 0.000000 0.004500 0.007400 0.006700 0.005200 0.006000 0.004500 0.006700 0.006700 0.006000 0.006700 0.006700 0.006800 0.006700 0.004500 0.006700 0.006000 0.003700 0.006700 0.011200 0.005200 0.006000 0.005200 0.006700 0.008200 0.005200 0.006700 0.005200 0.008900 0.005200 0.007500 0.006000 0.004500 0.000000 0.004500 0.011200 0.006000 0.008200 0.006000 0.010400 0.005200 0.006700 0.006700 0.009000 0.011200 0.010500 0.006000 0.007500
Sheep 0.001500 0.027900 0.007500 0.036200 0.004500 0.000000 0.006000 0.005200 0.005200 0.003000 0.001500 0.005200 0.003800 0.004500 0.005200 0.005200 0.005300 0.005200 0.001500 0.006700 0.004500 0.000700 0.003700 0.009700 0.002200 0.006000 0.002200 0.006700 0.006700 0.005200 0.003700 0.003700 0.006000 0.002200 0.004500 0.004500 0.001500 0.004500 0.003000 0.008300 0.003700 0.006800 0.003000 0.007400 0.003700 0.005200 0.003800 0.007500 0.009800 0.009000 0.006000 0.007500
MaxwellsDu 0.006000 0.029400 0.010500 0.037100 0.007400 0.006000 0.000000 0.008200 0.008200 0.006700 0.006000 0.008200 0.008200 0.003000 0.008200 0.008300 0.007500 0.008200 0.006000 0.009700 0.007500 0.005200 0.007500 0.012000 0.006700 0.009000 0.006700 0.009700 0.009800 0.008200 0.007400 0.002200 0.010500 0.006700 0.007500 0.007500 0.006000 0.007400 0.004500 0.011900 0.007500 0.009800 0.006700 0.011200 0.006700 0.008200 0.008200 0.008200 0.012700 0.011200 0.009000 0.010500
GazellaPrz 0.005200 0.030200 0.009800 0.038400 0.006700 0.005200 0.008200 0.000000 0.007500 0.006700 0.005200 0.007400 0.007500 0.006700 0.007500 0.004500 0.007500 0.007500 0.005200 0.009000 0.003700 0.004500 0.007500 0.011900 0.006000 0.005200 0.006000 0.009000 0.006000 0.007500 0.007400 0.005900 0.009700 0.006000 0.008200 0.006700 0.005200 0.006700 0.003700 0.010400 0.007500 0.006000 0.006700 0.011200 0.006000 0.007500 0.005900 0.009700 0.011900 0.011200 0.008200 0.009800
MountainNy 0.005200 0.030300 0.002200 0.038500 0.005200 0.005200 0.008200 0.007500 0.000000 0.006700 0.005200 0.006000 0.007500 0.006800 0.006000 0.007500 0.006700 0.007500 0.005200 0.001500 0.006800 0.004500 0.007500 0.011300 0.006000 0.008300 0.006000 0.001500 0.009000 0.000000 0.007500 0.006000 0.009700 0.006000 0.008200 0.005200 0.005200 0.005200 0.005300 0.012000 0.007500 0.009000 0.006800 0.011200 0.004500 0.007500 0.007500 0.009700 0.012000 0.011200 0.000700 0.002200
MuntiacusM 0.004500 0.029700 0.009000 0.036100 0.006000 0.003000 0.006700 0.006700 0.006700 0.000000 0.004500 0.006700 0.006700 0.006000 0.006700 0.006700 0.005200 0.006700 0.004500 0.008300 0.006000 0.003700 0.000700 0.006700 0.005200 0.007500 0.005200 0.008300 0.008200 0.006700 0.000700 0.005200 0.007500 0.005200 0.007500 0.006000 0.004500 0.006000 0.004500 0.005300 0.000700 0.008200 0.000000 0.004500 0.005200 0.006700 0.005200 0.009000 0.011200 0.009000 0.007500 0.009000
goat 0.001500 0.027900 0.007500 0.036200 0.004500 0.001500 0.006000 0.005200 0.005200 0.004500 0.000000 0.005200 0.003800 0.004500 0.005200 0.005200 0.005300 0.005200 0.001500 0.006700 0.004500 0.000700 0.005200 0.009700 0.002200 0.006000 0.002200 0.006700 0.006800 0.005200 0.005200 0.003700 0.007500 0.002200 0.004500 0.004500 0.001500 0.004500 0.003000 0.009800 0.005200 0.006800 0.004500 0.008900 0.003700 0.005200 0.005300 0.007500 0.009800 0.009000 0.006000 0.007500
AfricanBuf 0.005200 0.027200 0.008200 0.038400 0.006700 0.005200 0.008200 0.007400 0.006000 0.006700 0.005200 0.000000 0.006000 0.006700 0.007500 0.006000 0.007500 0.007500 0.005200 0.007500 0.006000 0.004500 0.007500 0.012000 0.006000 0.008200 0.004500 0.007500 0.007400 0.006000 0.007400 0.005900 0.008200 0.004500 0.006800 0.003700 0.005200 0.006700 0.005200 0.012000 0.007500 0.008900 0.006700 0.011200 0.003000 0.007500 0.007400 0.008200 0.011900 0.011200 0.006700 0.006700
Topi 0.003800 0.028700 0.009700 0.036900 0.006700 0.003800 0.008200 0.007500 0.007500 0.006700 0.003800 0.006000 0.000000 0.006700 0.007500 0.007600 0.006000 0.007500 0.003800 0.009000 0.006000 0.003000 0.007500 0.012000 0.004500 0.008200 0.001500 0.009000 0.009200 0.007500 0.007600 0.006000 0.006700 0.001500 0.005300 0.006700 0.003800 0.006700 0.005200 0.010500 0.007500 0.006000 0.006700 0.011200 0.006000 0.007500 0.006000 0.008200 0.010500 0.011300 0.008200 0.009800
CommonDuik 0.004500 0.027900 0.009000 0.035500 0.006000 0.004500 0.003000 0.006700 0.006800 0.006000 0.004500 0.006700 0.006700 0.000000 0.006800 0.006800 0.006700 0.006700 0.004500 0.008300 0.006000 0.003700 0.006700 0.011200 0.005200 0.007500 0.005200 0.008300 0.008300 0.006800 0.006700 0.000700 0.007400 0.005200 0.007500 0.006000 0.004500 0.006000 0.003000 0.011200 0.006700 0.008200 0.006000 0.010400 0.005200 0.006700 0.006700 0.007500 0.011200 0.010500 0.007500 0.009000
Suni 0.005200 0.028700 0.008200 0.038600 0.006700 0.005200 0.008200 0.007500 0.006000 0.006700 0.005200 0.007500 0.007500 0.006800 0.000000 0.007500 0.006700 0.007500 0.005200 0.007500 0.006800 0.004500 0.007500 0.010500 0.006000 0.008300 0.006000 0.007500 0.009100 0.006000 0.007500 0.006000 0.008200 0.006000 0.008200 0.006700 0.005200 0.006700 0.005200 0.012000 0.007500 0.009000 0.006700 0.009700 0.006000 0.007500 0.006000 0.008200 0.012000 0.009700 0.006700 0.008200
Springbuck 0.005200 0.030200 0.009800 0.038400 0.006700 0.005200 0.008300 0.004500 0.007500 0.006700 0.005200 0.006000 0.007600 0.006800 0.007500 0.000000 0.007500 0.007500 0.005200 0.009000 0.003700 0.004500 0.007500 0.012000 0.006000 0.004500 0.006100 0.009000 0.003000 0.007500 0.007400 0.006000 0.009700 0.006100 0.008300 0.006700 0.005200 0.006700 0.003700 0.011900 0.007500 0.005200 0.006700 0.011200 0.006000 0.007500 0.005900 0.009700 0.011900 0.011200 0.008300 0.008300
Okapi 0.005300 0.030200 0.009000 0.036900 0.006800 0.005300 0.007500 0.007500 0.006700 0.005200 0.005300 0.007500 0.006000 0.006700 0.006700 0.007500 0.000000 0.004600 0.005300 0.008200 0.006800 0.004600 0.006000 0.010500 0.006100 0.008200 0.006000 0.008200 0.008900 0.006700 0.006000 0.006000 0.008300 0.006000 0.008400 0.006800 0.005300 0.006800 0.005200 0.009000 0.006000 0.007500 0.005200 0.009800 0.006000 0.007600 0.005900 0.009900 0.010500 0.009800 0.007500 0.009000
Giraffe 0.005200 0.030200 0.009700 0.037700 0.006700 0.005200 0.008200 0.007500 0.007500 0.006700 0.005200 0.007500 0.007500 0.006700 0.007500 0.007500 0.004600 0.000000 0.005200 0.009000 0.005300 0.004500 0.007500 0.012100 0.006000 0.008200 0.006000 0.009000 0.009000 0.007500 0.007500 0.006000 0.009800 0.006000 0.008200 0.006700 0.005200 0.006700 0.005200 0.012000 0.007500 0.009000 0.006700 0.011200 0.006000 0.007500 0.007500 0.008200 0.010500 0.011200 0.008200 0.009700
TibetanAnt 0.001500 0.028000 0.007500 0.036200 0.004500 0.001500 0.006000 0.005200 0.005200 0.004500 0.001500 0.005200 0.003800 0.004500 0.005200 0.005200 0.005300 0.005200 0.000000 0.006700 0.004500 0.000700 0.005200 0.009700 0.002200 0.006000 0.002200 0.006700 0.006700 0.005200 0.005200 0.003700 0.007500 0.002200 0.004500 0.004500 0.001500 0.004500 0.003000 0.009800 0.005200 0.006800 0.004500 0.009000 0.003700 0.005200 0.005300 0.007500 0.009800 0.007500 0.006000 0.007500
Sitatunga 0.006700 0.031900 0.003700 0.040100 0.006700 0.006700 0.009700 0.009000 0.001500 0.008300 0.006700 0.007500 0.009000 0.008300 0.007500 0.009000 0.008200 0.009000 0.006700 0.000000 0.008300 0.006000 0.009000 0.012800 0.007500 0.009800 0.007500 0.003000 0.010500 0.001500 0.009000 0.007500 0.011200 0.007500 0.009700 0.006700 0.006700 0.006700 0.006800 0.013500 0.009000 0.010500 0.008300 0.012700 0.006000 0.009000 0.009000 0.011300 0.013500 0.012800 0.002200 0.003700
Oribi 0.004500 0.028700 0.009000 0.036800 0.006000 0.004500 0.007500 0.003700 0.006800 0.006000 0.004500 0.006000 0.006000 0.006000 0.006800 0.003700 0.006800 0.005300 0.004500 0.008300 0.000000 0.003700 0.006700 0.011200 0.005200 0.004500 0.004500 0.008300 0.005200 0.006800 0.006700 0.005200 0.008200 0.004500 0.006700 0.006000 0.004500 0.006000 0.003000 0.011200 0.006700 0.005200 0.006000 0.010400 0.005200 0.006700 0.005200 0.006700 0.009700 0.010500 0.007500 0.009000
BarbaryShe 0.000700 0.027200 0.006700 0.035400 0.003700 0.000700 0.005200 0.004500 0.004500 0.003700 0.000700 0.004500 0.003000 0.003700 0.004500 0.004500 0.004600 0.004500 0.000700 0.006000 0.003700 0.000000 0.004500 0.009000 0.001500 0.005200 0.001500 0.006000 0.006100 0.004500 0.004500 0.003000 0.006700 0.001500 0.003700 0.003700 0.000700 0.003700 0.002200 0.009000 0.004500 0.006000 0.003700 0.008200 0.003000 0.004500 0.004500 0.006700 0.009000 0.008200 0.005200 0.006700
Daviddeer 0.005200 0.029000 0.009700 0.036100 0.006700 0.003700 0.007500 0.007500 0.007500 0.000700 0.005200 0.007500 0.007500 0.006700 0.007500 0.007500 0.006000 0.007500 0.005200 0.009000 0.006700 0.004500 0.000000 0.007500 0.006000 0.008200 0.006000 0.009000 0.009000 0.007500 0.001500 0.006000 0.008200 0.006000 0.008200 0.006700 0.005200 0.006700 0.005200 0.006000 0.001500 0.009000 0.000700 0.005200 0.006000 0.007500 0.006000 0.009700 0.012000 0.009700 0.008200 0.009700
Reindeer 0.009700 0.032800 0.013500 0.041600 0.011200 0.009700 0.012000 0.011900 0.011300 0.006700 0.009700 0.012000 0.012000 0.011200 0.010500 0.012000 0.010500 0.012100 0.009700 0.012800 0.011200 0.009000 0.007500 0.000000 0.010500 0.012700 0.010500 0.012800 0.013400 0.011300 0.007400 0.010400 0.014200 0.010400 0.012700 0.011200 0.008200 0.011200 0.009700 0.010400 0.007500 0.013500 0.006700 0.002200 0.010400 0.012000 0.011900 0.012700 0.016500 0.014200 0.012000 0.012000
Ibex 0.002200 0.028700 0.008200 0.037000 0.005200 0.002200 0.006700 0.006000 0.006000 0.005200 0.002200 0.006000 0.004500 0.005200 0.006000 0.006000 0.006100 0.006000 0.002200 0.007500 0.005200 0.001500 0.006000 0.010500 0.000000 0.006700 0.003000 0.007500 0.007500 0.006000 0.006000 0.004500 0.008300 0.003000 0.005200 0.005200 0.002200 0.005200 0.003700 0.010500 0.006000 0.007500 0.005200 0.009700 0.004500 0.006000 0.006000 0.008200 0.010500 0.009700 0.006700 0.008200
GyrantGaze 0.006000 0.029500 0.010600 0.038500 0.006000 0.006000 0.009000 0.005200 0.008300 0.007500 0.006000 0.008200 0.008200 0.007500 0.008300 0.004500 0.008200 0.008200 0.006000 0.009800 0.004500 0.005200 0.008200 0.012700 0.006700 0.000000 0.006700 0.009800 0.006000 0.008300 0.008200 0.006700 0.010500 0.006700 0.009000 0.007500 0.006000 0.006000 0.004500 0.012700 0.008200 0.003700 0.007500 0.012000 0.006700 0.008200 0.006700 0.010500 0.012700 0.012000 0.009000 0.010600
Hartebeest 0.002200 0.027200 0.008200 0.036900 0.005200 0.002200 0.006700 0.006000 0.006000 0.005200 0.002200 0.004500 0.001500 0.005200 0.006000 0.006100 0.006000 0.006000 0.002200 0.007500 0.004500 0.001500 0.006000 0.010500 0.003000 0.006700 0.000000 0.007500 0.007700 0.006000 0.006000 0.004500 0.006700 0.000000 0.003700 0.005200 0.002200 0.005200 0.003700 0.010500 0.006000 0.007500 0.005200 0.009700 0.004500 0.006000 0.006000 0.006700 0.010400 0.009700 0.006700 0.008300
Bongo 0.006700 0.031800 0.003700 0.040100 0.006700 0.006700 0.009700 0.009000 0.001500 0.008300 0.006700 0.007500 0.009000 0.008300 0.007500 0.009000 0.008200 0.009000 0.006700 0.003000 0.008300 0.006000 0.009000 0.012800 0.007500 0.009800 0.007500 0.000000 0.010500 0.001500 0.008900 0.007400 0.009700 0.007500 0.009700 0.006700 0.006700 0.006700 0.006800 0.013500 0.009000 0.010500 0.008300 0.012700 0.006000 0.009000 0.009000 0.011300 0.013500 0.012700 0.002200 0.003700
Gerenuk 0.006700 0.031900 0.011300 0.040100 0.008200 0.006700 0.009800 0.006000 0.009000 0.008200 0.006800 0.007400 0.009200 0.008300 0.009100 0.003000 0.008900 0.009000 0.006700 0.010500 0.005200 0.006100 0.009000 0.013400 0.007500 0.006000 0.007700 0.010500 0.000000 0.009000 0.008900 0.007500 0.011200 0.007700 0.009800 0.008200 0.006800 0.008200 0.005200 0.013400 0.009000 0.006700 0.008200 0.012700 0.007400 0.009000 0.007400 0.011200 0.013400 0.012800 0.009800 0.009800
CommonElan 0.005200 0.030300 0.002200 0.038500 0.005200 0.005200 0.008200 0.007500 0.000000 0.006700 0.005200 0.006000 0.007500 0.006800 0.006000 0.007500 0.006700 0.007500 0.005200 0.001500 0.006800 0.004500 0.007500 0.011300 0.006000 0.008300 0.006000 0.001500 0.009000 0.000000 0.007400 0.006000 0.009700 0.006000 0.008200 0.005200 0.005200 0.005200 0.005300 0.012000 0.007500 0.009000 0.006700 0.011200 0.004500 0.007500 0.007500 0.009700 0.011900 0.011200 0.000700 0.002200
MuntiacusR 0.005200 0.030400 0.009700 0.036800 0.006700 0.003700 0.007400 0.007400 0.007500 0.000700 0.005200 0.007400 0.007600 0.006700 0.007500 0.007400 0.006000 0.007500 0.005200 0.009000 0.006700 0.004500 0.001500 0.007400 0.006000 0.008200 0.006000 0.008900 0.008900 0.007400 0.000000 0.005900 0.008200 0.006000 0.008200 0.006700 0.005200 0.006700 0.005200 0.005900 0.001500 0.009100 0.000700 0.005200 0.005900 0.007500 0.005900 0.009700 0.011900 0.009700 0.008200 0.009700
HarveysDui 0.003700 0.027100 0.008200 0.034700 0.005200 0.003700 0.002200 0.005900 0.006000 0.005200 0.003700 0.005900 0.006000 0.000700 0.006000 0.006000 0.006000 0.006000 0.003700 0.007500 0.005200 0.003000 0.006000 0.010400 0.004500 0.006700 0.004500 0.007400 0.007500 0.006000 0.005900 0.000000 0.008200 0.004500 0.006700 0.005200 0.003700 0.005200 0.002200 0.010400 0.006000 0.007500 0.005200 0.009700 0.004500 0.006000 0.005900 0.006700 0.010400 0.009700 0.006700 0.008200
Pronghorn 0.007500 0.030900 0.012000 0.039200 0.008900 0.006000 0.010500 0.009700 0.009700 0.007500 0.007500 0.008200 0.006700 0.007400 0.008200 0.009700 0.008300 0.009800 0.007500 0.011200 0.008200 0.006700 0.008200 0.014200 0.008300 0.010500 0.006700 0.009700 0.011200 0.009700 0.008200 0.008200 0.000000 0.006700 0.009000 0.009000 0.007500 0.008900 0.007400 0.011200 0.008200 0.009700 0.007500 0.011900 0.008200 0.009700 0.006700 0.010500 0.012700 0.013500 0.010400 0.012000
BlueWildeb 0.002200 0.027100 0.008200 0.036900 0.005200 0.002200 0.006700 0.006000 0.006000 0.005200 0.002200 0.004500 0.001500 0.005200 0.006000 0.006100 0.006000 0.006000 0.002200 0.007500 0.004500 0.001500 0.006000 0.010400 0.003000 0.006700 0.000000 0.007500 0.007700 0.006000 0.006000 0.004500 0.006700 0.000000 0.003700 0.005200 0.002200 0.005200 0.003700 0.010400 0.006000 0.007500 0.005200 0.009700 0.004500 0.006000 0.005900 0.006700 0.010400 0.009700 0.006700 0.008300
Gemsbok 0.004500 0.029500 0.010500 0.039400 0.007500 0.004500 0.007500 0.008200 0.008200 0.007500 0.004500 0.006800 0.005300 0.007500 0.008200 0.008300 0.008400 0.008200 0.004500 0.009700 0.006700 0.003700 0.008200 0.012700 0.005200 0.009000 0.003700 0.009700 0.009800 0.008200 0.008200 0.006700 0.009000 0.003700 0.000000 0.007500 0.004500 0.007500 0.006000 0.012800 0.008200 0.009800 0.007500 0.012000 0.006700 0.008200 0.008300 0.009000 0.012800 0.012000 0.009000 0.010600
Yak 0.004500 0.028000 0.007500 0.037700 0.006000 0.004500 0.007500 0.006700 0.005200 0.006000 0.004500 0.003700 0.006700 0.006000 0.006700 0.006700 0.006800 0.006700 0.004500 0.006700 0.006000 0.003700 0.006700 0.011200 0.005200 0.007500 0.005200 0.006700 0.008200 0.005200 0.006700 0.005200 0.009000 0.005200 0.007500 0.000000 0.004500 0.006000 0.004500 0.011300 0.006700 0.008200 0.006000 0.010500 0.002200 0.006700 0.006700 0.008400 0.011200 0.010500 0.006000 0.007500
BlueSheep 0.001500 0.028000 0.007500 0.036200 0.004500 0.001500 0.006000 0.005200 0.005200 0.004500 0.001500 0.005200 0.003800 0.004500 0.005200 0.005200 0.005300 0.005200 0.001500 0.006700 0.004500 0.000700 0.005200 0.008200 0.002200 0.006000 0.002200 0.006700 0.006800 0.005200 0.005200 0.003700 0.007500 0.002200 0.004500 0.004500 0.000000 0.004500 0.003000 0.008300 0.005200 0.006800 0.004500 0.009000 0.003700 0.005200 0.005300 0.007500 0.009800 0.009000 0.006000 0.006000
BohorReedb 0.004500 0.027900 0.007500 0.037700 0.000000 0.004500 0.007400 0.006700 0.005200 0.006000 0.004500 0.006700 0.006700 0.006000 0.006700 0.006700 0.006800 0.006700 0.004500 0.006700 0.006000 0.003700 0.006700 0.011200 0.005200 0.006000 0.005200 0.006700 0.008200 0.005200 0.006700 0.005200 0.008900 0.005200 0.007500 0.006000 0.004500 0.000000 0.004500 0.011200 0.006000 0.008200 0.006000 0.010400 0.005200 0.006700 0.006700 0.009000 0.011200 0.010500 0.006000 0.007500
KirksDik 0.003000 0.026300 0.007500 0.034500 0.004500 0.003000 0.004500 0.003700 0.005300 0.004500 0.003000 0.005200 0.005200 0.003000 0.005200 0.003700 0.005200 0.005200 0.003000 0.006800 0.003000 0.002200 0.005200 0.009700 0.003700 0.004500 0.003700 0.006800 0.005200 0.005300 0.005200 0.002200 0.007400 0.003700 0.006000 0.004500 0.003000 0.004500 0.000000 0.009700 0.005200 0.005200 0.004500 0.008900 0.003700 0.005200 0.003700 0.006000 0.009700 0.009000 0.006000 0.007500
RoeDeer 0.009800 0.033500 0.014400 0.036900 0.011200 0.008300 0.011900 0.010400 0.012000 0.005300 0.009800 0.012000 0.010500 0.011200 0.012000 0.011900 0.009000 0.012000 0.009800 0.013500 0.011200 0.009000 0.006000 0.010400 0.010500 0.012700 0.010500 0.013500 0.013400 0.012000 0.005900 0.010400 0.011200 0.010400 0.012800 0.011300 0.008300 0.011200 0.009700 0.000000 0.006000 0.011900 0.005300 0.009700 0.010500 0.012000 0.008900 0.014300 0.014900 0.014300 0.012800 0.012800
WhiteLippe 0.005200 0.030500 0.009700 0.036900 0.006000 0.003700 0.007500 0.007500 0.007500 0.000700 0.005200 0.007500 0.007500 0.006700 0.007500 0.007500 0.006000 0.007500 0.005200 0.009000 0.006700 0.004500 0.001500 0.007500 0.006000 0.008200 0.006000 0.009000 0.009000 0.007500 0.001500 0.006000 0.008200 0.006000 0.008200 0.006700 0.005200 0.006000 0.005200 0.006000 0.000000 0.009000 0.000700 0.005200 0.006000 0.007500 0.006000 0.009800 0.012000 0.009700 0.008200 0.009700
ThomsonGaz 0.006800 0.031700 0.011300 0.037600 0.008200 0.006800 0.009800 0.006000 0.009000 0.008200 0.006800 0.008900 0.006000 0.008200 0.009000 0.005200 0.007500 0.009000 0.006800 0.010500 0.005200 0.006000 0.009000 0.013500 0.007500 0.003700 0.007500 0.010500 0.006700 0.009000 0.009100 0.007500 0.009700 0.007500 0.009800 0.008200 0.006800 0.008200 0.005200 0.011900 0.009000 0.000000 0.008300 0.012700 0.007400 0.009000 0.005900 0.011200 0.011900 0.012800 0.009800 0.011300
MuntiacusC 0.004500 0.029700 0.009000 0.036200 0.006000 0.003000 0.006700 0.006700 0.006800 0.000000 0.004500 0.006700 0.006700 0.006000 0.006700 0.006700 0.005200 0.006700 0.004500 0.008300 0.006000 0.003700 0.000700 0.006700 0.005200 0.007500 0.005200 0.008300 0.008200 0.006700 0.000700 0.005200 0.007500 0.005200 0.007500 0.006000 0.004500 0.006000 0.004500 0.005300 0.000700 0.008300 0.000000 0.004500 0.005200 0.006700 0.005200 0.009000 0.011200 0.009000 0.007500 0.009000
WhiteTaile 0.008900 0.032000 0.013500 0.040700 0.010400 0.007400 0.011200 0.011200 0.011200 0.004500 0.008900 0.011200 0.011200 0.010400 0.009700 0.011200 0.009800 0.011200 0.009000 0.012700 0.010400 0.008200 0.005200 0.002200 0.009700 0.012000 0.009700 0.012700 0.012700 0.011200 0.005200 0.009700 0.011900 0.009700 0.012000 0.010500 0.009000 0.010400 0.008900 0.009700 0.005200 0.012700 0.004500 0.000000 0.009700 0.011200 0.009700 0.012000 0.015700 0.013500 0.011900 0.013500
Cattle 0.003700 0.027200 0.006700 0.036800 0.005200 0.003700 0.006700 0.006000 0.004500 0.005200 0.003700 0.003000 0.006000 0.005200 0.006000 0.006000 0.006000 0.006000 0.003700 0.006000 0.005200 0.003000 0.006000 0.010400 0.004500 0.006700 0.004500 0.006000 0.007400 0.004500 0.005900 0.004500 0.008200 0.004500 0.006700 0.002200 0.003700 0.005200 0.003700 0.010500 0.006000 0.007400 0.005200 0.009700 0.000000 0.006000 0.004500 0.008200 0.010400 0.009700 0.005200 0.006700
RoyalAntel 0.005200 0.030300 0.009700 0.037800 0.006700 0.005200 0.008200 0.007500 0.007500 0.006700 0.005200 0.007500 0.007500 0.006700 0.007500 0.007500 0.007600 0.007500 0.005200 0.009000 0.006700 0.004500 0.007500 0.012000 0.006000 0.008200 0.006000 0.009000 0.009000 0.007500 0.007500 0.006000 0.009700 0.006000 0.008200 0.006700 0.005200 0.006700 0.005200 0.012000 0.007500 0.009000 0.006700 0.011200 0.006000 0.000000 0.007500 0.009800 0.012000 0.011200 0.008200 0.009700
Steenbok 0.005300 0.030100 0.009800 0.036800 0.006700 0.003800 0.008200 0.005900 0.007500 0.005200 0.005300 0.007400 0.006000 0.006700 0.006000 0.005900 0.005900 0.007500 0.005300 0.009000 0.005200 0.004500 0.006000 0.011900 0.006000 0.006700 0.006000 0.009000 0.007400 0.007500 0.005900 0.005900 0.006700 0.005900 0.008300 0.006700 0.005300 0.006700 0.003700 0.008900 0.006000 0.005900 0.005200 0.009700 0.004500 0.007500 0.000000 0.009700 0.010400 0.009700 0.008300 0.009800
Impala 0.007500 0.027200 0.012000 0.038500 0.009000 0.007500 0.008200 0.009700 0.009700 0.009000 0.007500 0.008200 0.008200 0.007500 0.008200 0.009700 0.009900 0.008200 0.007500 0.011300 0.006700 0.006700 0.009700 0.012700 0.008200 0.010500 0.006700 0.011300 0.011200 0.009700 0.009700 0.006700 0.010500 0.006700 0.009000 0.008400 0.007500 0.009000 0.006000 0.014300 0.009800 0.011200 0.009000 0.012000 0.008200 0.009800 0.009700 0.000000 0.012700 0.013500 0.010500 0.012000
Klipspring 0.009800 0.033200 0.014200 0.037500 0.011200 0.009800 0.012700 0.011900 0.012000 0.011200 0.009800 0.011900 0.010500 0.011200 0.012000 0.011900 0.010500 0.010500 0.009800 0.013500 0.009700 0.009000 0.012000 0.016500 0.010500 0.012700 0.010400 0.013500 0.013400 0.011900 0.011900 0.010400 0.012700 0.010400 0.012800 0.011200 0.009800 0.011200 0.009700 0.014900 0.012000 0.011900 0.011200 0.015700 0.010400 0.012000 0.010400 0.012700 0.000000 0.013500 0.012700 0.014200
ForestMusk 0.009000 0.030900 0.013500 0.040900 0.010500 0.009000 0.011200 0.011200 0.011200 0.009000 0.009000 0.011200 0.011300 0.010500 0.009700 0.011200 0.009800 0.011200 0.007500 0.012800 0.010500 0.008200 0.009700 0.014200 0.009700 0.012000 0.009700 0.012700 0.012800 0.011200 0.009700 0.009700 0.013500 0.009700 0.012000 0.010500 0.009000 0.010500 0.009000 0.014300 0.009700 0.012800 0.009000 0.013500 0.009700 0.011200 0.009700 0.013500 0.013500 0.000000 0.012000 0.013500
Bushbuck 0.006000 0.031100 0.003000 0.039300 0.006000 0.006000 0.009000 0.008200 0.000700 0.007500 0.006000 0.006700 0.008200 0.007500 0.006700 0.008300 0.007500 0.008200 0.006000 0.002200 0.007500 0.005200 0.008200 0.012000 0.006700 0.009000 0.006700 0.002200 0.009800 0.000700 0.008200 0.006700 0.010400 0.006700 0.009000 0.006000 0.006000 0.006000 0.006000 0.012800 0.008200 0.009800 0.007500 0.011900 0.005200 0.008200 0.008300 0.010500 0.012700 0.012000 0.000000 0.003000
GreaterKud 0.007500 0.032100 0.004500 0.040400 0.007500 0.007500 0.010500 0.009800 0.002200 0.009000 0.007500 0.006700 0.009800 0.009000 0.008200 0.008300 0.009000 0.009700 0.007500 0.003700 0.009000 0.006700 0.009700 0.012000 0.008200 0.010600 0.008300 0.003700 0.009800 0.002200 0.009700 0.008200 0.012000 0.008300 0.010600 0.007500 0.006000 0.007500 0.007500 0.012800 0.009700 0.011300 0.009000 0.013500 0.006700 0.009700 0.009800 0.012000 0.014200 0.013500 0.003000 0.000000
