1
52 1
Argali 0.000000 0.523900 0.202400 0.543100 0.136500 0.029500 0.112900 0.125600 0.207500 0.321900 0.069100 0.241000 0.119100 0.122600 0.151600 0.183800 0.304600 0.275600 0.098500 0.212900 0.162200 0.076300 0.245500 0.309600 0.080000 0.194600 0.104700 0.186900 0.164000 0.217700 0.322200 0.117700 0.325700 0.103900 0.131900 0.208000 0.060400 0.161000 0.182900 0.284500 0.221600 0.199000 0.332200 0.292900 0.218300 0.150600 0.169500 0.186900 0.155000 0.323300 0.204100 0.199200
LesserMous 0.523900 0.000000 0.495700 0.593700 0.530300 0.554200 0.524200 0.493500 0.491800 0.459600 0.507700 0.564700 0.487200 0.486300 0.569000 0.534600 0.501000 0.438300 0.501000 0.516100 0.503300 0.508200 0.464300 0.512900 0.503100 0.562300 0.483300 0.482000 0.519500 0.522300 0.473800 0.498300 0.586500 0.512900 0.543000 0.535800 0.508100 0.516300 0.510500 0.511700 0.436200 0.542100 0.478400 0.496100 0.525500 0.471400 0.478900 0.559700 0.543700 0.532500 0.487200 0.478800
LesserKudu 0.202400 0.495700 0.000000 0.503800 0.220700 0.208700 0.217900 0.203900 0.084900 0.285700 0.205700 0.198500 0.232900 0.211200 0.222900 0.266500 0.311000 0.254200 0.231500 0.080800 0.254000 0.194300 0.230300 0.268300 0.203000 0.279600 0.218100 0.081900 0.245400 0.103700 0.286300 0.210200 0.327600 0.225900 0.248200 0.166000 0.212500 0.228800 0.247800 0.264300 0.191100 0.264400 0.296400 0.242100 0.167700 0.202400 0.242500 0.252600 0.237600 0.324200 0.073200 0.069100
KillerWhal 0.543100 0.593700 0.503800 0.000000 0.531800 0.558400 0.557900 0.529900 0.489900 0.504000 0.567100 0.555300 0.554500 0.558300 0.588800 0.549500 0.588700 0.540800 0.505800 0.521700 0.559900 0.515200 0.500500 0.510000 0.586300 0.577800 0.543800 0.501000 0.567800 0.524800 0.517200 0.595200 0.525700 0.580600 0.567200 0.528300 0.560400 0.540900 0.543400 0.539900 0.475600 0.514800 0.513600 0.525500 0.494000 0.551400 0.517100 0.554600 0.566000 0.571800 0.510000 0.515200
DefassaWat 0.136500 0.530300 0.220700 0.531800 0.000000 0.147900 0.108200 0.154900 0.180500 0.294200 0.113500 0.229300 0.131000 0.109600 0.138600 0.161700 0.303000 0.257100 0.147200 0.203500 0.140100 0.137300 0.245100 0.319300 0.124400 0.176600 0.116500 0.177800 0.150700 0.199800 0.288900 0.096600 0.309800 0.132300 0.160900 0.201500 0.120300 0.051800 0.165000 0.293200 0.229700 0.167700 0.299500 0.280900 0.202400 0.120600 0.156000 0.163600 0.129300 0.306100 0.194800 0.189900
Sheep 0.029500 0.554200 0.208700 0.558400 0.147900 0.000000 0.128400 0.141300 0.223800 0.329000 0.084300 0.252500 0.134500 0.138300 0.167500 0.190900 0.322200 0.293400 0.105600 0.229300 0.178000 0.091500 0.252700 0.316700 0.095200 0.210400 0.120100 0.203100 0.171100 0.233900 0.329200 0.133300 0.343600 0.119300 0.147400 0.224600 0.083400 0.172500 0.207800 0.291600 0.229100 0.214900 0.339200 0.300000 0.225400 0.166300 0.194200 0.203400 0.170900 0.340900 0.220400 0.215400
MaxwellsDu 0.112900 0.524200 0.217900 0.557900 0.108200 0.128400 0.000000 0.130700 0.195400 0.267400 0.097900 0.204700 0.107500 0.077700 0.139600 0.163500 0.270500 0.231200 0.119400 0.209700 0.158900 0.105300 0.232600 0.265100 0.117200 0.178500 0.101100 0.183800 0.152200 0.224100 0.267500 0.065200 0.291900 0.108600 0.111900 0.177300 0.088600 0.123900 0.153600 0.271500 0.228300 0.174000 0.277800 0.249300 0.192500 0.121700 0.140600 0.165400 0.117600 0.279800 0.191900 0.196100
GazellaPrz 0.125600 0.493500 0.203900 0.529900 0.154900 0.141300 0.130700 0.000000 0.209000 0.303000 0.127600 0.218700 0.145200 0.127800 0.151400 0.146500 0.285900 0.256500 0.123800 0.219400 0.128900 0.118000 0.237400 0.249800 0.143000 0.152200 0.130600 0.188200 0.122900 0.238000 0.303700 0.153100 0.297700 0.129600 0.167400 0.191000 0.126000 0.158300 0.140600 0.265900 0.223200 0.147900 0.313800 0.274200 0.196700 0.143100 0.119700 0.143700 0.147700 0.294600 0.214900 0.200500
MountainNy 0.207500 0.491800 0.084900 0.489900 0.180500 0.223800 0.195400 0.209000 0.000000 0.270400 0.201700 0.194700 0.247300 0.189000 0.224700 0.256900 0.315800 0.219300 0.227000 0.064000 0.229800 0.208800 0.245800 0.263000 0.203400 0.260000 0.223200 0.041300 0.259600 0.055200 0.271000 0.192000 0.300600 0.240400 0.252900 0.145200 0.208400 0.206300 0.242900 0.255000 0.206800 0.259600 0.271000 0.257200 0.147100 0.171700 0.237800 0.228600 0.223800 0.277100 0.041000 0.029600
MuntiacusM 0.321900 0.459600 0.285700 0.504000 0.294200 0.329000 0.267400 0.303000 0.270400 0.000000 0.285200 0.285800 0.302600 0.291000 0.315000 0.343700 0.311400 0.228400 0.322300 0.306600 0.299000 0.291900 0.131100 0.138300 0.302200 0.354000 0.277300 0.268700 0.320700 0.301100 0.015200 0.273600 0.290000 0.295500 0.304300 0.251800 0.281500 0.333800 0.308100 0.167200 0.098500 0.331200 0.018700 0.125000 0.242300 0.261800 0.277100 0.303800 0.276400 0.297800 0.266800 0.271300
goat 0.069100 0.507700 0.205700 0.567100 0.113500 0.084300 0.097900 0.127600 0.201700 0.285200 0.000000 0.220500 0.088100 0.099000 0.136600 0.177700 0.268500 0.238400 0.091800 0.206800 0.155800 0.061500 0.249600 0.282700 0.018700 0.188500 0.081600 0.180800 0.149300 0.221400 0.285500 0.086200 0.310100 0.089100 0.117000 0.192600 0.037900 0.137700 0.159100 0.268900 0.235500 0.184000 0.296000 0.266400 0.193900 0.127000 0.154700 0.171400 0.139900 0.292700 0.198200 0.193300
AfricanBuf 0.241000 0.564700 0.198500 0.555300 0.229300 0.252500 0.204700 0.218700 0.194700 0.285800 0.220500 0.000000 0.219400 0.235900 0.219100 0.281200 0.294600 0.270000 0.227600 0.208900 0.220800 0.246900 0.250900 0.284200 0.222500 0.265500 0.223500 0.183200 0.240300 0.223300 0.286300 0.225100 0.313100 0.231100 0.263200 0.111200 0.218000 0.237900 0.247700 0.300500 0.237100 0.264900 0.286300 0.278200 0.117600 0.237400 0.214800 0.191600 0.223500 0.319800 0.191200 0.195400
Topi 0.119100 0.487200 0.232900 0.554500 0.131000 0.134500 0.107500 0.145200 0.247300 0.302600 0.088100 0.219400 0.000000 0.125500 0.162900 0.186000 0.281100 0.266600 0.125700 0.243200 0.152000 0.103400 0.257600 0.300200 0.095100 0.188400 0.033300 0.212300 0.158100 0.253000 0.302800 0.112400 0.345900 0.044000 0.102100 0.219900 0.095100 0.138400 0.146600 0.286500 0.243600 0.175200 0.313100 0.284100 0.220800 0.144800 0.146700 0.188900 0.149300 0.320500 0.224900 0.229100
CommonDuik 0.122600 0.486300 0.211200 0.558300 0.109600 0.138300 0.077700 0.127800 0.189000 0.291000 0.099000 0.235900 0.125500 0.000000 0.157600 0.160400 0.284800 0.249700 0.137600 0.207700 0.134700 0.114900 0.246100 0.295000 0.118500 0.171300 0.110800 0.186100 0.145200 0.222300 0.291500 0.074100 0.306400 0.118400 0.138600 0.197900 0.106100 0.121400 0.146500 0.274800 0.231300 0.171100 0.307300 0.283300 0.199000 0.106500 0.150600 0.176500 0.127700 0.309300 0.203500 0.198500
Suni 0.151600 0.569000 0.222900 0.588800 0.138600 0.167500 0.139600 0.151400 0.224700 0.315000 0.136600 0.219100 0.162900 0.157600 0.000000 0.202800 0.318200 0.266800 0.175400 0.224100 0.159000 0.139700 0.268500 0.313500 0.143600 0.209900 0.157000 0.194100 0.174000 0.248400 0.315500 0.153600 0.324900 0.164600 0.185500 0.196700 0.134900 0.163300 0.201600 0.297900 0.244300 0.205500 0.336900 0.285700 0.219700 0.168900 0.180200 0.142800 0.174400 0.328600 0.224800 0.210000
Springbuck 0.183800 0.534600 0.266500 0.549500 0.161700 0.190900 0.163500 0.146500 0.256900 0.343700 0.177700 0.281200 0.186000 0.160400 0.202800 0.000000 0.336100 0.277100 0.181300 0.267100 0.124200 0.172200 0.287700 0.305300 0.197200 0.114700 0.180400 0.240400 0.076100 0.281200 0.343900 0.177300 0.337700 0.183900 0.191100 0.263100 0.175700 0.173700 0.139600 0.311800 0.274200 0.106600 0.364700 0.304700 0.253500 0.171700 0.135600 0.208300 0.189500 0.329800 0.267500 0.252600
Okapi 0.304600 0.501000 0.311000 0.588700 0.303000 0.322200 0.270500 0.285900 0.315800 0.311400 0.268500 0.294600 0.281100 0.284800 0.318200 0.336100 0.000000 0.163700 0.279600 0.321100 0.313600 0.306600 0.264900 0.257300 0.280000 0.350800 0.292100 0.282700 0.273500 0.326000 0.301000 0.273000 0.264600 0.274200 0.302100 0.261000 0.285300 0.295400 0.236600 0.327400 0.261000 0.334100 0.322000 0.251200 0.261400 0.291600 0.290800 0.282000 0.292500 0.313000 0.301400 0.306200
Giraffe 0.275600 0.438300 0.254200 0.540800 0.257100 0.293400 0.231200 0.256500 0.219300 0.228400 0.238400 0.270000 0.266600 0.249700 0.266800 0.277100 0.163700 0.000000 0.280900 0.254400 0.258000 0.256200 0.224000 0.230800 0.260100 0.301200 0.256800 0.237500 0.259700 0.260100 0.228900 0.232900 0.263300 0.269900 0.262200 0.230500 0.245600 0.275700 0.221700 0.258600 0.198500 0.289800 0.249800 0.225200 0.251500 0.245400 0.246400 0.252200 0.282300 0.236600 0.215700 0.230200
TibetanAnt 0.098500 0.501000 0.231500 0.505800 0.147200 0.105600 0.119400 0.123800 0.227000 0.322300 0.091800 0.227600 0.125700 0.137600 0.175400 0.181300 0.279600 0.280900 0.000000 0.228000 0.168300 0.091100 0.241900 0.289200 0.102700 0.209400 0.123500 0.197100 0.170200 0.242200 0.322600 0.141000 0.304800 0.130900 0.151000 0.218700 0.090800 0.138000 0.171700 0.295500 0.242800 0.204900 0.343300 0.293500 0.206200 0.157000 0.154600 0.175000 0.174700 0.334300 0.232900 0.218400
Sitatunga 0.212900 0.516100 0.080800 0.521700 0.203500 0.229300 0.209700 0.219400 0.064000 0.306600 0.206800 0.208900 0.243200 0.207700 0.224100 0.267100 0.321100 0.254400 0.228000 0.000000 0.254200 0.204700 0.261300 0.279000 0.208500 0.279700 0.238000 0.076600 0.246000 0.074700 0.307100 0.215500 0.312000 0.245800 0.239300 0.167700 0.213500 0.211400 0.262600 0.270300 0.222000 0.274700 0.306600 0.262700 0.169300 0.185500 0.238500 0.253000 0.229000 0.304000 0.084100 0.056400
Oribi 0.162200 0.503300 0.254000 0.559900 0.140100 0.178000 0.158900 0.128900 0.229800 0.299000 0.155800 0.220800 0.152000 0.134700 0.159000 0.124200 0.313600 0.258000 0.168300 0.254200 0.000000 0.154400 0.264800 0.297900 0.149500 0.109100 0.141500 0.227700 0.093400 0.268600 0.299400 0.164300 0.330800 0.149000 0.178100 0.221300 0.153900 0.152100 0.143100 0.314400 0.250900 0.109000 0.309500 0.302300 0.212500 0.145600 0.114300 0.181100 0.176200 0.348500 0.245400 0.240000
BarbaryShe 0.076300 0.508200 0.194300 0.515200 0.137300 0.091500 0.105300 0.118000 0.208800 0.291900 0.061500 0.246900 0.103400 0.114900 0.139700 0.172200 0.306600 0.256200 0.091100 0.204700 0.154400 0.000000 0.237300 0.290000 0.076600 0.186800 0.088800 0.178900 0.156400 0.228400 0.292300 0.110000 0.316900 0.096300 0.124300 0.209200 0.060800 0.153300 0.166200 0.265600 0.223000 0.173500 0.312700 0.273500 0.210100 0.134300 0.153100 0.178600 0.155900 0.315100 0.205400 0.191200
Daviddeer 0.245500 0.464300 0.230300 0.500500 0.245100 0.252700 0.232600 0.237400 0.245800 0.131100 0.249600 0.250900 0.257600 0.246100 0.268500 0.287700 0.264900 0.224000 0.241900 0.261300 0.264800 0.237300 0.000000 0.141400 0.261500 0.301600 0.242500 0.223700 0.275500 0.266100 0.122600 0.219200 0.274800 0.230600 0.244200 0.252000 0.246500 0.258100 0.253200 0.171100 0.049000 0.285500 0.151100 0.123300 0.247700 0.208100 0.243300 0.258000 0.241700 0.283500 0.242000 0.236600
Reindeer 0.309600 0.512900 0.268300 0.510000 0.319300 0.316700 0.265100 0.249800 0.263000 0.138300 0.282700 0.284200 0.300200 0.295000 0.313500 0.305300 0.257300 0.230800 0.289200 0.279000 0.297900 0.290000 0.141400 0.000000 0.289300 0.324600 0.295800 0.261300 0.298300 0.284000 0.138600 0.271400 0.261800 0.293600 0.291900 0.255000 0.300000 0.321500 0.295200 0.146900 0.108500 0.319100 0.158100 0.058900 0.245900 0.254300 0.275200 0.281100 0.285600 0.270000 0.269800 0.264100
Ibex 0.080000 0.503100 0.203000 0.586300 0.124400 0.095200 0.117200 0.143000 0.203400 0.302200 0.018700 0.222500 0.095100 0.118500 0.143600 0.197200 0.280000 0.260100 0.102700 0.208500 0.149500 0.076600 0.261500 0.289300 0.000000 0.208200 0.096700 0.182800 0.160200 0.222900 0.302500 0.105500 0.332300 0.104200 0.127800 0.203800 0.056600 0.140100 0.178600 0.285700 0.242300 0.199400 0.312900 0.262700 0.205000 0.137900 0.165700 0.191400 0.159600 0.314200 0.200000 0.195100
GyrantGaze 0.194600 0.562300 0.279600 0.577800 0.176600 0.210400 0.178500 0.152200 0.260000 0.354000 0.188500 0.265500 0.188400 0.171300 0.209900 0.114700 0.350800 0.301200 0.209400 0.279700 0.109100 0.186800 0.301600 0.324600 0.208200 0.000000 0.169700 0.252700 0.099900 0.294200 0.354600 0.179200 0.370500 0.190000 0.202100 0.242400 0.186300 0.192900 0.166400 0.299800 0.287900 0.050300 0.375600 0.318900 0.242500 0.177900 0.145200 0.192800 0.200500 0.360300 0.276000 0.265200
Hartebeest 0.104700 0.483300 0.218100 0.543800 0.116500 0.120100 0.101100 0.130600 0.223200 0.277300 0.081600 0.223500 0.033300 0.110800 0.157000 0.180400 0.292100 0.256800 0.123500 0.238000 0.141500 0.088800 0.242500 0.295800 0.096700 0.169700 0.000000 0.197600 0.152200 0.248000 0.277500 0.097700 0.324600 0.033600 0.099800 0.195600 0.080600 0.140700 0.145200 0.271500 0.228200 0.152100 0.288000 0.279600 0.196800 0.130200 0.149000 0.156600 0.143100 0.295000 0.205800 0.214500
Bongo 0.186900 0.482000 0.081900 0.501000 0.177800 0.203100 0.183800 0.188200 0.041300 0.268700 0.180800 0.183200 0.212300 0.186100 0.194100 0.240400 0.282700 0.237500 0.197100 0.076600 0.227700 0.178900 0.223700 0.261300 0.182800 0.252700 0.197600 0.000000 0.219800 0.044500 0.269200 0.180400 0.288300 0.205300 0.231700 0.133600 0.187700 0.194500 0.212400 0.252900 0.194600 0.238400 0.279300 0.245300 0.135700 0.178000 0.207500 0.207300 0.202500 0.285900 0.045400 0.026100
Gerenuk 0.164000 0.519500 0.245400 0.567800 0.150700 0.171100 0.152200 0.122900 0.259600 0.320700 0.149300 0.240300 0.158100 0.145200 0.174000 0.076100 0.273500 0.259700 0.170200 0.246000 0.093400 0.156400 0.275500 0.298300 0.160200 0.099900 0.152200 0.219800 0.000000 0.260400 0.321000 0.153400 0.325700 0.151100 0.179900 0.241700 0.156000 0.154300 0.128800 0.294500 0.262000 0.088300 0.330900 0.272300 0.223400 0.156200 0.108700 0.192200 0.160800 0.349000 0.256100 0.241200
CommonElan 0.217700 0.522300 0.103700 0.524800 0.199800 0.233900 0.224100 0.238000 0.055200 0.301100 0.221400 0.223300 0.253000 0.222300 0.248400 0.281200 0.326000 0.260100 0.242200 0.074700 0.268600 0.228400 0.266100 0.284000 0.222900 0.294200 0.248000 0.044500 0.260400 0.000000 0.301600 0.220900 0.327000 0.255700 0.253700 0.173600 0.228000 0.225800 0.262500 0.275400 0.227400 0.279500 0.301200 0.258000 0.175100 0.199900 0.248200 0.258100 0.225200 0.308000 0.063300 0.055400
MuntiacusR 0.322200 0.473800 0.286300 0.517200 0.288900 0.329200 0.267500 0.303700 0.271000 0.015200 0.285500 0.286300 0.302800 0.291500 0.315500 0.343900 0.301000 0.228900 0.322600 0.307100 0.299400 0.292300 0.122600 0.138600 0.302500 0.354600 0.277500 0.269200 0.321000 0.301600 0.000000 0.263600 0.280200 0.295700 0.294100 0.252300 0.281700 0.334100 0.308300 0.167600 0.098700 0.331400 0.034000 0.125200 0.242800 0.262400 0.277500 0.304200 0.276900 0.298400 0.267300 0.271800
HarveysDui 0.117700 0.498300 0.210200 0.595200 0.096600 0.133300 0.065200 0.153100 0.192000 0.273600 0.086200 0.225100 0.112400 0.074100 0.153600 0.177300 0.273000 0.232900 0.141000 0.215500 0.164300 0.110000 0.219200 0.271400 0.105500 0.179200 0.097700 0.180400 0.153400 0.220900 0.263600 0.000000 0.298300 0.105300 0.125000 0.201400 0.093300 0.116200 0.146100 0.267700 0.214500 0.183500 0.284300 0.251000 0.202600 0.109800 0.145600 0.166700 0.122600 0.306800 0.197700 0.192700
Pronghorn 0.325700 0.586500 0.327600 0.525700 0.309800 0.343600 0.291900 0.297700 0.300600 0.290000 0.310100 0.313100 0.345900 0.306400 0.324900 0.337700 0.264600 0.263300 0.304800 0.312000 0.330800 0.316900 0.274800 0.261800 0.332300 0.370500 0.324600 0.288300 0.325700 0.327000 0.280200 0.298300 0.000000 0.332800 0.340800 0.287900 0.316800 0.319100 0.292500 0.321700 0.260700 0.358300 0.301000 0.297400 0.288000 0.266200 0.297400 0.308400 0.313800 0.325300 0.307300 0.312000
BlueWildeb 0.103900 0.512900 0.225900 0.580600 0.132300 0.119300 0.108600 0.129600 0.240400 0.295500 0.089100 0.231100 0.044000 0.118400 0.164600 0.183900 0.274200 0.269900 0.130900 0.245800 0.149000 0.096300 0.230600 0.293600 0.104200 0.190000 0.033600 0.205300 0.151100 0.255700 0.295700 0.105300 0.332800 0.000000 0.103100 0.203500 0.088000 0.148100 0.148200 0.269300 0.226400 0.176700 0.295700 0.277500 0.204600 0.137700 0.156500 0.172900 0.133500 0.318300 0.218000 0.222200
Gemsbok 0.131900 0.543000 0.248200 0.567200 0.160900 0.147400 0.111900 0.167400 0.252900 0.304300 0.117000 0.263200 0.102100 0.138600 0.185500 0.191100 0.302100 0.262200 0.151000 0.239300 0.178100 0.124300 0.244200 0.291900 0.127800 0.202100 0.099800 0.231700 0.179900 0.253700 0.294100 0.125000 0.340800 0.103100 0.000000 0.234900 0.107500 0.177200 0.181500 0.278100 0.245100 0.197500 0.325200 0.265400 0.245000 0.140800 0.168400 0.194200 0.145300 0.300300 0.230200 0.244200
Yak 0.208000 0.535800 0.166000 0.528300 0.201500 0.224600 0.177300 0.191000 0.145200 0.251800 0.192600 0.111200 0.219900 0.197900 0.196700 0.263100 0.261000 0.230500 0.218700 0.167700 0.221300 0.209200 0.252000 0.255000 0.203800 0.242400 0.195600 0.133600 0.241700 0.173600 0.252300 0.201400 0.287900 0.203500 0.234900 0.000000 0.185800 0.219300 0.243900 0.271400 0.217500 0.251300 0.263000 0.249000 0.042400 0.214100 0.215300 0.182200 0.210200 0.269400 0.141600 0.145700
BlueSheep 0.060400 0.508100 0.212500 0.560400 0.120300 0.083400 0.088600 0.126000 0.208400 0.281500 0.037900 0.218000 0.095100 0.106100 0.134900 0.175700 0.285300 0.245600 0.090800 0.213500 0.153900 0.060800 0.246500 0.300000 0.056600 0.186300 0.080600 0.187700 0.156000 0.228000 0.281700 0.093300 0.316800 0.088000 0.107500 0.185800 0.000000 0.144500 0.165900 0.275400 0.232500 0.181900 0.292100 0.283700 0.191400 0.133900 0.161300 0.169300 0.138200 0.304000 0.195700 0.200000
BohorReedb 0.161000 0.516300 0.228800 0.540900 0.051800 0.172500 0.123900 0.158300 0.206300 0.333800 0.137700 0.237900 0.138400 0.121400 0.163300 0.173700 0.295400 0.275700 0.138000 0.211400 0.152100 0.153300 0.258100 0.321500 0.140100 0.192900 0.140700 0.194500 0.154300 0.225800 0.334100 0.116200 0.319100 0.148100 0.177200 0.219300 0.144500 0.000000 0.164000 0.317100 0.253300 0.188500 0.344600 0.304900 0.229500 0.136500 0.159500 0.188900 0.132500 0.335500 0.221000 0.206700
KirksDik 0.182900 0.510500 0.247800 0.543400 0.165000 0.207800 0.153600 0.140600 0.242900 0.308100 0.159100 0.247700 0.146600 0.146500 0.201600 0.139600 0.236600 0.221700 0.171700 0.262600 0.143100 0.166200 0.253200 0.295200 0.178600 0.166400 0.145200 0.212400 0.128800 0.262500 0.308300 0.146100 0.292500 0.148200 0.181500 0.243900 0.165900 0.164000 0.000000 0.291500 0.249000 0.153500 0.328800 0.279000 0.234800 0.149100 0.101400 0.193900 0.179900 0.341400 0.239200 0.234000
RoeDeer 0.284500 0.511700 0.264300 0.539900 0.293200 0.291600 0.271500 0.265900 0.255000 0.167200 0.268900 0.300500 0.286500 0.274800 0.297900 0.311800 0.327400 0.258600 0.295500 0.270300 0.314400 0.265600 0.171100 0.146900 0.285700 0.299800 0.271500 0.252900 0.294500 0.275400 0.167600 0.267700 0.321700 0.269300 0.278100 0.271400 0.275400 0.317100 0.291500 0.000000 0.137900 0.284300 0.187100 0.129000 0.266900 0.261000 0.266100 0.314000 0.266200 0.308700 0.261300 0.255800
WhiteLippe 0.221600 0.436200 0.191100 0.475600 0.229700 0.229100 0.228300 0.223200 0.206800 0.098500 0.235500 0.237100 0.243600 0.231300 0.244300 0.274200 0.261000 0.198500 0.242800 0.222000 0.250900 0.223000 0.049000 0.108500 0.242300 0.287900 0.228200 0.194600 0.262000 0.227400 0.098700 0.214500 0.260700 0.226400 0.245100 0.217500 0.232500 0.253300 0.249000 0.137900 0.000000 0.272100 0.118500 0.095000 0.213700 0.198200 0.229000 0.254400 0.237700 0.248600 0.203100 0.197800
ThomsonGaz 0.199000 0.542100 0.264400 0.514800 0.167700 0.214900 0.174000 0.147900 0.259600 0.331200 0.184000 0.264900 0.175200 0.171100 0.205500 0.106600 0.334100 0.289800 0.204900 0.274700 0.109000 0.173500 0.285500 0.319100 0.199400 0.050300 0.152100 0.238400 0.088300 0.279500 0.331400 0.183500 0.358300 0.176700 0.197500 0.251300 0.181900 0.188500 0.153500 0.284300 0.272100 0.000000 0.352200 0.302800 0.241900 0.182200 0.141000 0.187900 0.195900 0.348300 0.265600 0.260200
MuntiacusC 0.332200 0.478400 0.296400 0.513600 0.299500 0.339200 0.277800 0.313800 0.271000 0.018700 0.296000 0.286300 0.313100 0.307300 0.336900 0.364700 0.322000 0.249800 0.343300 0.306600 0.309500 0.312700 0.151100 0.158100 0.312900 0.375600 0.288000 0.279300 0.330900 0.301200 0.034000 0.284300 0.301000 0.295700 0.325200 0.263000 0.292100 0.344600 0.328800 0.187100 0.118500 0.352200 0.000000 0.144600 0.253300 0.272600 0.297800 0.325200 0.287100 0.309100 0.277400 0.281900
WhiteTaile 0.292900 0.496100 0.242100 0.525500 0.280900 0.300000 0.249300 0.274200 0.257200 0.125000 0.266400 0.278200 0.284100 0.283300 0.285700 0.304700 0.251200 0.225200 0.293500 0.262700 0.302300 0.273500 0.123300 0.058900 0.262700 0.318900 0.279600 0.245300 0.272300 0.258000 0.125200 0.251000 0.297400 0.277500 0.265400 0.249000 0.283700 0.304900 0.279000 0.129000 0.095000 0.302800 0.144600 0.000000 0.250100 0.229000 0.269400 0.285600 0.259100 0.274900 0.253600 0.248100
Cattle 0.218300 0.525500 0.167700 0.494000 0.202400 0.225400 0.192500 0.196700 0.147100 0.242300 0.193900 0.117600 0.220800 0.199000 0.219700 0.253500 0.261400 0.251500 0.206200 0.169300 0.212500 0.210100 0.247700 0.245900 0.205000 0.242500 0.196800 0.135700 0.223400 0.175100 0.242800 0.202600 0.288000 0.204600 0.245000 0.042400 0.191400 0.229500 0.234800 0.266900 0.213700 0.241900 0.253300 0.250100 0.000000 0.196400 0.188800 0.197500 0.206300 0.285300 0.143500 0.147600
RoyalAntel 0.150600 0.471400 0.202400 0.551400 0.120600 0.166300 0.121700 0.143100 0.171700 0.261800 0.127000 0.237400 0.144800 0.106500 0.168900 0.171700 0.291600 0.245400 0.157000 0.185500 0.145600 0.134300 0.208100 0.254300 0.137900 0.177900 0.130200 0.178000 0.156200 0.199900 0.262400 0.109800 0.266200 0.137700 0.140800 0.214100 0.133900 0.136500 0.149100 0.261000 0.198200 0.182200 0.272600 0.229000 0.196400 0.000000 0.127900 0.178300 0.125800 0.289700 0.195000 0.190200
Steenbok 0.169500 0.478900 0.242500 0.517100 0.156000 0.194200 0.140600 0.119700 0.237800 0.277100 0.154700 0.214800 0.146700 0.150600 0.180200 0.135600 0.290800 0.246400 0.154600 0.238500 0.114300 0.153100 0.243300 0.275200 0.165700 0.145200 0.149000 0.207500 0.108700 0.248200 0.277500 0.145600 0.297400 0.156500 0.168400 0.215300 0.161300 0.159500 0.101400 0.266100 0.229000 0.141000 0.297800 0.269400 0.188800 0.127900 0.000000 0.175500 0.149100 0.325500 0.234400 0.219800
Impala 0.186900 0.559700 0.252600 0.554600 0.163600 0.203400 0.165400 0.143700 0.228600 0.303800 0.171400 0.191600 0.188900 0.176500 0.142800 0.208300 0.282000 0.252200 0.175000 0.253000 0.181100 0.178600 0.258000 0.281100 0.191400 0.192800 0.156600 0.207300 0.192200 0.258100 0.304200 0.166700 0.308400 0.172900 0.194200 0.182200 0.169300 0.188900 0.193900 0.314000 0.254400 0.187900 0.325200 0.285600 0.197500 0.178300 0.175500 0.000000 0.179000 0.280600 0.225000 0.219800
Klipspring 0.155000 0.543700 0.237600 0.566000 0.129300 0.170900 0.117600 0.147700 0.223800 0.276400 0.139900 0.223500 0.149300 0.127700 0.174400 0.189500 0.292500 0.282300 0.174700 0.229000 0.176200 0.155900 0.241700 0.285600 0.159600 0.200500 0.143100 0.202500 0.160800 0.225200 0.276900 0.122600 0.313800 0.133500 0.145300 0.210200 0.138200 0.132500 0.179900 0.266200 0.237700 0.195900 0.287100 0.259100 0.206300 0.125800 0.149100 0.179000 0.000000 0.299500 0.220300 0.215100
ForestMusk 0.323300 0.532500 0.324200 0.571800 0.306100 0.340900 0.279800 0.294600 0.277100 0.297800 0.292700 0.319800 0.320500 0.309300 0.328600 0.329800 0.313000 0.236600 0.334300 0.304000 0.348500 0.315100 0.283500 0.270000 0.314200 0.360300 0.295000 0.285900 0.349000 0.308000 0.298400 0.306800 0.325300 0.318300 0.300300 0.269400 0.304000 0.335500 0.341400 0.308700 0.248600 0.348300 0.309100 0.274900 0.285300 0.289700 0.325500 0.280600 0.299500 0.000000 0.263400 0.288500
Bushbuck 0.204100 0.487200 0.073200 0.510000 0.194800 0.220400 0.191900 0.214900 0.041000 0.266800 0.198200 0.191200 0.224900 0.203500 0.224800 0.267500 0.301400 0.215700 0.232900 0.084100 0.245400 0.205400 0.242000 0.269800 0.200000 0.276000 0.205800 0.045400 0.256100 0.063300 0.267300 0.197700 0.307300 0.218000 0.230200 0.141600 0.195700 0.221000 0.239200 0.261300 0.203100 0.265600 0.277400 0.253600 0.143500 0.195000 0.234400 0.225000 0.220300 0.263400 0.000000 0.041100
GreaterKud 0.199200 0.478800 0.069100 0.515200 0.189900 0.215400 0.196100 0.200500 0.029600 0.271300 0.193300 0.195400 0.229100 0.198500 0.210000 0.252600 0.306200 0.230200 0.218400 0.056400 0.240000 0.191200 0.236600 0.264100 0.195100 0.265200 0.214500 0.026100 0.241200 0.055400 0.271800 0.192700 0.312000 0.222200 0.244200 0.145700 0.200000 0.206700 0.234000 0.255800 0.197800 0.260200 0.281900 0.248100 0.147600 0.190200 0.219800 0.219800 0.215100 0.288500 0.041100 0.000000
