1
52 1
Argali 0.000000 0.028000 0.000000 0.013700 0.000000 0.000000 0.014000 0.000000 0.000000 0.000000 0.014100 0.000000 0.000000 0.000000 0.000000 0.000000 0.013900 0.014100 0.000000 0.013900 0.000000 0.000000 0.000000 0.014000 0.000000 0.000000 0.000000 0.013900 0.000000 0.000000 0.000000 0.000000 0.013900 0.000000 0.000000 0.000000 0.000000 0.000000 0.013800 0.000000 0.000000 0.000000 0.000000 0.000000 0.000000 0.000000 0.000000 0.000100 0.000000 0.000000 0.013900 0.000000
LesserMous 0.028000 0.000000 0.027700 0.013600 0.027800 0.028000 0.013800 0.028000 0.027700 0.028000 0.042900 0.028000 0.028000 0.028000 0.028200 0.028000 0.042200 0.013900 0.028000 0.042000 0.028000 0.028000 0.028000 0.042400 0.028000 0.028000 0.028000 0.042000 0.028000 0.027700 0.028000 0.028000 0.013800 0.028000 0.028000 0.028000 0.028000 0.027800 0.013700 0.028000 0.028000 0.028000 0.028000 0.028000 0.028000 0.028000 0.028000 0.028500 0.028000 0.027800 0.042000 0.027700
LesserKudu 0.000000 0.027700 0.000000 0.013600 0.000100 0.000000 0.013900 0.000000 0.000000 0.000000 0.014000 0.000000 0.000000 0.000000 0.000100 0.000000 0.013800 0.014000 0.000000 0.013700 0.000000 0.000000 0.000000 0.013900 0.000000 0.000000 0.000000 0.013700 0.000000 0.000000 0.000000 0.000000 0.013800 0.000000 0.000000 0.000000 0.000000 0.000100 0.013700 0.000100 0.000000 0.000000 0.000000 0.000000 0.000000 0.000000 0.000000 0.000100 0.000000 0.000100 0.013700 0.000000
KillerWhal 0.013700 0.013600 0.013600 0.000000 0.013600 0.013700 0.027800 0.013700 0.013600 0.013700 0.028100 0.013700 0.013700 0.013700 0.013800 0.013700 0.027600 0.027900 0.013700 0.027400 0.013700 0.013700 0.013700 0.027700 0.013700 0.013700 0.013700 0.027400 0.013700 0.013600 0.013700 0.013700 0.000100 0.013700 0.013700 0.013700 0.013700 0.013600 0.000200 0.013700 0.013700 0.013700 0.013700 0.013700 0.013700 0.013700 0.013700 0.014000 0.013700 0.013600 0.027400 0.013600
DefassaWat 0.000000 0.027800 0.000100 0.013600 0.000000 0.000000 0.013900 0.000000 0.000100 0.000000 0.014100 0.000000 0.000000 0.000000 0.000100 0.000000 0.013800 0.014000 0.000000 0.013800 0.000000 0.000000 0.000000 0.013900 0.000000 0.000000 0.000000 0.013800 0.000000 0.000100 0.000000 0.000000 0.013800 0.000000 0.000000 0.000000 0.000000 0.000000 0.013700 0.000100 0.000000 0.000000 0.000000 0.000000 0.000000 0.000000 0.000000 0.000100 0.000000 0.000100 0.013800 0.000100
Sheep 0.000000 0.028000 0.000000 0.013700 0.000000 0.000000 0.014000 0.000000 0.000000 0.000000 0.014100 0.000000 0.000000 0.000000 0.000000 0.000000 0.013900 0.014100 0.000000 0.013900 0.000000 0.000000 0.000000 0.014000 0.000000 0.000000 0.000000 0.013900 0.000000 0.000000 0.000000 0.000000 0.013900 0.000000 0.000000 0.000000 0.000000 0.000000 0.013800 0.000000 0.000000 0.000000 0.000000 0.000000 0.000000 0.000000 0.000000 0.000100 0.000000 0.000000 0.013900 0.000000
MaxwellsDu 0.014000 0.013800 0.013900 0.027800 0.013900 0.014000 0.000000 0.014000 0.013900 0.014000 0.028700 0.014000 0.014000 0.014000 0.014100 0.014000 0.028100 0.000100 0.014000 0.028000 0.014000 0.014000 0.014000 0.028300 0.014000 0.014000 0.014000 0.028000 0.014000 0.013900 0.014000 0.014000 0.028100 0.014000 0.014000 0.014000 0.014000 0.013900 0.027900 0.014000 0.014000 0.014000 0.014000 0.014000 0.014000 0.014000 0.014000 0.014300 0.014000 0.013900 0.028000 0.013900
GazellaPrz 0.000000 0.028000 0.000000 0.013700 0.000000 0.000000 0.014000 0.000000 0.000000 0.000000 0.014100 0.000000 0.000000 0.000000 0.000000 0.000000 0.013900 0.014100 0.000000 0.013900 0.000000 0.000000 0.000000 0.014000 0.000000 0.000000 0.000000 0.013900 0.000000 0.000000 0.000000 0.000000 0.013900 0.000000 0.000000 0.000000 0.000000 0.000000 0.013800 0.000000 0.000000 0.000000 0.000000 0.000000 0.000000 0.000000 0.000000 0.000100 0.000000 0.000000 0.013900 0.000000
MountainNy 0.000000 0.027700 0.000000 0.013600 0.000100 0.000000 0.013900 0.000000 0.000000 0.000000 0.014000 0.000000 0.000000 0.000000 0.000100 0.000000 0.013800 0.014000 0.000000 0.013700 0.000000 0.000000 0.000000 0.013900 0.000000 0.000000 0.000000 0.013700 0.000000 0.000000 0.000000 0.000000 0.013800 0.000000 0.000000 0.000000 0.000000 0.000100 0.013700 0.000100 0.000000 0.000000 0.000000 0.000000 0.000000 0.000000 0.000000 0.000100 0.000000 0.000100 0.013700 0.000000
MuntiacusM 0.000000 0.028000 0.000000 0.013700 0.000000 0.000000 0.014000 0.000000 0.000000 0.000000 0.014100 0.000000 0.000000 0.000000 0.000000 0.000000 0.013900 0.014100 0.000000 0.013900 0.000000 0.000000 0.000000 0.014000 0.000000 0.000000 0.000000 0.013900 0.000000 0.000000 0.000000 0.000000 0.013900 0.000000 0.000000 0.000000 0.000000 0.000000 0.013800 0.000000 0.000000 0.000000 0.000000 0.000000 0.000000 0.000000 0.000000 0.000100 0.000000 0.000000 0.013900 0.000000
goat 0.014100 0.042900 0.014000 0.028100 0.014100 0.014100 0.028700 0.014100 0.014000 0.014100 0.000000 0.014100 0.014100 0.014100 0.014300 0.014100 0.028400 0.028900 0.014100 0.028400 0.014100 0.014100 0.014100 0.028500 0.014100 0.014100 0.014100 0.028400 0.014100 0.014000 0.014100 0.014100 0.028300 0.014100 0.014100 0.014100 0.014100 0.014100 0.028200 0.014200 0.014100 0.014100 0.014100 0.014100 0.014100 0.014100 0.014100 0.014400 0.014100 0.014100 0.028400 0.014000
AfricanBuf 0.000000 0.028000 0.000000 0.013700 0.000000 0.000000 0.014000 0.000000 0.000000 0.000000 0.014100 0.000000 0.000000 0.000000 0.000000 0.000000 0.013900 0.014100 0.000000 0.013900 0.000000 0.000000 0.000000 0.014000 0.000000 0.000000 0.000000 0.013900 0.000000 0.000000 0.000000 0.000000 0.013900 0.000000 0.000000 0.000000 0.000000 0.000000 0.013800 0.000000 0.000000 0.000000 0.000000 0.000000 0.000000 0.000000 0.000000 0.000100 0.000000 0.000000 0.013900 0.000000
Topi 0.000000 0.028000 0.000000 0.013700 0.000000 0.000000 0.014000 0.000000 0.000000 0.000000 0.014100 0.000000 0.000000 0.000000 0.000000 0.000000 0.013900 0.014100 0.000000 0.013900 0.000000 0.000000 0.000000 0.014000 0.000000 0.000000 0.000000 0.013900 0.000000 0.000000 0.000000 0.000000 0.013900 0.000000 0.000000 0.000000 0.000000 0.000000 0.013800 0.000000 0.000000 0.000000 0.000000 0.000000 0.000000 0.000000 0.000000 0.000100 0.000000 0.000000 0.013900 0.000000
CommonDuik 0.000000 0.028000 0.000000 0.013700 0.000000 0.000000 0.014000 0.000000 0.000000 0.000000 0.014100 0.000000 0.000000 0.000000 0.000000 0.000000 0.013900 0.014100 0.000000 0.013900 0.000000 0.000000 0.000000 0.014000 0.000000 0.000000 0.000000 0.013900 0.000000 0.000000 0.000000 0.000000 0.013900 0.000000 0.000000 0.000000 0.000000 0.000000 0.013800 0.000000 0.000000 0.000000 0.000000 0.000000 0.000000 0.000000 0.000000 0.000100 0.000000 0.000000 0.013900 0.000000
Suni 0.000000 0.028200 0.000100 0.013800 0.000100 0.000000 0.014100 0.000000 0.000100 0.000000 0.014300 0.000000 0.000000 0.000000 0.000000 0.000000 0.014000 0.014200 0.000000 0.014000 0.000000 0.000000 0.000000 0.014100 0.000000 0.000000 0.000000 0.014000 0.000000 0.000100 0.000000 0.000000 0.014000 0.000000 0.000000 0.000000 0.000000 0.000100 0.013900 0.000100 0.000000 0.000000 0.000000 0.000000 0.000000 0.000000 0.000000 0.000000 0.000000 0.000100 0.014000 0.000100
Springbuck 0.000000 0.028000 0.000000 0.013700 0.000000 0.000000 0.014000 0.000000 0.000000 0.000000 0.014100 0.000000 0.000000 0.000000 0.000000 0.000000 0.013900 0.014100 0.000000 0.013900 0.000000 0.000000 0.000000 0.014000 0.000000 0.000000 0.000000 0.013900 0.000000 0.000000 0.000000 0.000000 0.013900 0.000000 0.000000 0.000000 0.000000 0.000000 0.013800 0.000000 0.000000 0.000000 0.000000 0.000000 0.000000 0.000000 0.000000 0.000100 0.000000 0.000000 0.013900 0.000000
Okapi 0.013900 0.042200 0.013800 0.027600 0.013800 0.013900 0.028100 0.013900 0.013800 0.013900 0.028400 0.013900 0.013900 0.013900 0.014000 0.013900 0.000000 0.028300 0.013900 0.027800 0.013900 0.013900 0.013900 0.028000 0.013900 0.013900 0.013900 0.027800 0.013900 0.013800 0.013900 0.013900 0.027800 0.013900 0.013900 0.013900 0.013900 0.013800 0.027700 0.013900 0.013900 0.013900 0.013900 0.013900 0.013900 0.013900 0.013900 0.014200 0.013900 0.013800 0.027800 0.013800
Giraffe 0.014100 0.013900 0.014000 0.027900 0.014000 0.014100 0.000100 0.014100 0.014000 0.014100 0.028900 0.014100 0.014100 0.014100 0.014200 0.014100 0.028300 0.000000 0.014100 0.028200 0.014100 0.014100 0.014100 0.028500 0.014100 0.014100 0.014100 0.028200 0.014100 0.014000 0.014100 0.014100 0.028300 0.014100 0.014100 0.014100 0.014100 0.014000 0.028100 0.014100 0.014100 0.014100 0.014100 0.014100 0.014100 0.014100 0.014100 0.014300 0.014100 0.014000 0.028200 0.014000
TibetanAnt 0.000000 0.028000 0.000000 0.013700 0.000000 0.000000 0.014000 0.000000 0.000000 0.000000 0.014100 0.000000 0.000000 0.000000 0.000000 0.000000 0.013900 0.014100 0.000000 0.013900 0.000000 0.000000 0.000000 0.014000 0.000000 0.000000 0.000000 0.013900 0.000000 0.000000 0.000000 0.000000 0.013900 0.000000 0.000000 0.000000 0.000000 0.000000 0.013800 0.000000 0.000000 0.000000 0.000000 0.000000 0.000000 0.000000 0.000000 0.000100 0.000000 0.000000 0.013900 0.000000
Sitatunga 0.013900 0.042000 0.013700 0.027400 0.013800 0.013900 0.028000 0.013900 0.013700 0.013900 0.028400 0.013900 0.013900 0.013900 0.014000 0.013900 0.027800 0.028200 0.013900 0.000000 0.013900 0.013900 0.013900 0.028000 0.013900 0.013900 0.013900 0.000000 0.013900 0.013700 0.013900 0.013900 0.027800 0.013900 0.013900 0.013900 0.013900 0.013800 0.027600 0.013800 0.013900 0.013900 0.013900 0.013900 0.013900 0.013900 0.013900 0.014100 0.013900 0.013800 0.000000 0.013700
Oribi 0.000000 0.028000 0.000000 0.013700 0.000000 0.000000 0.014000 0.000000 0.000000 0.000000 0.014100 0.000000 0.000000 0.000000 0.000000 0.000000 0.013900 0.014100 0.000000 0.013900 0.000000 0.000000 0.000000 0.014000 0.000000 0.000000 0.000000 0.013900 0.000000 0.000000 0.000000 0.000000 0.013900 0.000000 0.000000 0.000000 0.000000 0.000000 0.013800 0.000000 0.000000 0.000000 0.000000 0.000000 0.000000 0.000000 0.000000 0.000100 0.000000 0.000000 0.013900 0.000000
BarbaryShe 0.000000 0.028000 0.000000 0.013700 0.000000 0.000000 0.014000 0.000000 0.000000 0.000000 0.014100 0.000000 0.000000 0.000000 0.000000 0.000000 0.013900 0.014100 0.000000 0.013900 0.000000 0.000000 0.000000 0.014000 0.000000 0.000000 0.000000 0.013900 0.000000 0.000000 0.000000 0.000000 0.013900 0.000000 0.000000 0.000000 0.000000 0.000000 0.013800 0.000000 0.000000 0.000000 0.000000 0.000000 0.000000 0.000000 0.000000 0.000100 0.000000 0.000000 0.013900 0.000000
Daviddeer 0.000000 0.028000 0.000000 0.013700 0.000000 0.000000 0.014000 0.000000 0.000000 0.000000 0.014100 0.000000 0.000000 0.000000 0.000000 0.000000 0.013900 0.014100 0.000000 0.013900 0.000000 0.000000 0.000000 0.014000 0.000000 0.000000 0.000000 0.013900 0.000000 0.000000 0.000000 0.000000 0.013900 0.000000 0.000000 0.000000 0.000000 0.000000 0.013800 0.000000 0.000000 0.000000 0.000000 0.000000 0.000000 0.000000 0.000000 0.000100 0.000000 0.000000 0.013900 0.000000
Reindeer 0.014000 0.042400 0.013900 0.027700 0.013900 0.014000 0.028300 0.014000 0.013900 0.014000 0.028500 0.014000 0.014000 0.014000 0.014100 0.014000 0.028000 0.028500 0.014000 0.028000 0.014000 0.014000 0.014000 0.000000 0.014000 0.014000 0.014000 0.028000 0.014000 0.013900 0.014000 0.014000 0.028000 0.014000 0.014000 0.014000 0.014000 0.013900 0.027900 0.014000 0.014000 0.014000 0.014000 0.014000 0.014000 0.014000 0.014000 0.014200 0.014000 0.013900 0.028000 0.013900
Ibex 0.000000 0.028000 0.000000 0.013700 0.000000 0.000000 0.014000 0.000000 0.000000 0.000000 0.014100 0.000000 0.000000 0.000000 0.000000 0.000000 0.013900 0.014100 0.000000 0.013900 0.000000 0.000000 0.000000 0.014000 0.000000 0.000000 0.000000 0.013900 0.000000 0.000000 0.000000 0.000000 0.013900 0.000000 0.000000 0.000000 0.000000 0.000000 0.013800 0.000000 0.000000 0.000000 0.000000 0.000000 0.000000 0.000000 0.000000 0.000100 0.000000 0.000000 0.013900 0.000000
GyrantGaze 0.000000 0.028000 0.000000 0.013700 0.000000 0.000000 0.014000 0.000000 0.000000 0.000000 0.014100 0.000000 0.000000 0.000000 0.000000 0.000000 0.013900 0.014100 0.000000 0.013900 0.000000 0.000000 0.000000 0.014000 0.000000 0.000000 0.000000 0.013900 0.000000 0.000000 0.000000 0.000000 0.013900 0.000000 0.000000 0.000000 0.000000 0.000000 0.013800 0.000000 0.000000 0.000000 0.000000 0.000000 0.000000 0.000000 0.000000 0.000100 0.000000 0.000000 0.013900 0.000000
Hartebeest 0.000000 0.028000 0.000000 0.013700 0.000000 0.000000 0.014000 0.000000 0.000000 0.000000 0.014100 0.000000 0.000000 0.000000 0.000000 0.000000 0.013900 0.014100 0.000000 0.013900 0.000000 0.000000 0.000000 0.014000 0.000000 0.000000 0.000000 0.013900 0.000000 0.000000 0.000000 0.000000 0.013900 0.000000 0.000000 0.000000 0.000000 0.000000 0.013800 0.000000 0.000000 0.000000 0.000000 0.000000 0.000000 0.000000 0.000000 0.000100 0.000000 0.000000 0.013900 0.000000
Bongo 0.013900 0.042000 0.013700 0.027400 0.013800 0.013900 0.028000 0.013900 0.013700 0.013900 0.028400 0.013900 0.013900 0.013900 0.014000 0.013900 0.027800 0.028200 0.013900 0.000000 0.013900 0.013900 0.013900 0.028000 0.013900 0.013900 0.013900 0.000000 0.013900 0.013700 0.013900 0.013900 0.027800 0.013900 0.013900 0.013900 0.013900 0.013800 0.027600 0.013800 0.013900 0.013900 0.013900 0.013900 0.013900 0.013900 0.013900 0.014100 0.013900 0.013800 0.000000 0.013700
Gerenuk 0.000000 0.028000 0.000000 0.013700 0.000000 0.000000 0.014000 0.000000 0.000000 0.000000 0.014100 0.000000 0.000000 0.000000 0.000000 0.000000 0.013900 0.014100 0.000000 0.013900 0.000000 0.000000 0.000000 0.014000 0.000000 0.000000 0.000000 0.013900 0.000000 0.000000 0.000000 0.000000 0.013900 0.000000 0.000000 0.000000 0.000000 0.000000 0.013800 0.000000 0.000000 0.000000 0.000000 0.000000 0.000000 0.000000 0.000000 0.000100 0.000000 0.000000 0.013900 0.000000
CommonElan 0.000000 0.027700 0.000000 0.013600 0.000100 0.000000 0.013900 0.000000 0.000000 0.000000 0.014000 0.000000 0.000000 0.000000 0.000100 0.000000 0.013800 0.014000 0.000000 0.013700 0.000000 0.000000 0.000000 0.013900 0.000000 0.000000 0.000000 0.013700 0.000000 0.000000 0.000000 0.000000 0.013800 0.000000 0.000000 0.000000 0.000000 0.000100 0.013700 0.000100 0.000000 0.000000 0.000000 0.000000 0.000000 0.000000 0.000000 0.000100 0.000000 0.000100 0.013700 0.000000
MuntiacusR 0.000000 0.028000 0.000000 0.013700 0.000000 0.000000 0.014000 0.000000 0.000000 0.000000 0.014100 0.000000 0.000000 0.000000 0.000000 0.000000 0.013900 0.014100 0.000000 0.013900 0.000000 0.000000 0.000000 0.014000 0.000000 0.000000 0.000000 0.013900 0.000000 0.000000 0.000000 0.000000 0.013900 0.000000 0.000000 0.000000 0.000000 0.000000 0.013800 0.000000 0.000000 0.000000 0.000000 0.000000 0.000000 0.000000 0.000000 0.000100 0.000000 0.000000 0.013900 0.000000
HarveysDui 0.000000 0.028000 0.000000 0.013700 0.000000 0.000000 0.014000 0.000000 0.000000 0.000000 0.014100 0.000000 0.000000 0.000000 0.000000 0.000000 0.013900 0.014100 0.000000 0.013900 0.000000 0.000000 0.000000 0.014000 0.000000 0.000000 0.000000 0.013900 0.000000 0.000000 0.000000 0.000000 0.013900 0.000000 0.000000 0.000000 0.000000 0.000000 0.013800 0.000000 0.000000 0.000000 0.000000 0.000000 0.000000 0.000000 0.000000 0.000100 0.000000 0.000000 0.013900 0.000000
Pronghorn 0.013900 0.013800 0.013800 0.000100 0.013800 0.013900 0.028100 0.013900 0.013800 0.013900 0.028300 0.013900 0.013900 0.013900 0.014000 0.013900 0.027800 0.028300 0.013900 0.027800 0.013900 0.013900 0.013900 0.028000 0.013900 0.013900 0.013900 0.027800 0.013900 0.013800 0.013900 0.013900 0.000000 0.013900 0.013900 0.013900 0.013900 0.013800 0.000000 0.013900 0.013900 0.013900 0.013900 0.013900 0.013900 0.013900 0.013900 0.014100 0.013900 0.013800 0.027800 0.013800
BlueWildeb 0.000000 0.028000 0.000000 0.013700 0.000000 0.000000 0.014000 0.000000 0.000000 0.000000 0.014100 0.000000 0.000000 0.000000 0.000000 0.000000 0.013900 0.014100 0.000000 0.013900 0.000000 0.000000 0.000000 0.014000 0.000000 0.000000 0.000000 0.013900 0.000000 0.000000 0.000000 0.000000 0.013900 0.000000 0.000000 0.000000 0.000000 0.000000 0.013800 0.000000 0.000000 0.000000 0.000000 0.000000 0.000000 0.000000 0.000000 0.000100 0.000000 0.000000 0.013900 0.000000
Gemsbok 0.000000 0.028000 0.000000 0.013700 0.000000 0.000000 0.014000 0.000000 0.000000 0.000000 0.014100 0.000000 0.000000 0.000000 0.000000 0.000000 0.013900 0.014100 0.000000 0.013900 0.000000 0.000000 0.000000 0.014000 0.000000 0.000000 0.000000 0.013900 0.000000 0.000000 0.000000 0.000000 0.013900 0.000000 0.000000 0.000000 0.000000 0.000000 0.013800 0.000000 0.000000 0.000000 0.000000 0.000000 0.000000 0.000000 0.000000 0.000100 0.000000 0.000000 0.013900 0.000000
Yak 0.000000 0.028000 0.000000 0.013700 0.000000 0.000000 0.014000 0.000000 0.000000 0.000000 0.014100 0.000000 0.000000 0.000000 0.000000 0.000000 0.013900 0.014100 0.000000 0.013900 0.000000 0.000000 0.000000 0.014000 0.000000 0.000000 0.000000 0.013900 0.000000 0.000000 0.000000 0.000000 0.013900 0.000000 0.000000 0.000000 0.000000 0.000000 0.013800 0.000000 0.000000 0.000000 0.000000 0.000000 0.000000 0.000000 0.000000 0.000100 0.000000 0.000000 0.013900 0.000000
BlueSheep 0.000000 0.028000 0.000000 0.013700 0.000000 0.000000 0.014000 0.000000 0.000000 0.000000 0.014100 0.000000 0.000000 0.000000 0.000000 0.000000 0.013900 0.014100 0.000000 0.013900 0.000000 0.000000 0.000000 0.014000 0.000000 0.000000 0.000000 0.013900 0.000000 0.000000 0.000000 0.000000 0.013900 0.000000 0.000000 0.000000 0.000000 0.000000 0.013800 0.000000 0.000000 0.000000 0.000000 0.000000 0.000000 0.000000 0.000000 0.000100 0.000000 0.000000 0.013900 0.000000
BohorReedb 0.000000 0.027800 0.000100 0.013600 0.000000 0.000000 0.013900 0.000000 0.000100 0.000000 0.014100 0.000000 0.000000 0.000000 0.000100 0.000000 0.013800 0.014000 0.000000 0.013800 0.000000 0.000000 0.000000 0.013900 0.000000 0.000000 0.000000 0.013800 0.000000 0.000100 0.000000 0.000000 0.013800 0.000000 0.000000 0.000000 0.000000 0.000000 0.013700 0.000100 0.000000 0.000000 0.000000 0.000000 0.000000 0.000000 0.000000 0.000100 0.000000 0.000100 0.013800 0.000100
KirksDik 0.013800 0.013700 0.013700 0.000200 0.013700 0.013800 0.027900 0.013800 0.013700 0.013800 0.028200 0.013800 0.013800 0.013800 0.013900 0.013800 0.027700 0.028100 0.013800 0.027600 0.013800 0.013800 0.013800 0.027900 0.013800 0.013800 0.013800 0.027600 0.013800 0.013700 0.013800 0.013800 0.000000 0.013800 0.013800 0.013800 0.013800 0.013700 0.000000 0.013800 0.013800 0.013800 0.013800 0.013800 0.013800 0.013800 0.013800 0.014100 0.013800 0.013700 0.027600 0.013700
RoeDeer 0.000000 0.028000 0.000100 0.013700 0.000100 0.000000 0.014000 0.000000 0.000100 0.000000 0.014200 0.000000 0.000000 0.000000 0.000100 0.000000 0.013900 0.014100 0.000000 0.013800 0.000000 0.000000 0.000000 0.014000 0.000000 0.000000 0.000000 0.013800 0.000000 0.000100 0.000000 0.000000 0.013900 0.000000 0.000000 0.000000 0.000000 0.000100 0.013800 0.000000 0.000000 0.000000 0.000000 0.000000 0.000000 0.000000 0.000000 0.000100 0.000000 0.000100 0.013800 0.000100
WhiteLippe 0.000000 0.028000 0.000000 0.013700 0.000000 0.000000 0.014000 0.000000 0.000000 0.000000 0.014100 0.000000 0.000000 0.000000 0.000000 0.000000 0.013900 0.014100 0.000000 0.013900 0.000000 0.000000 0.000000 0.014000 0.000000 0.000000 0.000000 0.013900 0.000000 0.000000 0.000000 0.000000 0.013900 0.000000 0.000000 0.000000 0.000000 0.000000 0.013800 0.000000 0.000000 0.000000 0.000000 0.000000 0.000000 0.000000 0.000000 0.000100 0.000000 0.000000 0.013900 0.000000
ThomsonGaz 0.000000 0.028000 0.000000 0.013700 0.000000 0.000000 0.014000 0.000000 0.000000 0.000000 0.014100 0.000000 0.000000 0.000000 0.000000 0.000000 0.013900 0.014100 0.000000 0.013900 0.000000 0.000000 0.000000 0.014000 0.000000 0.000000 0.000000 0.013900 0.000000 0.000000 0.000000 0.000000 0.013900 0.000000 0.000000 0.000000 0.000000 0.000000 0.013800 0.000000 0.000000 0.000000 0.000000 0.000000 0.000000 0.000000 0.000000 0.000100 0.000000 0.000000 0.013900 0.000000
MuntiacusC 0.000000 0.028000 0.000000 0.013700 0.000000 0.000000 0.014000 0.000000 0.000000 0.000000 0.014100 0.000000 0.000000 0.000000 0.000000 0.000000 0.013900 0.014100 0.000000 0.013900 0.000000 0.000000 0.000000 0.014000 0.000000 0.000000 0.000000 0.013900 0.000000 0.000000 0.000000 0.000000 0.013900 0.000000 0.000000 0.000000 0.000000 0.000000 0.013800 0.000000 0.000000 0.000000 0.000000 0.000000 0.000000 0.000000 0.000000 0.000100 0.000000 0.000000 0.013900 0.000000
WhiteTaile 0.000000 0.028000 0.000000 0.013700 0.000000 0.000000 0.014000 0.000000 0.000000 0.000000 0.014100 0.000000 0.000000 0.000000 0.000000 0.000000 0.013900 0.014100 0.000000 0.013900 0.000000 0.000000 0.000000 0.014000 0.000000 0.000000 0.000000 0.013900 0.000000 0.000000 0.000000 0.000000 0.013900 0.000000 0.000000 0.000000 0.000000 0.000000 0.013800 0.000000 0.000000 0.000000 0.000000 0.000000 0.000000 0.000000 0.000000 0.000100 0.000000 0.000000 0.013900 0.000000
Cattle 0.000000 0.028000 0.000000 0.013700 0.000000 0.000000 0.014000 0.000000 0.000000 0.000000 0.014100 0.000000 0.000000 0.000000 0.000000 0.000000 0.013900 0.014100 0.000000 0.013900 0.000000 0.000000 0.000000 0.014000 0.000000 0.000000 0.000000 0.013900 0.000000 0.000000 0.000000 0.000000 0.013900 0.000000 0.000000 0.000000 0.000000 0.000000 0.013800 0.000000 0.000000 0.000000 0.000000 0.000000 0.000000 0.000000 0.000000 0.000100 0.000000 0.000000 0.013900 0.000000
RoyalAntel 0.000000 0.028000 0.000000 0.013700 0.000000 0.000000 0.014000 0.000000 0.000000 0.000000 0.014100 0.000000 0.000000 0.000000 0.000000 0.000000 0.013900 0.014100 0.000000 0.013900 0.000000 0.000000 0.000000 0.014000 0.000000 0.000000 0.000000 0.013900 0.000000 0.000000 0.000000 0.000000 0.013900 0.000000 0.000000 0.000000 0.000000 0.000000 0.013800 0.000000 0.000000 0.000000 0.000000 0.000000 0.000000 0.000000 0.000000 0.000100 0.000000 0.000000 0.013900 0.000000
Steenbok 0.000000 0.028000 0.000000 0.013700 0.000000 0.000000 0.014000 0.000000 0.000000 0.000000 0.014100 0.000000 0.000000 0.000000 0.000000 0.000000 0.013900 0.014100 0.000000 0.013900 0.000000 0.000000 0.000000 0.014000 0.000000 0.000000 0.000000 0.013900 0.000000 0.000000 0.000000 0.000000 0.013900 0.000000 0.000000 0.000000 0.000000 0.000000 0.013800 0.000000 0.000000 0.000000 0.000000 0.000000 0.000000 0.000000 0.000000 0.000100 0.000000 0.000000 0.013900 0.000000
Impala 0.000100 0.028500 0.000100 0.014000 0.000100 0.000100 0.014300 0.000100 0.000100 0.000100 0.014400 0.000100 0.000100 0.000100 0.000000 0.000100 0.014200 0.014300 0.000100 0.014100 0.000100 0.000100 0.000100 0.014200 0.000100 0.000100 0.000100 0.014100 0.000100 0.000100 0.000100 0.000100 0.014100 0.000100 0.000100 0.000100 0.000100 0.000100 0.014100 0.000100 0.000100 0.000100 0.000100 0.000100 0.000100 0.000100 0.000100 0.000000 0.000100 0.000100 0.014100 0.000100
Klipspring 0.000000 0.028000 0.000000 0.013700 0.000000 0.000000 0.014000 0.000000 0.000000 0.000000 0.014100 0.000000 0.000000 0.000000 0.000000 0.000000 0.013900 0.014100 0.000000 0.013900 0.000000 0.000000 0.000000 0.014000 0.000000 0.000000 0.000000 0.013900 0.000000 0.000000 0.000000 0.000000 0.013900 0.000000 0.000000 0.000000 0.000000 0.000000 0.013800 0.000000 0.000000 0.000000 0.000000 0.000000 0.000000 0.000000 0.000000 0.000100 0.000000 0.000000 0.013900 0.000000
ForestMusk 0.000000 0.027800 0.000100 0.013600 0.000100 0.000000 0.013900 0.000000 0.000100 0.000000 0.014100 0.000000 0.000000 0.000000 0.000100 0.000000 0.013800 0.014000 0.000000 0.013800 0.000000 0.000000 0.000000 0.013900 0.000000 0.000000 0.000000 0.013800 0.000000 0.000100 0.000000 0.000000 0.013800 0.000000 0.000000 0.000000 0.000000 0.000100 0.013700 0.000100 0.000000 0.000000 0.000000 0.000000 0.000000 0.000000 0.000000 0.000100 0.000000 0.000000 0.013800 0.000100
Bushbuck 0.013900 0.042000 0.013700 0.027400 0.013800 0.013900 0.028000 0.013900 0.013700 0.013900 0.028400 0.013900 0.013900 0.013900 0.014000 0.013900 0.027800 0.028200 0.013900 0.000000 0.013900 0.013900 0.013900 0.028000 0.013900 0.013900 0.013900 0.000000 0.013900 0.013700 0.013900 0.013900 0.027800 0.013900 0.013900 0.013900 0.013900 0.013800 0.027600 0.013800 0.013900 0.013900 0.013900 0.013900 0.013900 0.013900 0.013900 0.014100 0.013900 0.013800 0.000000 0.013700
GreaterKud 0.000000 0.027700 0.000000 0.013600 0.000100 0.000000 0.013900 0.000000 0.000000 0.000000 0.014000 0.000000 0.000000 0.000000 0.000100 0.000000 0.013800 0.014000 0.000000 0.013700 0.000000 0.000000 0.000000 0.013900 0.000000 0.000000 0.000000 0.013700 0.000000 0.000000 0.000000 0.000000 0.013800 0.000000 0.000000 0.000000 0.000000 0.000100 0.013700 0.000100 0.000000 0.000000 0.000000 0.000000 0.000000 0.000000 0.000000 0.000100 0.000000 0.000100 0.013700 0.000000
