1
52 1
Argali 0.000000 0.003100 0.000100 0.003100 0.000100 0.000000 0.000100 0.003100 0.000100 0.000200 0.003100 0.000100 0.000100 0.000100 0.000100 0.000200 0.000100 0.000100 0.000100 0.000100 0.000100 0.000000 0.000100 0.000200 0.000000 0.000100 0.000100 0.000100 0.000100 0.000100 0.000200 0.000200 0.000100 0.000100 0.003100 0.000100 0.000000 0.000100 0.000200 0.000100 0.000100 0.000100 0.000200 0.000200 0.000100 0.000100 0.000100 0.000100 0.000200 0.000100 0.000100 0.000200
LesserMous 0.003100 0.000000 0.003100 0.006300 0.003100 0.003100 0.003100 0.006300 0.003100 0.003100 0.006300 0.003100 0.003100 0.003100 0.003100 0.003100 0.003100 0.003100 0.003100 0.003100 0.003100 0.003100 0.003100 0.003100 0.003100 0.003100 0.003100 0.003100 0.003100 0.003100 0.003100 0.003100 0.003100 0.003100 0.000200 0.003100 0.003100 0.003100 0.003100 0.003100 0.003100 0.003100 0.003100 0.003100 0.003100 0.003100 0.003100 0.003100 0.003100 0.003100 0.003200 0.003100
LesserKudu 0.000100 0.003100 0.000000 0.003100 0.000100 0.000100 0.000100 0.003100 0.000000 0.000200 0.003100 0.000100 0.000100 0.000100 0.000100 0.000100 0.000000 0.000100 0.000200 0.000000 0.000100 0.000100 0.000200 0.000200 0.000100 0.000100 0.000100 0.000000 0.000100 0.000000 0.000200 0.000100 0.000100 0.000100 0.003100 0.000100 0.000200 0.000100 0.000100 0.000200 0.000200 0.000100 0.000200 0.000200 0.000000 0.000100 0.000100 0.000000 0.000100 0.000100 0.000100 0.000000
KillerWhal 0.003100 0.006300 0.003100 0.000000 0.003100 0.003100 0.003100 0.006300 0.003100 0.003100 0.006300 0.003100 0.003100 0.003100 0.003100 0.003100 0.003100 0.003100 0.003100 0.003100 0.003100 0.003100 0.003100 0.003100 0.003100 0.003100 0.003100 0.003100 0.003100 0.003100 0.003100 0.003100 0.003100 0.003100 0.006200 0.003100 0.003100 0.003100 0.003100 0.003100 0.003100 0.003100 0.003100 0.003100 0.003100 0.003100 0.003100 0.003100 0.003100 0.003100 0.003200 0.003100
DefassaWat 0.000100 0.003100 0.000100 0.003100 0.000000 0.000100 0.000100 0.003100 0.000100 0.000200 0.003100 0.000100 0.000100 0.000100 0.000100 0.000100 0.000100 0.000100 0.000200 0.000100 0.000200 0.000100 0.000200 0.000200 0.000100 0.000200 0.000100 0.000100 0.000200 0.000100 0.000200 0.000100 0.000200 0.000200 0.003100 0.000100 0.000200 0.000000 0.000100 0.000200 0.000200 0.000200 0.000200 0.000200 0.000100 0.000100 0.000100 0.000100 0.000200 0.000200 0.000100 0.000100
Sheep 0.000000 0.003100 0.000100 0.003100 0.000100 0.000000 0.000100 0.003100 0.000100 0.000200 0.003100 0.000200 0.000200 0.000100 0.000100 0.000200 0.000100 0.000200 0.000100 0.000100 0.000100 0.000000 0.000200 0.000200 0.000000 0.000100 0.000100 0.000100 0.000100 0.000100 0.000200 0.000100 0.000200 0.000100 0.003100 0.000100 0.000100 0.000100 0.000100 0.000200 0.000200 0.000100 0.000200 0.000200 0.000100 0.000100 0.000200 0.000100 0.000200 0.000200 0.000100 0.000100
MaxwellsDu 0.000100 0.003100 0.000100 0.003100 0.000100 0.000100 0.000000 0.003100 0.000100 0.000200 0.003100 0.000100 0.000100 0.000000 0.000100 0.000100 0.000100 0.000100 0.000200 0.000100 0.000100 0.000100 0.000200 0.000200 0.000100 0.000100 0.000100 0.000100 0.000100 0.000100 0.000200 0.000100 0.000100 0.000100 0.003100 0.000100 0.000200 0.000100 0.000100 0.000200 0.000200 0.000100 0.000200 0.000200 0.000000 0.000100 0.000100 0.000000 0.000200 0.000200 0.000100 0.000100
GazellaPrz 0.003100 0.006300 0.003100 0.006300 0.003100 0.003100 0.003100 0.000000 0.003100 0.003100 0.006200 0.003100 0.003100 0.003100 0.003100 0.003100 0.003100 0.003100 0.003100 0.003100 0.003100 0.003100 0.003100 0.003100 0.003100 0.003100 0.003100 0.003100 0.003100 0.003100 0.003100 0.003100 0.003100 0.003100 0.006200 0.003100 0.003100 0.003100 0.003100 0.003100 0.003100 0.003100 0.003100 0.003100 0.003100 0.003100 0.003100 0.003100 0.003100 0.003100 0.003100 0.003100
MountainNy 0.000100 0.003100 0.000000 0.003100 0.000100 0.000100 0.000100 0.003100 0.000000 0.000300 0.003100 0.000100 0.000100 0.000100 0.000100 0.000200 0.000100 0.000100 0.000200 0.000000 0.000200 0.000200 0.000200 0.000300 0.000200 0.000100 0.000100 0.000000 0.000100 0.000000 0.000200 0.000100 0.000100 0.000100 0.003100 0.000100 0.000200 0.000100 0.000100 0.000200 0.000200 0.000100 0.000200 0.000200 0.000100 0.000100 0.000100 0.000100 0.000100 0.000100 0.000000 0.000100
MuntiacusM 0.000200 0.003100 0.000200 0.003100 0.000200 0.000200 0.000200 0.003100 0.000300 0.000000 0.003100 0.000300 0.000200 0.000200 0.000300 0.000300 0.000200 0.000300 0.000300 0.000300 0.000300 0.000200 0.000100 0.000100 0.000200 0.000300 0.000200 0.000300 0.000300 0.000300 0.000000 0.000300 0.000300 0.000200 0.003100 0.000200 0.000200 0.000200 0.000300 0.000100 0.000100 0.000300 0.000000 0.000200 0.000200 0.000300 0.000300 0.000200 0.000300 0.000300 0.000300 0.000300
goat 0.003100 0.006300 0.003100 0.006300 0.003100 0.003100 0.003100 0.006200 0.003100 0.003100 0.000000 0.003100 0.003100 0.003100 0.003100 0.003100 0.003100 0.003100 0.003100 0.003100 0.003100 0.003100 0.003100 0.003100 0.003100 0.003100 0.003100 0.003100 0.003100 0.003100 0.003100 0.003100 0.003100 0.003100 0.006200 0.003100 0.003100 0.003100 0.003100 0.003100 0.003100 0.003100 0.003100 0.003100 0.003100 0.003100 0.003100 0.003100 0.003100 0.003100 0.003100 0.003100
AfricanBuf 0.000100 0.003100 0.000100 0.003100 0.000100 0.000200 0.000100 0.003100 0.000100 0.000300 0.003100 0.000000 0.000100 0.000100 0.000100 0.000200 0.000100 0.000100 0.000200 0.000100 0.000200 0.000200 0.000200 0.000300 0.000200 0.000100 0.000100 0.000100 0.000100 0.000100 0.000200 0.000100 0.000100 0.000100 0.003100 0.000100 0.000200 0.000100 0.000100 0.000200 0.000200 0.000100 0.000200 0.000200 0.000100 0.000100 0.000100 0.000100 0.000200 0.000200 0.000100 0.000100
Topi 0.000100 0.003100 0.000100 0.003100 0.000100 0.000200 0.000100 0.003100 0.000100 0.000200 0.003100 0.000100 0.000000 0.000100 0.000100 0.000200 0.000100 0.000100 0.000200 0.000100 0.000200 0.000200 0.000200 0.000300 0.000200 0.000100 0.000000 0.000100 0.000100 0.000100 0.000200 0.000100 0.000100 0.000100 0.003100 0.000100 0.000200 0.000100 0.000100 0.000200 0.000200 0.000100 0.000200 0.000200 0.000100 0.000100 0.000100 0.000100 0.000200 0.000200 0.000100 0.000100
CommonDuik 0.000100 0.003100 0.000100 0.003100 0.000100 0.000100 0.000000 0.003100 0.000100 0.000200 0.003100 0.000100 0.000100 0.000000 0.000100 0.000200 0.000100 0.000100 0.000200 0.000100 0.000200 0.000100 0.000200 0.000200 0.000100 0.000100 0.000200 0.000100 0.000100 0.000100 0.000200 0.000100 0.000200 0.000100 0.003100 0.000100 0.000200 0.000100 0.000100 0.000200 0.000200 0.000100 0.000200 0.000200 0.000100 0.000100 0.000100 0.000100 0.000200 0.000200 0.000100 0.000100
Suni 0.000100 0.003100 0.000100 0.003100 0.000100 0.000100 0.000100 0.003100 0.000100 0.000300 0.003100 0.000100 0.000100 0.000100 0.000000 0.000200 0.000100 0.000100 0.000200 0.000100 0.000100 0.000100 0.000200 0.000200 0.000100 0.000100 0.000100 0.000100 0.000100 0.000100 0.000200 0.000100 0.000100 0.000100 0.003100 0.000100 0.000100 0.000100 0.000100 0.000200 0.000200 0.000100 0.000200 0.000200 0.000100 0.000100 0.000100 0.000100 0.000200 0.000100 0.000100 0.000100
Springbuck 0.000200 0.003100 0.000100 0.003100 0.000100 0.000200 0.000100 0.003100 0.000200 0.000300 0.003100 0.000200 0.000200 0.000200 0.000200 0.000000 0.000100 0.000100 0.000200 0.000200 0.000100 0.000200 0.000300 0.000300 0.000200 0.000100 0.000200 0.000200 0.000100 0.000200 0.000300 0.000100 0.000200 0.000200 0.003100 0.000100 0.000200 0.000100 0.000100 0.000300 0.000300 0.000100 0.000300 0.000300 0.000100 0.000100 0.000100 0.000100 0.000200 0.000200 0.000200 0.000200
Okapi 0.000100 0.003100 0.000000 0.003100 0.000100 0.000100 0.000100 0.003100 0.000100 0.000200 0.003100 0.000100 0.000100 0.000100 0.000100 0.000100 0.000000 0.000100 0.000200 0.000100 0.000100 0.000100 0.000200 0.000200 0.000100 0.000100 0.000100 0.000100 0.000100 0.000100 0.000200 0.000100 0.000100 0.000100 0.003100 0.000000 0.000200 0.000100 0.000100 0.000200 0.000200 0.000100 0.000200 0.000200 0.000000 0.000100 0.000100 0.000000 0.000200 0.000100 0.000100 0.000100
Giraffe 0.000100 0.003100 0.000100 0.003100 0.000100 0.000200 0.000100 0.003100 0.000100 0.000300 0.003100 0.000100 0.000100 0.000100 0.000100 0.000100 0.000100 0.000000 0.000200 0.000100 0.000200 0.000200 0.000200 0.000300 0.000200 0.000100 0.000100 0.000100 0.000100 0.000100 0.000200 0.000100 0.000100 0.000100 0.003100 0.000000 0.000200 0.000100 0.000100 0.000300 0.000200 0.000100 0.000200 0.000200 0.000100 0.000100 0.000100 0.000100 0.000200 0.000100 0.000100 0.000100
TibetanAnt 0.000100 0.003100 0.000200 0.003100 0.000200 0.000100 0.000200 0.003100 0.000200 0.000300 0.003100 0.000200 0.000200 0.000200 0.000200 0.000200 0.000200 0.000200 0.000000 0.000200 0.000200 0.000100 0.000200 0.000300 0.000100 0.000200 0.000200 0.000100 0.000200 0.000200 0.000300 0.000200 0.000200 0.000200 0.003100 0.000200 0.000100 0.000200 0.000200 0.000200 0.000200 0.000200 0.000300 0.000200 0.000200 0.000100 0.000200 0.000200 0.000300 0.000200 0.000200 0.000200
Sitatunga 0.000100 0.003100 0.000000 0.003100 0.000100 0.000100 0.000100 0.003100 0.000000 0.000300 0.003100 0.000100 0.000100 0.000100 0.000100 0.000200 0.000100 0.000100 0.000200 0.000000 0.000200 0.000200 0.000200 0.000300 0.000200 0.000100 0.000100 0.000000 0.000100 0.000000 0.000200 0.000100 0.000100 0.000100 0.003100 0.000100 0.000200 0.000100 0.000100 0.000200 0.000200 0.000100 0.000200 0.000200 0.000100 0.000100 0.000100 0.000100 0.000100 0.000100 0.000100 0.000100
Oribi 0.000100 0.003100 0.000100 0.003100 0.000200 0.000100 0.000100 0.003100 0.000200 0.000300 0.003100 0.000200 0.000200 0.000200 0.000100 0.000100 0.000100 0.000200 0.000200 0.000200 0.000000 0.000100 0.000300 0.000300 0.000100 0.000100 0.000200 0.000100 0.000100 0.000200 0.000300 0.000100 0.000200 0.000200 0.003100 0.000100 0.000200 0.000200 0.000100 0.000300 0.000300 0.000100 0.000300 0.000300 0.000100 0.000100 0.000100 0.000100 0.000200 0.000200 0.000200 0.000200
BarbaryShe 0.000000 0.003100 0.000100 0.003100 0.000100 0.000000 0.000100 0.003100 0.000200 0.000200 0.003100 0.000200 0.000200 0.000100 0.000100 0.000200 0.000100 0.000200 0.000100 0.000200 0.000100 0.000000 0.000200 0.000200 0.000000 0.000100 0.000100 0.000100 0.000100 0.000200 0.000200 0.000200 0.000200 0.000100 0.003100 0.000100 0.000100 0.000100 0.000200 0.000200 0.000200 0.000100 0.000200 0.000200 0.000100 0.000100 0.000200 0.000100 0.000200 0.000200 0.000200 0.000200
Daviddeer 0.000100 0.003100 0.000200 0.003100 0.000200 0.000200 0.000200 0.003100 0.000200 0.000100 0.003100 0.000200 0.000200 0.000200 0.000200 0.000300 0.000200 0.000200 0.000200 0.000200 0.000300 0.000200 0.000000 0.000100 0.000200 0.000200 0.000200 0.000200 0.000200 0.000200 0.000000 0.000200 0.000200 0.000200 0.003000 0.000200 0.000200 0.000200 0.000200 0.000100 0.000000 0.000200 0.000000 0.000100 0.000100 0.000200 0.000200 0.000100 0.000300 0.000200 0.000200 0.000200
Reindeer 0.000200 0.003100 0.000200 0.003100 0.000200 0.000200 0.000200 0.003100 0.000300 0.000100 0.003100 0.000300 0.000300 0.000200 0.000200 0.000300 0.000200 0.000300 0.000300 0.000300 0.000300 0.000200 0.000100 0.000000 0.000200 0.000300 0.000200 0.000200 0.000300 0.000300 0.000100 0.000300 0.000200 0.000200 0.003100 0.000200 0.000200 0.000200 0.000300 0.000100 0.000100 0.000300 0.000100 0.000100 0.000200 0.000200 0.000300 0.000200 0.000400 0.000200 0.000300 0.000300
Ibex 0.000000 0.003100 0.000100 0.003100 0.000100 0.000000 0.000100 0.003100 0.000200 0.000200 0.003100 0.000200 0.000200 0.000100 0.000100 0.000200 0.000100 0.000200 0.000100 0.000200 0.000100 0.000000 0.000200 0.000200 0.000000 0.000100 0.000100 0.000100 0.000100 0.000200 0.000200 0.000200 0.000200 0.000100 0.003100 0.000100 0.000000 0.000100 0.000200 0.000200 0.000200 0.000100 0.000200 0.000200 0.000100 0.000100 0.000200 0.000100 0.000200 0.000200 0.000200 0.000200
GyrantGaze 0.000100 0.003100 0.000100 0.003100 0.000200 0.000100 0.000100 0.003100 0.000100 0.000300 0.003100 0.000100 0.000100 0.000100 0.000100 0.000100 0.000100 0.000100 0.000200 0.000100 0.000100 0.000100 0.000200 0.000300 0.000100 0.000000 0.000100 0.000100 0.000000 0.000100 0.000300 0.000100 0.000200 0.000200 0.003100 0.000100 0.000200 0.000200 0.000100 0.000300 0.000200 0.000000 0.000300 0.000300 0.000100 0.000100 0.000100 0.000100 0.000200 0.000200 0.000200 0.000200
Hartebeest 0.000100 0.003100 0.000100 0.003100 0.000100 0.000100 0.000100 0.003100 0.000100 0.000200 0.003100 0.000100 0.000000 0.000200 0.000100 0.000200 0.000100 0.000100 0.000200 0.000100 0.000200 0.000100 0.000200 0.000200 0.000100 0.000100 0.000000 0.000100 0.000100 0.000100 0.000200 0.000100 0.000200 0.000000 0.003100 0.000100 0.000200 0.000100 0.000100 0.000200 0.000200 0.000100 0.000200 0.000200 0.000100 0.000100 0.000100 0.000100 0.000200 0.000200 0.000200 0.000100
Bongo 0.000100 0.003100 0.000000 0.003100 0.000100 0.000100 0.000100 0.003100 0.000000 0.000300 0.003100 0.000100 0.000100 0.000100 0.000100 0.000200 0.000100 0.000100 0.000100 0.000000 0.000100 0.000100 0.000200 0.000200 0.000100 0.000100 0.000100 0.000000 0.000100 0.000000 0.000200 0.000100 0.000100 0.000100 0.003100 0.000100 0.000100 0.000100 0.000100 0.000200 0.000200 0.000100 0.000200 0.000200 0.000100 0.000100 0.000100 0.000100 0.000100 0.000100 0.000000 0.000100
Gerenuk 0.000100 0.003100 0.000100 0.003100 0.000200 0.000100 0.000100 0.003100 0.000100 0.000300 0.003100 0.000100 0.000100 0.000100 0.000100 0.000100 0.000100 0.000100 0.000200 0.000100 0.000100 0.000100 0.000200 0.000300 0.000100 0.000000 0.000100 0.000100 0.000000 0.000100 0.000300 0.000100 0.000200 0.000100 0.003100 0.000100 0.000200 0.000200 0.000100 0.000300 0.000200 0.000000 0.000300 0.000300 0.000100 0.000100 0.000100 0.000100 0.000200 0.000200 0.000200 0.000200
CommonElan 0.000100 0.003100 0.000000 0.003100 0.000100 0.000100 0.000100 0.003100 0.000000 0.000300 0.003100 0.000100 0.000100 0.000100 0.000100 0.000200 0.000100 0.000100 0.000200 0.000000 0.000200 0.000200 0.000200 0.000300 0.000200 0.000100 0.000100 0.000000 0.000100 0.000000 0.000200 0.000100 0.000100 0.000100 0.003100 0.000100 0.000200 0.000100 0.000100 0.000200 0.000200 0.000100 0.000200 0.000200 0.000100 0.000100 0.000100 0.000100 0.000100 0.000100 0.000100 0.000100
MuntiacusR 0.000200 0.003100 0.000200 0.003100 0.000200 0.000200 0.000200 0.003100 0.000200 0.000000 0.003100 0.000200 0.000200 0.000200 0.000200 0.000300 0.000200 0.000200 0.000300 0.000200 0.000300 0.000200 0.000000 0.000100 0.000200 0.000300 0.000200 0.000200 0.000300 0.000200 0.000000 0.000300 0.000200 0.000200 0.003100 0.000200 0.000200 0.000200 0.000300 0.000100 0.000000 0.000300 0.000000 0.000100 0.000200 0.000200 0.000300 0.000200 0.000300 0.000200 0.000300 0.000300
HarveysDui 0.000200 0.003100 0.000100 0.003100 0.000100 0.000100 0.000100 0.003100 0.000100 0.000300 0.003100 0.000100 0.000100 0.000100 0.000100 0.000100 0.000100 0.000100 0.000200 0.000100 0.000100 0.000200 0.000200 0.000300 0.000200 0.000100 0.000100 0.000100 0.000100 0.000100 0.000300 0.000000 0.000200 0.000100 0.003100 0.000100 0.000200 0.000100 0.000100 0.000200 0.000200 0.000100 0.000300 0.000200 0.000100 0.000100 0.000100 0.000100 0.000200 0.000200 0.000100 0.000100
Pronghorn 0.000100 0.003100 0.000100 0.003100 0.000200 0.000200 0.000100 0.003100 0.000100 0.000300 0.003100 0.000100 0.000100 0.000200 0.000100 0.000200 0.000100 0.000100 0.000200 0.000100 0.000200 0.000200 0.000200 0.000200 0.000200 0.000200 0.000200 0.000100 0.000200 0.000100 0.000200 0.000200 0.000000 0.000200 0.003100 0.000100 0.000200 0.000200 0.000200 0.000200 0.000200 0.000200 0.000200 0.000200 0.000100 0.000100 0.000100 0.000100 0.000200 0.000100 0.000100 0.000200
BlueWildeb 0.000100 0.003100 0.000100 0.003100 0.000200 0.000100 0.000100 0.003100 0.000100 0.000200 0.003100 0.000100 0.000100 0.000100 0.000100 0.000200 0.000100 0.000100 0.000200 0.000100 0.000200 0.000100 0.000200 0.000200 0.000100 0.000200 0.000000 0.000100 0.000100 0.000100 0.000200 0.000100 0.000200 0.000000 0.003100 0.000100 0.000200 0.000200 0.000100 0.000200 0.000200 0.000200 0.000200 0.000200 0.000100 0.000100 0.000100 0.000100 0.000200 0.000200 0.000100 0.000100
Gemsbok 0.003100 0.000200 0.003100 0.006200 0.003100 0.003100 0.003100 0.006200 0.003100 0.003100 0.006200 0.003100 0.003100 0.003100 0.003100 0.003100 0.003100 0.003100 0.003100 0.003100 0.003100 0.003100 0.003000 0.003100 0.003100 0.003100 0.003100 0.003100 0.003100 0.003100 0.003100 0.003100 0.003100 0.003100 0.000000 0.003100 0.003100 0.003100 0.003100 0.003100 0.003000 0.003100 0.003100 0.003100 0.003100 0.003100 0.003100 0.003100 0.003100 0.003100 0.003100 0.003100
Yak 0.000100 0.003100 0.000100 0.003100 0.000100 0.000100 0.000100 0.003100 0.000100 0.000200 0.003100 0.000100 0.000100 0.000100 0.000100 0.000100 0.000000 0.000000 0.000200 0.000100 0.000100 0.000100 0.000200 0.000200 0.000100 0.000100 0.000100 0.000100 0.000100 0.000100 0.000200 0.000100 0.000100 0.000100 0.003100 0.000000 0.000200 0.000100 0.000100 0.000200 0.000200 0.000100 0.000200 0.000200 0.000000 0.000100 0.000100 0.000000 0.000200 0.000100 0.000100 0.000100
BlueSheep 0.000000 0.003100 0.000200 0.003100 0.000200 0.000100 0.000200 0.003100 0.000200 0.000200 0.003100 0.000200 0.000200 0.000200 0.000100 0.000200 0.000200 0.000200 0.000100 0.000200 0.000200 0.000100 0.000200 0.000200 0.000000 0.000200 0.000200 0.000100 0.000200 0.000200 0.000200 0.000200 0.000200 0.000200 0.003100 0.000200 0.000000 0.000200 0.000200 0.000200 0.000200 0.000200 0.000200 0.000200 0.000100 0.000100 0.000200 0.000100 0.000300 0.000200 0.000200 0.000200
BohorReedb 0.000100 0.003100 0.000100 0.003100 0.000000 0.000100 0.000100 0.003100 0.000100 0.000200 0.003100 0.000100 0.000100 0.000100 0.000100 0.000100 0.000100 0.000100 0.000200 0.000100 0.000200 0.000100 0.000200 0.000200 0.000100 0.000200 0.000100 0.000100 0.000200 0.000100 0.000200 0.000100 0.000200 0.000200 0.003100 0.000100 0.000200 0.000000 0.000100 0.000200 0.000200 0.000200 0.000200 0.000200 0.000100 0.000100 0.000100 0.000100 0.000200 0.000200 0.000200 0.000200
KirksDik 0.000200 0.003100 0.000100 0.003100 0.000100 0.000100 0.000100 0.003100 0.000100 0.000300 0.003100 0.000100 0.000100 0.000100 0.000100 0.000100 0.000100 0.000100 0.000200 0.000100 0.000100 0.000200 0.000200 0.000300 0.000200 0.000100 0.000100 0.000100 0.000100 0.000100 0.000300 0.000100 0.000200 0.000100 0.003100 0.000100 0.000200 0.000100 0.000000 0.000300 0.000200 0.000100 0.000300 0.000300 0.000100 0.000100 0.000100 0.000100 0.000200 0.000200 0.000100 0.000100
RoeDeer 0.000100 0.003100 0.000200 0.003100 0.000200 0.000200 0.000200 0.003100 0.000200 0.000100 0.003100 0.000200 0.000200 0.000200 0.000200 0.000300 0.000200 0.000300 0.000200 0.000200 0.000300 0.000200 0.000100 0.000100 0.000200 0.000300 0.000200 0.000200 0.000300 0.000200 0.000100 0.000200 0.000200 0.000200 0.003100 0.000200 0.000200 0.000200 0.000300 0.000000 0.000100 0.000300 0.000100 0.000100 0.000200 0.000200 0.000200 0.000200 0.000300 0.000200 0.000200 0.000300
WhiteLippe 0.000100 0.003100 0.000200 0.003100 0.000200 0.000200 0.000200 0.003100 0.000200 0.000100 0.003100 0.000200 0.000200 0.000200 0.000200 0.000300 0.000200 0.000200 0.000200 0.000200 0.000300 0.000200 0.000000 0.000100 0.000200 0.000200 0.000200 0.000200 0.000200 0.000200 0.000000 0.000200 0.000200 0.000200 0.003000 0.000200 0.000200 0.000200 0.000200 0.000100 0.000000 0.000200 0.000000 0.000100 0.000100 0.000200 0.000200 0.000100 0.000300 0.000200 0.000200 0.000200
ThomsonGaz 0.000100 0.003100 0.000100 0.003100 0.000200 0.000100 0.000100 0.003100 0.000100 0.000300 0.003100 0.000100 0.000100 0.000100 0.000100 0.000100 0.000100 0.000100 0.000200 0.000100 0.000100 0.000100 0.000200 0.000300 0.000100 0.000000 0.000100 0.000100 0.000000 0.000100 0.000300 0.000100 0.000200 0.000200 0.003100 0.000100 0.000200 0.000200 0.000100 0.000300 0.000200 0.000000 0.000300 0.000300 0.000100 0.000100 0.000100 0.000100 0.000200 0.000200 0.000200 0.000200
MuntiacusC 0.000200 0.003100 0.000200 0.003100 0.000200 0.000200 0.000200 0.003100 0.000200 0.000000 0.003100 0.000200 0.000200 0.000200 0.000200 0.000300 0.000200 0.000200 0.000300 0.000200 0.000300 0.000200 0.000000 0.000100 0.000200 0.000300 0.000200 0.000200 0.000300 0.000200 0.000000 0.000300 0.000200 0.000200 0.003100 0.000200 0.000200 0.000200 0.000300 0.000100 0.000000 0.000300 0.000000 0.000100 0.000200 0.000200 0.000300 0.000200 0.000300 0.000200 0.000300 0.000300
WhiteTaile 0.000200 0.003100 0.000200 0.003100 0.000200 0.000200 0.000200 0.003100 0.000200 0.000200 0.003100 0.000200 0.000200 0.000200 0.000200 0.000300 0.000200 0.000200 0.000200 0.000200 0.000300 0.000200 0.000100 0.000100 0.000200 0.000300 0.000200 0.000200 0.000300 0.000200 0.000100 0.000200 0.000200 0.000200 0.003100 0.000200 0.000200 0.000200 0.000300 0.000100 0.000100 0.000300 0.000100 0.000000 0.000200 0.000200 0.000200 0.000200 0.000300 0.000200 0.000200 0.000200
Cattle 0.000100 0.003100 0.000000 0.003100 0.000100 0.000100 0.000000 0.003100 0.000100 0.000200 0.003100 0.000100 0.000100 0.000100 0.000100 0.000100 0.000000 0.000100 0.000200 0.000100 0.000100 0.000100 0.000100 0.000200 0.000100 0.000100 0.000100 0.000100 0.000100 0.000100 0.000200 0.000100 0.000100 0.000100 0.003100 0.000000 0.000100 0.000100 0.000100 0.000200 0.000100 0.000100 0.000200 0.000200 0.000000 0.000100 0.000100 0.000000 0.000100 0.000100 0.000100 0.000100
RoyalAntel 0.000100 0.003100 0.000100 0.003100 0.000100 0.000100 0.000100 0.003100 0.000100 0.000300 0.003100 0.000100 0.000100 0.000100 0.000100 0.000100 0.000100 0.000100 0.000100 0.000100 0.000100 0.000100 0.000200 0.000200 0.000100 0.000100 0.000100 0.000100 0.000100 0.000100 0.000200 0.000100 0.000100 0.000100 0.003100 0.000100 0.000100 0.000100 0.000100 0.000200 0.000200 0.000100 0.000200 0.000200 0.000100 0.000000 0.000100 0.000100 0.000200 0.000200 0.000100 0.000100
Steenbok 0.000100 0.003100 0.000100 0.003100 0.000100 0.000200 0.000100 0.003100 0.000100 0.000300 0.003100 0.000100 0.000100 0.000100 0.000100 0.000100 0.000100 0.000100 0.000200 0.000100 0.000100 0.000200 0.000200 0.000300 0.000200 0.000100 0.000100 0.000100 0.000100 0.000100 0.000300 0.000100 0.000100 0.000100 0.003100 0.000100 0.000200 0.000100 0.000100 0.000200 0.000200 0.000100 0.000300 0.000200 0.000100 0.000100 0.000000 0.000100 0.000200 0.000200 0.000100 0.000100
Impala 0.000100 0.003100 0.000000 0.003100 0.000100 0.000100 0.000000 0.003100 0.000100 0.000200 0.003100 0.000100 0.000100 0.000100 0.000100 0.000100 0.000000 0.000100 0.000200 0.000100 0.000100 0.000100 0.000100 0.000200 0.000100 0.000100 0.000100 0.000100 0.000100 0.000100 0.000200 0.000100 0.000100 0.000100 0.003100 0.000000 0.000100 0.000100 0.000100 0.000200 0.000100 0.000100 0.000200 0.000200 0.000000 0.000100 0.000100 0.000000 0.000100 0.000100 0.000100 0.000100
Klipspring 0.000200 0.003100 0.000100 0.003100 0.000200 0.000200 0.000200 0.003100 0.000100 0.000300 0.003100 0.000200 0.000200 0.000200 0.000200 0.000200 0.000200 0.000200 0.000300 0.000100 0.000200 0.000200 0.000300 0.000400 0.000200 0.000200 0.000200 0.000100 0.000200 0.000100 0.000300 0.000200 0.000200 0.000200 0.003100 0.000200 0.000300 0.000200 0.000200 0.000300 0.000300 0.000200 0.000300 0.000300 0.000100 0.000200 0.000200 0.000100 0.000000 0.000300 0.000100 0.000100
ForestMusk 0.000100 0.003100 0.000100 0.003100 0.000200 0.000200 0.000200 0.003100 0.000100 0.000300 0.003100 0.000200 0.000200 0.000200 0.000100 0.000200 0.000100 0.000100 0.000200 0.000100 0.000200 0.000200 0.000200 0.000200 0.000200 0.000200 0.000200 0.000100 0.000200 0.000100 0.000200 0.000200 0.000100 0.000200 0.003100 0.000100 0.000200 0.000200 0.000200 0.000200 0.000200 0.000200 0.000200 0.000200 0.000100 0.000200 0.000200 0.000100 0.000300 0.000000 0.000100 0.000200
Bushbuck 0.000100 0.003200 0.000100 0.003200 0.000100 0.000100 0.000100 0.003100 0.000000 0.000300 0.003100 0.000100 0.000100 0.000100 0.000100 0.000200 0.000100 0.000100 0.000200 0.000100 0.000200 0.000200 0.000200 0.000300 0.000200 0.000200 0.000200 0.000000 0.000200 0.000100 0.000300 0.000100 0.000100 0.000100 0.003100 0.000100 0.000200 0.000200 0.000100 0.000200 0.000200 0.000200 0.000300 0.000200 0.000100 0.000100 0.000100 0.000100 0.000100 0.000100 0.000000 0.000100
GreaterKud 0.000200 0.003100 0.000000 0.003100 0.000100 0.000100 0.000100 0.003100 0.000100 0.000300 0.003100 0.000100 0.000100 0.000100 0.000100 0.000200 0.000100 0.000100 0.000200 0.000100 0.000200 0.000200 0.000200 0.000300 0.000200 0.000200 0.000100 0.000100 0.000200 0.000100 0.000300 0.000100 0.000200 0.000100 0.003100 0.000100 0.000200 0.000200 0.000100 0.000300 0.000200 0.000200 0.000300 0.000200 0.000100 0.000100 0.000100 0.000100 0.000100 0.000200 0.000100 0.000000
