1
52 1
Argali 0.000000 0.192700 0.072900 0.187500 0.054600 0.003300 0.026900 0.033300 0.065400 0.088600 0.016400 0.062000 0.033400 0.037000 0.047300 0.039800 0.094800 0.098700 0.033200 0.062000 0.047200 0.013200 0.071500 0.072200 0.023100 0.036700 0.030000 0.061800 0.039800 0.069100 0.088100 0.043800 0.069300 0.046500 0.043600 0.072600 0.016500 0.050900 0.043000 0.083600 0.057800 0.040200 0.088500 0.068300 0.072900 0.043600 0.047300 0.054100 0.036800 0.069300 0.068900 0.072800
LesserMous 0.192700 0.000000 0.193200 0.168400 0.183200 0.196800 0.188000 0.185500 0.192200 0.221300 0.188500 0.184400 0.169500 0.186600 0.177700 0.191400 0.205400 0.205600 0.188500 0.188600 0.194100 0.184300 0.194200 0.191600 0.185000 0.172600 0.165500 0.187800 0.191400 0.188500 0.211600 0.199100 0.186500 0.191500 0.177100 0.196700 0.180500 0.178500 0.193300 0.193100 0.179000 0.185600 0.212300 0.195000 0.197600 0.193700 0.194500 0.189900 0.185900 0.185400 0.179500 0.192900
LesserKudu 0.072900 0.193200 0.000000 0.153100 0.070400 0.076500 0.074200 0.073200 0.023800 0.097800 0.076500 0.030900 0.062500 0.077400 0.058900 0.075500 0.097100 0.101100 0.080100 0.020400 0.077100 0.065700 0.073100 0.077100 0.076700 0.065300 0.059000 0.020400 0.075500 0.020400 0.097200 0.084700 0.070900 0.082700 0.076900 0.041300 0.062200 0.066600 0.069500 0.067100 0.059100 0.069300 0.097700 0.073100 0.041400 0.091300 0.080900 0.073500 0.069800 0.063600 0.020400 0.023900
KillerWhal 0.187500 0.168400 0.153100 0.000000 0.173900 0.183300 0.186800 0.183000 0.158100 0.211300 0.179100 0.150200 0.167800 0.176800 0.171000 0.186100 0.187500 0.183100 0.183200 0.154400 0.180600 0.170900 0.184100 0.165200 0.179500 0.167300 0.163800 0.153800 0.186100 0.154400 0.209800 0.189600 0.166400 0.181600 0.167500 0.162200 0.167100 0.169200 0.179900 0.170500 0.168800 0.180300 0.202500 0.168700 0.163000 0.192500 0.189300 0.176500 0.184600 0.179600 0.153800 0.158600
DefassaWat 0.054600 0.183200 0.070400 0.173900 0.000000 0.058100 0.055500 0.054800 0.070100 0.112000 0.051000 0.059400 0.040900 0.051600 0.055000 0.054200 0.111500 0.115600 0.054500 0.066600 0.051400 0.047500 0.094400 0.088000 0.058100 0.044200 0.037400 0.066400 0.054200 0.066600 0.111300 0.065800 0.092600 0.061200 0.051300 0.070100 0.044100 0.010100 0.047700 0.085000 0.080400 0.047800 0.111900 0.076700 0.066700 0.065500 0.055100 0.047900 0.051400 0.085100 0.066400 0.070300
Sheep 0.003300 0.196800 0.076500 0.183300 0.058100 0.000000 0.030300 0.036700 0.069000 0.092100 0.013100 0.065600 0.036800 0.040400 0.050700 0.043100 0.098400 0.102300 0.036600 0.065500 0.050600 0.009800 0.075000 0.075700 0.019800 0.040000 0.033400 0.065300 0.043100 0.072700 0.091600 0.047300 0.072800 0.049900 0.040200 0.076200 0.013200 0.054400 0.046400 0.087200 0.061300 0.043600 0.092000 0.071800 0.076400 0.047100 0.050700 0.057600 0.040200 0.072800 0.072400 0.076300
MaxwellsDu 0.026900 0.188000 0.074200 0.186800 0.055500 0.030300 0.000000 0.033900 0.073800 0.097300 0.037200 0.063100 0.020200 0.030700 0.048100 0.037000 0.096500 0.100500 0.047600 0.063100 0.048000 0.026900 0.079800 0.073400 0.044200 0.037300 0.016800 0.070100 0.037000 0.070300 0.096700 0.037600 0.070500 0.040400 0.030500 0.073900 0.030400 0.051800 0.040800 0.085000 0.065900 0.040900 0.097200 0.069500 0.074100 0.037400 0.041000 0.055000 0.037400 0.070500 0.070100 0.074100
GazellaPrz 0.033300 0.185500 0.073200 0.183000 0.054800 0.036700 0.033900 0.000000 0.072800 0.096100 0.043600 0.062300 0.033500 0.037100 0.047200 0.026400 0.098200 0.099100 0.053900 0.062200 0.033600 0.033300 0.078900 0.072500 0.050500 0.023300 0.030100 0.069100 0.026400 0.069400 0.095600 0.044000 0.069500 0.053600 0.043800 0.072900 0.036800 0.051100 0.026700 0.083900 0.065100 0.026700 0.096000 0.068600 0.073100 0.050700 0.033700 0.054300 0.036900 0.069500 0.069200 0.073000
MountainNy 0.065400 0.192200 0.023800 0.158100 0.070100 0.069000 0.073800 0.072800 0.000000 0.086600 0.076100 0.027300 0.062200 0.076900 0.055100 0.075200 0.092900 0.096900 0.079700 0.010100 0.076700 0.065300 0.062100 0.073100 0.076300 0.065000 0.058700 0.003400 0.075100 0.010100 0.086000 0.084300 0.066900 0.082300 0.076500 0.037600 0.061900 0.066300 0.069100 0.055900 0.048200 0.068800 0.086400 0.069200 0.037700 0.090900 0.073200 0.065900 0.069400 0.066900 0.010100 0.013500
MuntiacusM 0.088600 0.221300 0.097800 0.211300 0.112000 0.092100 0.097300 0.096100 0.086600 0.000000 0.106600 0.083100 0.092700 0.093000 0.100000 0.102300 0.116500 0.113000 0.110200 0.083100 0.111200 0.095600 0.043300 0.064500 0.114100 0.092300 0.089100 0.082800 0.102300 0.090300 0.016200 0.100200 0.097900 0.109400 0.107000 0.093900 0.099400 0.108000 0.096000 0.068500 0.043500 0.096300 0.006500 0.060700 0.094200 0.117700 0.111300 0.103700 0.092700 0.097600 0.089600 0.090300
goat 0.016400 0.188500 0.076500 0.179100 0.051000 0.013100 0.037200 0.043600 0.076100 0.106600 0.000000 0.058400 0.030000 0.040400 0.050700 0.043200 0.098500 0.102400 0.029800 0.072700 0.043700 0.009900 0.089300 0.075700 0.006600 0.040100 0.026600 0.072500 0.043100 0.072700 0.106000 0.054200 0.080100 0.049900 0.033400 0.069000 0.013200 0.047400 0.053400 0.094500 0.075500 0.043600 0.106400 0.071800 0.069200 0.047100 0.050700 0.050600 0.047100 0.072800 0.072500 0.076400
AfricanBuf 0.062000 0.184400 0.030900 0.150200 0.059400 0.065600 0.063100 0.062300 0.027300 0.083100 0.058400 0.000000 0.044600 0.059100 0.051700 0.061600 0.067100 0.070900 0.062000 0.023900 0.062500 0.054900 0.058700 0.055300 0.058600 0.051500 0.041100 0.023800 0.061600 0.023900 0.082600 0.073500 0.056200 0.068600 0.058700 0.010100 0.058500 0.055700 0.058600 0.059700 0.044800 0.055200 0.083000 0.051500 0.010200 0.080200 0.069800 0.062500 0.058800 0.049000 0.023800 0.027300
Topi 0.033400 0.169500 0.062500 0.167800 0.040900 0.036800 0.020200 0.033500 0.062200 0.092700 0.030000 0.044600 0.000000 0.023500 0.040600 0.033200 0.084400 0.088200 0.040200 0.058800 0.033700 0.026600 0.075500 0.061900 0.036900 0.030100 0.003300 0.058600 0.033200 0.058800 0.092200 0.033800 0.066100 0.033200 0.016600 0.055100 0.030000 0.037300 0.040300 0.080100 0.061700 0.033600 0.092600 0.061600 0.055300 0.037100 0.033700 0.040500 0.037000 0.058400 0.058600 0.062400
CommonDuik 0.037000 0.186600 0.077400 0.176800 0.051600 0.040400 0.030700 0.037100 0.076900 0.093000 0.040400 0.059100 0.023500 0.000000 0.051200 0.043600 0.084700 0.088600 0.050700 0.066200 0.044200 0.036900 0.082900 0.069300 0.047400 0.040500 0.020100 0.073200 0.043500 0.073500 0.096000 0.013400 0.073600 0.050400 0.033700 0.069700 0.040400 0.047900 0.043900 0.088100 0.069000 0.044100 0.100100 0.065400 0.070000 0.047600 0.051200 0.044100 0.040600 0.066300 0.073200 0.073500
Suni 0.047300 0.177700 0.058900 0.171000 0.055000 0.050700 0.048100 0.047200 0.055100 0.100000 0.050700 0.051700 0.040600 0.051200 0.000000 0.047000 0.094700 0.095700 0.061200 0.051700 0.051100 0.040300 0.075500 0.069100 0.050800 0.043900 0.037100 0.051500 0.046900 0.051700 0.099400 0.058300 0.066100 0.057300 0.050900 0.062300 0.037000 0.051400 0.054300 0.073200 0.061700 0.047500 0.099800 0.068800 0.062500 0.058000 0.054700 0.054600 0.051000 0.066100 0.051500 0.055300
Springbuck 0.039800 0.191400 0.075500 0.186100 0.054200 0.043100 0.037000 0.026400 0.075200 0.102300 0.043200 0.061600 0.033200 0.043600 0.047000 0.000000 0.101500 0.105400 0.053400 0.071800 0.033300 0.033000 0.085200 0.078800 0.050000 0.023000 0.029800 0.071500 0.013000 0.071800 0.101700 0.050400 0.076000 0.053000 0.043300 0.072100 0.036400 0.050600 0.033100 0.090300 0.071500 0.026500 0.102200 0.075000 0.072400 0.050200 0.033300 0.053800 0.043400 0.068900 0.071500 0.075500
Okapi 0.094800 0.205400 0.097100 0.187500 0.111500 0.098400 0.096500 0.098200 0.092900 0.116500 0.098500 0.067100 0.084400 0.084700 0.094700 0.101500 0.000000 0.024200 0.109600 0.081900 0.103100 0.094700 0.091400 0.084900 0.098700 0.098600 0.080700 0.089000 0.101500 0.089300 0.115800 0.099600 0.070600 0.116400 0.098900 0.078000 0.098600 0.107400 0.102500 0.096900 0.084600 0.102800 0.116400 0.088200 0.078300 0.114100 0.110800 0.110600 0.099100 0.082100 0.089000 0.093200
Giraffe 0.098700 0.205600 0.101100 0.183100 0.115600 0.102300 0.100500 0.099100 0.096900 0.113000 0.102400 0.070900 0.088200 0.088600 0.095700 0.105400 0.024200 0.000000 0.113500 0.085800 0.107000 0.098600 0.087900 0.081400 0.102600 0.102500 0.084500 0.093000 0.105400 0.093300 0.112300 0.103500 0.078200 0.120400 0.102900 0.081900 0.102500 0.103800 0.106400 0.093200 0.081100 0.106700 0.105300 0.084700 0.082200 0.118100 0.114800 0.114500 0.103000 0.086000 0.093000 0.097200
TibetanAnt 0.033200 0.188500 0.080100 0.183200 0.054500 0.036600 0.047600 0.053900 0.079700 0.110200 0.029800 0.062000 0.040200 0.050700 0.061200 0.053400 0.109600 0.113500 0.000000 0.076300 0.054100 0.026500 0.092900 0.086500 0.036700 0.043500 0.036800 0.076000 0.053300 0.076300 0.109600 0.064700 0.091000 0.053300 0.050400 0.072600 0.029900 0.050900 0.056800 0.098200 0.079000 0.047100 0.110000 0.075400 0.072800 0.057400 0.061200 0.054100 0.050600 0.083700 0.076000 0.080000
Sitatunga 0.062000 0.188600 0.020400 0.154400 0.066600 0.065500 0.063100 0.062200 0.010100 0.083100 0.072700 0.023900 0.058800 0.066200 0.051700 0.071800 0.081900 0.085800 0.076300 0.000000 0.073300 0.061900 0.058600 0.062400 0.072900 0.061600 0.055300 0.006700 0.071700 0.006700 0.082600 0.073500 0.056200 0.078900 0.073100 0.034200 0.058500 0.062800 0.058600 0.052400 0.044800 0.065400 0.083000 0.058500 0.034300 0.087400 0.077100 0.069700 0.058800 0.056200 0.006400 0.010200
Oribi 0.047200 0.194100 0.077100 0.180600 0.051400 0.050600 0.048000 0.033600 0.076700 0.111200 0.043700 0.062500 0.033700 0.044200 0.051100 0.033300 0.103100 0.107000 0.054100 0.073300 0.000000 0.040300 0.093700 0.080000 0.050700 0.030100 0.030200 0.073000 0.033300 0.073200 0.110500 0.058200 0.084400 0.060700 0.043900 0.073200 0.040300 0.047800 0.040500 0.095300 0.079700 0.033700 0.111000 0.076000 0.073400 0.058000 0.040700 0.051000 0.051000 0.077100 0.073000 0.077000
BarbaryShe 0.013200 0.184300 0.065700 0.170900 0.047500 0.009800 0.026900 0.033300 0.065300 0.095600 0.009900 0.054900 0.026600 0.036900 0.040300 0.033000 0.094700 0.098600 0.026500 0.061900 0.040300 0.000000 0.078500 0.072100 0.016500 0.029900 0.023300 0.061700 0.033000 0.061900 0.095100 0.043800 0.069200 0.039700 0.030000 0.065400 0.003300 0.043900 0.042800 0.083500 0.064800 0.033400 0.095500 0.068300 0.065600 0.036800 0.040300 0.047100 0.036800 0.069200 0.061700 0.065500
Daviddeer 0.071500 0.194200 0.073100 0.184100 0.094400 0.075000 0.079800 0.078900 0.062100 0.043300 0.089300 0.058700 0.075500 0.082900 0.075500 0.085200 0.091400 0.087900 0.092900 0.058600 0.093700 0.078500 0.000000 0.040600 0.089500 0.075200 0.071900 0.058500 0.085200 0.065800 0.043100 0.090100 0.073100 0.092300 0.089700 0.069300 0.082200 0.090500 0.078800 0.044400 0.020000 0.079000 0.043200 0.036900 0.069500 0.097000 0.093800 0.093600 0.075500 0.073100 0.065600 0.069400
Reindeer 0.072200 0.191600 0.077100 0.165200 0.088000 0.075700 0.073400 0.072500 0.073100 0.064500 0.075700 0.055300 0.061900 0.069300 0.069100 0.078800 0.084900 0.081400 0.086500 0.062400 0.080000 0.072100 0.040600 0.000000 0.075900 0.068700 0.058300 0.069400 0.078800 0.069600 0.064100 0.083800 0.066600 0.093100 0.068800 0.066000 0.075800 0.084100 0.079500 0.044800 0.033900 0.079700 0.064400 0.016800 0.066200 0.090700 0.080100 0.087200 0.076200 0.059400 0.069400 0.073400
Ibex 0.023100 0.185000 0.076700 0.179500 0.058100 0.019800 0.044200 0.050500 0.076300 0.114100 0.006600 0.058600 0.036900 0.047400 0.050800 0.050000 0.098700 0.102600 0.036700 0.072900 0.050700 0.016500 0.089500 0.075900 0.000000 0.047000 0.033500 0.072600 0.050000 0.072800 0.113400 0.061300 0.080300 0.056900 0.040200 0.069100 0.019900 0.054500 0.060600 0.094700 0.075600 0.050600 0.113900 0.072000 0.069400 0.054100 0.057800 0.057700 0.054100 0.073000 0.072600 0.076500
GyrantGaze 0.036700 0.172600 0.065300 0.167300 0.044200 0.040000 0.037300 0.023300 0.065000 0.092300 0.040100 0.051500 0.030100 0.040500 0.043900 0.023000 0.098600 0.102500 0.043500 0.061600 0.030100 0.029900 0.075200 0.068700 0.047000 0.000000 0.026700 0.061300 0.016400 0.061500 0.091800 0.047400 0.073000 0.043200 0.033400 0.062000 0.033300 0.040600 0.023300 0.080100 0.061400 0.009900 0.092200 0.064900 0.062200 0.047200 0.023400 0.043800 0.033500 0.073000 0.061400 0.065200
Hartebeest 0.030000 0.165500 0.059000 0.163800 0.037400 0.033400 0.016800 0.030100 0.058700 0.089100 0.026600 0.041100 0.003300 0.020100 0.037100 0.029800 0.080700 0.084500 0.036800 0.055300 0.030200 0.023300 0.071900 0.058300 0.033500 0.026700 0.000000 0.055100 0.029800 0.055200 0.088600 0.033800 0.062500 0.029800 0.013300 0.051600 0.026700 0.033800 0.036900 0.076800 0.058100 0.030200 0.089000 0.058100 0.051800 0.033600 0.030300 0.037100 0.033600 0.055300 0.055100 0.058900
Bongo 0.061800 0.187800 0.020400 0.153800 0.066400 0.065300 0.070100 0.069100 0.003400 0.082800 0.072500 0.023800 0.058600 0.073200 0.051500 0.071500 0.089000 0.093000 0.076000 0.006700 0.073000 0.061700 0.058500 0.069400 0.072600 0.061300 0.055100 0.000000 0.071500 0.006700 0.082300 0.080500 0.063200 0.078600 0.072800 0.034100 0.058300 0.062600 0.065500 0.059400 0.044600 0.065200 0.082700 0.065500 0.034200 0.087100 0.076800 0.069400 0.065700 0.063200 0.006700 0.010100
Gerenuk 0.039800 0.191400 0.075500 0.186100 0.054200 0.043100 0.037000 0.026400 0.075100 0.102300 0.043100 0.061600 0.033200 0.043500 0.046900 0.013000 0.101500 0.105400 0.053300 0.071700 0.033300 0.033000 0.085200 0.078800 0.050000 0.016400 0.029800 0.071500 0.000000 0.071700 0.101700 0.050400 0.075900 0.053000 0.043300 0.072100 0.036400 0.050600 0.033100 0.090200 0.071400 0.019800 0.102100 0.074900 0.072400 0.050200 0.033300 0.053700 0.043400 0.076000 0.071500 0.075400
CommonElan 0.069100 0.188500 0.020400 0.154400 0.066600 0.072700 0.070300 0.069400 0.010100 0.090300 0.072700 0.023900 0.058800 0.073500 0.051700 0.071800 0.089300 0.093300 0.076300 0.006700 0.073200 0.061900 0.065800 0.069600 0.072800 0.061500 0.055200 0.006700 0.071700 0.000000 0.089800 0.080800 0.063400 0.078800 0.073000 0.034200 0.058400 0.062800 0.065700 0.056000 0.051800 0.065400 0.090200 0.065700 0.034300 0.087400 0.077000 0.069600 0.065900 0.063400 0.006700 0.010200
MuntiacusR 0.088100 0.211600 0.097200 0.209800 0.111300 0.091600 0.096700 0.095600 0.086000 0.016200 0.106000 0.082600 0.092200 0.096000 0.099400 0.101700 0.115800 0.112300 0.109600 0.082600 0.110500 0.095100 0.043100 0.064100 0.113400 0.091800 0.088600 0.082300 0.101700 0.089800 0.000000 0.103200 0.097300 0.108900 0.106400 0.093300 0.098800 0.107300 0.095400 0.068100 0.043300 0.095700 0.019500 0.060400 0.093600 0.113800 0.110600 0.106700 0.092200 0.093700 0.089500 0.085900
HarveysDui 0.043800 0.199100 0.084700 0.189600 0.065800 0.047300 0.037600 0.044000 0.084300 0.100200 0.054200 0.073500 0.033800 0.013400 0.058300 0.050400 0.099600 0.103500 0.064700 0.073500 0.058200 0.043800 0.090100 0.083800 0.061300 0.047400 0.033800 0.080500 0.050400 0.080800 0.103200 0.000000 0.080900 0.057300 0.047500 0.084300 0.047300 0.062100 0.050900 0.095500 0.076200 0.051000 0.107400 0.079800 0.084600 0.057600 0.058300 0.058100 0.047500 0.080900 0.080500 0.080800
Pronghorn 0.069300 0.186500 0.070900 0.166400 0.092600 0.072800 0.070500 0.069500 0.066900 0.097900 0.080100 0.056200 0.066100 0.073600 0.066100 0.076000 0.070600 0.078200 0.091000 0.056200 0.084400 0.069200 0.073100 0.066600 0.080300 0.073000 0.062500 0.063200 0.075900 0.063400 0.097300 0.080900 0.000000 0.086800 0.080400 0.067000 0.072900 0.088600 0.069500 0.074400 0.050900 0.076900 0.097700 0.069900 0.067200 0.087900 0.084500 0.091700 0.073300 0.056300 0.063200 0.067100
BlueWildeb 0.046500 0.191500 0.082700 0.181600 0.061200 0.049900 0.040400 0.053600 0.082300 0.109400 0.049900 0.068600 0.033200 0.050400 0.057300 0.053000 0.116400 0.120400 0.053300 0.078900 0.060700 0.039700 0.092300 0.093100 0.056900 0.043200 0.029800 0.078600 0.053000 0.078800 0.108900 0.057300 0.086800 0.000000 0.043300 0.079200 0.043200 0.057500 0.053500 0.097500 0.078500 0.046800 0.109400 0.082000 0.079500 0.057100 0.053800 0.060700 0.050200 0.090300 0.078600 0.082600
Gemsbok 0.043600 0.177100 0.076900 0.167500 0.051300 0.040200 0.030500 0.043800 0.076500 0.107000 0.033400 0.058700 0.016600 0.033700 0.050900 0.043300 0.098900 0.102900 0.050400 0.073100 0.043900 0.030000 0.089700 0.068800 0.040200 0.033400 0.013300 0.072800 0.043300 0.073000 0.106400 0.047500 0.080400 0.043300 0.000000 0.069300 0.033400 0.047600 0.050600 0.087600 0.075800 0.043800 0.106800 0.072100 0.069500 0.050300 0.037100 0.050800 0.047300 0.073200 0.072800 0.076700
Yak 0.072600 0.196700 0.041300 0.162200 0.070100 0.076200 0.073900 0.072900 0.037600 0.093900 0.069000 0.010100 0.055100 0.069700 0.062300 0.072100 0.078000 0.081900 0.072600 0.034200 0.073200 0.065400 0.069300 0.066000 0.069100 0.062000 0.051600 0.034100 0.072100 0.034200 0.093300 0.084300 0.067000 0.079200 0.069300 0.000000 0.069100 0.066300 0.069200 0.070500 0.054900 0.065800 0.093700 0.062200 0.006800 0.091100 0.080600 0.073200 0.069500 0.059700 0.034100 0.037700
BlueSheep 0.016500 0.180500 0.062200 0.167100 0.044100 0.013200 0.030400 0.036800 0.061900 0.099400 0.013200 0.058500 0.030000 0.040400 0.037000 0.036400 0.098600 0.102500 0.029900 0.058500 0.040300 0.003300 0.082200 0.075800 0.019900 0.033300 0.026700 0.058300 0.036400 0.058400 0.098800 0.047300 0.072900 0.043200 0.033400 0.069100 0.000000 0.040500 0.046400 0.080000 0.068400 0.036800 0.099300 0.071900 0.069300 0.040200 0.043800 0.043800 0.040300 0.072900 0.058300 0.062100
BohorReedb 0.050900 0.178500 0.066600 0.169200 0.010100 0.054400 0.051800 0.051100 0.066300 0.108000 0.047400 0.055700 0.037300 0.047900 0.051400 0.050600 0.107400 0.103800 0.050900 0.062800 0.047800 0.043900 0.090500 0.084100 0.054500 0.040600 0.033800 0.062600 0.050600 0.062800 0.107300 0.062100 0.088600 0.057500 0.047600 0.066300 0.040500 0.000000 0.044100 0.081100 0.076500 0.044200 0.107800 0.072800 0.066600 0.061800 0.051400 0.044300 0.047800 0.081200 0.062600 0.066500
KirksDik 0.043000 0.193300 0.069500 0.179900 0.047700 0.046400 0.040800 0.026700 0.069100 0.096000 0.053400 0.058600 0.040300 0.043900 0.054300 0.033100 0.102500 0.106400 0.056800 0.058600 0.040500 0.042800 0.078800 0.079500 0.060600 0.023300 0.036900 0.065500 0.033100 0.065700 0.095400 0.050900 0.069500 0.053500 0.050600 0.069200 0.046400 0.044100 0.000000 0.076600 0.065000 0.026700 0.095900 0.068500 0.069500 0.057600 0.040500 0.054300 0.036900 0.076700 0.065500 0.069400
RoeDeer 0.083600 0.193100 0.067100 0.170500 0.085000 0.087200 0.085000 0.083900 0.055900 0.068500 0.094500 0.059700 0.080100 0.088100 0.073200 0.090300 0.096900 0.093200 0.098200 0.052400 0.095300 0.083500 0.044400 0.044800 0.094700 0.080100 0.076800 0.059400 0.090200 0.056000 0.068100 0.095500 0.074400 0.097500 0.087600 0.070500 0.080000 0.081100 0.076600 0.000000 0.037700 0.084100 0.068400 0.041100 0.070700 0.102500 0.091700 0.084200 0.080400 0.078200 0.059400 0.063300
WhiteLippe 0.057800 0.179000 0.059100 0.168800 0.080400 0.061300 0.065900 0.065100 0.048200 0.043500 0.075500 0.044800 0.061700 0.069000 0.061700 0.071500 0.084600 0.081100 0.079000 0.044800 0.079700 0.064800 0.020000 0.033900 0.075600 0.061400 0.058100 0.044600 0.071400 0.051800 0.043300 0.076200 0.050900 0.078500 0.075800 0.054900 0.068400 0.076500 0.065000 0.037700 0.000000 0.065200 0.043500 0.030300 0.055100 0.083100 0.079800 0.079600 0.061700 0.058300 0.051700 0.055500
ThomsonGaz 0.040200 0.185600 0.069300 0.180300 0.047800 0.043600 0.040900 0.026700 0.068800 0.096300 0.043600 0.055200 0.033600 0.044100 0.047500 0.026500 0.102800 0.106700 0.047100 0.065400 0.033700 0.033400 0.079000 0.079700 0.050600 0.009900 0.030200 0.065200 0.019800 0.065400 0.095700 0.051000 0.076900 0.046800 0.043800 0.065800 0.036800 0.044200 0.026700 0.084100 0.065200 0.000000 0.096100 0.068700 0.066000 0.050800 0.033700 0.047400 0.037000 0.076900 0.065200 0.069100
MuntiacusC 0.088500 0.212300 0.097700 0.202500 0.111900 0.092000 0.097200 0.096000 0.086400 0.006500 0.106400 0.083000 0.092600 0.100100 0.099800 0.102200 0.116400 0.105300 0.110000 0.083000 0.111000 0.095500 0.043200 0.064400 0.113900 0.092200 0.089000 0.082700 0.102100 0.090200 0.019500 0.107400 0.097700 0.109400 0.106800 0.093700 0.099300 0.107800 0.095900 0.068400 0.043500 0.096100 0.000000 0.060600 0.094000 0.117500 0.111100 0.110900 0.092600 0.097400 0.089500 0.093900
WhiteTaile 0.068300 0.195000 0.073100 0.168700 0.076700 0.071800 0.069500 0.068600 0.069200 0.060700 0.071800 0.051500 0.061600 0.065400 0.068800 0.075000 0.088200 0.084700 0.075400 0.058500 0.076000 0.068300 0.036900 0.016800 0.072000 0.064900 0.058100 0.065500 0.074900 0.065700 0.060400 0.079800 0.069900 0.082000 0.072100 0.062200 0.071900 0.072800 0.068500 0.041100 0.030300 0.068700 0.060600 0.000000 0.062300 0.086700 0.083400 0.076000 0.065200 0.062700 0.065500 0.069400
Cattle 0.072900 0.197600 0.041400 0.163000 0.066700 0.076400 0.074100 0.073100 0.037700 0.094200 0.069200 0.010200 0.055300 0.070000 0.062500 0.072400 0.078300 0.082200 0.072800 0.034300 0.073400 0.065600 0.069500 0.066200 0.069400 0.062200 0.051800 0.034200 0.072400 0.034300 0.093600 0.084600 0.067200 0.079500 0.069500 0.006800 0.069300 0.066600 0.069500 0.070700 0.055100 0.066000 0.094000 0.062300 0.000000 0.091300 0.080900 0.073400 0.069700 0.059900 0.034200 0.037900
RoyalAntel 0.043600 0.193700 0.091300 0.192500 0.065500 0.047100 0.037400 0.050700 0.090900 0.117700 0.047100 0.080200 0.037100 0.047600 0.058000 0.050200 0.114100 0.118100 0.057400 0.087400 0.058000 0.036800 0.097000 0.090700 0.054100 0.047200 0.033600 0.087100 0.050200 0.087400 0.113800 0.057600 0.087900 0.057100 0.050300 0.091100 0.040200 0.061800 0.057600 0.102500 0.083100 0.050800 0.117500 0.086700 0.091300 0.000000 0.058000 0.065000 0.054300 0.087900 0.087100 0.091200
Steenbok 0.047300 0.194500 0.080900 0.189300 0.055100 0.050700 0.041000 0.033700 0.073200 0.111300 0.050700 0.069800 0.033700 0.051200 0.054700 0.033300 0.110800 0.114800 0.061200 0.077100 0.040700 0.040300 0.093800 0.080100 0.057800 0.023400 0.030300 0.076800 0.033300 0.077000 0.110600 0.058300 0.084500 0.053800 0.037100 0.080600 0.043800 0.051400 0.040500 0.091700 0.079800 0.033700 0.111100 0.083400 0.080900 0.058000 0.000000 0.054600 0.051000 0.087500 0.076800 0.080800
Impala 0.054100 0.189900 0.073500 0.176500 0.047900 0.057600 0.055000 0.054300 0.065900 0.103700 0.050600 0.062500 0.040500 0.044100 0.054600 0.053800 0.110600 0.114500 0.054100 0.069700 0.051000 0.047100 0.093600 0.087200 0.057700 0.043800 0.037100 0.069400 0.053700 0.069600 0.106700 0.058100 0.091700 0.060700 0.050800 0.073200 0.043800 0.044300 0.054300 0.084200 0.079600 0.047400 0.110900 0.076000 0.073400 0.065000 0.054600 0.000000 0.051000 0.084300 0.069400 0.069700
Klipspring 0.036800 0.185900 0.069800 0.184600 0.051400 0.040200 0.037400 0.036900 0.069400 0.092700 0.047100 0.058800 0.037000 0.040600 0.051000 0.043400 0.099100 0.103000 0.050600 0.058800 0.051000 0.036800 0.075500 0.076200 0.054100 0.033500 0.033600 0.065700 0.043400 0.065900 0.092200 0.047500 0.073300 0.050200 0.047300 0.069500 0.040300 0.047800 0.036900 0.080400 0.061700 0.037000 0.092600 0.065200 0.069700 0.054300 0.051000 0.051000 0.000000 0.073300 0.065800 0.069600
ForestMusk 0.069300 0.185400 0.063600 0.179600 0.085100 0.072800 0.070500 0.069500 0.066900 0.097600 0.072800 0.049000 0.058400 0.066300 0.066100 0.068900 0.082100 0.086000 0.083700 0.056200 0.077100 0.069200 0.073100 0.059400 0.073000 0.073000 0.055300 0.063200 0.076000 0.063400 0.093700 0.080900 0.056300 0.090300 0.073200 0.059700 0.072900 0.081200 0.076700 0.078200 0.058300 0.076900 0.097400 0.062700 0.059900 0.087900 0.087500 0.084300 0.073300 0.000000 0.056000 0.067100
Bushbuck 0.068900 0.179500 0.020400 0.153800 0.066400 0.072400 0.070100 0.069200 0.010100 0.089600 0.072500 0.023800 0.058600 0.073200 0.051500 0.071500 0.089000 0.093000 0.076000 0.006400 0.073000 0.061700 0.065600 0.069400 0.072600 0.061400 0.055100 0.006700 0.071500 0.006700 0.089500 0.080500 0.063200 0.078600 0.072800 0.034100 0.058300 0.062600 0.065500 0.059400 0.051700 0.065200 0.089500 0.065500 0.034200 0.087100 0.076800 0.069400 0.065800 0.056000 0.000000 0.010100
GreaterKud 0.072800 0.192900 0.023900 0.158600 0.070300 0.076300 0.074100 0.073000 0.013500 0.090300 0.076400 0.027300 0.062400 0.073500 0.055300 0.075500 0.093200 0.097200 0.080000 0.010200 0.077000 0.065500 0.069400 0.073400 0.076500 0.065200 0.058900 0.010100 0.075400 0.010200 0.085900 0.080800 0.067100 0.082600 0.076700 0.037700 0.062100 0.066500 0.069400 0.063300 0.055500 0.069100 0.093900 0.069400 0.037900 0.091200 0.080800 0.069700 0.069600 0.067100 0.010100 0.000000
