1
52 1
Argali 0.000000 0.161900 0.079300 0.106400 0.025200 0.000000 0.051000 0.051100 0.110200 0.070100 0.000000 0.052000 0.106100 0.025200 0.051000 0.052300 0.025200 0.051000 0.025900 0.079300 0.045600 0.000000 0.079500 0.132600 0.000000 0.025200 0.106100 0.079300 0.025200 0.079300 0.046900 0.052300 0.025200 0.106100 0.052200 0.079300 0.000000 0.025200 0.025200 0.079100 0.051000 0.025200 0.077800 0.132600 0.079300 0.079400 0.081300 0.026400 0.052000 0.080000 0.079200 0.079300
LesserMous 0.161900 0.000000 0.132300 0.102900 0.130600 0.161900 0.159400 0.102500 0.165500 0.131600 0.161900 0.162100 0.221400 0.130600 0.103000 0.163200 0.130600 0.159300 0.197000 0.132300 0.157300 0.161900 0.133700 0.129400 0.161900 0.130600 0.221400 0.132300 0.130600 0.132300 0.103000 0.163200 0.130600 0.221400 0.162900 0.132300 0.161900 0.130600 0.130600 0.133000 0.103000 0.130600 0.075800 0.129400 0.132300 0.193000 0.197500 0.137100 0.162100 0.196000 0.132300 0.132300
LesserKudu 0.079300 0.132300 0.000000 0.078500 0.051300 0.079300 0.078000 0.025200 0.026200 0.106100 0.079300 0.024100 0.135300 0.051300 0.078000 0.080100 0.051300 0.078000 0.110200 0.000000 0.077000 0.079300 0.108200 0.050600 0.079300 0.051300 0.135300 0.000000 0.051300 0.000000 0.078000 0.080100 0.051300 0.135300 0.079900 0.000000 0.079300 0.051300 0.051300 0.052100 0.078000 0.051300 0.051100 0.050600 0.000000 0.052200 0.053500 0.053900 0.024500 0.052900 0.000100 0.000000
KillerWhal 0.106400 0.102900 0.078500 0.000000 0.077400 0.106400 0.104800 0.050600 0.052600 0.133700 0.106400 0.106800 0.163700 0.077400 0.104800 0.051800 0.077400 0.104700 0.080100 0.078500 0.103400 0.106400 0.136200 0.131400 0.106400 0.077400 0.163700 0.070500 0.077400 0.078500 0.104800 0.051800 0.077400 0.163700 0.107300 0.078500 0.106400 0.077400 0.077400 0.135500 0.104800 0.077400 0.077100 0.131400 0.078500 0.136000 0.139400 0.081300 0.106800 0.137800 0.078300 0.078500
DefassaWat 0.025200 0.130600 0.051300 0.077400 0.000000 0.025200 0.024800 0.024800 0.080100 0.050500 0.025200 0.025300 0.077300 0.000000 0.024800 0.025400 0.000000 0.024800 0.052300 0.051300 0.024500 0.025200 0.051400 0.102900 0.025200 0.000000 0.077300 0.051300 0.000000 0.051300 0.024800 0.025400 0.000000 0.077300 0.025400 0.051300 0.025200 0.000000 0.000000 0.051200 0.024800 0.000000 0.050400 0.102900 0.051300 0.051400 0.047500 0.000100 0.025300 0.107800 0.051200 0.051300
Sheep 0.000000 0.161900 0.079300 0.106400 0.025200 0.000000 0.051000 0.051100 0.110200 0.078000 0.000000 0.052000 0.106100 0.025200 0.051000 0.052300 0.023900 0.050200 0.025900 0.079300 0.050400 0.000000 0.079500 0.132600 0.000000 0.025200 0.106100 0.079300 0.025200 0.079300 0.051000 0.052300 0.025200 0.106100 0.052200 0.079300 0.000000 0.025200 0.025200 0.079100 0.051000 0.025200 0.077800 0.132600 0.079300 0.079400 0.081300 0.026400 0.052000 0.080000 0.079200 0.079300
MaxwellsDu 0.051000 0.159400 0.078000 0.104800 0.024800 0.051000 0.000000 0.050400 0.108400 0.076900 0.051000 0.051200 0.104300 0.024800 0.050300 0.051500 0.024800 0.050300 0.079600 0.078000 0.049600 0.051000 0.078200 0.130700 0.051000 0.024800 0.104300 0.078000 0.024800 0.078000 0.050300 0.051500 0.024800 0.104300 0.051400 0.078000 0.051000 0.024800 0.024800 0.077900 0.050300 0.024800 0.076700 0.130700 0.078000 0.078000 0.079900 0.026000 0.051200 0.137000 0.077900 0.078000
GazellaPrz 0.051100 0.102500 0.025200 0.050600 0.024800 0.051100 0.050400 0.000000 0.052300 0.077000 0.051100 0.051300 0.104600 0.024800 0.050400 0.051600 0.024800 0.050400 0.079800 0.025200 0.049700 0.051100 0.078400 0.075800 0.051100 0.024800 0.104600 0.025200 0.024800 0.025200 0.050400 0.051600 0.024800 0.104600 0.051500 0.025200 0.046700 0.024800 0.024800 0.078000 0.050400 0.024800 0.024800 0.075800 0.025200 0.078200 0.080100 0.026000 0.051300 0.079300 0.025100 0.025200
MountainNy 0.110200 0.165500 0.026200 0.052600 0.080100 0.110200 0.108400 0.052300 0.000000 0.138300 0.110200 0.053500 0.169500 0.080100 0.108400 0.053700 0.080100 0.108300 0.083100 0.026200 0.106800 0.110200 0.141200 0.078800 0.110200 0.080100 0.169500 0.026200 0.080100 0.026200 0.108400 0.053700 0.080100 0.169500 0.111200 0.026200 0.110200 0.072100 0.080100 0.081400 0.108400 0.080100 0.079700 0.078800 0.026200 0.081600 0.083700 0.084400 0.053500 0.082800 0.026200 0.026200
MuntiacusM 0.070100 0.131600 0.106100 0.133700 0.050500 0.078000 0.076900 0.077000 0.138300 0.000000 0.078000 0.078200 0.132700 0.050500 0.024900 0.078700 0.050500 0.076900 0.108300 0.106100 0.075800 0.078000 0.051700 0.103700 0.078000 0.050500 0.132700 0.106100 0.050500 0.106400 0.024900 0.078700 0.050500 0.132700 0.078500 0.106100 0.078000 0.050500 0.050500 0.051400 0.024900 0.050500 0.050700 0.103700 0.106100 0.106000 0.108500 0.052900 0.078200 0.107600 0.106100 0.106100
goat 0.000000 0.161900 0.079300 0.106400 0.025200 0.000000 0.051000 0.051100 0.110200 0.078000 0.000000 0.052000 0.106100 0.025200 0.051000 0.052300 0.025200 0.051000 0.025900 0.079300 0.050400 0.000000 0.079500 0.132600 0.000000 0.025200 0.106100 0.079300 0.025200 0.079300 0.051000 0.052300 0.025200 0.106100 0.052200 0.079300 0.000000 0.025200 0.025200 0.079100 0.051000 0.025200 0.077800 0.132600 0.079300 0.079400 0.081300 0.026400 0.047800 0.080000 0.079200 0.079300
AfricanBuf 0.052000 0.162100 0.024100 0.106800 0.025300 0.052000 0.051200 0.051300 0.053500 0.078200 0.052000 0.000000 0.106500 0.025300 0.051200 0.052600 0.025300 0.051200 0.081300 0.025700 0.050500 0.052000 0.079700 0.077200 0.051400 0.025300 0.106500 0.025700 0.025300 0.025700 0.051200 0.052600 0.025300 0.106500 0.052400 0.025700 0.052000 0.025300 0.025300 0.024000 0.051200 0.025300 0.078000 0.077200 0.025700 0.025700 0.026400 0.026500 0.000000 0.080900 0.025700 0.025700
Topi 0.106100 0.221400 0.135300 0.163700 0.077300 0.106100 0.104300 0.104600 0.169500 0.132700 0.106100 0.106500 0.000000 0.077300 0.104200 0.107200 0.077300 0.104200 0.138200 0.135300 0.103200 0.106100 0.078600 0.189900 0.106100 0.077300 0.000000 0.135300 0.077300 0.135300 0.104200 0.107200 0.077300 0.000000 0.107000 0.135300 0.106100 0.077300 0.077300 0.134700 0.104200 0.077300 0.132500 0.189900 0.135300 0.106500 0.139200 0.081200 0.106500 0.199600 0.135100 0.135300
CommonDuik 0.025200 0.130600 0.051300 0.077400 0.000000 0.025200 0.024800 0.024800 0.080100 0.050500 0.025200 0.025300 0.077300 0.000000 0.024800 0.025400 0.000000 0.024800 0.052300 0.051300 0.024500 0.025200 0.051400 0.102900 0.025200 0.000000 0.077300 0.051300 0.000000 0.051300 0.024800 0.025400 0.000000 0.077300 0.023900 0.051300 0.025200 0.000000 0.000000 0.051200 0.024800 0.000000 0.050400 0.102900 0.051300 0.051400 0.052600 0.000100 0.025300 0.107800 0.051200 0.051300
Suni 0.051000 0.103000 0.078000 0.104800 0.024800 0.051000 0.050300 0.050400 0.108400 0.024900 0.051000 0.051200 0.104200 0.024800 0.000000 0.051500 0.024800 0.046300 0.079600 0.078000 0.049600 0.051000 0.025300 0.076100 0.051000 0.024800 0.104200 0.078000 0.024800 0.078000 0.000000 0.051500 0.024800 0.104200 0.051400 0.078000 0.051000 0.024800 0.024800 0.025200 0.000000 0.024800 0.024800 0.076100 0.078000 0.078000 0.079900 0.026000 0.051200 0.137000 0.077900 0.078000
Springbuck 0.052300 0.163200 0.080100 0.051800 0.025400 0.052300 0.051500 0.051600 0.053700 0.078700 0.052300 0.052600 0.107200 0.025400 0.051500 0.000000 0.025400 0.051500 0.026300 0.080100 0.050800 0.052300 0.080300 0.133800 0.052300 0.025400 0.107200 0.080100 0.025400 0.080100 0.051500 0.000000 0.025400 0.107200 0.052800 0.080100 0.052300 0.025400 0.025400 0.079900 0.051500 0.025400 0.078600 0.133800 0.080100 0.080200 0.082300 0.026700 0.052600 0.140600 0.080000 0.080100
Okapi 0.025200 0.130600 0.051300 0.077400 0.000000 0.023900 0.024800 0.024800 0.080100 0.050500 0.025200 0.025300 0.077300 0.000000 0.024800 0.025400 0.000000 0.024800 0.052300 0.051300 0.024500 0.025200 0.051400 0.102900 0.025200 0.000000 0.077300 0.051300 0.000000 0.051300 0.024800 0.025400 0.000000 0.077300 0.025400 0.051300 0.025200 0.000000 0.000000 0.051200 0.024800 0.000000 0.050400 0.102900 0.051300 0.051400 0.052600 0.000100 0.025300 0.107800 0.051200 0.051300
Giraffe 0.051000 0.159300 0.078000 0.104700 0.024800 0.050200 0.050300 0.050400 0.108300 0.076900 0.051000 0.051200 0.104200 0.024800 0.046300 0.051500 0.024800 0.000000 0.079600 0.078000 0.049600 0.051000 0.078200 0.130600 0.051000 0.024800 0.104200 0.078000 0.024800 0.078000 0.050300 0.051500 0.024800 0.104200 0.051400 0.078000 0.051000 0.024800 0.024800 0.077900 0.050300 0.024800 0.076700 0.130600 0.078000 0.078000 0.079900 0.026000 0.051200 0.137000 0.077900 0.078000
TibetanAnt 0.025900 0.197000 0.110200 0.080100 0.052300 0.025900 0.079600 0.079800 0.083100 0.108300 0.025900 0.081300 0.138200 0.052300 0.079600 0.026300 0.052300 0.079600 0.000000 0.110200 0.078500 0.025900 0.110500 0.165700 0.025900 0.052300 0.138100 0.110200 0.052300 0.110200 0.079600 0.026300 0.052300 0.138200 0.081600 0.110200 0.025900 0.052300 0.052300 0.109900 0.079600 0.052300 0.108000 0.165700 0.110200 0.110300 0.113200 0.055100 0.081300 0.111300 0.110100 0.110200
Sitatunga 0.079300 0.132300 0.000000 0.078500 0.051300 0.079300 0.078000 0.025200 0.026200 0.106100 0.079300 0.025700 0.135300 0.051300 0.078000 0.080100 0.051300 0.078000 0.110200 0.000000 0.077000 0.079300 0.108200 0.050600 0.079300 0.051300 0.135300 0.000000 0.051300 0.000000 0.078000 0.080100 0.051300 0.135300 0.079900 0.000000 0.079300 0.051300 0.051300 0.052100 0.078000 0.051300 0.051100 0.050600 0.000000 0.052200 0.053500 0.053900 0.025700 0.048800 0.000100 0.000000
Oribi 0.045600 0.157300 0.077000 0.103400 0.024500 0.050400 0.049600 0.049700 0.106800 0.075800 0.050400 0.050500 0.103200 0.024500 0.049600 0.050800 0.024500 0.049600 0.078500 0.077000 0.000000 0.050400 0.077100 0.128900 0.050400 0.024500 0.103200 0.077000 0.024500 0.077000 0.049600 0.050800 0.023200 0.103200 0.050700 0.077000 0.050400 0.024500 0.024500 0.076800 0.049600 0.024500 0.075600 0.128900 0.077000 0.077100 0.079000 0.025600 0.050500 0.134900 0.076900 0.077000
BarbaryShe 0.000000 0.161900 0.079300 0.106400 0.025200 0.000000 0.051000 0.051100 0.110200 0.078000 0.000000 0.052000 0.106100 0.025200 0.051000 0.052300 0.025200 0.051000 0.025900 0.079300 0.050400 0.000000 0.079500 0.132600 0.000000 0.025200 0.106100 0.079300 0.025200 0.079300 0.051000 0.052300 0.025200 0.106100 0.052200 0.079300 0.000000 0.025200 0.025200 0.079100 0.051000 0.025200 0.077800 0.132600 0.079300 0.079400 0.081300 0.026400 0.052000 0.080000 0.079200 0.079300
Daviddeer 0.079500 0.133700 0.108200 0.136200 0.051400 0.079500 0.078200 0.078400 0.141200 0.051700 0.079500 0.079700 0.078600 0.051400 0.025300 0.080300 0.051400 0.078200 0.110500 0.108200 0.077100 0.079500 0.000000 0.105300 0.079500 0.051400 0.078600 0.108200 0.051400 0.108200 0.025300 0.080300 0.051400 0.078600 0.080100 0.108200 0.079500 0.051400 0.051400 0.052300 0.025300 0.051400 0.051500 0.105300 0.108200 0.108100 0.110900 0.054000 0.079700 0.171300 0.108100 0.108200
Reindeer 0.132600 0.129400 0.050600 0.131400 0.102900 0.132600 0.130700 0.075800 0.078800 0.103700 0.132600 0.077200 0.189900 0.102900 0.076100 0.133800 0.102900 0.130600 0.165700 0.050600 0.128900 0.132600 0.105300 0.000000 0.132600 0.102900 0.189900 0.050600 0.102900 0.050600 0.076100 0.133800 0.102900 0.189900 0.133500 0.050600 0.132600 0.102900 0.102900 0.050800 0.076100 0.102900 0.049900 0.000000 0.050600 0.104600 0.107000 0.107900 0.077200 0.106400 0.050500 0.050600
Ibex 0.000000 0.161900 0.079300 0.106400 0.025200 0.000000 0.051000 0.051100 0.110200 0.078000 0.000000 0.051400 0.106100 0.025200 0.051000 0.052300 0.025200 0.051000 0.025900 0.079300 0.050400 0.000000 0.079500 0.132600 0.000000 0.025200 0.106100 0.079300 0.025200 0.079300 0.051000 0.052300 0.025200 0.106100 0.052200 0.079300 0.000000 0.025200 0.025200 0.079100 0.051000 0.025200 0.077800 0.132600 0.079300 0.079400 0.081300 0.026400 0.052000 0.080000 0.079200 0.079300
GyrantGaze 0.025200 0.130600 0.051300 0.077400 0.000000 0.025200 0.024800 0.024800 0.080100 0.050500 0.025200 0.025300 0.077300 0.000000 0.024800 0.025400 0.000000 0.024800 0.052300 0.051300 0.024500 0.025200 0.051400 0.102900 0.025200 0.000000 0.077300 0.051300 0.000000 0.051300 0.024800 0.025400 0.000000 0.077300 0.025400 0.051300 0.025200 0.000000 0.000000 0.051200 0.024800 0.000000 0.050400 0.102900 0.051300 0.051400 0.052600 0.000100 0.025300 0.107800 0.051200 0.051300
Hartebeest 0.106100 0.221400 0.135300 0.163700 0.077300 0.106100 0.104300 0.104600 0.169500 0.132700 0.106100 0.106500 0.000000 0.077300 0.104200 0.107200 0.077300 0.104200 0.138100 0.135300 0.103200 0.106100 0.078600 0.189900 0.106100 0.077300 0.000000 0.135300 0.077300 0.135300 0.104200 0.107200 0.077300 0.000000 0.107000 0.135300 0.106100 0.077300 0.077300 0.134700 0.104200 0.077300 0.132500 0.189900 0.135300 0.106500 0.139200 0.081200 0.106500 0.199600 0.135100 0.135300
Bongo 0.079300 0.132300 0.000000 0.070500 0.051300 0.079300 0.078000 0.025200 0.026200 0.106100 0.079300 0.025700 0.135300 0.051300 0.078000 0.080100 0.051300 0.078000 0.110200 0.000000 0.077000 0.079300 0.108200 0.050600 0.079300 0.051300 0.135300 0.000000 0.051300 0.000000 0.078000 0.080100 0.051300 0.135300 0.079900 0.000000 0.079300 0.051300 0.046900 0.052100 0.078000 0.051300 0.051100 0.050600 0.000000 0.052200 0.053500 0.053900 0.024100 0.052900 0.000100 0.000000
Gerenuk 0.025200 0.130600 0.051300 0.077400 0.000000 0.025200 0.024800 0.024800 0.080100 0.050500 0.025200 0.025300 0.077300 0.000000 0.024800 0.025400 0.000000 0.024800 0.052300 0.051300 0.024500 0.025200 0.051400 0.102900 0.025200 0.000000 0.077300 0.051300 0.000000 0.051300 0.024800 0.025400 0.000000 0.077300 0.025400 0.051300 0.025200 0.000000 0.000000 0.051200 0.024800 0.000000 0.050400 0.102900 0.051300 0.051400 0.052600 0.000100 0.025300 0.107800 0.051200 0.051300
CommonElan 0.079300 0.132300 0.000000 0.078500 0.051300 0.079300 0.078000 0.025200 0.026200 0.106400 0.079300 0.025700 0.135300 0.051300 0.078000 0.080100 0.051300 0.078000 0.110200 0.000000 0.077000 0.079300 0.108200 0.050600 0.079300 0.051300 0.135300 0.000000 0.051300 0.000000 0.078000 0.080100 0.051300 0.135300 0.079900 0.000000 0.079300 0.051300 0.051300 0.052100 0.078000 0.051300 0.051100 0.050600 0.000000 0.052200 0.053500 0.053900 0.025700 0.048800 0.000100 0.000000
MuntiacusR 0.046900 0.103000 0.078000 0.104800 0.024800 0.051000 0.050300 0.050400 0.108400 0.024900 0.051000 0.051200 0.104200 0.024800 0.000000 0.051500 0.024800 0.050300 0.079600 0.078000 0.049600 0.051000 0.025300 0.076100 0.051000 0.024800 0.104200 0.078000 0.024800 0.078000 0.000000 0.051500 0.024800 0.104200 0.051400 0.078000 0.051000 0.024800 0.024800 0.025200 0.000000 0.023500 0.024800 0.076100 0.078000 0.078000 0.079900 0.026000 0.051200 0.137000 0.077900 0.078000
HarveysDui 0.052300 0.163200 0.080100 0.051800 0.025400 0.052300 0.051500 0.051600 0.053700 0.078700 0.052300 0.052600 0.107200 0.025400 0.051500 0.000000 0.025400 0.051500 0.026300 0.080100 0.050800 0.052300 0.080300 0.133800 0.052300 0.025400 0.107200 0.080100 0.025400 0.080100 0.051500 0.000000 0.025400 0.107200 0.052800 0.080100 0.052300 0.025400 0.025400 0.079900 0.051500 0.025400 0.070500 0.133800 0.080100 0.080200 0.082300 0.026700 0.052600 0.140600 0.080000 0.080100
Pronghorn 0.025200 0.130600 0.051300 0.077400 0.000000 0.025200 0.024800 0.024800 0.080100 0.050500 0.025200 0.025300 0.077300 0.000000 0.024800 0.025400 0.000000 0.024800 0.052300 0.051300 0.023200 0.025200 0.051400 0.102900 0.025200 0.000000 0.077300 0.051300 0.000000 0.051300 0.024800 0.025400 0.000000 0.077300 0.025400 0.051300 0.025200 0.000000 0.000000 0.051200 0.024800 0.000000 0.050400 0.102900 0.051300 0.051400 0.052600 0.000100 0.025300 0.107800 0.051200 0.051300
BlueWildeb 0.106100 0.221400 0.135300 0.163700 0.077300 0.106100 0.104300 0.104600 0.169500 0.132700 0.106100 0.106500 0.000000 0.077300 0.104200 0.107200 0.077300 0.104200 0.138200 0.135300 0.103200 0.106100 0.078600 0.189900 0.106100 0.077300 0.000000 0.135300 0.077300 0.135300 0.104200 0.107200 0.077300 0.000000 0.107000 0.135300 0.106100 0.077300 0.077300 0.134700 0.104200 0.077300 0.132500 0.189900 0.135300 0.106500 0.139200 0.081200 0.106500 0.199600 0.135100 0.135300
Gemsbok 0.052200 0.162900 0.079900 0.107300 0.025400 0.052200 0.051400 0.051500 0.111200 0.078500 0.052200 0.052400 0.107000 0.023900 0.051400 0.052800 0.025400 0.051400 0.081600 0.079900 0.050700 0.052200 0.080100 0.133500 0.052200 0.025400 0.107000 0.079900 0.025400 0.079900 0.051400 0.052800 0.025400 0.107000 0.000000 0.079900 0.052200 0.025400 0.025400 0.079700 0.051400 0.025400 0.078400 0.133500 0.079900 0.080000 0.082100 0.026600 0.052400 0.140200 0.079800 0.079900
Yak 0.079300 0.132300 0.000000 0.078500 0.051300 0.079300 0.078000 0.025200 0.026200 0.106100 0.079300 0.025700 0.135300 0.051300 0.078000 0.080100 0.051300 0.078000 0.110200 0.000000 0.077000 0.079300 0.108200 0.050600 0.079300 0.051300 0.135300 0.000000 0.051300 0.000000 0.078000 0.080100 0.051300 0.135300 0.079900 0.000000 0.079300 0.051300 0.051300 0.052100 0.078000 0.051300 0.051100 0.050600 0.000000 0.052200 0.053500 0.053900 0.025700 0.052900 0.000100 0.000000
BlueSheep 0.000000 0.161900 0.079300 0.106400 0.025200 0.000000 0.051000 0.046700 0.110200 0.078000 0.000000 0.052000 0.106100 0.025200 0.051000 0.052300 0.025200 0.051000 0.025900 0.079300 0.050400 0.000000 0.079500 0.132600 0.000000 0.025200 0.106100 0.079300 0.025200 0.079300 0.051000 0.052300 0.025200 0.106100 0.052200 0.079300 0.000000 0.025200 0.025200 0.079100 0.051000 0.025200 0.077800 0.132600 0.079300 0.079400 0.081300 0.026400 0.052000 0.080000 0.079200 0.079300
BohorReedb 0.025200 0.130600 0.051300 0.077400 0.000000 0.025200 0.024800 0.024800 0.072100 0.050500 0.025200 0.025300 0.077300 0.000000 0.024800 0.025400 0.000000 0.024800 0.052300 0.051300 0.024500 0.025200 0.051400 0.102900 0.025200 0.000000 0.077300 0.051300 0.000000 0.051300 0.024800 0.025400 0.000000 0.077300 0.025400 0.051300 0.025200 0.000000 0.000000 0.051200 0.024800 0.000000 0.050400 0.102900 0.051300 0.051400 0.052600 0.000100 0.025300 0.107800 0.051200 0.051300
KirksDik 0.025200 0.130600 0.051300 0.077400 0.000000 0.025200 0.024800 0.024800 0.080100 0.050500 0.025200 0.025300 0.077300 0.000000 0.024800 0.025400 0.000000 0.024800 0.052300 0.051300 0.024500 0.025200 0.051400 0.102900 0.025200 0.000000 0.077300 0.046900 0.000000 0.051300 0.024800 0.025400 0.000000 0.077300 0.025400 0.051300 0.025200 0.000000 0.000000 0.051200 0.024800 0.000000 0.050400 0.102900 0.051300 0.051400 0.052600 0.000100 0.025300 0.107800 0.051200 0.047200
RoeDeer 0.079100 0.133000 0.052100 0.135500 0.051200 0.079100 0.077900 0.078000 0.081400 0.051400 0.079100 0.024000 0.134700 0.051200 0.025200 0.079900 0.051200 0.077900 0.109900 0.052100 0.076800 0.079100 0.052300 0.050800 0.079100 0.051200 0.134700 0.052100 0.051200 0.052100 0.025200 0.079900 0.051200 0.134700 0.079700 0.052100 0.079100 0.051200 0.051200 0.000000 0.025200 0.051200 0.051300 0.050800 0.052100 0.052100 0.053400 0.053700 0.025600 0.109700 0.052000 0.052100
WhiteLippe 0.051000 0.103000 0.078000 0.104800 0.024800 0.051000 0.050300 0.050400 0.108400 0.024900 0.051000 0.051200 0.104200 0.024800 0.000000 0.051500 0.024800 0.050300 0.079600 0.078000 0.049600 0.051000 0.025300 0.076100 0.051000 0.024800 0.104200 0.078000 0.024800 0.078000 0.000000 0.051500 0.024800 0.104200 0.051400 0.078000 0.051000 0.024800 0.024800 0.025200 0.000000 0.024800 0.024800 0.076100 0.078000 0.078000 0.079900 0.026000 0.051200 0.137000 0.077900 0.078000
ThomsonGaz 0.025200 0.130600 0.051300 0.077400 0.000000 0.025200 0.024800 0.024800 0.080100 0.050500 0.025200 0.025300 0.077300 0.000000 0.024800 0.025400 0.000000 0.024800 0.052300 0.051300 0.024500 0.025200 0.051400 0.102900 0.025200 0.000000 0.077300 0.051300 0.000000 0.051300 0.023500 0.025400 0.000000 0.077300 0.025400 0.051300 0.025200 0.000000 0.000000 0.051200 0.024800 0.000000 0.050400 0.102900 0.051300 0.051400 0.052600 0.000100 0.025300 0.107800 0.051200 0.051300
MuntiacusC 0.077800 0.075800 0.051100 0.077100 0.050400 0.077800 0.076700 0.024800 0.079700 0.050700 0.077800 0.078000 0.132500 0.050400 0.024800 0.078600 0.050400 0.076700 0.108000 0.051100 0.075600 0.077800 0.051500 0.049900 0.077800 0.050400 0.132500 0.051100 0.050400 0.051100 0.024800 0.070500 0.050400 0.132500 0.078400 0.051100 0.077800 0.050400 0.050400 0.051300 0.024800 0.050400 0.000000 0.049900 0.051100 0.105800 0.108300 0.052800 0.078000 0.107600 0.051000 0.051100
WhiteTaile 0.132600 0.129400 0.050600 0.131400 0.102900 0.132600 0.130700 0.075800 0.078800 0.103700 0.132600 0.077200 0.189900 0.102900 0.076100 0.133800 0.102900 0.130600 0.165700 0.050600 0.128900 0.132600 0.105300 0.000000 0.132600 0.102900 0.189900 0.050600 0.102900 0.050600 0.076100 0.133800 0.102900 0.189900 0.133500 0.050600 0.132600 0.102900 0.102900 0.050800 0.076100 0.102900 0.049900 0.000000 0.050600 0.104600 0.107000 0.107900 0.077200 0.106400 0.050500 0.050600
Cattle 0.079300 0.132300 0.000000 0.078500 0.051300 0.079300 0.078000 0.025200 0.026200 0.106100 0.079300 0.025700 0.135300 0.051300 0.078000 0.080100 0.051300 0.078000 0.110200 0.000000 0.077000 0.079300 0.108200 0.050600 0.079300 0.051300 0.135300 0.000000 0.051300 0.000000 0.078000 0.080100 0.051300 0.135300 0.079900 0.000000 0.079300 0.051300 0.051300 0.052100 0.078000 0.051300 0.051100 0.050600 0.000000 0.052200 0.053500 0.053900 0.025700 0.052900 0.000100 0.000000
RoyalAntel 0.079400 0.193000 0.052200 0.136000 0.051400 0.079400 0.078000 0.078200 0.081600 0.106000 0.079400 0.025700 0.106500 0.051400 0.078000 0.080200 0.051400 0.078000 0.110300 0.052200 0.077100 0.079400 0.108100 0.104600 0.079400 0.051400 0.106500 0.052200 0.051400 0.052200 0.078000 0.080200 0.051400 0.106500 0.080000 0.052200 0.079400 0.051400 0.051400 0.052100 0.078000 0.051400 0.105800 0.104600 0.052200 0.000000 0.053700 0.054000 0.025700 0.109700 0.052100 0.052200
Steenbok 0.081300 0.197500 0.053500 0.139400 0.047500 0.081300 0.079900 0.080100 0.083700 0.108500 0.081300 0.026400 0.139200 0.052600 0.079900 0.082300 0.052600 0.079900 0.113200 0.053500 0.079000 0.081300 0.110900 0.107000 0.081300 0.052600 0.139200 0.053500 0.052600 0.053500 0.079900 0.082300 0.052600 0.139200 0.082100 0.053500 0.081300 0.052600 0.052600 0.053400 0.079900 0.052600 0.108300 0.107000 0.053500 0.053700 0.000000 0.055400 0.026400 0.112400 0.053500 0.053500
Impala 0.026400 0.137100 0.053900 0.081300 0.000100 0.026400 0.026000 0.026000 0.084400 0.052900 0.026400 0.026500 0.081200 0.000100 0.026000 0.026700 0.000100 0.026000 0.055100 0.053900 0.025600 0.026400 0.054000 0.107900 0.026400 0.000100 0.081200 0.053900 0.000100 0.053900 0.026000 0.026700 0.000100 0.081200 0.026600 0.053900 0.026400 0.000100 0.000100 0.053700 0.026000 0.000100 0.052800 0.107900 0.053900 0.054000 0.055400 0.000000 0.026500 0.113500 0.053600 0.053900
Klipspring 0.052000 0.162100 0.024500 0.106800 0.025300 0.052000 0.051200 0.051300 0.053500 0.078200 0.047800 0.000000 0.106500 0.025300 0.051200 0.052600 0.025300 0.051200 0.081300 0.025700 0.050500 0.052000 0.079700 0.077200 0.052000 0.025300 0.106500 0.024100 0.025300 0.025700 0.051200 0.052600 0.025300 0.106500 0.052400 0.025700 0.052000 0.025300 0.025300 0.025600 0.051200 0.025300 0.078000 0.077200 0.025700 0.025700 0.026400 0.026500 0.000000 0.080900 0.025700 0.025700
ForestMusk 0.080000 0.196000 0.052900 0.137800 0.107800 0.080000 0.137000 0.079300 0.082800 0.107600 0.080000 0.080900 0.199600 0.107800 0.137000 0.140600 0.107800 0.137000 0.111300 0.048800 0.134900 0.080000 0.171300 0.106400 0.080000 0.107800 0.199600 0.052900 0.107800 0.048800 0.137000 0.140600 0.107800 0.199600 0.140200 0.052900 0.080000 0.107800 0.107800 0.109700 0.137000 0.107800 0.107600 0.106400 0.052900 0.109700 0.112400 0.113500 0.080900 0.000000 0.052900 0.052900
Bushbuck 0.079200 0.132300 0.000100 0.078300 0.051200 0.079200 0.077900 0.025100 0.026200 0.106100 0.079200 0.025700 0.135100 0.051200 0.077900 0.080000 0.051200 0.077900 0.110100 0.000100 0.076900 0.079200 0.108100 0.050500 0.079200 0.051200 0.135100 0.000100 0.051200 0.000100 0.077900 0.080000 0.051200 0.135100 0.079800 0.000100 0.079200 0.051200 0.051200 0.052000 0.077900 0.051200 0.051000 0.050500 0.000100 0.052100 0.053500 0.053600 0.025700 0.052900 0.000000 0.000100
GreaterKud 0.079300 0.132300 0.000000 0.078500 0.051300 0.079300 0.078000 0.025200 0.026200 0.106100 0.079300 0.025700 0.135300 0.051300 0.078000 0.080100 0.051300 0.078000 0.110200 0.000000 0.077000 0.079300 0.108200 0.050600 0.079300 0.051300 0.135300 0.000000 0.051300 0.000000 0.078000 0.080100 0.051300 0.135300 0.079900 0.000000 0.079300 0.051300 0.047200 0.052100 0.078000 0.051300 0.051100 0.050600 0.000000 0.052200 0.053500 0.053900 0.025700 0.052900 0.000100 0.000000
