1
52 1
Argali 0.000000 0.676100 0.130700 0.568100 0.070900 0.006100 0.099100 0.118800 0.118100 0.182700 0.025100 0.140600 0.107000 0.078000 0.103900 0.137400 0.184000 0.160000 0.064000 0.145200 0.120000 0.018800 0.143800 0.207100 0.031600 0.084600 0.100100 0.111500 0.138700 0.123100 0.166900 0.077600 0.258100 0.105600 0.038200 0.110200 0.018800 0.084800 0.133500 0.198800 0.168900 0.114700 0.183400 0.201300 0.124000 0.111700 0.143300 0.106800 0.073600 0.092200 0.118100 0.131200
LesserMous 0.676100 0.000000 0.708800 0.235300 0.666600 0.690800 0.713000 0.693500 0.691100 0.845800 0.706600 0.732700 0.776800 0.696600 0.663400 0.764500 0.767700 0.763200 0.663600 0.677000 0.689800 0.693300 0.781300 0.865900 0.722400 0.674200 0.776200 0.705500 0.807800 0.684600 0.804200 0.694400 1.000100 0.770900 0.682800 0.672100 0.694700 0.699900 0.727700 0.764100 0.839600 0.761200 0.864800 0.881700 0.669100 0.696800 0.695200 0.723100 0.619700 0.716600 0.693100 0.726800
LesserKudu 0.130700 0.708800 0.000000 0.609600 0.111800 0.138300 0.126800 0.153900 0.024500 0.221000 0.131800 0.124300 0.179900 0.091300 0.145200 0.158900 0.214300 0.205300 0.160700 0.049200 0.140900 0.139500 0.180500 0.238300 0.139600 0.118700 0.172400 0.018400 0.176100 0.042700 0.204400 0.104500 0.300800 0.177400 0.104800 0.122300 0.139500 0.126300 0.161800 0.230000 0.206900 0.143100 0.205400 0.232800 0.122100 0.154000 0.142600 0.149100 0.102200 0.119500 0.030700 0.036700
KillerWhal 0.568100 0.235300 0.609600 0.000000 0.538100 0.557700 0.545200 0.591300 0.615600 0.699000 0.548900 0.603700 0.644900 0.563200 0.549700 0.631500 0.649400 0.598900 0.535200 0.648200 0.593800 0.560200 0.643300 0.715600 0.561900 0.575800 0.644500 0.628800 0.670000 0.609500 0.661100 0.561300 0.823300 0.625200 0.574300 0.595600 0.561200 0.565100 0.599800 0.657200 0.665300 0.605600 0.715600 0.717500 0.617100 0.552300 0.560200 0.621100 0.539100 0.602800 0.639100 0.648000
DefassaWat 0.070900 0.666600 0.111800 0.538100 0.000000 0.064400 0.052300 0.085300 0.098800 0.146200 0.071500 0.127600 0.087100 0.032200 0.071100 0.095500 0.147700 0.139300 0.071500 0.125700 0.072400 0.065000 0.108800 0.170200 0.065100 0.065300 0.080200 0.092200 0.097100 0.118100 0.131300 0.032000 0.201500 0.085900 0.032100 0.118800 0.065000 0.025700 0.085700 0.162400 0.132900 0.066700 0.147200 0.164200 0.118700 0.065000 0.096400 0.073100 0.044200 0.072700 0.098800 0.111900
Sheep 0.006100 0.690800 0.138300 0.557700 0.064400 0.000000 0.092500 0.112100 0.125600 0.175500 0.018800 0.148400 0.100300 0.071500 0.097300 0.130400 0.176700 0.152800 0.057600 0.152900 0.113200 0.012500 0.136900 0.199700 0.025200 0.091800 0.093300 0.118900 0.131500 0.130600 0.159800 0.071100 0.250200 0.098900 0.044800 0.117600 0.012500 0.078200 0.126700 0.191500 0.161700 0.107900 0.176200 0.193900 0.131500 0.105000 0.136600 0.100100 0.080600 0.085600 0.125600 0.138800
MaxwellsDu 0.099100 0.713000 0.126800 0.545200 0.052300 0.092500 0.000000 0.086100 0.113900 0.171300 0.086000 0.129000 0.116800 0.032400 0.099300 0.111100 0.164800 0.156100 0.099800 0.141200 0.073000 0.093300 0.132300 0.164000 0.093400 0.065900 0.109600 0.107100 0.111600 0.119100 0.155500 0.032300 0.221300 0.115100 0.059200 0.119900 0.093300 0.079900 0.086500 0.172000 0.157400 0.088500 0.172100 0.190100 0.119800 0.086100 0.097200 0.073800 0.071000 0.059600 0.113800 0.127100
GazellaPrz 0.118800 0.693500 0.153900 0.591300 0.085300 0.112100 0.086100 0.000000 0.141100 0.184800 0.105600 0.164000 0.137100 0.065200 0.133100 0.130600 0.185200 0.176400 0.112700 0.153800 0.078400 0.113100 0.145500 0.193300 0.113200 0.084900 0.129900 0.134200 0.102400 0.131700 0.168900 0.064800 0.252000 0.135200 0.078700 0.154200 0.113000 0.113800 0.113300 0.201200 0.170900 0.107900 0.185500 0.203700 0.139400 0.112900 0.130400 0.107800 0.103800 0.107200 0.141000 0.154500
MountainNy 0.118100 0.691100 0.024500 0.615600 0.098800 0.125600 0.113900 0.141100 0.000000 0.207700 0.119200 0.112300 0.166700 0.078600 0.132500 0.145800 0.200900 0.191900 0.148000 0.037000 0.128000 0.126800 0.167400 0.224800 0.126900 0.105900 0.159300 0.006100 0.162600 0.030600 0.191200 0.091800 0.286500 0.164400 0.092100 0.110400 0.126700 0.113300 0.148900 0.216500 0.193500 0.130000 0.192100 0.219100 0.110300 0.141100 0.144100 0.136200 0.089800 0.106700 0.018500 0.024600
MuntiacusM 0.182700 0.845800 0.221000 0.699000 0.146200 0.175500 0.171300 0.184800 0.207700 0.000000 0.176500 0.218200 0.205100 0.147300 0.190200 0.166300 0.199000 0.189700 0.184500 0.237700 0.179000 0.177400 0.061300 0.105400 0.185400 0.185800 0.197400 0.200400 0.201400 0.228500 0.040300 0.146500 0.227200 0.202200 0.155100 0.214100 0.177300 0.147100 0.202500 0.120200 0.055100 0.165500 0.025100 0.099200 0.213800 0.184500 0.217800 0.196500 0.154300 0.163300 0.207800 0.222000
goat 0.025100 0.706600 0.131800 0.548900 0.071500 0.018800 0.086000 0.105600 0.119200 0.176500 0.000000 0.127400 0.107900 0.065100 0.104800 0.123700 0.169800 0.131100 0.064500 0.146400 0.106700 0.018900 0.137600 0.200700 0.006300 0.085400 0.100900 0.112400 0.124700 0.124200 0.160700 0.064700 0.261000 0.106500 0.051700 0.111200 0.018900 0.085500 0.120200 0.192500 0.147300 0.108500 0.177100 0.195000 0.125100 0.112700 0.130200 0.093500 0.076600 0.079100 0.119100 0.132300
AfricanBuf 0.140600 0.732700 0.124300 0.603700 0.127600 0.148400 0.129000 0.164000 0.112300 0.218200 0.127400 0.000000 0.175800 0.092900 0.177800 0.169700 0.211100 0.185800 0.171200 0.139300 0.150700 0.149900 0.176900 0.210500 0.135300 0.127800 0.168300 0.105700 0.171500 0.117600 0.201100 0.106400 0.318900 0.173300 0.114100 0.063800 0.149800 0.142900 0.164800 0.227100 0.187600 0.153400 0.218700 0.221500 0.070200 0.171700 0.173800 0.167300 0.131700 0.115000 0.112300 0.118500
Topi 0.107000 0.776800 0.179900 0.644900 0.087100 0.100300 0.116800 0.137100 0.166700 0.205100 0.107900 0.175800 0.000000 0.094500 0.135900 0.134400 0.215100 0.213800 0.107800 0.195500 0.131500 0.101200 0.180000 0.248200 0.115700 0.123500 0.006500 0.159600 0.159400 0.186700 0.180900 0.094100 0.196000 0.032600 0.066500 0.187800 0.101100 0.116200 0.145500 0.230800 0.190700 0.118500 0.205800 0.233900 0.187600 0.100400 0.140400 0.138700 0.120000 0.123400 0.166600 0.180500
CommonDuik 0.078000 0.696600 0.091300 0.563200 0.032200 0.071500 0.032400 0.065200 0.078600 0.147300 0.065100 0.092900 0.094500 0.000000 0.078300 0.088800 0.140700 0.132400 0.078600 0.105100 0.052300 0.072200 0.109600 0.155400 0.072200 0.045400 0.087600 0.072000 0.088900 0.084100 0.132100 0.012700 0.211600 0.093200 0.038800 0.084700 0.072100 0.059000 0.065500 0.163200 0.133700 0.067000 0.148000 0.165100 0.084600 0.072100 0.076600 0.066500 0.050800 0.052500 0.078500 0.091600
Suni 0.103900 0.663400 0.145200 0.549700 0.071100 0.097300 0.099300 0.133100 0.132500 0.190200 0.104800 0.177800 0.135900 0.078300 0.000000 0.137600 0.183500 0.174800 0.098000 0.145200 0.120300 0.091300 0.151300 0.207200 0.112200 0.112500 0.128700 0.125800 0.145600 0.151800 0.174500 0.077900 0.249000 0.134000 0.078100 0.167800 0.098200 0.098900 0.133900 0.206900 0.176700 0.100400 0.167500 0.201600 0.167600 0.091400 0.122400 0.092200 0.076100 0.106400 0.132400 0.145700
Springbuck 0.137400 0.764500 0.158900 0.631500 0.095500 0.130400 0.111100 0.130600 0.145800 0.166300 0.123700 0.169700 0.134400 0.088800 0.137600 0.000000 0.176200 0.167200 0.146200 0.174200 0.117300 0.131700 0.142500 0.208300 0.131800 0.080800 0.127100 0.138700 0.068400 0.165900 0.166400 0.088300 0.244300 0.132500 0.103100 0.174600 0.131600 0.117700 0.147200 0.183100 0.152500 0.061200 0.167300 0.202300 0.174500 0.131800 0.141800 0.134600 0.100300 0.125800 0.145700 0.159500
Okapi 0.184000 0.767700 0.214300 0.649400 0.147700 0.176700 0.164800 0.185200 0.200900 0.199000 0.169800 0.211100 0.215100 0.140700 0.183500 0.176200 0.000000 0.047500 0.201500 0.230700 0.171500 0.162900 0.141500 0.224500 0.178600 0.179300 0.207100 0.193500 0.212000 0.221400 0.198700 0.140000 0.272900 0.211900 0.155900 0.207100 0.178400 0.163700 0.186800 0.215800 0.184400 0.175000 0.199800 0.218300 0.206800 0.186200 0.188100 0.181700 0.151600 0.157000 0.200700 0.215100
Giraffe 0.160000 0.763200 0.205300 0.598900 0.139300 0.152800 0.156100 0.176400 0.191900 0.189700 0.131100 0.185800 0.213800 0.132400 0.174800 0.167200 0.047500 0.000000 0.192400 0.221600 0.162800 0.139200 0.133100 0.214800 0.139300 0.155100 0.205800 0.184600 0.185600 0.212300 0.189400 0.131700 0.271100 0.210600 0.147400 0.182400 0.154200 0.155100 0.177900 0.206300 0.159200 0.166100 0.190500 0.208700 0.182200 0.177300 0.187000 0.172700 0.143400 0.133300 0.191900 0.205900
TibetanAnt 0.064000 0.663600 0.160700 0.535200 0.071500 0.057600 0.099800 0.112700 0.148000 0.184500 0.064500 0.171200 0.107800 0.078600 0.098000 0.146200 0.201500 0.192400 0.000000 0.175800 0.120900 0.058100 0.160300 0.209000 0.071600 0.113200 0.100800 0.141100 0.163300 0.160300 0.168500 0.078200 0.260900 0.106400 0.051700 0.146500 0.058100 0.085600 0.134600 0.209200 0.170500 0.115600 0.185100 0.203300 0.160900 0.105700 0.144300 0.107700 0.090000 0.121400 0.147900 0.154100
Sitatunga 0.145200 0.677000 0.049200 0.648200 0.125700 0.152900 0.141200 0.153800 0.037000 0.237700 0.146400 0.139300 0.195500 0.105100 0.145200 0.174200 0.230700 0.221600 0.175800 0.000000 0.140900 0.154200 0.196200 0.255100 0.154400 0.133100 0.188000 0.030800 0.184100 0.055300 0.220600 0.118500 0.318900 0.192800 0.118900 0.137000 0.154100 0.140600 0.169400 0.246600 0.223200 0.158000 0.221600 0.249600 0.122800 0.161700 0.156900 0.164100 0.102400 0.133900 0.043300 0.049300
Oribi 0.120000 0.689800 0.140900 0.593800 0.072400 0.113200 0.073000 0.078400 0.128000 0.179000 0.106700 0.150700 0.131500 0.052300 0.120300 0.117300 0.171500 0.162800 0.120900 0.140900 0.000000 0.114300 0.139500 0.187600 0.114300 0.058400 0.131300 0.121200 0.118300 0.133200 0.147300 0.052000 0.245800 0.136600 0.079500 0.141200 0.114200 0.100700 0.072400 0.203100 0.165000 0.094700 0.179800 0.189300 0.126500 0.107200 0.103700 0.101700 0.091100 0.087200 0.128000 0.141500
BarbaryShe 0.018800 0.693300 0.139500 0.560200 0.065000 0.012500 0.093300 0.113100 0.126800 0.177400 0.018900 0.149900 0.101200 0.072200 0.091300 0.131700 0.162900 0.139200 0.058100 0.154200 0.114300 0.000000 0.138300 0.201800 0.025400 0.092700 0.094200 0.120000 0.132900 0.131700 0.161500 0.071800 0.253300 0.099800 0.045300 0.118700 0.012000 0.078900 0.127900 0.193500 0.163400 0.109000 0.178000 0.196000 0.132700 0.106100 0.123800 0.093800 0.083700 0.086400 0.126700 0.140000
Daviddeer 0.143800 0.781300 0.180500 0.643300 0.108800 0.136900 0.132300 0.145500 0.167400 0.061300 0.137600 0.176900 0.180000 0.109600 0.151300 0.142500 0.141500 0.133100 0.160300 0.196200 0.139500 0.138300 0.000000 0.068200 0.145800 0.146200 0.172400 0.160300 0.159600 0.187600 0.061000 0.109000 0.234600 0.177300 0.116800 0.173600 0.138200 0.124100 0.161800 0.075400 0.033600 0.126300 0.061300 0.062000 0.173400 0.145400 0.178100 0.156000 0.116400 0.124800 0.167400 0.181200
Reindeer 0.207100 0.865900 0.238300 0.715600 0.170200 0.199700 0.164000 0.193300 0.224800 0.105400 0.200700 0.210500 0.248200 0.155400 0.207200 0.208300 0.224500 0.214800 0.209000 0.255100 0.187600 0.201800 0.068200 0.000000 0.209900 0.194200 0.240000 0.217400 0.210600 0.229100 0.104800 0.154600 0.311400 0.244400 0.178900 0.222400 0.201600 0.171000 0.211000 0.120200 0.068900 0.190300 0.098000 0.034100 0.222100 0.201300 0.226200 0.205600 0.171100 0.148900 0.224800 0.239300
Ibex 0.031600 0.722400 0.139600 0.561900 0.065100 0.025200 0.093400 0.113200 0.126900 0.185400 0.006300 0.135300 0.115700 0.072200 0.112200 0.131800 0.178600 0.139300 0.071600 0.154400 0.114300 0.025400 0.145800 0.209900 0.000000 0.092800 0.108600 0.120100 0.117800 0.131800 0.169200 0.071800 0.271500 0.114100 0.058600 0.118700 0.025400 0.079000 0.128000 0.201600 0.155700 0.116300 0.185900 0.204200 0.132800 0.120400 0.137900 0.101100 0.083700 0.086400 0.126800 0.140100
GyrantGaze 0.084600 0.674200 0.118700 0.575800 0.065300 0.091800 0.065900 0.084900 0.105900 0.185800 0.085400 0.127800 0.123500 0.045400 0.112500 0.080800 0.179300 0.155100 0.113200 0.133100 0.058400 0.092700 0.146200 0.194200 0.092800 0.000000 0.123300 0.099200 0.067100 0.111100 0.154000 0.045100 0.254400 0.128800 0.058700 0.104900 0.092600 0.093200 0.085600 0.202300 0.171800 0.059500 0.186500 0.204900 0.104800 0.099600 0.096400 0.101300 0.070400 0.066000 0.105900 0.119100
Hartebeest 0.100100 0.776200 0.172400 0.644500 0.080200 0.093300 0.109600 0.129900 0.159300 0.197400 0.100900 0.168300 0.006500 0.087600 0.128700 0.127100 0.207100 0.205800 0.100800 0.188000 0.131300 0.094200 0.172400 0.240000 0.108600 0.123300 0.000000 0.152300 0.151900 0.179300 0.180600 0.087100 0.188200 0.025900 0.059700 0.180300 0.094200 0.109100 0.145300 0.222800 0.182900 0.111200 0.197900 0.225800 0.180200 0.108300 0.140400 0.131500 0.113100 0.131800 0.159200 0.173000
Bongo 0.111500 0.705500 0.018400 0.628800 0.092200 0.118900 0.107100 0.134200 0.006100 0.200400 0.112400 0.105700 0.159600 0.072000 0.125800 0.138700 0.193500 0.184600 0.141100 0.030800 0.121200 0.120000 0.160300 0.217400 0.120100 0.099200 0.152300 0.000000 0.155400 0.024400 0.184000 0.085200 0.278500 0.157400 0.085500 0.103900 0.119900 0.106600 0.142000 0.209100 0.186200 0.123100 0.184800 0.211600 0.103800 0.134300 0.137400 0.129300 0.083300 0.100000 0.012300 0.018400
Gerenuk 0.138700 0.807800 0.176100 0.670000 0.097100 0.131500 0.111600 0.102400 0.162600 0.201400 0.124700 0.171500 0.159400 0.088900 0.145600 0.068400 0.212000 0.185600 0.163300 0.184100 0.118300 0.132900 0.159600 0.210600 0.117800 0.067100 0.151900 0.155400 0.000000 0.167500 0.184600 0.088400 0.265900 0.157200 0.118700 0.161000 0.132800 0.119700 0.148700 0.218500 0.187000 0.075700 0.202600 0.221500 0.160900 0.146300 0.150700 0.142700 0.131200 0.111300 0.162600 0.176700
CommonElan 0.123100 0.684600 0.042700 0.609500 0.118100 0.130600 0.119100 0.131700 0.030600 0.228500 0.124200 0.117600 0.186700 0.084100 0.151800 0.165900 0.221400 0.212300 0.160300 0.055300 0.133200 0.131700 0.187600 0.229100 0.131800 0.111100 0.179300 0.024400 0.167500 0.000000 0.211600 0.097200 0.308800 0.184100 0.111300 0.115600 0.131700 0.118600 0.153800 0.237300 0.214200 0.149900 0.212600 0.240100 0.115500 0.146100 0.148900 0.155900 0.108600 0.112000 0.036700 0.042800
MuntiacusR 0.166900 0.804200 0.204400 0.661100 0.131300 0.159800 0.155500 0.168900 0.191200 0.040300 0.160700 0.201100 0.180900 0.132100 0.174500 0.166400 0.198700 0.189400 0.168500 0.220600 0.147300 0.161500 0.061000 0.104800 0.169200 0.154000 0.180600 0.184000 0.184600 0.211600 0.000000 0.131400 0.243700 0.185600 0.139500 0.197400 0.161400 0.132000 0.169800 0.119500 0.054800 0.149700 0.040300 0.098600 0.197200 0.169000 0.186000 0.180100 0.154800 0.140500 0.191200 0.205300
HarveysDui 0.077600 0.694400 0.104500 0.561300 0.032000 0.071100 0.032300 0.064800 0.091800 0.146500 0.064700 0.106400 0.094100 0.012700 0.077900 0.088300 0.140000 0.131700 0.078200 0.118500 0.052000 0.071800 0.109000 0.154600 0.071800 0.045100 0.087100 0.085200 0.088400 0.097200 0.131400 0.000000 0.210300 0.092700 0.038600 0.097800 0.071700 0.058700 0.065100 0.162300 0.132900 0.066600 0.147200 0.164300 0.097800 0.071700 0.076200 0.066200 0.050600 0.052200 0.091800 0.104800
Pronghorn 0.258100 1.000100 0.300800 0.823300 0.201500 0.250200 0.221300 0.252000 0.286500 0.227200 0.261000 0.318900 0.196000 0.211600 0.249000 0.244300 0.272900 0.271100 0.260900 0.318900 0.245800 0.253300 0.234600 0.311400 0.271500 0.254400 0.188200 0.278500 0.265900 0.308800 0.243700 0.210300 0.000000 0.218100 0.211100 0.284400 0.253100 0.237200 0.271800 0.281600 0.247700 0.242700 0.245600 0.276500 0.284100 0.226400 0.287200 0.230300 0.221000 0.247900 0.286400 0.302100
BlueWildeb 0.105600 0.770900 0.177400 0.625200 0.085900 0.098900 0.115100 0.135200 0.164400 0.202200 0.106500 0.173300 0.032600 0.093200 0.134000 0.132500 0.211900 0.210600 0.106400 0.192800 0.136600 0.099800 0.177300 0.244400 0.114100 0.128800 0.025900 0.157400 0.157200 0.184100 0.185600 0.092700 0.218100 0.000000 0.065600 0.185200 0.099800 0.114500 0.150500 0.227300 0.187800 0.116800 0.202700 0.230300 0.185000 0.113800 0.145600 0.137400 0.118400 0.137100 0.164300 0.178000
Gemsbok 0.038200 0.682800 0.104800 0.574300 0.032100 0.044800 0.059200 0.078700 0.092100 0.155100 0.051700 0.114100 0.066500 0.038800 0.078100 0.103100 0.155900 0.147400 0.051700 0.118900 0.079500 0.045300 0.116800 0.178900 0.058600 0.058700 0.059700 0.085500 0.118700 0.111300 0.139500 0.038600 0.211100 0.065600 0.000000 0.112100 0.045200 0.058900 0.092900 0.170900 0.141200 0.073900 0.155500 0.173000 0.112000 0.072000 0.103500 0.080300 0.050700 0.079800 0.092000 0.105100
Yak 0.110200 0.672100 0.122300 0.595600 0.118800 0.117600 0.119900 0.154200 0.110400 0.214100 0.111200 0.063800 0.187800 0.084700 0.167800 0.174600 0.207100 0.182400 0.146500 0.137000 0.141200 0.118700 0.173600 0.222400 0.118700 0.104900 0.180300 0.103900 0.161000 0.115600 0.197400 0.097800 0.284400 0.185200 0.112100 0.000000 0.118600 0.133600 0.154800 0.222800 0.199800 0.158400 0.214500 0.233500 0.012200 0.161800 0.164200 0.157200 0.123100 0.098900 0.110400 0.116500
BlueSheep 0.018800 0.694700 0.139500 0.561200 0.065000 0.012500 0.093300 0.113000 0.126700 0.177300 0.018900 0.149800 0.101100 0.072100 0.098200 0.131600 0.178400 0.154200 0.058100 0.154100 0.114200 0.012000 0.138200 0.201600 0.025400 0.092600 0.094200 0.119900 0.132800 0.131700 0.161400 0.071700 0.253100 0.099800 0.045200 0.118600 0.000000 0.078900 0.127800 0.193400 0.163300 0.108900 0.177800 0.195900 0.132600 0.106000 0.137700 0.101000 0.083600 0.086300 0.126600 0.139900
BohorReedb 0.084800 0.699900 0.126300 0.565100 0.025700 0.078200 0.079900 0.113800 0.113300 0.147100 0.085500 0.142900 0.116200 0.059000 0.098900 0.117700 0.163700 0.155100 0.085600 0.140600 0.100700 0.078900 0.124100 0.171000 0.079000 0.093200 0.109100 0.106600 0.119700 0.118600 0.132000 0.058700 0.237200 0.114500 0.058900 0.133600 0.078900 0.000000 0.114300 0.178700 0.133600 0.095200 0.147900 0.165100 0.133500 0.092800 0.124500 0.101600 0.070700 0.086900 0.113200 0.126500
KirksDik 0.133500 0.727700 0.161800 0.599800 0.085700 0.126700 0.086500 0.113300 0.148900 0.202500 0.120200 0.164800 0.145500 0.065500 0.133900 0.147200 0.186800 0.177900 0.134600 0.169400 0.072400 0.127900 0.161800 0.211000 0.128000 0.085600 0.145300 0.142000 0.148700 0.153800 0.169800 0.065100 0.271800 0.150500 0.092900 0.154800 0.127800 0.114300 0.000000 0.226800 0.188200 0.123700 0.203200 0.221900 0.147500 0.120700 0.103200 0.122900 0.104200 0.100700 0.148800 0.162400
RoeDeer 0.198800 0.764100 0.230000 0.657200 0.162400 0.191500 0.172000 0.201200 0.216500 0.120200 0.192500 0.227100 0.230800 0.163200 0.206900 0.183100 0.215800 0.206300 0.209200 0.246600 0.203100 0.193500 0.075400 0.120200 0.201600 0.202300 0.222800 0.209100 0.218500 0.237300 0.119500 0.162300 0.281600 0.227300 0.170900 0.222800 0.193400 0.178700 0.226800 0.000000 0.098500 0.182100 0.120100 0.129200 0.222500 0.193300 0.217800 0.204700 0.171600 0.164300 0.216500 0.230900
WhiteLippe 0.168900 0.839600 0.206900 0.665300 0.132900 0.161700 0.157400 0.170900 0.193500 0.055100 0.147300 0.187600 0.190700 0.133700 0.176700 0.152500 0.184400 0.159200 0.170500 0.223200 0.165000 0.163400 0.033600 0.068900 0.155700 0.171800 0.182900 0.186200 0.187000 0.214200 0.054800 0.132900 0.247700 0.187800 0.141200 0.199800 0.163300 0.133600 0.188200 0.098500 0.000000 0.151600 0.055100 0.070200 0.199600 0.170900 0.204000 0.182400 0.140900 0.149600 0.193500 0.207700
ThomsonGaz 0.114700 0.761200 0.143100 0.605600 0.066700 0.107900 0.088500 0.107900 0.130000 0.165500 0.108500 0.153400 0.118500 0.067000 0.100400 0.061200 0.175000 0.166100 0.115600 0.158000 0.094700 0.109000 0.126300 0.190300 0.116300 0.059500 0.111200 0.123100 0.075700 0.149900 0.149700 0.066600 0.242700 0.116800 0.073900 0.158400 0.108900 0.095200 0.123700 0.182100 0.151600 0.000000 0.150800 0.184400 0.158200 0.108800 0.133700 0.110900 0.092500 0.110200 0.129900 0.143600
MuntiacusC 0.183400 0.864800 0.205400 0.715600 0.147200 0.176200 0.172100 0.185500 0.192100 0.025100 0.177100 0.218700 0.205800 0.148000 0.167500 0.167300 0.199800 0.190500 0.185100 0.221600 0.179800 0.178000 0.061300 0.098000 0.185900 0.186500 0.197900 0.184800 0.202600 0.212600 0.040300 0.147200 0.245600 0.202700 0.155500 0.214500 0.177800 0.147900 0.203200 0.120100 0.055100 0.150800 0.000000 0.091800 0.214300 0.185500 0.218500 0.197400 0.140200 0.148600 0.192100 0.206200
WhiteTaile 0.201300 0.881700 0.232800 0.717500 0.164200 0.193900 0.190100 0.203700 0.219100 0.099200 0.195000 0.221500 0.233900 0.165100 0.201600 0.202300 0.218300 0.208700 0.203300 0.249600 0.189300 0.196000 0.062000 0.034100 0.204200 0.204900 0.225800 0.211600 0.221500 0.240100 0.098600 0.164300 0.276500 0.230300 0.173000 0.233500 0.195900 0.165100 0.221900 0.129200 0.070200 0.184400 0.091800 0.000000 0.233100 0.204200 0.237200 0.207400 0.164400 0.174200 0.219100 0.233600
Cattle 0.124000 0.669100 0.122100 0.617100 0.118700 0.131500 0.119800 0.139400 0.110300 0.213800 0.125100 0.070200 0.187600 0.084600 0.167600 0.174500 0.206800 0.182200 0.160900 0.122800 0.126500 0.132700 0.173400 0.222100 0.132800 0.104800 0.180200 0.103800 0.160900 0.115500 0.197200 0.097800 0.284100 0.185000 0.112000 0.012200 0.132600 0.133500 0.147500 0.222500 0.199600 0.158200 0.214300 0.233100 0.000000 0.161600 0.164100 0.157100 0.123000 0.098900 0.110300 0.116400
RoyalAntel 0.111700 0.696800 0.154000 0.552300 0.065000 0.105000 0.086100 0.112900 0.141100 0.184500 0.112700 0.171700 0.100400 0.072100 0.091400 0.131800 0.186200 0.177300 0.105700 0.161700 0.107200 0.106100 0.145400 0.201300 0.120400 0.099600 0.108300 0.134300 0.146300 0.146100 0.169000 0.071700 0.226400 0.113800 0.072000 0.161800 0.106000 0.092800 0.120700 0.193300 0.170900 0.108800 0.185500 0.204200 0.161600 0.000000 0.123900 0.107800 0.090300 0.092300 0.141100 0.154500
Steenbok 0.143300 0.695200 0.142600 0.560200 0.096400 0.136600 0.097200 0.130400 0.144100 0.217800 0.130200 0.173800 0.140400 0.076600 0.122400 0.141800 0.188100 0.187000 0.144300 0.156900 0.103700 0.123800 0.178100 0.226200 0.137900 0.096400 0.140400 0.137400 0.150700 0.148900 0.186000 0.076200 0.287200 0.145600 0.103500 0.164200 0.137700 0.124500 0.103200 0.217800 0.204000 0.133700 0.218500 0.237200 0.164100 0.123900 0.000000 0.125600 0.114500 0.111100 0.144000 0.143100
Impala 0.106800 0.723100 0.149100 0.621100 0.073100 0.100100 0.073800 0.107800 0.136200 0.196500 0.093500 0.167300 0.138700 0.066500 0.092200 0.134600 0.181700 0.172700 0.107700 0.164100 0.101700 0.093800 0.156000 0.205600 0.101100 0.101300 0.131500 0.129300 0.142700 0.155900 0.180100 0.066200 0.230300 0.137400 0.080300 0.157200 0.101000 0.101600 0.122900 0.204700 0.182400 0.110900 0.197400 0.207400 0.157100 0.107800 0.125600 0.000000 0.078100 0.095100 0.136200 0.149700
Klipspring 0.073600 0.619700 0.102200 0.539100 0.044200 0.080600 0.071000 0.103800 0.089800 0.154300 0.076600 0.131700 0.120000 0.050800 0.076100 0.100300 0.151600 0.143400 0.090000 0.102400 0.091100 0.083700 0.116400 0.171100 0.083700 0.070400 0.113100 0.083300 0.131200 0.108600 0.154800 0.050600 0.221000 0.118400 0.050700 0.123100 0.083600 0.070700 0.104200 0.171600 0.140900 0.092500 0.140200 0.164400 0.123000 0.090300 0.114500 0.078100 0.000000 0.077700 0.089700 0.102500
ForestMusk 0.092200 0.716600 0.119500 0.602800 0.072700 0.085600 0.059600 0.107200 0.106700 0.163300 0.079100 0.115000 0.123400 0.052500 0.106400 0.125800 0.157000 0.133300 0.121400 0.133900 0.087200 0.086400 0.124800 0.148900 0.086400 0.066000 0.131800 0.100000 0.111300 0.112000 0.140500 0.052200 0.247900 0.137100 0.079800 0.098900 0.086300 0.086900 0.100700 0.164300 0.149600 0.110200 0.148600 0.174200 0.098900 0.092300 0.111100 0.095100 0.077700 0.000000 0.106700 0.120000
Bushbuck 0.118100 0.693100 0.030700 0.639100 0.098800 0.125600 0.113800 0.141000 0.018500 0.207800 0.119100 0.112300 0.166600 0.078500 0.132400 0.145700 0.200700 0.191900 0.147900 0.043300 0.128000 0.126700 0.167400 0.224800 0.126800 0.105900 0.159200 0.012300 0.162600 0.036700 0.191200 0.091800 0.286400 0.164300 0.092000 0.110400 0.126600 0.113200 0.148800 0.216500 0.193500 0.129900 0.192100 0.219100 0.110300 0.141100 0.144000 0.136200 0.089700 0.106700 0.000000 0.030800
GreaterKud 0.131200 0.726800 0.036700 0.648000 0.111900 0.138800 0.127100 0.154500 0.024600 0.222000 0.132300 0.118500 0.180500 0.091600 0.145700 0.159500 0.215100 0.205900 0.154100 0.049300 0.141500 0.140000 0.181200 0.239300 0.140100 0.119100 0.173000 0.018400 0.176700 0.042800 0.205300 0.104800 0.302100 0.178000 0.105100 0.116500 0.139900 0.126500 0.162400 0.230900 0.207700 0.143600 0.206200 0.233600 0.116400 0.154500 0.143100 0.149700 0.102500 0.120000 0.030800 0.000000
