1
52 1
Argali 0.000000 0.330600 0.000000 0.175700 0.022600 0.000000 0.000000 0.000100 0.000000 0.046100 0.000000 0.000000 0.000000 0.022600 0.000000 0.022600 0.046100 0.070200 0.000000 0.000000 0.022700 0.022700 0.095500 0.070300 0.000000 0.022600 0.000000 0.000000 0.000100 0.000000 0.046100 0.000000 0.046100 0.022600 0.000000 0.022700 0.000000 0.022600 0.000100 0.046100 0.070500 0.000100 0.046100 0.046100 0.000000 0.000000 0.000100 0.000000 0.022600 0.046100 0.000000 0.000000
LesserMous 0.330600 0.000000 0.330600 0.368900 0.364300 0.330600 0.330600 0.330800 0.330600 0.265800 0.330600 0.330600 0.330600 0.364300 0.330600 0.364800 0.265800 0.297500 0.330600 0.330600 0.293500 0.293500 0.333000 0.232200 0.330600 0.296100 0.330600 0.330600 0.330800 0.330600 0.265800 0.330600 0.265800 0.364300 0.330600 0.298900 0.330600 0.364300 0.330800 0.265800 0.298800 0.330800 0.265700 0.265800 0.330600 0.330600 0.330800 0.330600 0.365500 0.265700 0.330600 0.330600
LesserKudu 0.000000 0.330600 0.000000 0.175700 0.022600 0.000000 0.000000 0.000100 0.000000 0.046100 0.000000 0.000000 0.000000 0.022600 0.000000 0.022600 0.046100 0.070200 0.000000 0.000000 0.022700 0.022700 0.095500 0.070300 0.000000 0.022600 0.000000 0.000000 0.000100 0.000000 0.046100 0.000000 0.046100 0.022600 0.000000 0.022700 0.000000 0.022600 0.000100 0.046100 0.070500 0.000100 0.046100 0.046100 0.000000 0.000000 0.000100 0.000000 0.022600 0.046100 0.000000 0.000000
KillerWhal 0.175700 0.368900 0.175700 0.000000 0.205100 0.175700 0.175700 0.174300 0.175700 0.122100 0.175700 0.175700 0.175700 0.205100 0.175700 0.203200 0.122100 0.149800 0.175700 0.175700 0.202800 0.204300 0.179500 0.149000 0.175700 0.147100 0.175700 0.175700 0.174300 0.175700 0.122100 0.175700 0.122100 0.204800 0.175700 0.203700 0.175700 0.205100 0.174300 0.122100 0.150100 0.174300 0.121100 0.122100 0.175700 0.175700 0.174300 0.175700 0.205100 0.121100 0.175700 0.175700
DefassaWat 0.022600 0.364300 0.022600 0.205100 0.000000 0.022600 0.022600 0.022600 0.022600 0.070200 0.022600 0.022600 0.022600 0.000000 0.022600 0.045900 0.070200 0.095200 0.022600 0.022600 0.045900 0.045900 0.095500 0.095200 0.022600 0.045900 0.022600 0.022600 0.022600 0.022600 0.070200 0.022600 0.070200 0.045900 0.022600 0.046000 0.022600 0.000000 0.022600 0.070200 0.070400 0.022600 0.070300 0.070200 0.022600 0.022600 0.022600 0.022600 0.045900 0.070300 0.022600 0.022600
Sheep 0.000000 0.330600 0.000000 0.175700 0.022600 0.000000 0.000000 0.000100 0.000000 0.046100 0.000000 0.000000 0.000000 0.022600 0.000000 0.022600 0.046100 0.070200 0.000000 0.000000 0.022700 0.022700 0.095500 0.070300 0.000000 0.022600 0.000000 0.000000 0.000100 0.000000 0.046100 0.000000 0.046100 0.022600 0.000000 0.022700 0.000000 0.022600 0.000100 0.046100 0.070500 0.000100 0.046100 0.046100 0.000000 0.000000 0.000100 0.000000 0.022600 0.046100 0.000000 0.000000
MaxwellsDu 0.000000 0.330600 0.000000 0.175700 0.022600 0.000000 0.000000 0.000100 0.000000 0.046100 0.000000 0.000000 0.000000 0.022600 0.000000 0.022600 0.046100 0.070200 0.000000 0.000000 0.022700 0.022700 0.095500 0.070300 0.000000 0.022600 0.000000 0.000000 0.000100 0.000000 0.046100 0.000000 0.046100 0.022600 0.000000 0.022700 0.000000 0.022600 0.000100 0.046100 0.070500 0.000100 0.046100 0.046100 0.000000 0.000000 0.000100 0.000000 0.022600 0.046100 0.000000 0.000000
GazellaPrz 0.000100 0.330800 0.000100 0.174300 0.022600 0.000100 0.000100 0.000000 0.000100 0.046100 0.000100 0.000100 0.000100 0.022600 0.000100 0.022400 0.046100 0.070300 0.000100 0.000100 0.022500 0.022700 0.095800 0.070300 0.000100 0.022500 0.000100 0.000100 0.000000 0.000100 0.046100 0.000100 0.046100 0.022600 0.000100 0.022700 0.000100 0.022600 0.000000 0.046100 0.070500 0.000000 0.045800 0.046100 0.000100 0.000100 0.000000 0.000100 0.022600 0.045800 0.000100 0.000100
MountainNy 0.000000 0.330600 0.000000 0.175700 0.022600 0.000000 0.000000 0.000100 0.000000 0.046100 0.000000 0.000000 0.000000 0.022600 0.000000 0.022600 0.046100 0.070200 0.000000 0.000000 0.022700 0.022700 0.095500 0.070300 0.000000 0.022600 0.000000 0.000000 0.000100 0.000000 0.046100 0.000000 0.046100 0.022600 0.000000 0.022700 0.000000 0.022600 0.000100 0.046100 0.070500 0.000100 0.046100 0.046100 0.000000 0.000000 0.000100 0.000000 0.022600 0.046100 0.000000 0.000000
MuntiacusM 0.046100 0.265800 0.046100 0.122100 0.070200 0.046100 0.046100 0.046100 0.046100 0.000000 0.046100 0.046100 0.046100 0.070200 0.046100 0.070100 0.000000 0.022800 0.046100 0.046100 0.070300 0.070300 0.046500 0.022800 0.046100 0.022700 0.046100 0.046100 0.046100 0.046100 0.000000 0.046100 0.000000 0.070100 0.046100 0.070400 0.046100 0.070200 0.046100 0.000000 0.022900 0.046100 0.000100 0.000000 0.046100 0.046100 0.046100 0.046100 0.070200 0.000100 0.046100 0.046100
goat 0.000000 0.330600 0.000000 0.175700 0.022600 0.000000 0.000000 0.000100 0.000000 0.046100 0.000000 0.000000 0.000000 0.022600 0.000000 0.022600 0.046100 0.070200 0.000000 0.000000 0.022700 0.022700 0.095500 0.070300 0.000000 0.022600 0.000000 0.000000 0.000100 0.000000 0.046100 0.000000 0.046100 0.022600 0.000000 0.022700 0.000000 0.022600 0.000100 0.046100 0.070500 0.000100 0.046100 0.046100 0.000000 0.000000 0.000100 0.000000 0.022600 0.046100 0.000000 0.000000
AfricanBuf 0.000000 0.330600 0.000000 0.175700 0.022600 0.000000 0.000000 0.000100 0.000000 0.046100 0.000000 0.000000 0.000000 0.022600 0.000000 0.022600 0.046100 0.070200 0.000000 0.000000 0.022700 0.022700 0.095500 0.070300 0.000000 0.022600 0.000000 0.000000 0.000100 0.000000 0.046100 0.000000 0.046100 0.022600 0.000000 0.022700 0.000000 0.022600 0.000100 0.046100 0.070500 0.000100 0.046100 0.046100 0.000000 0.000000 0.000100 0.000000 0.022600 0.046100 0.000000 0.000000
Topi 0.000000 0.330600 0.000000 0.175700 0.022600 0.000000 0.000000 0.000100 0.000000 0.046100 0.000000 0.000000 0.000000 0.022600 0.000000 0.022600 0.046100 0.070200 0.000000 0.000000 0.022700 0.022700 0.095500 0.070300 0.000000 0.022600 0.000000 0.000000 0.000100 0.000000 0.046100 0.000000 0.046100 0.022600 0.000000 0.022700 0.000000 0.022600 0.000100 0.046100 0.070500 0.000100 0.046100 0.046100 0.000000 0.000000 0.000100 0.000000 0.022600 0.046100 0.000000 0.000000
CommonDuik 0.022600 0.364300 0.022600 0.205100 0.000000 0.022600 0.022600 0.022600 0.022600 0.070200 0.022600 0.022600 0.022600 0.000000 0.022600 0.045900 0.070200 0.095200 0.022600 0.022600 0.045900 0.045900 0.095500 0.095200 0.022600 0.045900 0.022600 0.022600 0.022600 0.022600 0.070200 0.022600 0.070200 0.045900 0.022600 0.046000 0.022600 0.000000 0.022600 0.070200 0.070400 0.022600 0.070300 0.070200 0.022600 0.022600 0.022600 0.022600 0.045900 0.070300 0.022600 0.022600
Suni 0.000000 0.330600 0.000000 0.175700 0.022600 0.000000 0.000000 0.000100 0.000000 0.046100 0.000000 0.000000 0.000000 0.022600 0.000000 0.022600 0.046100 0.070200 0.000000 0.000000 0.022700 0.022700 0.095500 0.070300 0.000000 0.022600 0.000000 0.000000 0.000100 0.000000 0.046100 0.000000 0.046100 0.022600 0.000000 0.022700 0.000000 0.022600 0.000100 0.046100 0.070500 0.000100 0.046100 0.046100 0.000000 0.000000 0.000100 0.000000 0.022600 0.046100 0.000000 0.000000
Springbuck 0.022600 0.364800 0.022600 0.203200 0.045900 0.022600 0.022600 0.022400 0.022600 0.070100 0.022600 0.022600 0.022600 0.045900 0.022600 0.000000 0.070100 0.095100 0.022600 0.022600 0.045500 0.045900 0.121700 0.095100 0.022600 0.045500 0.022600 0.022600 0.022400 0.022600 0.070100 0.022600 0.070100 0.045800 0.022600 0.046000 0.022600 0.045900 0.022400 0.070100 0.095400 0.022400 0.069600 0.070100 0.022600 0.022600 0.022400 0.022600 0.045800 0.069600 0.022600 0.022600
Okapi 0.046100 0.265800 0.046100 0.122100 0.070200 0.046100 0.046100 0.046100 0.046100 0.000000 0.046100 0.046100 0.046100 0.070200 0.046100 0.070100 0.000000 0.022800 0.046100 0.046100 0.070300 0.070300 0.046500 0.022800 0.046100 0.022700 0.046100 0.046100 0.046100 0.046100 0.000000 0.046100 0.000000 0.070100 0.046100 0.070400 0.046100 0.070200 0.046100 0.000000 0.022900 0.046100 0.000100 0.000000 0.046100 0.046100 0.046100 0.046100 0.070200 0.000100 0.046100 0.046100
Giraffe 0.070200 0.297500 0.070200 0.149800 0.095200 0.070200 0.070200 0.070300 0.070200 0.022800 0.070200 0.070200 0.070200 0.095200 0.070200 0.095100 0.022800 0.000000 0.070200 0.070200 0.095200 0.095200 0.071000 0.046300 0.070200 0.046000 0.070200 0.070200 0.070300 0.070200 0.022800 0.070200 0.022800 0.095100 0.070200 0.095200 0.070200 0.095200 0.070300 0.022800 0.046500 0.070300 0.022800 0.022800 0.070200 0.070200 0.070300 0.070200 0.095200 0.022800 0.070200 0.070200
TibetanAnt 0.000000 0.330600 0.000000 0.175700 0.022600 0.000000 0.000000 0.000100 0.000000 0.046100 0.000000 0.000000 0.000000 0.022600 0.000000 0.022600 0.046100 0.070200 0.000000 0.000000 0.022700 0.022700 0.095500 0.070300 0.000000 0.022600 0.000000 0.000000 0.000100 0.000000 0.046100 0.000000 0.046100 0.022600 0.000000 0.022700 0.000000 0.022600 0.000100 0.046100 0.070500 0.000100 0.046100 0.046100 0.000000 0.000000 0.000100 0.000000 0.022600 0.046100 0.000000 0.000000
Sitatunga 0.000000 0.330600 0.000000 0.175700 0.022600 0.000000 0.000000 0.000100 0.000000 0.046100 0.000000 0.000000 0.000000 0.022600 0.000000 0.022600 0.046100 0.070200 0.000000 0.000000 0.022700 0.022700 0.095500 0.070300 0.000000 0.022600 0.000000 0.000000 0.000100 0.000000 0.046100 0.000000 0.046100 0.022600 0.000000 0.022700 0.000000 0.022600 0.000100 0.046100 0.070500 0.000100 0.046100 0.046100 0.000000 0.000000 0.000100 0.000000 0.022600 0.046100 0.000000 0.000000
Oribi 0.022700 0.293500 0.022700 0.202800 0.045900 0.022700 0.022700 0.022500 0.022700 0.070300 0.022700 0.022700 0.022700 0.045900 0.022700 0.045500 0.070300 0.095200 0.022700 0.022700 0.000000 0.000100 0.121900 0.045800 0.022700 0.045600 0.022700 0.022700 0.022500 0.022700 0.070300 0.022700 0.070300 0.045900 0.022700 0.046100 0.022700 0.045900 0.022500 0.070300 0.095600 0.022500 0.069700 0.070300 0.022700 0.022700 0.022500 0.022700 0.045900 0.069700 0.022700 0.022700
BarbaryShe 0.022700 0.293500 0.022700 0.204300 0.045900 0.022700 0.022700 0.022700 0.022700 0.070300 0.022700 0.022700 0.022700 0.045900 0.022700 0.045900 0.070300 0.095200 0.022700 0.022700 0.000100 0.000000 0.121500 0.045800 0.022700 0.045900 0.022700 0.022700 0.022700 0.022700 0.070300 0.022700 0.070300 0.045900 0.022700 0.046100 0.022700 0.045900 0.022700 0.070300 0.095600 0.022700 0.070300 0.070300 0.022700 0.022700 0.022700 0.022700 0.045900 0.070300 0.022700 0.022700
Daviddeer 0.095500 0.333000 0.095500 0.179500 0.095500 0.095500 0.095500 0.095800 0.095500 0.046500 0.095500 0.095500 0.095500 0.095500 0.095500 0.121700 0.046500 0.071000 0.095500 0.095500 0.121900 0.121500 0.000000 0.070900 0.095500 0.070700 0.095500 0.095500 0.095800 0.095500 0.046500 0.095500 0.046500 0.121300 0.095500 0.121400 0.095500 0.095500 0.095800 0.046500 0.022400 0.095800 0.046600 0.046500 0.095500 0.095500 0.095800 0.095500 0.121500 0.046600 0.095500 0.095500
Reindeer 0.070300 0.232200 0.070300 0.149000 0.095200 0.070300 0.070300 0.070300 0.070300 0.022800 0.070300 0.070300 0.070300 0.095200 0.070300 0.095100 0.022800 0.046300 0.070300 0.070300 0.045800 0.045800 0.070900 0.000000 0.070300 0.046000 0.070300 0.070300 0.070300 0.070300 0.022800 0.070300 0.022800 0.095000 0.070300 0.095400 0.070300 0.095200 0.070300 0.022800 0.046500 0.070300 0.022800 0.022800 0.070300 0.070300 0.070300 0.070300 0.095200 0.022800 0.070300 0.070300
Ibex 0.000000 0.330600 0.000000 0.175700 0.022600 0.000000 0.000000 0.000100 0.000000 0.046100 0.000000 0.000000 0.000000 0.022600 0.000000 0.022600 0.046100 0.070200 0.000000 0.000000 0.022700 0.022700 0.095500 0.070300 0.000000 0.022600 0.000000 0.000000 0.000100 0.000000 0.046100 0.000000 0.046100 0.022600 0.000000 0.022700 0.000000 0.022600 0.000100 0.046100 0.070500 0.000100 0.046100 0.046100 0.000000 0.000000 0.000100 0.000000 0.022600 0.046100 0.000000 0.000000
GyrantGaze 0.022600 0.296100 0.022600 0.147100 0.045900 0.022600 0.022600 0.022500 0.022600 0.022700 0.022600 0.022600 0.022600 0.045900 0.022600 0.045500 0.022700 0.046000 0.022600 0.022600 0.045600 0.045900 0.070700 0.046000 0.022600 0.000000 0.022600 0.022600 0.022500 0.022600 0.022700 0.022600 0.022700 0.045800 0.022600 0.046000 0.022600 0.045900 0.022500 0.022700 0.046200 0.022500 0.022500 0.022700 0.022600 0.022600 0.022500 0.022600 0.045900 0.022500 0.022600 0.022600
Hartebeest 0.000000 0.330600 0.000000 0.175700 0.022600 0.000000 0.000000 0.000100 0.000000 0.046100 0.000000 0.000000 0.000000 0.022600 0.000000 0.022600 0.046100 0.070200 0.000000 0.000000 0.022700 0.022700 0.095500 0.070300 0.000000 0.022600 0.000000 0.000000 0.000100 0.000000 0.046100 0.000000 0.046100 0.022600 0.000000 0.022700 0.000000 0.022600 0.000100 0.046100 0.070500 0.000100 0.046100 0.046100 0.000000 0.000000 0.000100 0.000000 0.022600 0.046100 0.000000 0.000000
Bongo 0.000000 0.330600 0.000000 0.175700 0.022600 0.000000 0.000000 0.000100 0.000000 0.046100 0.000000 0.000000 0.000000 0.022600 0.000000 0.022600 0.046100 0.070200 0.000000 0.000000 0.022700 0.022700 0.095500 0.070300 0.000000 0.022600 0.000000 0.000000 0.000100 0.000000 0.046100 0.000000 0.046100 0.022600 0.000000 0.022700 0.000000 0.022600 0.000100 0.046100 0.070500 0.000100 0.046100 0.046100 0.000000 0.000000 0.000100 0.000000 0.022600 0.046100 0.000000 0.000000
Gerenuk 0.000100 0.330800 0.000100 0.174300 0.022600 0.000100 0.000100 0.000000 0.000100 0.046100 0.000100 0.000100 0.000100 0.022600 0.000100 0.022400 0.046100 0.070300 0.000100 0.000100 0.022500 0.022700 0.095800 0.070300 0.000100 0.022500 0.000100 0.000100 0.000000 0.000100 0.046100 0.000100 0.046100 0.022600 0.000100 0.022700 0.000100 0.022600 0.000000 0.046100 0.070500 0.000000 0.045800 0.046100 0.000100 0.000100 0.000000 0.000100 0.022600 0.045800 0.000100 0.000100
CommonElan 0.000000 0.330600 0.000000 0.175700 0.022600 0.000000 0.000000 0.000100 0.000000 0.046100 0.000000 0.000000 0.000000 0.022600 0.000000 0.022600 0.046100 0.070200 0.000000 0.000000 0.022700 0.022700 0.095500 0.070300 0.000000 0.022600 0.000000 0.000000 0.000100 0.000000 0.046100 0.000000 0.046100 0.022600 0.000000 0.022700 0.000000 0.022600 0.000100 0.046100 0.070500 0.000100 0.046100 0.046100 0.000000 0.000000 0.000100 0.000000 0.022600 0.046100 0.000000 0.000000
MuntiacusR 0.046100 0.265800 0.046100 0.122100 0.070200 0.046100 0.046100 0.046100 0.046100 0.000000 0.046100 0.046100 0.046100 0.070200 0.046100 0.070100 0.000000 0.022800 0.046100 0.046100 0.070300 0.070300 0.046500 0.022800 0.046100 0.022700 0.046100 0.046100 0.046100 0.046100 0.000000 0.046100 0.000000 0.070100 0.046100 0.070400 0.046100 0.070200 0.046100 0.000000 0.022900 0.046100 0.000100 0.000000 0.046100 0.046100 0.046100 0.046100 0.070200 0.000100 0.046100 0.046100
HarveysDui 0.000000 0.330600 0.000000 0.175700 0.022600 0.000000 0.000000 0.000100 0.000000 0.046100 0.000000 0.000000 0.000000 0.022600 0.000000 0.022600 0.046100 0.070200 0.000000 0.000000 0.022700 0.022700 0.095500 0.070300 0.000000 0.022600 0.000000 0.000000 0.000100 0.000000 0.046100 0.000000 0.046100 0.022600 0.000000 0.022700 0.000000 0.022600 0.000100 0.046100 0.070500 0.000100 0.046100 0.046100 0.000000 0.000000 0.000100 0.000000 0.022600 0.046100 0.000000 0.000000
Pronghorn 0.046100 0.265800 0.046100 0.122100 0.070200 0.046100 0.046100 0.046100 0.046100 0.000000 0.046100 0.046100 0.046100 0.070200 0.046100 0.070100 0.000000 0.022800 0.046100 0.046100 0.070300 0.070300 0.046500 0.022800 0.046100 0.022700 0.046100 0.046100 0.046100 0.046100 0.000000 0.046100 0.000000 0.070100 0.046100 0.070400 0.046100 0.070200 0.046100 0.000000 0.022900 0.046100 0.000100 0.000000 0.046100 0.046100 0.046100 0.046100 0.070200 0.000100 0.046100 0.046100
BlueWildeb 0.022600 0.364300 0.022600 0.204800 0.045900 0.022600 0.022600 0.022600 0.022600 0.070100 0.022600 0.022600 0.022600 0.045900 0.022600 0.045800 0.070100 0.095100 0.022600 0.022600 0.045900 0.045900 0.121300 0.095000 0.022600 0.045800 0.022600 0.022600 0.022600 0.022600 0.070100 0.022600 0.070100 0.000000 0.022600 0.046000 0.022600 0.045900 0.022600 0.070100 0.095400 0.022600 0.070100 0.070100 0.022600 0.022600 0.022600 0.022600 0.045800 0.070100 0.022600 0.022600
Gemsbok 0.000000 0.330600 0.000000 0.175700 0.022600 0.000000 0.000000 0.000100 0.000000 0.046100 0.000000 0.000000 0.000000 0.022600 0.000000 0.022600 0.046100 0.070200 0.000000 0.000000 0.022700 0.022700 0.095500 0.070300 0.000000 0.022600 0.000000 0.000000 0.000100 0.000000 0.046100 0.000000 0.046100 0.022600 0.000000 0.022700 0.000000 0.022600 0.000100 0.046100 0.070500 0.000100 0.046100 0.046100 0.000000 0.000000 0.000100 0.000000 0.022600 0.046100 0.000000 0.000000
Yak 0.022700 0.298900 0.022700 0.203700 0.046000 0.022700 0.022700 0.022700 0.022700 0.070400 0.022700 0.022700 0.022700 0.046000 0.022700 0.046000 0.070400 0.095200 0.022700 0.022700 0.046100 0.046100 0.121400 0.095400 0.022700 0.046000 0.022700 0.022700 0.022700 0.022700 0.070400 0.022700 0.070400 0.046000 0.022700 0.000000 0.022700 0.046000 0.022700 0.070400 0.095600 0.022700 0.070400 0.070400 0.022700 0.022700 0.022700 0.022700 0.046000 0.070400 0.022700 0.022700
BlueSheep 0.000000 0.330600 0.000000 0.175700 0.022600 0.000000 0.000000 0.000100 0.000000 0.046100 0.000000 0.000000 0.000000 0.022600 0.000000 0.022600 0.046100 0.070200 0.000000 0.000000 0.022700 0.022700 0.095500 0.070300 0.000000 0.022600 0.000000 0.000000 0.000100 0.000000 0.046100 0.000000 0.046100 0.022600 0.000000 0.022700 0.000000 0.022600 0.000100 0.046100 0.070500 0.000100 0.046100 0.046100 0.000000 0.000000 0.000100 0.000000 0.022600 0.046100 0.000000 0.000000
BohorReedb 0.022600 0.364300 0.022600 0.205100 0.000000 0.022600 0.022600 0.022600 0.022600 0.070200 0.022600 0.022600 0.022600 0.000000 0.022600 0.045900 0.070200 0.095200 0.022600 0.022600 0.045900 0.045900 0.095500 0.095200 0.022600 0.045900 0.022600 0.022600 0.022600 0.022600 0.070200 0.022600 0.070200 0.045900 0.022600 0.046000 0.022600 0.000000 0.022600 0.070200 0.070400 0.022600 0.070300 0.070200 0.022600 0.022600 0.022600 0.022600 0.045900 0.070300 0.022600 0.022600
KirksDik 0.000100 0.330800 0.000100 0.174300 0.022600 0.000100 0.000100 0.000000 0.000100 0.046100 0.000100 0.000100 0.000100 0.022600 0.000100 0.022400 0.046100 0.070300 0.000100 0.000100 0.022500 0.022700 0.095800 0.070300 0.000100 0.022500 0.000100 0.000100 0.000000 0.000100 0.046100 0.000100 0.046100 0.022600 0.000100 0.022700 0.000100 0.022600 0.000000 0.046100 0.070500 0.000000 0.045800 0.046100 0.000100 0.000100 0.000000 0.000100 0.022600 0.045800 0.000100 0.000100
RoeDeer 0.046100 0.265800 0.046100 0.122100 0.070200 0.046100 0.046100 0.046100 0.046100 0.000000 0.046100 0.046100 0.046100 0.070200 0.046100 0.070100 0.000000 0.022800 0.046100 0.046100 0.070300 0.070300 0.046500 0.022800 0.046100 0.022700 0.046100 0.046100 0.046100 0.046100 0.000000 0.046100 0.000000 0.070100 0.046100 0.070400 0.046100 0.070200 0.046100 0.000000 0.022900 0.046100 0.000100 0.000000 0.046100 0.046100 0.046100 0.046100 0.070200 0.000100 0.046100 0.046100
WhiteLippe 0.070500 0.298800 0.070500 0.150100 0.070400 0.070500 0.070500 0.070500 0.070500 0.022900 0.070500 0.070500 0.070500 0.070400 0.070500 0.095400 0.022900 0.046500 0.070500 0.070500 0.095600 0.095600 0.022400 0.046500 0.070500 0.046200 0.070500 0.070500 0.070500 0.070500 0.022900 0.070500 0.022900 0.095400 0.070500 0.095600 0.070500 0.070400 0.070500 0.022900 0.000000 0.070500 0.022900 0.022900 0.070500 0.070500 0.070500 0.070500 0.095500 0.022900 0.070500 0.070500
ThomsonGaz 0.000100 0.330800 0.000100 0.174300 0.022600 0.000100 0.000100 0.000000 0.000100 0.046100 0.000100 0.000100 0.000100 0.022600 0.000100 0.022400 0.046100 0.070300 0.000100 0.000100 0.022500 0.022700 0.095800 0.070300 0.000100 0.022500 0.000100 0.000100 0.000000 0.000100 0.046100 0.000100 0.046100 0.022600 0.000100 0.022700 0.000100 0.022600 0.000000 0.046100 0.070500 0.000000 0.045800 0.046100 0.000100 0.000100 0.000000 0.000100 0.022600 0.045800 0.000100 0.000100
MuntiacusC 0.046100 0.265700 0.046100 0.121100 0.070300 0.046100 0.046100 0.045800 0.046100 0.000100 0.046100 0.046100 0.046100 0.070300 0.046100 0.069600 0.000100 0.022800 0.046100 0.046100 0.069700 0.070300 0.046600 0.022800 0.046100 0.022500 0.046100 0.046100 0.045800 0.046100 0.000100 0.046100 0.000100 0.070100 0.046100 0.070400 0.046100 0.070300 0.045800 0.000100 0.022900 0.045800 0.000000 0.000100 0.046100 0.046100 0.045800 0.046100 0.070200 0.000000 0.046100 0.046100
WhiteTaile 0.046100 0.265800 0.046100 0.122100 0.070200 0.046100 0.046100 0.046100 0.046100 0.000000 0.046100 0.046100 0.046100 0.070200 0.046100 0.070100 0.000000 0.022800 0.046100 0.046100 0.070300 0.070300 0.046500 0.022800 0.046100 0.022700 0.046100 0.046100 0.046100 0.046100 0.000000 0.046100 0.000000 0.070100 0.046100 0.070400 0.046100 0.070200 0.046100 0.000000 0.022900 0.046100 0.000100 0.000000 0.046100 0.046100 0.046100 0.046100 0.070200 0.000100 0.046100 0.046100
Cattle 0.000000 0.330600 0.000000 0.175700 0.022600 0.000000 0.000000 0.000100 0.000000 0.046100 0.000000 0.000000 0.000000 0.022600 0.000000 0.022600 0.046100 0.070200 0.000000 0.000000 0.022700 0.022700 0.095500 0.070300 0.000000 0.022600 0.000000 0.000000 0.000100 0.000000 0.046100 0.000000 0.046100 0.022600 0.000000 0.022700 0.000000 0.022600 0.000100 0.046100 0.070500 0.000100 0.046100 0.046100 0.000000 0.000000 0.000100 0.000000 0.022600 0.046100 0.000000 0.000000
RoyalAntel 0.000000 0.330600 0.000000 0.175700 0.022600 0.000000 0.000000 0.000100 0.000000 0.046100 0.000000 0.000000 0.000000 0.022600 0.000000 0.022600 0.046100 0.070200 0.000000 0.000000 0.022700 0.022700 0.095500 0.070300 0.000000 0.022600 0.000000 0.000000 0.000100 0.000000 0.046100 0.000000 0.046100 0.022600 0.000000 0.022700 0.000000 0.022600 0.000100 0.046100 0.070500 0.000100 0.046100 0.046100 0.000000 0.000000 0.000100 0.000000 0.022600 0.046100 0.000000 0.000000
Steenbok 0.000100 0.330800 0.000100 0.174300 0.022600 0.000100 0.000100 0.000000 0.000100 0.046100 0.000100 0.000100 0.000100 0.022600 0.000100 0.022400 0.046100 0.070300 0.000100 0.000100 0.022500 0.022700 0.095800 0.070300 0.000100 0.022500 0.000100 0.000100 0.000000 0.000100 0.046100 0.000100 0.046100 0.022600 0.000100 0.022700 0.000100 0.022600 0.000000 0.046100 0.070500 0.000000 0.045800 0.046100 0.000100 0.000100 0.000000 0.000100 0.022600 0.045800 0.000100 0.000100
Impala 0.000000 0.330600 0.000000 0.175700 0.022600 0.000000 0.000000 0.000100 0.000000 0.046100 0.000000 0.000000 0.000000 0.022600 0.000000 0.022600 0.046100 0.070200 0.000000 0.000000 0.022700 0.022700 0.095500 0.070300 0.000000 0.022600 0.000000 0.000000 0.000100 0.000000 0.046100 0.000000 0.046100 0.022600 0.000000 0.022700 0.000000 0.022600 0.000100 0.046100 0.070500 0.000100 0.046100 0.046100 0.000000 0.000000 0.000100 0.000000 0.022600 0.046100 0.000000 0.000000
Klipspring 0.022600 0.365500 0.022600 0.205100 0.045900 0.022600 0.022600 0.022600 0.022600 0.070200 0.022600 0.022600 0.022600 0.045900 0.022600 0.045800 0.070200 0.095200 0.022600 0.022600 0.045900 0.045900 0.121500 0.095200 0.022600 0.045900 0.022600 0.022600 0.022600 0.022600 0.070200 0.022600 0.070200 0.045800 0.022600 0.046000 0.022600 0.045900 0.022600 0.070200 0.095500 0.022600 0.070200 0.070200 0.022600 0.022600 0.022600 0.022600 0.000000 0.070200 0.022600 0.022600
ForestMusk 0.046100 0.265700 0.046100 0.121100 0.070300 0.046100 0.046100 0.045800 0.046100 0.000100 0.046100 0.046100 0.046100 0.070300 0.046100 0.069600 0.000100 0.022800 0.046100 0.046100 0.069700 0.070300 0.046600 0.022800 0.046100 0.022500 0.046100 0.046100 0.045800 0.046100 0.000100 0.046100 0.000100 0.070100 0.046100 0.070400 0.046100 0.070300 0.045800 0.000100 0.022900 0.045800 0.000000 0.000100 0.046100 0.046100 0.045800 0.046100 0.070200 0.000000 0.046100 0.046100
Bushbuck 0.000000 0.330600 0.000000 0.175700 0.022600 0.000000 0.000000 0.000100 0.000000 0.046100 0.000000 0.000000 0.000000 0.022600 0.000000 0.022600 0.046100 0.070200 0.000000 0.000000 0.022700 0.022700 0.095500 0.070300 0.000000 0.022600 0.000000 0.000000 0.000100 0.000000 0.046100 0.000000 0.046100 0.022600 0.000000 0.022700 0.000000 0.022600 0.000100 0.046100 0.070500 0.000100 0.046100 0.046100 0.000000 0.000000 0.000100 0.000000 0.022600 0.046100 0.000000 0.000000
GreaterKud 0.000000 0.330600 0.000000 0.175700 0.022600 0.000000 0.000000 0.000100 0.000000 0.046100 0.000000 0.000000 0.000000 0.022600 0.000000 0.022600 0.046100 0.070200 0.000000 0.000000 0.022700 0.022700 0.095500 0.070300 0.000000 0.022600 0.000000 0.000000 0.000100 0.000000 0.046100 0.000000 0.046100 0.022600 0.000000 0.022700 0.000000 0.022600 0.000100 0.046100 0.070500 0.000100 0.046100 0.046100 0.000000 0.000000 0.000100 0.000000 0.022600 0.046100 0.000000 0.000000
