1
52 1
Argali 0.000000 0.223100 0.073300 0.265300 0.052200 0.013800 0.044100 0.076100 0.082200 0.087900 0.024800 0.061500 0.069900 0.063200 0.083300 0.076100 0.073500 0.081700 0.045600 0.086800 0.062200 0.031100 0.079900 0.098500 0.024800 0.071500 0.057200 0.088300 0.082600 0.073700 0.084200 0.055100 0.097400 0.048900 0.047300 0.066500 0.027900 0.052300 0.069800 0.099700 0.074700 0.066600 0.091100 0.088700 0.071200 0.077000 0.069900 0.067100 0.057000 0.072200 0.078800 0.078800
LesserMous 0.223100 0.000000 0.223200 0.335700 0.216500 0.223300 0.210800 0.235200 0.228500 0.243600 0.224200 0.210400 0.237400 0.226500 0.230600 0.233500 0.226700 0.231000 0.225500 0.235400 0.220700 0.223200 0.222900 0.232900 0.220300 0.226500 0.224800 0.232800 0.237100 0.222200 0.242800 0.223300 0.236400 0.222200 0.226000 0.224600 0.219300 0.215000 0.226600 0.249800 0.224300 0.224500 0.247000 0.232200 0.225500 0.244900 0.222600 0.226800 0.212000 0.222900 0.222700 0.222400
LesserKudu 0.073300 0.223200 0.000000 0.283000 0.060400 0.071800 0.050700 0.077700 0.026600 0.098000 0.067000 0.059900 0.078200 0.063100 0.078500 0.077800 0.068500 0.070000 0.063500 0.034300 0.068800 0.063500 0.090000 0.095200 0.067000 0.071600 0.067100 0.032700 0.076000 0.020200 0.094200 0.058500 0.095700 0.058700 0.063600 0.056800 0.058500 0.060500 0.073200 0.092900 0.084700 0.068300 0.101200 0.090400 0.059800 0.093000 0.074900 0.067000 0.058700 0.058900 0.023400 0.023400
KillerWhal 0.265300 0.335700 0.283000 0.000000 0.269400 0.266000 0.259000 0.280400 0.291600 0.287800 0.266300 0.283200 0.270400 0.268700 0.280700 0.289100 0.276400 0.298000 0.269700 0.296400 0.265700 0.263000 0.270400 0.285100 0.266500 0.282200 0.263600 0.282900 0.286800 0.284600 0.291000 0.270100 0.299000 0.260900 0.269200 0.271400 0.263200 0.266100 0.267400 0.287400 0.269800 0.276000 0.291200 0.284200 0.276600 0.294900 0.263200 0.267500 0.264400 0.269900 0.278700 0.274200
DefassaWat 0.052200 0.216500 0.060400 0.269400 0.000000 0.050600 0.034700 0.063200 0.065700 0.081500 0.047500 0.052000 0.066800 0.047200 0.065500 0.058300 0.063800 0.070300 0.052200 0.073700 0.046000 0.050600 0.070200 0.082000 0.047500 0.055400 0.050800 0.070200 0.069700 0.060700 0.077800 0.042500 0.084100 0.045900 0.047400 0.050500 0.045700 0.010900 0.050400 0.083100 0.068400 0.050500 0.084700 0.067200 0.051900 0.071200 0.053700 0.047600 0.037800 0.059200 0.062400 0.062400
Sheep 0.013800 0.223300 0.071800 0.266000 0.050600 0.000000 0.039300 0.071200 0.080600 0.089700 0.023300 0.063200 0.068400 0.058400 0.080100 0.071200 0.071900 0.080100 0.044000 0.081800 0.054000 0.029500 0.075000 0.096900 0.023300 0.066700 0.055600 0.086700 0.077700 0.072200 0.085900 0.050300 0.089000 0.047400 0.045700 0.065000 0.026400 0.047500 0.065000 0.098100 0.073200 0.061700 0.092900 0.087100 0.069700 0.074200 0.065000 0.065500 0.055500 0.070700 0.077300 0.077200
MaxwellsDu 0.044100 0.210800 0.050700 0.259000 0.034700 0.039300 0.000000 0.053600 0.056000 0.073400 0.037900 0.044000 0.058800 0.031300 0.060600 0.048700 0.057400 0.063900 0.042600 0.060600 0.036400 0.041000 0.063800 0.072200 0.037900 0.042500 0.047700 0.062100 0.050300 0.051000 0.071400 0.023400 0.072500 0.039500 0.041100 0.044100 0.033000 0.034800 0.044100 0.073400 0.065300 0.037700 0.076500 0.064100 0.048800 0.068000 0.044200 0.044500 0.034700 0.052800 0.052700 0.052600
GazellaPrz 0.076100 0.235200 0.077700 0.280400 0.063200 0.071200 0.053600 0.000000 0.079900 0.095700 0.073000 0.072500 0.082500 0.049800 0.084600 0.054400 0.069600 0.086100 0.066200 0.084500 0.037500 0.066300 0.091000 0.099600 0.073100 0.046700 0.066500 0.079400 0.049600 0.074800 0.091900 0.059700 0.096600 0.064800 0.069600 0.069400 0.067900 0.060100 0.043400 0.104100 0.089100 0.046700 0.098800 0.101600 0.070800 0.093800 0.040300 0.074800 0.058300 0.081700 0.083200 0.079900
MountainNy 0.082200 0.228500 0.026600 0.291600 0.065700 0.080600 0.056000 0.079900 0.000000 0.102100 0.075700 0.065200 0.087100 0.065300 0.089000 0.083300 0.075600 0.072100 0.072200 0.020200 0.067600 0.068800 0.095700 0.097500 0.075800 0.075300 0.075900 0.024900 0.081500 0.015600 0.098200 0.063800 0.099700 0.067400 0.072300 0.062000 0.067100 0.065900 0.082000 0.100200 0.090300 0.075400 0.101800 0.096100 0.066700 0.098800 0.078700 0.069200 0.060600 0.066000 0.015600 0.012500
MuntiacusM 0.087900 0.243600 0.098000 0.287800 0.081500 0.089700 0.073400 0.095700 0.102100 0.000000 0.079900 0.087600 0.099700 0.082600 0.103500 0.095600 0.086300 0.094800 0.082300 0.106700 0.086800 0.079500 0.043600 0.069500 0.076600 0.089500 0.091800 0.103000 0.099000 0.095100 0.012200 0.077900 0.101800 0.083200 0.079800 0.087700 0.077900 0.081800 0.084400 0.061000 0.038700 0.079500 0.003000 0.064700 0.092400 0.102700 0.089400 0.075100 0.079800 0.086800 0.100400 0.098600
goat 0.024800 0.224200 0.067000 0.266300 0.047500 0.023300 0.037900 0.073000 0.075700 0.079900 0.000000 0.058500 0.061900 0.053600 0.078700 0.071400 0.073700 0.078600 0.039300 0.080400 0.055800 0.024900 0.073500 0.092000 0.006200 0.065200 0.050800 0.081800 0.076300 0.067300 0.077800 0.048900 0.091000 0.042600 0.041000 0.060200 0.018600 0.047600 0.063500 0.093300 0.071700 0.060200 0.083000 0.083900 0.064900 0.069300 0.063500 0.060700 0.050700 0.065800 0.072400 0.072300
AfricanBuf 0.061500 0.210400 0.059900 0.283200 0.052000 0.063200 0.044000 0.072500 0.065200 0.087600 0.058500 0.000000 0.079500 0.050100 0.071400 0.067600 0.073100 0.076300 0.061500 0.073100 0.058600 0.059900 0.077900 0.089700 0.055200 0.064700 0.066800 0.068000 0.072500 0.061800 0.083800 0.051800 0.086800 0.058400 0.053600 0.027800 0.055000 0.052100 0.069500 0.089200 0.079400 0.063000 0.090700 0.081600 0.029300 0.088800 0.066300 0.063500 0.053600 0.065300 0.061900 0.061900
Topi 0.069900 0.237400 0.078200 0.270400 0.066800 0.068400 0.058800 0.082500 0.087100 0.099700 0.061900 0.079500 0.000000 0.066400 0.095200 0.087600 0.080000 0.090000 0.061700 0.091700 0.072000 0.058500 0.089900 0.107100 0.063600 0.076300 0.025000 0.093200 0.087500 0.078600 0.092500 0.068300 0.105900 0.023300 0.037600 0.076400 0.058400 0.063700 0.076300 0.104700 0.088000 0.073100 0.102800 0.098800 0.081000 0.094400 0.073100 0.075300 0.066800 0.082200 0.083800 0.083700
CommonDuik 0.063200 0.226500 0.063100 0.268700 0.047200 0.058400 0.031300 0.049800 0.065300 0.082600 0.053600 0.050100 0.066400 0.000000 0.065100 0.048200 0.063300 0.069800 0.055200 0.069900 0.040700 0.053500 0.076400 0.084800 0.050400 0.043700 0.053700 0.071400 0.056200 0.060300 0.077300 0.029500 0.078500 0.045500 0.053600 0.053400 0.048600 0.047300 0.046900 0.082700 0.074500 0.043700 0.085700 0.080000 0.058000 0.080700 0.043700 0.057000 0.047100 0.062100 0.065300 0.061900
Suni 0.083300 0.230600 0.078500 0.280700 0.065500 0.080100 0.060600 0.084600 0.089000 0.103500 0.078700 0.071400 0.095200 0.065100 0.000000 0.086300 0.081900 0.088400 0.078400 0.097100 0.075600 0.078400 0.100400 0.107400 0.075300 0.079900 0.077300 0.091700 0.089600 0.083800 0.096200 0.063600 0.104600 0.073700 0.073700 0.074900 0.073300 0.064000 0.081700 0.105100 0.098400 0.074900 0.106600 0.102600 0.074500 0.094900 0.081700 0.075500 0.058700 0.082500 0.085600 0.085600
Springbuck 0.076100 0.233500 0.077800 0.289100 0.058300 0.071200 0.048700 0.054400 0.083300 0.095600 0.071400 0.067600 0.087600 0.048200 0.086300 0.000000 0.081300 0.087800 0.071200 0.087900 0.039100 0.071200 0.084300 0.096200 0.071400 0.034000 0.074800 0.089400 0.041500 0.078200 0.091800 0.050100 0.093200 0.066500 0.068000 0.067800 0.066300 0.058500 0.048300 0.100700 0.082400 0.035600 0.098800 0.088100 0.072400 0.097200 0.051500 0.068200 0.061500 0.076700 0.083300 0.083300
Okapi 0.073500 0.226700 0.068500 0.276400 0.063800 0.071900 0.057400 0.069600 0.075600 0.086300 0.073700 0.073100 0.080000 0.063300 0.081900 0.081300 0.000000 0.040600 0.070200 0.080200 0.065600 0.070200 0.075000 0.086800 0.073700 0.069900 0.067200 0.078400 0.079500 0.067200 0.082700 0.063600 0.087200 0.058800 0.067000 0.070000 0.068500 0.060600 0.073300 0.091300 0.073100 0.066600 0.089400 0.082000 0.072900 0.093000 0.068300 0.072200 0.060400 0.067300 0.072300 0.072200
Giraffe 0.081700 0.231000 0.070000 0.298000 0.070300 0.080100 0.063900 0.086100 0.072100 0.094800 0.078600 0.076300 0.090000 0.069800 0.088400 0.087800 0.040600 0.000000 0.075100 0.080100 0.072100 0.076700 0.083400 0.101900 0.078700 0.079900 0.077100 0.078200 0.087700 0.067000 0.086000 0.063500 0.100900 0.068600 0.070200 0.073200 0.075000 0.070500 0.083200 0.103200 0.084800 0.076600 0.094500 0.097300 0.077800 0.096400 0.083200 0.073800 0.070300 0.075600 0.068800 0.072100
TibetanAnt 0.045600 0.225500 0.063500 0.269700 0.052200 0.044000 0.042600 0.066200 0.072200 0.082300 0.039300 0.061500 0.061700 0.055200 0.078400 0.071200 0.070200 0.075100 0.000000 0.075200 0.058900 0.039200 0.073300 0.091700 0.039300 0.065000 0.049000 0.076700 0.072800 0.062200 0.077600 0.050400 0.094100 0.040900 0.042500 0.061700 0.034400 0.049100 0.060000 0.087900 0.071500 0.060100 0.084400 0.088800 0.066400 0.074300 0.060100 0.060500 0.052200 0.064000 0.068900 0.068900
Sitatunga 0.086800 0.235400 0.034300 0.296400 0.073700 0.081800 0.060600 0.084500 0.020200 0.106700 0.080400 0.073100 0.091700 0.069900 0.097100 0.087900 0.080200 0.080100 0.075200 0.000000 0.072200 0.073400 0.100300 0.102100 0.080400 0.079900 0.080500 0.023200 0.086100 0.020200 0.102700 0.068400 0.104300 0.072000 0.076900 0.069900 0.071700 0.073900 0.083200 0.108300 0.094900 0.076600 0.109800 0.104200 0.074600 0.103500 0.080000 0.080600 0.068600 0.074000 0.020200 0.017100
Oribi 0.062200 0.220700 0.068800 0.265700 0.046000 0.054000 0.036400 0.037500 0.067600 0.086800 0.055800 0.058600 0.072000 0.040700 0.075600 0.039100 0.065600 0.072100 0.058900 0.072200 0.000000 0.055600 0.072100 0.087300 0.055800 0.029700 0.059200 0.072100 0.047000 0.062500 0.083000 0.044200 0.084200 0.054100 0.052400 0.055500 0.050700 0.042900 0.034400 0.095200 0.073500 0.031300 0.089900 0.085900 0.060200 0.081300 0.037700 0.052600 0.049200 0.066000 0.070900 0.067600
BarbaryShe 0.031100 0.223200 0.063500 0.263000 0.050600 0.029500 0.041000 0.066300 0.068800 0.079500 0.024900 0.059900 0.058500 0.053500 0.078400 0.071200 0.070200 0.076700 0.039200 0.073400 0.055600 0.000000 0.075000 0.095100 0.024900 0.063400 0.047400 0.078300 0.072700 0.063800 0.075800 0.052000 0.092300 0.039300 0.039300 0.060000 0.021600 0.050700 0.063300 0.093000 0.073100 0.060100 0.082700 0.087000 0.064700 0.074100 0.063300 0.060500 0.050600 0.065600 0.068800 0.065500
Daviddeer 0.079900 0.222900 0.090000 0.270400 0.070200 0.075000 0.063800 0.091000 0.095700 0.043600 0.073500 0.077900 0.089900 0.076400 0.100400 0.084300 0.075000 0.083400 0.073300 0.100300 0.072100 0.075000 0.000000 0.055100 0.070300 0.084800 0.083700 0.095000 0.087600 0.087100 0.046600 0.068300 0.093900 0.075200 0.073500 0.079700 0.071600 0.067100 0.083100 0.053200 0.013400 0.079800 0.046700 0.047200 0.084400 0.103100 0.081400 0.067200 0.071900 0.075400 0.092300 0.092200
Reindeer 0.098500 0.232900 0.095200 0.285100 0.082000 0.096900 0.072200 0.099600 0.097500 0.069500 0.092000 0.089700 0.107100 0.084800 0.107400 0.096200 0.086800 0.101900 0.091700 0.102100 0.087300 0.095100 0.055100 0.000000 0.088700 0.096700 0.099100 0.100200 0.102900 0.088900 0.072500 0.083400 0.111100 0.090400 0.092000 0.091500 0.090000 0.082200 0.095000 0.054800 0.050100 0.091600 0.072500 0.032800 0.096200 0.119000 0.093400 0.084000 0.083700 0.090700 0.097500 0.094000
Ibex 0.024800 0.220300 0.067000 0.266500 0.047500 0.023300 0.037900 0.073100 0.075800 0.076600 0.006200 0.055200 0.063600 0.050400 0.075300 0.071400 0.073700 0.078700 0.039300 0.080400 0.055800 0.024900 0.070300 0.088700 0.000000 0.065200 0.050900 0.081900 0.076300 0.067300 0.074600 0.049000 0.087600 0.042600 0.041000 0.060200 0.018600 0.047600 0.063500 0.090000 0.068400 0.060300 0.079700 0.080600 0.064900 0.069400 0.063500 0.060700 0.050700 0.065800 0.072400 0.072400
GyrantGaze 0.071500 0.226500 0.071600 0.282200 0.055400 0.066700 0.042500 0.046700 0.075300 0.089500 0.065200 0.064700 0.076300 0.043700 0.079900 0.034000 0.069900 0.079900 0.065000 0.079900 0.029700 0.063400 0.084800 0.096700 0.065200 0.000000 0.063600 0.081400 0.040300 0.070200 0.085700 0.050300 0.093800 0.058600 0.058500 0.061600 0.060100 0.055500 0.042100 0.101200 0.082900 0.010700 0.092600 0.091900 0.064500 0.084000 0.040300 0.062000 0.053700 0.068800 0.075400 0.075300
Hartebeest 0.057200 0.224800 0.067100 0.263600 0.050800 0.055600 0.047700 0.066500 0.075900 0.091800 0.050800 0.066800 0.025000 0.053700 0.077300 0.074800 0.067200 0.077100 0.049000 0.080500 0.059200 0.047400 0.083700 0.099100 0.050900 0.063600 0.000000 0.082000 0.076400 0.067400 0.084600 0.055500 0.096200 0.010900 0.026600 0.062000 0.045800 0.047700 0.063600 0.096800 0.081800 0.060300 0.094900 0.090800 0.063400 0.078000 0.063600 0.062400 0.050800 0.069300 0.072500 0.072500
Bongo 0.088300 0.232800 0.032700 0.282900 0.070200 0.086700 0.062100 0.079400 0.024900 0.103000 0.081800 0.068000 0.093200 0.071400 0.091700 0.089400 0.078400 0.078200 0.076700 0.023200 0.072100 0.078300 0.095000 0.100200 0.081900 0.081400 0.082000 0.000000 0.080900 0.018600 0.099100 0.069900 0.109300 0.073500 0.078400 0.064900 0.073200 0.070400 0.079800 0.102900 0.089700 0.078100 0.106200 0.102200 0.069500 0.104900 0.084800 0.077000 0.066700 0.072100 0.018600 0.018600
Gerenuk 0.082600 0.237100 0.076000 0.286800 0.069700 0.077700 0.050300 0.049600 0.081500 0.099000 0.076300 0.072500 0.087500 0.056200 0.089600 0.041500 0.079500 0.087700 0.072800 0.086100 0.047000 0.072700 0.087600 0.102900 0.076300 0.040300 0.076400 0.080900 0.000000 0.076400 0.095200 0.064600 0.098100 0.071300 0.072900 0.075900 0.067800 0.069900 0.059400 0.100600 0.089100 0.043400 0.102100 0.101500 0.080500 0.095300 0.049900 0.076400 0.066400 0.085000 0.081500 0.081500
CommonElan 0.073700 0.222200 0.020200 0.284600 0.060700 0.072200 0.051000 0.074800 0.015600 0.095100 0.067300 0.061800 0.078600 0.060300 0.083800 0.078200 0.067200 0.067000 0.062200 0.020200 0.062500 0.063800 0.087100 0.088900 0.067300 0.070200 0.067400 0.018600 0.076400 0.000000 0.091300 0.058800 0.097900 0.059000 0.063900 0.058600 0.058800 0.060900 0.073500 0.095000 0.081800 0.067000 0.098300 0.090800 0.063300 0.093500 0.073600 0.067500 0.055700 0.060900 0.015600 0.012400
MuntiacusR 0.084200 0.242800 0.094200 0.291000 0.077800 0.085900 0.071400 0.091900 0.098200 0.012200 0.077800 0.083800 0.092500 0.077300 0.096200 0.091800 0.082700 0.086000 0.077600 0.102700 0.083000 0.075800 0.046600 0.072500 0.074600 0.085700 0.084600 0.099100 0.095200 0.091300 0.000000 0.075900 0.098000 0.076100 0.072800 0.083900 0.075900 0.078000 0.080700 0.060800 0.041700 0.077400 0.015200 0.067800 0.088600 0.100500 0.085600 0.074700 0.076100 0.086500 0.096500 0.094700
HarveysDui 0.055100 0.223300 0.058500 0.270100 0.042500 0.050300 0.023400 0.059700 0.063800 0.077900 0.048900 0.051800 0.068300 0.029500 0.063600 0.050100 0.063600 0.063500 0.050400 0.068400 0.044200 0.052000 0.068300 0.083400 0.049000 0.050300 0.055500 0.069900 0.064600 0.058800 0.075900 0.000000 0.080400 0.047300 0.048900 0.051900 0.043900 0.042600 0.051900 0.081200 0.069800 0.042300 0.081000 0.075300 0.056500 0.072600 0.051900 0.052300 0.042500 0.057300 0.060500 0.060500
Pronghorn 0.097400 0.236400 0.095700 0.299000 0.084100 0.089000 0.072500 0.096600 0.099700 0.101800 0.091000 0.086800 0.105900 0.078500 0.104600 0.093200 0.087200 0.100900 0.094100 0.104300 0.084200 0.092300 0.093900 0.111100 0.087600 0.093800 0.096200 0.109300 0.098100 0.097900 0.098000 0.080400 0.000000 0.087500 0.090900 0.087000 0.090600 0.077600 0.095400 0.103600 0.092000 0.088700 0.101500 0.099400 0.091700 0.105400 0.088700 0.089300 0.082300 0.084400 0.099700 0.099700
BlueWildeb 0.048900 0.222200 0.058700 0.260900 0.045900 0.047400 0.039500 0.064800 0.067400 0.083200 0.042600 0.058400 0.023300 0.045500 0.073700 0.066500 0.058800 0.068600 0.040900 0.072000 0.054100 0.039300 0.075200 0.090400 0.042600 0.058600 0.010900 0.073500 0.071300 0.059000 0.076100 0.047300 0.087500 0.000000 0.023400 0.055300 0.037700 0.042700 0.058500 0.088200 0.073300 0.055300 0.086300 0.082200 0.060000 0.076200 0.058600 0.054100 0.045800 0.060800 0.064100 0.064000
Gemsbok 0.047300 0.226000 0.063600 0.269200 0.047400 0.045700 0.041100 0.069600 0.072300 0.079800 0.041000 0.053600 0.037600 0.053600 0.073700 0.068000 0.067000 0.070200 0.042500 0.076900 0.052400 0.039300 0.073500 0.092000 0.041000 0.058500 0.026600 0.078400 0.072900 0.063900 0.072800 0.048900 0.090900 0.023400 0.000000 0.052000 0.036000 0.047600 0.056900 0.089800 0.068300 0.053600 0.082900 0.083800 0.053500 0.072800 0.060200 0.057300 0.047400 0.062400 0.069000 0.068900
Yak 0.066500 0.224600 0.056800 0.271400 0.050500 0.065000 0.044100 0.069400 0.062000 0.087700 0.060200 0.027800 0.076400 0.053400 0.074900 0.067800 0.070000 0.073200 0.061700 0.069900 0.055500 0.060000 0.079700 0.091500 0.060200 0.061600 0.062000 0.064900 0.075900 0.058600 0.083900 0.051900 0.087000 0.055300 0.052000 0.000000 0.055100 0.050600 0.063200 0.092700 0.077800 0.059900 0.087500 0.083400 0.010700 0.085600 0.061600 0.060300 0.050400 0.062100 0.058800 0.058700
BlueSheep 0.027900 0.219300 0.058500 0.263200 0.045700 0.026400 0.033000 0.067900 0.067100 0.077900 0.018600 0.055000 0.058400 0.048600 0.073300 0.066300 0.068500 0.075000 0.034400 0.071700 0.050700 0.021600 0.071600 0.090000 0.018600 0.060100 0.045800 0.073200 0.067800 0.058800 0.075900 0.043900 0.090600 0.037700 0.036000 0.055100 0.000000 0.045800 0.058400 0.081200 0.069800 0.055200 0.081000 0.081900 0.059800 0.065700 0.058400 0.055600 0.045700 0.057300 0.063800 0.063800
BohorReedb 0.052300 0.215000 0.060500 0.266100 0.010900 0.047500 0.034800 0.060100 0.065900 0.081800 0.047600 0.052100 0.063700 0.047300 0.064000 0.058500 0.060600 0.070500 0.049100 0.073900 0.042900 0.050700 0.067100 0.082200 0.047600 0.055500 0.047700 0.070400 0.069900 0.060900 0.078000 0.042600 0.077600 0.042700 0.047600 0.050600 0.045800 0.000000 0.050500 0.083400 0.065300 0.050600 0.084900 0.067400 0.052000 0.071400 0.050600 0.046100 0.037900 0.059400 0.062600 0.062600
KirksDik 0.069800 0.226600 0.073200 0.267400 0.050400 0.065000 0.044100 0.043400 0.082000 0.084400 0.063500 0.069500 0.076300 0.046900 0.081700 0.048300 0.073300 0.083200 0.060000 0.083200 0.034400 0.063300 0.083100 0.095000 0.063500 0.042100 0.063600 0.079800 0.059400 0.073500 0.080700 0.051900 0.095400 0.058500 0.056900 0.063200 0.058400 0.050500 0.000000 0.092800 0.077900 0.037300 0.087500 0.090200 0.067800 0.087400 0.040500 0.062000 0.056900 0.072100 0.078700 0.078600
RoeDeer 0.099700 0.249800 0.092900 0.287400 0.083100 0.098100 0.073400 0.104100 0.100200 0.061000 0.093300 0.089200 0.104700 0.082700 0.105100 0.100700 0.091300 0.103200 0.087900 0.108300 0.095200 0.093000 0.053200 0.054800 0.090000 0.101200 0.096800 0.102900 0.100600 0.095000 0.060800 0.081200 0.103600 0.088200 0.089800 0.092700 0.081200 0.083400 0.092800 0.000000 0.051400 0.096200 0.064000 0.050200 0.097400 0.112900 0.094400 0.083400 0.084800 0.081700 0.096800 0.096800
WhiteLippe 0.074700 0.224300 0.084700 0.269800 0.068400 0.073200 0.065300 0.089100 0.090300 0.038700 0.071700 0.079400 0.088000 0.074500 0.098400 0.082400 0.073100 0.084800 0.071500 0.094900 0.073500 0.073100 0.013400 0.050100 0.068400 0.082900 0.081800 0.089700 0.089100 0.081800 0.041700 0.069800 0.092000 0.073300 0.068300 0.077800 0.069800 0.065300 0.077900 0.051400 0.000000 0.077900 0.041800 0.045400 0.082500 0.099400 0.079500 0.065300 0.070000 0.073500 0.087000 0.086900
ThomsonGaz 0.066600 0.224500 0.068300 0.276000 0.050500 0.061700 0.037700 0.046700 0.075400 0.079500 0.060200 0.063000 0.073100 0.043700 0.074900 0.035600 0.066600 0.076600 0.060100 0.076600 0.031300 0.060100 0.079800 0.091600 0.060300 0.010700 0.060300 0.078100 0.043400 0.067000 0.077400 0.042300 0.088700 0.055300 0.053600 0.059900 0.055200 0.050600 0.037300 0.096200 0.077900 0.000000 0.082600 0.086900 0.062900 0.075600 0.038900 0.060400 0.048900 0.063800 0.072000 0.072000
MuntiacusC 0.091100 0.247000 0.101200 0.291200 0.084700 0.092900 0.076500 0.098800 0.101800 0.003000 0.083000 0.090700 0.102800 0.085700 0.106600 0.098800 0.089400 0.094500 0.084400 0.109800 0.089900 0.082700 0.046700 0.072500 0.079700 0.092600 0.094900 0.106200 0.102100 0.098300 0.015200 0.081000 0.101500 0.086300 0.082900 0.087500 0.081000 0.084900 0.087500 0.064000 0.041800 0.082600 0.000000 0.067800 0.092200 0.105800 0.092500 0.078300 0.083000 0.089900 0.103500 0.101800
WhiteTaile 0.088700 0.232200 0.090400 0.284200 0.067200 0.087100 0.064100 0.101600 0.096100 0.064700 0.083900 0.081600 0.098800 0.080000 0.102600 0.088100 0.082000 0.097300 0.088800 0.104200 0.085900 0.087000 0.047200 0.032800 0.080600 0.091900 0.090800 0.102200 0.101500 0.090800 0.067800 0.075300 0.099400 0.082200 0.083800 0.083400 0.081900 0.067400 0.090200 0.050200 0.045400 0.086900 0.067800 0.000000 0.088100 0.110600 0.092000 0.074100 0.072200 0.079000 0.092700 0.092600
Cattle 0.071200 0.225500 0.059800 0.276600 0.051900 0.069700 0.048800 0.070800 0.066700 0.092400 0.064900 0.029300 0.081000 0.058000 0.074500 0.072400 0.072900 0.077800 0.066400 0.074600 0.060200 0.064700 0.084400 0.096200 0.064900 0.064500 0.063400 0.069500 0.080500 0.063300 0.088600 0.056500 0.091700 0.060000 0.053500 0.010700 0.059800 0.052000 0.067800 0.097400 0.082500 0.062900 0.092200 0.088100 0.000000 0.087000 0.062900 0.065000 0.051900 0.065200 0.063400 0.063400
RoyalAntel 0.077000 0.244900 0.093000 0.294900 0.071200 0.074200 0.068000 0.093800 0.098800 0.102700 0.069300 0.088800 0.094400 0.080700 0.094900 0.097200 0.093000 0.096400 0.074300 0.103500 0.081300 0.074100 0.103100 0.119000 0.069400 0.084000 0.078000 0.104900 0.095300 0.093500 0.100500 0.072600 0.105400 0.076200 0.072800 0.085600 0.065700 0.071400 0.087400 0.112900 0.099400 0.075600 0.105800 0.110600 0.087000 0.000000 0.085700 0.083000 0.065800 0.091900 0.095300 0.095300
Steenbok 0.069900 0.222600 0.074900 0.263200 0.053700 0.065000 0.044200 0.040300 0.078700 0.089400 0.063500 0.066300 0.073100 0.043700 0.081700 0.051500 0.068300 0.083200 0.060100 0.080000 0.037700 0.063300 0.081400 0.093400 0.063500 0.040300 0.063600 0.084800 0.049900 0.073600 0.085600 0.051900 0.088700 0.058600 0.060200 0.061600 0.058400 0.050600 0.040500 0.094400 0.079500 0.038900 0.092500 0.092000 0.062900 0.085700 0.000000 0.065300 0.053700 0.070500 0.078700 0.078700
Impala 0.067100 0.226800 0.067000 0.267500 0.047600 0.065500 0.044500 0.074800 0.069200 0.075100 0.060700 0.063500 0.075300 0.057000 0.075500 0.068200 0.072200 0.073800 0.060500 0.080600 0.052600 0.060500 0.067200 0.084000 0.060700 0.062000 0.062400 0.077000 0.076400 0.067500 0.074700 0.052300 0.089300 0.054100 0.057300 0.060300 0.055600 0.046100 0.062000 0.083400 0.065300 0.060400 0.078300 0.074100 0.065000 0.083000 0.065300 0.000000 0.050800 0.066000 0.069200 0.069200
Klipspring 0.057000 0.212000 0.058700 0.264400 0.037800 0.055500 0.034700 0.058300 0.060600 0.079800 0.050700 0.053600 0.066800 0.047100 0.058700 0.061500 0.060400 0.070300 0.052200 0.068600 0.049200 0.050600 0.071900 0.083700 0.050700 0.053700 0.050800 0.066700 0.066400 0.055700 0.076100 0.042500 0.082300 0.045800 0.047400 0.050400 0.045700 0.037900 0.056900 0.084800 0.070000 0.048900 0.083000 0.072200 0.051900 0.065800 0.053700 0.050800 0.000000 0.059000 0.057300 0.057300
ForestMusk 0.072200 0.222900 0.058900 0.269900 0.059200 0.070700 0.052800 0.081700 0.066000 0.086800 0.065800 0.065300 0.082200 0.062100 0.082500 0.076700 0.067300 0.075600 0.064000 0.074000 0.066000 0.065600 0.075400 0.090700 0.065800 0.068800 0.069300 0.072100 0.085000 0.060900 0.086500 0.057300 0.084400 0.060800 0.062400 0.062100 0.057300 0.059400 0.072100 0.081700 0.073500 0.063800 0.089900 0.079000 0.065200 0.091900 0.070500 0.066000 0.059000 0.000000 0.062600 0.062600
Bushbuck 0.078800 0.222700 0.023400 0.278700 0.062400 0.077300 0.052700 0.083200 0.015600 0.100400 0.072400 0.061900 0.083800 0.065300 0.085600 0.083300 0.072300 0.068800 0.068900 0.020200 0.070900 0.068800 0.092300 0.097500 0.072400 0.075400 0.072500 0.018600 0.081500 0.015600 0.096500 0.060500 0.099700 0.064100 0.069000 0.058800 0.063800 0.062600 0.078700 0.096800 0.087000 0.072000 0.103500 0.092700 0.063400 0.095300 0.078700 0.069200 0.057300 0.062600 0.000000 0.012500
GreaterKud 0.078800 0.222400 0.023400 0.274200 0.062400 0.077200 0.052600 0.079900 0.012500 0.098600 0.072300 0.061900 0.083700 0.061900 0.085600 0.083300 0.072200 0.072100 0.068900 0.017100 0.067600 0.065500 0.092200 0.094000 0.072400 0.075300 0.072500 0.018600 0.081500 0.012400 0.094700 0.060500 0.099700 0.064000 0.068900 0.058700 0.063800 0.062600 0.078600 0.096800 0.086900 0.072000 0.101800 0.092600 0.063400 0.095300 0.078700 0.069200 0.057300 0.062600 0.012500 0.000000
