1
52 1
Argali 0.000000 0.278100 0.070000 0.199000 0.035300 0.000000 0.035300 0.071300 0.070000 0.115500 0.033600 0.035300 0.069500 0.035300 0.071500 0.069800 0.146900 0.143300 0.072400 0.107700 0.069800 0.035600 0.074600 0.112800 0.035300 0.069800 0.069500 0.070000 0.069800 0.107100 0.115500 0.035300 0.192100 0.103700 0.069500 0.034600 0.036300 0.035300 0.035300 0.074600 0.074600 0.069200 0.115500 0.159200 0.035300 0.035300 0.112100 0.035300 0.070800 0.190700 0.070000 0.070000
LesserMous 0.278100 0.000000 0.177700 0.270700 0.225200 0.278100 0.225200 0.265600 0.177700 0.279500 0.225200 0.225200 0.261100 0.225200 0.267000 0.179100 0.220200 0.177600 0.310300 0.178300 0.179100 0.185800 0.229300 0.270400 0.225200 0.179100 0.261100 0.177700 0.179100 0.137300 0.279500 0.225200 0.142100 0.212200 0.261100 0.258800 0.231000 0.225200 0.225200 0.229300 0.229300 0.177200 0.279500 0.329600 0.225200 0.225200 0.321400 0.225200 0.265200 0.219000 0.177700 0.177700
LesserKudu 0.070000 0.177700 0.000000 0.106600 0.033400 0.070000 0.033400 0.067200 0.000000 0.108700 0.033400 0.033400 0.066000 0.033400 0.067600 0.066200 0.139100 0.136300 0.068300 0.032500 0.066200 0.033700 0.070300 0.106300 0.033400 0.066200 0.066000 0.000000 0.066200 0.032400 0.108700 0.033400 0.143000 0.031500 0.066000 0.032700 0.034300 0.033400 0.033400 0.070200 0.070200 0.065800 0.108700 0.149900 0.033400 0.033400 0.105800 0.033400 0.067000 0.103100 0.000000 0.000000
KillerWhal 0.199000 0.270700 0.106600 0.000000 0.150300 0.199000 0.150300 0.189000 0.106600 0.156600 0.150300 0.150300 0.185400 0.150300 0.191300 0.186000 0.186500 0.268100 0.192100 0.146300 0.186000 0.151000 0.113600 0.152000 0.150300 0.186000 0.185400 0.106600 0.186000 0.145400 0.156600 0.150300 0.192400 0.140500 0.185400 0.146700 0.154700 0.150300 0.150300 0.113600 0.113600 0.183800 0.156600 0.201400 0.150300 0.150300 0.152000 0.150300 0.188400 0.147600 0.106600 0.106600
DefassaWat 0.035300 0.225200 0.033400 0.150300 0.000000 0.035300 0.000000 0.032900 0.033400 0.072900 0.000000 0.000000 0.033100 0.000000 0.034000 0.033300 0.104800 0.102500 0.034400 0.068300 0.033300 0.000100 0.034700 0.071400 0.000000 0.033300 0.033100 0.033400 0.033300 0.067900 0.072900 0.000000 0.145700 0.066000 0.033100 0.000100 0.000100 0.000000 0.000000 0.035400 0.035400 0.033000 0.072900 0.113000 0.000000 0.000000 0.071000 0.000000 0.033700 0.144700 0.033400 0.033400
Sheep 0.000000 0.278100 0.070000 0.199000 0.035300 0.000000 0.035200 0.071000 0.070000 0.115500 0.033900 0.033500 0.069500 0.033700 0.071500 0.069800 0.146900 0.143300 0.072400 0.107700 0.069800 0.035600 0.074600 0.112800 0.035300 0.069800 0.069500 0.070000 0.069800 0.107100 0.115500 0.035300 0.192100 0.103700 0.069500 0.034600 0.036300 0.035300 0.035300 0.074600 0.074600 0.069200 0.115500 0.159200 0.035300 0.035300 0.112100 0.035300 0.070800 0.190700 0.070000 0.070000
MaxwellsDu 0.035300 0.225200 0.033400 0.150300 0.000000 0.035200 0.000000 0.033800 0.033400 0.072900 0.000000 0.000000 0.033100 0.000000 0.032500 0.031500 0.104800 0.102500 0.034400 0.068300 0.033300 0.000100 0.035400 0.071400 0.000000 0.033300 0.033100 0.032200 0.033300 0.067900 0.072900 0.000000 0.145700 0.066000 0.033100 0.000100 0.000100 0.000000 0.000000 0.035400 0.035400 0.033000 0.072900 0.113000 0.000000 0.000000 0.071000 0.000000 0.033700 0.144700 0.032100 0.033400
GazellaPrz 0.071300 0.265600 0.067200 0.189000 0.032900 0.071000 0.033800 0.000000 0.067200 0.110100 0.033800 0.033800 0.066800 0.033800 0.068500 0.067100 0.140800 0.137800 0.069200 0.103500 0.067100 0.034200 0.071100 0.107800 0.033200 0.067100 0.066800 0.067200 0.067100 0.102700 0.110100 0.033600 0.183400 0.099800 0.066800 0.033200 0.034700 0.033800 0.033100 0.071100 0.071100 0.066600 0.110100 0.151800 0.033800 0.033800 0.107300 0.033800 0.067800 0.182000 0.067200 0.067200
MountainNy 0.070000 0.177700 0.000000 0.106600 0.033400 0.070000 0.033400 0.067200 0.000000 0.108700 0.033400 0.033400 0.066000 0.033400 0.067600 0.066200 0.139100 0.136300 0.068300 0.032500 0.066200 0.033700 0.070200 0.106300 0.033400 0.066200 0.066000 0.000000 0.066200 0.032400 0.108700 0.033400 0.143000 0.031500 0.066000 0.032700 0.034300 0.033400 0.033400 0.070200 0.070200 0.065800 0.108700 0.149900 0.033400 0.033400 0.105800 0.032200 0.067000 0.103100 0.000000 0.000000
MuntiacusM 0.115500 0.279500 0.108700 0.156600 0.072900 0.115500 0.072900 0.110100 0.108700 0.000000 0.072900 0.072900 0.107900 0.072900 0.110800 0.108300 0.108900 0.186300 0.072900 0.149200 0.108300 0.073600 0.036700 0.074100 0.072900 0.108300 0.107900 0.108700 0.108300 0.148000 0.000000 0.072900 0.151600 0.143500 0.107900 0.071400 0.075000 0.072600 0.072900 0.036700 0.036700 0.107400 0.000000 0.076300 0.066400 0.072900 0.155000 0.072900 0.111200 0.150500 0.108700 0.108700
goat 0.033600 0.225200 0.033400 0.150300 0.000000 0.033900 0.000000 0.033800 0.033400 0.072900 0.000000 0.000000 0.033100 0.000000 0.032500 0.033300 0.104800 0.102500 0.034400 0.068300 0.033300 0.000100 0.035400 0.071400 0.000000 0.033300 0.033100 0.033400 0.033300 0.067900 0.072900 0.000000 0.145700 0.066000 0.033100 0.000100 0.000100 0.000000 0.000000 0.035400 0.035400 0.033000 0.072900 0.113000 0.000000 0.000000 0.070500 0.000000 0.033700 0.144700 0.033400 0.033400
AfricanBuf 0.035300 0.225200 0.033400 0.150300 0.000000 0.033500 0.000000 0.033800 0.033400 0.072900 0.000000 0.000000 0.033100 0.000000 0.034000 0.033300 0.104800 0.102500 0.034400 0.068300 0.033300 0.000100 0.035400 0.071400 0.000000 0.033300 0.033100 0.033400 0.033300 0.067900 0.072900 0.000000 0.145700 0.066000 0.033100 0.000100 0.000100 0.000000 0.000000 0.033700 0.035400 0.033000 0.072900 0.113000 0.000000 0.000000 0.071000 0.000000 0.033700 0.144700 0.033400 0.033400
Topi 0.069500 0.261100 0.066000 0.185400 0.033100 0.069500 0.033100 0.066800 0.066000 0.107900 0.033100 0.033100 0.000000 0.031600 0.067100 0.065800 0.138200 0.135400 0.067800 0.101500 0.065800 0.033500 0.069700 0.105600 0.033100 0.065800 0.000000 0.066000 0.065800 0.100800 0.107900 0.033100 0.180000 0.031500 0.000000 0.032500 0.034100 0.033100 0.033100 0.069700 0.069700 0.065300 0.107900 0.148700 0.033100 0.033100 0.105000 0.033100 0.066500 0.179100 0.066000 0.065700
CommonDuik 0.035300 0.225200 0.033400 0.150300 0.000000 0.033700 0.000000 0.033800 0.033400 0.072900 0.000000 0.000000 0.031600 0.000000 0.034000 0.033300 0.104800 0.102500 0.034400 0.068300 0.033300 0.000100 0.035400 0.071400 0.000000 0.033300 0.033100 0.033400 0.033300 0.067900 0.072900 0.000000 0.145700 0.066000 0.031600 0.000100 0.000100 0.000000 0.000000 0.035400 0.035400 0.033000 0.072900 0.113000 0.000000 0.000000 0.071000 0.000000 0.033700 0.144700 0.033400 0.033400
Suni 0.071500 0.267000 0.067600 0.191300 0.034000 0.071500 0.032500 0.068500 0.067600 0.110800 0.032500 0.034000 0.067100 0.034000 0.000000 0.067400 0.141600 0.138200 0.069500 0.104100 0.067400 0.034300 0.071600 0.108500 0.034000 0.067400 0.067100 0.067600 0.067400 0.103500 0.110800 0.034000 0.185200 0.100300 0.066800 0.033300 0.000100 0.034000 0.034000 0.071600 0.071600 0.066900 0.110800 0.152600 0.034000 0.034000 0.107900 0.034000 0.068200 0.183900 0.067600 0.067600
Springbuck 0.069800 0.179100 0.066200 0.186000 0.033300 0.069800 0.031500 0.067100 0.066200 0.108300 0.033300 0.033300 0.065800 0.033300 0.067400 0.000000 0.139600 0.136600 0.068100 0.101800 0.000000 0.033600 0.069900 0.106000 0.033300 0.000000 0.065800 0.066200 0.000000 0.101200 0.108300 0.033300 0.182000 0.098400 0.065800 0.032700 0.034200 0.033300 0.033300 0.069900 0.069900 0.000100 0.108300 0.149300 0.033300 0.031500 0.105500 0.033300 0.066800 0.179500 0.066200 0.066200
Okapi 0.146900 0.220200 0.139100 0.186500 0.104800 0.146900 0.104800 0.140800 0.139100 0.108900 0.104800 0.104800 0.138200 0.104800 0.141600 0.139600 0.000000 0.066200 0.143300 0.178800 0.139600 0.070400 0.070400 0.106600 0.104800 0.139600 0.138200 0.139100 0.139600 0.177400 0.108900 0.104800 0.104800 0.172400 0.138200 0.103000 0.107800 0.105600 0.104800 0.070400 0.070400 0.138600 0.109000 0.150000 0.104800 0.104800 0.184900 0.104800 0.140500 0.179900 0.139100 0.139100
Giraffe 0.143300 0.177600 0.136300 0.268100 0.102500 0.143300 0.102500 0.137800 0.136300 0.186300 0.102500 0.102500 0.135400 0.102500 0.138200 0.136600 0.066200 0.000000 0.140200 0.175100 0.136600 0.068800 0.143700 0.181500 0.102500 0.136600 0.135400 0.136300 0.136600 0.173500 0.186300 0.102500 0.178300 0.169200 0.135400 0.100800 0.105200 0.102500 0.102500 0.144000 0.143700 0.135700 0.186300 0.231300 0.102500 0.102500 0.180600 0.102500 0.137300 0.259100 0.136300 0.136300
TibetanAnt 0.072400 0.310300 0.068300 0.192100 0.034400 0.072400 0.034400 0.069200 0.068300 0.072900 0.034400 0.034400 0.067800 0.034400 0.069500 0.068100 0.143300 0.140200 0.000000 0.105000 0.068100 0.034500 0.072500 0.109300 0.034400 0.068100 0.067800 0.068300 0.068100 0.104200 0.072900 0.034400 0.185700 0.101300 0.067800 0.045500 0.035200 0.034400 0.034400 0.072500 0.072500 0.067300 0.072900 0.073200 0.034400 0.034400 0.109200 0.034400 0.068800 0.185800 0.068300 0.068300
Sitatunga 0.107700 0.178300 0.032500 0.146300 0.068300 0.107700 0.068300 0.103500 0.032500 0.149200 0.068300 0.068300 0.101500 0.068300 0.104100 0.101800 0.178800 0.175100 0.105000 0.000000 0.101800 0.068900 0.108000 0.145600 0.068300 0.101800 0.101500 0.032500 0.101800 0.032400 0.149200 0.068300 0.143400 0.064600 0.101500 0.067100 0.070300 0.068300 0.068300 0.108000 0.108000 0.101200 0.149200 0.192800 0.068300 0.068300 0.144800 0.068300 0.103100 0.101200 0.032500 0.030300
Oribi 0.069800 0.179100 0.066200 0.186000 0.033300 0.069800 0.033300 0.067100 0.066200 0.108300 0.033300 0.033300 0.065800 0.033300 0.067400 0.000000 0.139600 0.136600 0.068100 0.101800 0.000000 0.033600 0.069900 0.106000 0.031600 0.000000 0.065800 0.066200 0.000000 0.101200 0.108300 0.033300 0.182000 0.098400 0.065800 0.032700 0.034200 0.032000 0.033300 0.069800 0.069900 0.000100 0.108300 0.149300 0.033300 0.033300 0.105500 0.031700 0.066800 0.179500 0.066200 0.066200
BarbaryShe 0.035600 0.185800 0.033700 0.151000 0.000100 0.035600 0.000100 0.034200 0.033700 0.073600 0.000100 0.000100 0.033500 0.000100 0.034300 0.033600 0.070400 0.068800 0.034500 0.068900 0.033600 0.000000 0.035700 0.071800 0.000100 0.033600 0.033500 0.033700 0.033600 0.068500 0.073600 0.000100 0.109700 0.066600 0.033500 0.000200 0.000200 0.000100 0.000100 0.035700 0.035700 0.033100 0.073600 0.113900 0.000100 0.000100 0.071800 0.000100 0.033800 0.146000 0.033700 0.033700
Daviddeer 0.074600 0.229300 0.070300 0.113600 0.034700 0.074600 0.035400 0.071100 0.070200 0.036700 0.035400 0.035400 0.069700 0.035400 0.071600 0.069900 0.070400 0.143700 0.072500 0.108000 0.069900 0.035700 0.000000 0.036000 0.035400 0.069900 0.069700 0.070200 0.069900 0.107300 0.036700 0.035400 0.110100 0.104400 0.069700 0.034600 0.036400 0.035400 0.035400 0.000000 0.000000 0.069400 0.036700 0.076000 0.035400 0.035400 0.112400 0.034000 0.070900 0.109100 0.070200 0.070200
Reindeer 0.112800 0.270400 0.106300 0.152000 0.071400 0.112800 0.071400 0.107800 0.106300 0.074100 0.071400 0.071400 0.105600 0.071400 0.108500 0.106000 0.106600 0.181500 0.109300 0.145600 0.106000 0.071800 0.036000 0.000000 0.071400 0.106000 0.105600 0.106300 0.106000 0.144700 0.074100 0.071400 0.147600 0.140200 0.105600 0.069600 0.073100 0.071400 0.071400 0.036000 0.036000 0.104800 0.074100 0.036700 0.071400 0.071400 0.151500 0.071400 0.107100 0.146800 0.106300 0.106300
Ibex 0.035300 0.225200 0.033400 0.150300 0.000000 0.035300 0.000000 0.033200 0.033400 0.072900 0.000000 0.000000 0.033100 0.000000 0.034000 0.033300 0.104800 0.102500 0.034400 0.068300 0.031600 0.000100 0.035400 0.071400 0.000000 0.033300 0.033100 0.033400 0.033300 0.067900 0.072900 0.000000 0.145700 0.066000 0.033100 0.000100 0.000100 0.000000 0.000000 0.035400 0.035400 0.033000 0.072900 0.113000 0.000000 0.000000 0.071000 0.000000 0.033700 0.144700 0.033400 0.031800
GyrantGaze 0.069800 0.179100 0.066200 0.186000 0.033300 0.069800 0.033300 0.067100 0.066200 0.108300 0.033300 0.033300 0.065800 0.033300 0.067400 0.000000 0.139600 0.136600 0.068100 0.101800 0.000000 0.033600 0.069900 0.106000 0.033300 0.000000 0.065800 0.066200 0.000000 0.101200 0.108300 0.033300 0.182000 0.098400 0.065800 0.032700 0.034200 0.033300 0.033300 0.069900 0.069900 0.000100 0.108300 0.149300 0.033300 0.033300 0.105500 0.033300 0.066800 0.179500 0.066200 0.066200
Hartebeest 0.069500 0.261100 0.066000 0.185400 0.033100 0.069500 0.033100 0.066800 0.066000 0.107900 0.033100 0.033100 0.000000 0.033100 0.067100 0.065800 0.138200 0.135400 0.067800 0.101500 0.065800 0.033500 0.069700 0.105600 0.033100 0.065800 0.000000 0.066000 0.065800 0.100800 0.107900 0.033100 0.180000 0.031500 0.000000 0.032500 0.034100 0.033100 0.033100 0.069700 0.069700 0.065300 0.107900 0.148700 0.033100 0.033100 0.105100 0.033100 0.066500 0.179100 0.066000 0.066000
Bongo 0.070000 0.177700 0.000000 0.106600 0.033400 0.070000 0.032200 0.067200 0.000000 0.108700 0.033400 0.033400 0.066000 0.033400 0.067600 0.066200 0.139100 0.136300 0.068300 0.032500 0.066200 0.033700 0.070200 0.106300 0.033400 0.066200 0.066000 0.000000 0.066200 0.032400 0.108700 0.032200 0.143000 0.031500 0.066000 0.032700 0.034300 0.033400 0.033400 0.070200 0.069600 0.065800 0.108700 0.149900 0.033400 0.033400 0.105800 0.033400 0.067000 0.103100 0.000000 0.000000
Gerenuk 0.069800 0.179100 0.066200 0.186000 0.033300 0.069800 0.033300 0.067100 0.066200 0.108300 0.033300 0.033300 0.065800 0.033300 0.067400 0.000000 0.139600 0.136600 0.068100 0.101800 0.000000 0.033600 0.069900 0.106000 0.033300 0.000000 0.065800 0.066200 0.000000 0.101200 0.108300 0.032000 0.182000 0.098400 0.065800 0.032700 0.034200 0.033300 0.033300 0.069900 0.069900 0.000100 0.108300 0.149300 0.033300 0.033300 0.105500 0.033300 0.066800 0.179500 0.066200 0.066200
CommonElan 0.107100 0.137300 0.032400 0.145400 0.067900 0.107100 0.067900 0.102700 0.032400 0.148000 0.067900 0.067900 0.100800 0.067900 0.103500 0.101200 0.177400 0.173500 0.104200 0.032400 0.101200 0.068500 0.107300 0.144700 0.067900 0.101200 0.100800 0.032400 0.101200 0.000000 0.148000 0.067900 0.104100 0.064100 0.100800 0.066700 0.070000 0.067900 0.067900 0.107300 0.107300 0.100500 0.148000 0.191100 0.067900 0.067900 0.143900 0.067900 0.102400 0.102700 0.032400 0.032400
MuntiacusR 0.115500 0.279500 0.108700 0.156600 0.072900 0.115500 0.072900 0.110100 0.108700 0.000000 0.072900 0.072900 0.107900 0.072900 0.110800 0.108300 0.108900 0.186300 0.072900 0.149200 0.108300 0.073600 0.036700 0.074100 0.072900 0.108300 0.107900 0.108700 0.108300 0.148000 0.000000 0.072900 0.151600 0.143500 0.107900 0.071400 0.075000 0.072900 0.072900 0.036700 0.036700 0.107400 0.000000 0.076300 0.072900 0.072900 0.155000 0.072900 0.111200 0.150500 0.108700 0.108700
HarveysDui 0.035300 0.225200 0.033400 0.150300 0.000000 0.035300 0.000000 0.033600 0.033400 0.072900 0.000000 0.000000 0.033100 0.000000 0.034000 0.033300 0.104800 0.102500 0.034400 0.068300 0.033300 0.000100 0.035400 0.071400 0.000000 0.033300 0.033100 0.032200 0.032000 0.067900 0.072900 0.000000 0.145700 0.066000 0.033100 0.000100 0.000100 0.000000 0.000000 0.035400 0.035400 0.033000 0.072900 0.113000 0.000000 0.000000 0.071000 0.000000 0.033700 0.144700 0.033400 0.033400
Pronghorn 0.192100 0.142100 0.143000 0.192400 0.145700 0.192100 0.145700 0.183400 0.143000 0.151600 0.145700 0.145700 0.180000 0.145700 0.185200 0.182000 0.104800 0.178300 0.185700 0.143400 0.182000 0.109700 0.110100 0.147600 0.145700 0.182000 0.180000 0.143000 0.182000 0.104100 0.151600 0.145700 0.000000 0.177000 0.180000 0.142400 0.149800 0.145700 0.145700 0.110100 0.110100 0.180100 0.151600 0.194700 0.145700 0.145700 0.232300 0.145700 0.182800 0.144700 0.143000 0.143000
BlueWildeb 0.103700 0.212200 0.031500 0.140500 0.066000 0.103700 0.066000 0.099800 0.031500 0.143500 0.066000 0.066000 0.031500 0.066000 0.100300 0.098400 0.172400 0.169200 0.101300 0.064600 0.098400 0.066600 0.104400 0.140200 0.066000 0.098400 0.031500 0.031500 0.098400 0.064100 0.143500 0.066000 0.177000 0.000000 0.031500 0.064900 0.067800 0.066000 0.066000 0.104000 0.104000 0.097800 0.143500 0.185300 0.066000 0.066000 0.139500 0.066000 0.099500 0.136300 0.031500 0.030600
Gemsbok 0.069500 0.261100 0.066000 0.185400 0.033100 0.069500 0.033100 0.066800 0.066000 0.107900 0.033100 0.033100 0.000000 0.031600 0.066800 0.065800 0.138200 0.135400 0.067800 0.101500 0.065800 0.033500 0.069700 0.105600 0.033100 0.065800 0.000000 0.066000 0.065800 0.100800 0.107900 0.033100 0.180000 0.031500 0.000000 0.032500 0.034100 0.033100 0.033100 0.069700 0.069700 0.065300 0.107900 0.148700 0.033100 0.033100 0.105100 0.031600 0.066500 0.179100 0.066000 0.066000
Yak 0.034600 0.258800 0.032700 0.146700 0.000100 0.034600 0.000100 0.033200 0.032700 0.071400 0.000100 0.000100 0.032500 0.000100 0.033300 0.032700 0.103000 0.100800 0.045500 0.067100 0.032700 0.000200 0.034600 0.069600 0.000100 0.032700 0.032500 0.032700 0.032700 0.066700 0.071400 0.000100 0.142400 0.064900 0.032500 0.000000 0.000200 0.000100 0.000100 0.034600 0.034600 0.032300 0.071400 0.110300 0.000100 0.000100 0.069600 0.000100 0.032900 0.142200 0.032700 0.032700
BlueSheep 0.036300 0.231000 0.034300 0.154700 0.000100 0.036300 0.000100 0.034700 0.034300 0.075000 0.000100 0.000100 0.034100 0.000100 0.000100 0.034200 0.107800 0.105200 0.035200 0.070300 0.034200 0.000200 0.036400 0.073100 0.000100 0.034200 0.034100 0.034300 0.034200 0.070000 0.075000 0.000100 0.149800 0.067800 0.034100 0.000200 0.000000 0.000100 0.000100 0.036400 0.036400 0.033800 0.075000 0.115800 0.000100 0.000100 0.073100 0.000100 0.034500 0.149100 0.034300 0.034300
BohorReedb 0.035300 0.225200 0.033400 0.150300 0.000000 0.035300 0.000000 0.033800 0.033400 0.072600 0.000000 0.000000 0.033100 0.000000 0.034000 0.033300 0.105600 0.102500 0.034400 0.068300 0.032000 0.000100 0.035400 0.071400 0.000000 0.033300 0.033100 0.033400 0.033300 0.067900 0.072900 0.000000 0.145700 0.066000 0.033100 0.000100 0.000100 0.000000 0.000000 0.035400 0.035400 0.033000 0.072900 0.113000 0.000000 0.000000 0.071000 0.000000 0.033700 0.144700 0.033400 0.033400
KirksDik 0.035300 0.225200 0.033400 0.150300 0.000000 0.035300 0.000000 0.033100 0.033400 0.072900 0.000000 0.000000 0.033100 0.000000 0.034000 0.033300 0.104800 0.102500 0.034400 0.068300 0.033300 0.000100 0.035400 0.071400 0.000000 0.033300 0.033100 0.033400 0.033300 0.067900 0.072900 0.000000 0.145700 0.066000 0.033100 0.000100 0.000100 0.000000 0.000000 0.035400 0.035400 0.033000 0.072900 0.113000 0.000000 0.000000 0.071000 0.000000 0.033700 0.144700 0.033400 0.033400
RoeDeer 0.074600 0.229300 0.070200 0.113600 0.035400 0.074600 0.035400 0.071100 0.070200 0.036700 0.035400 0.033700 0.069700 0.035400 0.071600 0.069900 0.070400 0.144000 0.072500 0.108000 0.069800 0.035700 0.000000 0.036000 0.035400 0.069900 0.069700 0.070200 0.069900 0.107300 0.036700 0.035400 0.110100 0.104000 0.069700 0.034600 0.036400 0.035400 0.035400 0.000000 0.000000 0.069400 0.036700 0.076000 0.034700 0.035400 0.112400 0.035400 0.070900 0.109100 0.070200 0.070200
WhiteLippe 0.074600 0.229300 0.070200 0.113600 0.035400 0.074600 0.035400 0.071100 0.070200 0.036700 0.035400 0.035400 0.069700 0.035400 0.071600 0.069900 0.070400 0.143700 0.072500 0.108000 0.069900 0.035700 0.000000 0.036000 0.035400 0.069900 0.069700 0.069600 0.069900 0.107300 0.036700 0.035400 0.110100 0.104000 0.069700 0.034600 0.036400 0.035400 0.035400 0.000000 0.000000 0.069400 0.036700 0.076000 0.035400 0.035400 0.112400 0.033700 0.070900 0.109100 0.070200 0.070200
ThomsonGaz 0.069200 0.177200 0.065800 0.183800 0.033000 0.069200 0.033000 0.066600 0.065800 0.107400 0.033000 0.033000 0.065300 0.033000 0.066900 0.000100 0.138600 0.135700 0.067300 0.101200 0.000100 0.033100 0.069400 0.104800 0.033000 0.000100 0.065300 0.065800 0.000100 0.100500 0.107400 0.033000 0.180100 0.097800 0.065300 0.032300 0.033800 0.033000 0.033000 0.069400 0.069400 0.000000 0.107400 0.147400 0.033000 0.033000 0.104700 0.033000 0.066100 0.178400 0.065800 0.065800
MuntiacusC 0.115500 0.279500 0.108700 0.156600 0.072900 0.115500 0.072900 0.110100 0.108700 0.000000 0.072900 0.072900 0.107900 0.072900 0.110800 0.108300 0.109000 0.186300 0.072900 0.149200 0.108300 0.073600 0.036700 0.074100 0.072900 0.108300 0.107900 0.108700 0.108300 0.148000 0.000000 0.072900 0.151600 0.143500 0.107900 0.071400 0.075000 0.072900 0.072900 0.036700 0.036700 0.107400 0.000000 0.076300 0.072900 0.072900 0.155000 0.072900 0.111200 0.150500 0.108700 0.108700
WhiteTaile 0.159200 0.329600 0.149900 0.201400 0.113000 0.159200 0.113000 0.151800 0.149900 0.076300 0.113000 0.113000 0.148700 0.113000 0.152600 0.149300 0.150000 0.231300 0.073200 0.192800 0.149300 0.113900 0.076000 0.036700 0.113000 0.149300 0.148700 0.149900 0.149300 0.191100 0.076300 0.113000 0.194700 0.185300 0.148700 0.110300 0.115800 0.113000 0.113000 0.076000 0.076000 0.147400 0.076300 0.000000 0.113000 0.113000 0.200600 0.113000 0.151400 0.194100 0.149900 0.149900
Cattle 0.035300 0.225200 0.033400 0.150300 0.000000 0.035300 0.000000 0.033800 0.033400 0.066400 0.000000 0.000000 0.033100 0.000000 0.034000 0.033300 0.104800 0.102500 0.034400 0.068300 0.033300 0.000100 0.035400 0.071400 0.000000 0.033300 0.033100 0.033400 0.033300 0.067900 0.072900 0.000000 0.145700 0.066000 0.033100 0.000100 0.000100 0.000000 0.000000 0.034700 0.035400 0.033000 0.072900 0.113000 0.000000 0.000000 0.071000 0.000000 0.033700 0.144700 0.033400 0.033400
RoyalAntel 0.035300 0.225200 0.033400 0.150300 0.000000 0.035300 0.000000 0.033800 0.033400 0.072900 0.000000 0.000000 0.033100 0.000000 0.034000 0.031500 0.104800 0.102500 0.034400 0.068300 0.033300 0.000100 0.035400 0.071400 0.000000 0.033300 0.033100 0.033400 0.033300 0.067900 0.072900 0.000000 0.145700 0.066000 0.033100 0.000100 0.000100 0.000000 0.000000 0.035400 0.035400 0.033000 0.072900 0.113000 0.000000 0.000000 0.071000 0.000000 0.033700 0.144700 0.033400 0.033400
Steenbok 0.112100 0.321400 0.105800 0.152000 0.071000 0.112100 0.071000 0.107300 0.105800 0.155000 0.070500 0.071000 0.105000 0.071000 0.107900 0.105500 0.184900 0.180600 0.109200 0.144800 0.105500 0.071800 0.112400 0.151500 0.071000 0.105500 0.105100 0.105800 0.105500 0.143900 0.155000 0.071000 0.232300 0.139500 0.105100 0.069600 0.073100 0.071000 0.071000 0.112400 0.112400 0.104700 0.155000 0.200600 0.071000 0.071000 0.000000 0.071000 0.106900 0.230100 0.105800 0.105500
Impala 0.035300 0.225200 0.033400 0.150300 0.000000 0.035300 0.000000 0.033800 0.032200 0.072900 0.000000 0.000000 0.033100 0.000000 0.034000 0.033300 0.104800 0.102500 0.034400 0.068300 0.031700 0.000100 0.034000 0.071400 0.000000 0.033300 0.033100 0.033400 0.033300 0.067900 0.072900 0.000000 0.145700 0.066000 0.031600 0.000100 0.000100 0.000000 0.000000 0.035400 0.033700 0.033000 0.072900 0.113000 0.000000 0.000000 0.071000 0.000000 0.033700 0.144700 0.033400 0.033400
Klipspring 0.070800 0.265200 0.067000 0.188400 0.033700 0.070800 0.033700 0.067800 0.067000 0.111200 0.033700 0.033700 0.066500 0.033700 0.068200 0.066800 0.140500 0.137300 0.068800 0.103100 0.066800 0.033800 0.070900 0.107100 0.033700 0.066800 0.066500 0.067000 0.066800 0.102400 0.111200 0.033700 0.182800 0.099500 0.066500 0.032900 0.034500 0.033700 0.033700 0.070900 0.070900 0.066100 0.111200 0.151400 0.033700 0.033700 0.106900 0.033700 0.000000 0.182300 0.067000 0.067000
ForestMusk 0.190700 0.219000 0.103100 0.147600 0.144700 0.190700 0.144700 0.182000 0.103100 0.150500 0.144700 0.144700 0.179100 0.144700 0.183900 0.179500 0.179900 0.259100 0.185800 0.101200 0.179500 0.146000 0.109100 0.146800 0.144700 0.179500 0.179100 0.103100 0.179500 0.102700 0.150500 0.144700 0.144700 0.136300 0.179100 0.142200 0.149100 0.144700 0.144700 0.109100 0.109100 0.178400 0.150500 0.194100 0.144700 0.144700 0.230100 0.144700 0.182300 0.000000 0.103100 0.103100
Bushbuck 0.070000 0.177700 0.000000 0.106600 0.033400 0.070000 0.032100 0.067200 0.000000 0.108700 0.033400 0.033400 0.066000 0.033400 0.067600 0.066200 0.139100 0.136300 0.068300 0.032500 0.066200 0.033700 0.070200 0.106300 0.033400 0.066200 0.066000 0.000000 0.066200 0.032400 0.108700 0.033400 0.143000 0.031500 0.066000 0.032700 0.034300 0.033400 0.033400 0.070200 0.070200 0.065800 0.108700 0.149900 0.033400 0.033400 0.105800 0.033400 0.067000 0.103100 0.000000 0.000000
GreaterKud 0.070000 0.177700 0.000000 0.106600 0.033400 0.070000 0.033400 0.067200 0.000000 0.108700 0.033400 0.033400 0.065700 0.033400 0.067600 0.066200 0.139100 0.136300 0.068300 0.030300 0.066200 0.033700 0.070200 0.106300 0.031800 0.066200 0.066000 0.000000 0.066200 0.032400 0.108700 0.033400 0.143000 0.030600 0.066000 0.032700 0.034300 0.033400 0.033400 0.070200 0.070200 0.065800 0.108700 0.149900 0.033400 0.033400 0.105500 0.033400 0.067000 0.103100 0.000000 0.000000
