1
52 1
Argali 0.000000 0.000000 0.052200 0.053500 0.000000 0.000000 0.000000 0.000000 0.052200 0.052200 0.000000 0.001400 0.000000 0.000000 0.000700 0.000000 0.052200 0.052200 0.000000 0.056100 0.000000 0.000000 0.052200 0.052200 0.000000 0.000600 0.000000 0.052200 0.000800 0.052200 0.052200 0.000000 0.052200 0.000000 0.000000 0.000000 0.000000 0.000000 0.000000 0.055100 0.052200 0.000600 0.052200 0.052200 0.000000 0.003800 0.000500 0.000000 0.000500 0.052200 0.052200 0.052200
LesserMous 0.000000 0.000000 0.052200 0.053500 0.000000 0.000000 0.000000 0.000000 0.052200 0.052200 0.000000 0.001400 0.000000 0.000000 0.000700 0.000000 0.052200 0.052200 0.000000 0.056100 0.000000 0.000000 0.052200 0.052200 0.000000 0.000600 0.000000 0.052200 0.000800 0.052200 0.052200 0.000000 0.052200 0.000000 0.000000 0.000000 0.000000 0.000000 0.000000 0.055100 0.052200 0.000600 0.052200 0.052200 0.000000 0.003800 0.000500 0.000000 0.000500 0.052200 0.052200 0.052200
LesserKudu 0.052200 0.052200 0.000000 0.001900 0.052200 0.052200 0.052200 0.052200 0.000000 0.000000 0.052200 0.065200 0.052200 0.052200 0.056200 0.052200 0.000000 0.000000 0.052200 0.000500 0.052200 0.052200 0.000000 0.000000 0.052200 0.057000 0.052200 0.000000 0.060700 0.000000 0.000000 0.052200 0.000000 0.052200 0.052200 0.052200 0.052200 0.052200 0.052200 0.011400 0.000000 0.057000 0.000000 0.000000 0.052200 0.065900 0.056100 0.052200 0.056100 0.000000 0.000000 0.000000
KillerWhal 0.053500 0.053500 0.001900 0.000000 0.053500 0.053500 0.053500 0.053500 0.001900 0.001900 0.053500 0.065900 0.053500 0.053500 0.057100 0.053500 0.001900 0.001900 0.053500 0.001700 0.053500 0.053500 0.001900 0.001900 0.053500 0.058800 0.053500 0.001900 0.062300 0.001900 0.001900 0.053500 0.001900 0.053500 0.053500 0.053500 0.053500 0.053500 0.053500 0.011500 0.001900 0.058800 0.001900 0.001900 0.053500 0.066900 0.057100 0.053500 0.057100 0.001900 0.001900 0.001900
DefassaWat 0.000000 0.000000 0.052200 0.053500 0.000000 0.000000 0.000000 0.000000 0.052200 0.052200 0.000000 0.001400 0.000000 0.000000 0.000700 0.000000 0.052200 0.052200 0.000000 0.056100 0.000000 0.000000 0.052200 0.052200 0.000000 0.000600 0.000000 0.052200 0.000800 0.052200 0.052200 0.000000 0.052200 0.000000 0.000000 0.000000 0.000000 0.000000 0.000000 0.055100 0.052200 0.000600 0.052200 0.052200 0.000000 0.003800 0.000500 0.000000 0.000500 0.052200 0.052200 0.052200
Sheep 0.000000 0.000000 0.052200 0.053500 0.000000 0.000000 0.000000 0.000000 0.052200 0.052200 0.000000 0.001400 0.000000 0.000000 0.000700 0.000000 0.052200 0.052200 0.000000 0.056100 0.000000 0.000000 0.052200 0.052200 0.000000 0.000600 0.000000 0.052200 0.000800 0.052200 0.052200 0.000000 0.052200 0.000000 0.000000 0.000000 0.000000 0.000000 0.000000 0.055100 0.052200 0.000600 0.052200 0.052200 0.000000 0.003800 0.000500 0.000000 0.000500 0.052200 0.052200 0.052200
MaxwellsDu 0.000000 0.000000 0.052200 0.053500 0.000000 0.000000 0.000000 0.000000 0.052200 0.052200 0.000000 0.001400 0.000000 0.000000 0.000700 0.000000 0.052200 0.052200 0.000000 0.056100 0.000000 0.000000 0.052200 0.052200 0.000000 0.000600 0.000000 0.052200 0.000800 0.052200 0.052200 0.000000 0.052200 0.000000 0.000000 0.000000 0.000000 0.000000 0.000000 0.055100 0.052200 0.000600 0.052200 0.052200 0.000000 0.003800 0.000500 0.000000 0.000500 0.052200 0.052200 0.052200
GazellaPrz 0.000000 0.000000 0.052200 0.053500 0.000000 0.000000 0.000000 0.000000 0.052200 0.052200 0.000000 0.001400 0.000000 0.000000 0.000700 0.000000 0.052200 0.052200 0.000000 0.056100 0.000000 0.000000 0.052200 0.052200 0.000000 0.000600 0.000000 0.052200 0.000800 0.052200 0.052200 0.000000 0.052200 0.000000 0.000000 0.000000 0.000000 0.000000 0.000000 0.055100 0.052200 0.000600 0.052200 0.052200 0.000000 0.003800 0.000500 0.000000 0.000500 0.052200 0.052200 0.052200
MountainNy 0.052200 0.052200 0.000000 0.001900 0.052200 0.052200 0.052200 0.052200 0.000000 0.000000 0.052200 0.065200 0.052200 0.052200 0.056200 0.052200 0.000000 0.000000 0.052200 0.000500 0.052200 0.052200 0.000000 0.000000 0.052200 0.057000 0.052200 0.000000 0.060700 0.000000 0.000000 0.052200 0.000000 0.052200 0.052200 0.052200 0.052200 0.052200 0.052200 0.011400 0.000000 0.057000 0.000000 0.000000 0.052200 0.065900 0.056100 0.052200 0.056100 0.000000 0.000000 0.000000
MuntiacusM 0.052200 0.052200 0.000000 0.001900 0.052200 0.052200 0.052200 0.052200 0.000000 0.000000 0.052200 0.065200 0.052200 0.052200 0.056200 0.052200 0.000000 0.000000 0.052200 0.000500 0.052200 0.052200 0.000000 0.000000 0.052200 0.057000 0.052200 0.000000 0.060700 0.000000 0.000000 0.052200 0.000000 0.052200 0.052200 0.052200 0.052200 0.052200 0.052200 0.011400 0.000000 0.057000 0.000000 0.000000 0.052200 0.065900 0.056100 0.052200 0.056100 0.000000 0.000000 0.000000
goat 0.000000 0.000000 0.052200 0.053500 0.000000 0.000000 0.000000 0.000000 0.052200 0.052200 0.000000 0.001400 0.000000 0.000000 0.000700 0.000000 0.052200 0.052200 0.000000 0.056100 0.000000 0.000000 0.052200 0.052200 0.000000 0.000600 0.000000 0.052200 0.000800 0.052200 0.052200 0.000000 0.052200 0.000000 0.000000 0.000000 0.000000 0.000000 0.000000 0.055100 0.052200 0.000600 0.052200 0.052200 0.000000 0.003800 0.000500 0.000000 0.000500 0.052200 0.052200 0.052200
AfricanBuf 0.001400 0.001400 0.065200 0.065900 0.001400 0.001400 0.001400 0.001400 0.065200 0.065200 0.001400 0.000000 0.001400 0.001400 0.000500 0.001400 0.065200 0.065200 0.001400 0.067600 0.001400 0.001400 0.065200 0.065200 0.001400 0.000600 0.001400 0.065200 0.000200 0.065200 0.065200 0.001400 0.065200 0.001400 0.001400 0.001400 0.001400 0.001400 0.001400 0.066600 0.065200 0.000600 0.065200 0.065200 0.001400 0.000500 0.000700 0.001400 0.000700 0.065200 0.065200 0.065200
Topi 0.000000 0.000000 0.052200 0.053500 0.000000 0.000000 0.000000 0.000000 0.052200 0.052200 0.000000 0.001400 0.000000 0.000000 0.000700 0.000000 0.052200 0.052200 0.000000 0.056100 0.000000 0.000000 0.052200 0.052200 0.000000 0.000600 0.000000 0.052200 0.000800 0.052200 0.052200 0.000000 0.052200 0.000000 0.000000 0.000000 0.000000 0.000000 0.000000 0.055100 0.052200 0.000600 0.052200 0.052200 0.000000 0.003800 0.000500 0.000000 0.000500 0.052200 0.052200 0.052200
CommonDuik 0.000000 0.000000 0.052200 0.053500 0.000000 0.000000 0.000000 0.000000 0.052200 0.052200 0.000000 0.001400 0.000000 0.000000 0.000700 0.000000 0.052200 0.052200 0.000000 0.056100 0.000000 0.000000 0.052200 0.052200 0.000000 0.000600 0.000000 0.052200 0.000800 0.052200 0.052200 0.000000 0.052200 0.000000 0.000000 0.000000 0.000000 0.000000 0.000000 0.055100 0.052200 0.000600 0.052200 0.052200 0.000000 0.003800 0.000500 0.000000 0.000500 0.052200 0.052200 0.052200
Suni 0.000700 0.000700 0.056200 0.057100 0.000700 0.000700 0.000700 0.000700 0.056200 0.056200 0.000700 0.000500 0.000700 0.000700 0.000000 0.000700 0.056200 0.056200 0.000700 0.060000 0.000700 0.000700 0.056200 0.056200 0.000700 0.001400 0.000700 0.056200 0.001400 0.056200 0.056200 0.000700 0.056200 0.000700 0.000700 0.000700 0.000700 0.000700 0.000700 0.058900 0.056200 0.001400 0.056200 0.056200 0.000700 0.000900 0.001000 0.000700 0.001000 0.056200 0.056200 0.056200
Springbuck 0.000000 0.000000 0.052200 0.053500 0.000000 0.000000 0.000000 0.000000 0.052200 0.052200 0.000000 0.001400 0.000000 0.000000 0.000700 0.000000 0.052200 0.052200 0.000000 0.056100 0.000000 0.000000 0.052200 0.052200 0.000000 0.000600 0.000000 0.052200 0.000800 0.052200 0.052200 0.000000 0.052200 0.000000 0.000000 0.000000 0.000000 0.000000 0.000000 0.055100 0.052200 0.000600 0.052200 0.052200 0.000000 0.003800 0.000500 0.000000 0.000500 0.052200 0.052200 0.052200
Okapi 0.052200 0.052200 0.000000 0.001900 0.052200 0.052200 0.052200 0.052200 0.000000 0.000000 0.052200 0.065200 0.052200 0.052200 0.056200 0.052200 0.000000 0.000000 0.052200 0.000500 0.052200 0.052200 0.000000 0.000000 0.052200 0.057000 0.052200 0.000000 0.060700 0.000000 0.000000 0.052200 0.000000 0.052200 0.052200 0.052200 0.052200 0.052200 0.052200 0.011400 0.000000 0.057000 0.000000 0.000000 0.052200 0.065900 0.056100 0.052200 0.056100 0.000000 0.000000 0.000000
Giraffe 0.052200 0.052200 0.000000 0.001900 0.052200 0.052200 0.052200 0.052200 0.000000 0.000000 0.052200 0.065200 0.052200 0.052200 0.056200 0.052200 0.000000 0.000000 0.052200 0.000500 0.052200 0.052200 0.000000 0.000000 0.052200 0.057000 0.052200 0.000000 0.060700 0.000000 0.000000 0.052200 0.000000 0.052200 0.052200 0.052200 0.052200 0.052200 0.052200 0.011400 0.000000 0.057000 0.000000 0.000000 0.052200 0.065900 0.056100 0.052200 0.056100 0.000000 0.000000 0.000000
TibetanAnt 0.000000 0.000000 0.052200 0.053500 0.000000 0.000000 0.000000 0.000000 0.052200 0.052200 0.000000 0.001400 0.000000 0.000000 0.000700 0.000000 0.052200 0.052200 0.000000 0.056100 0.000000 0.000000 0.052200 0.052200 0.000000 0.000600 0.000000 0.052200 0.000800 0.052200 0.052200 0.000000 0.052200 0.000000 0.000000 0.000000 0.000000 0.000000 0.000000 0.055100 0.052200 0.000600 0.052200 0.052200 0.000000 0.003800 0.000500 0.000000 0.000500 0.052200 0.052200 0.052200
Sitatunga 0.056100 0.056100 0.000500 0.001700 0.056100 0.056100 0.056100 0.056100 0.000500 0.000500 0.056100 0.067600 0.056100 0.056100 0.060000 0.056100 0.000500 0.000500 0.056100 0.000000 0.056100 0.056100 0.000500 0.000500 0.056100 0.060700 0.056100 0.000500 0.064900 0.000500 0.000500 0.056100 0.000500 0.056100 0.056100 0.056100 0.056100 0.056100 0.056100 0.011200 0.000500 0.060700 0.000500 0.000500 0.056100 0.069400 0.060600 0.056100 0.060600 0.000500 0.000500 0.000500
Oribi 0.000000 0.000000 0.052200 0.053500 0.000000 0.000000 0.000000 0.000000 0.052200 0.052200 0.000000 0.001400 0.000000 0.000000 0.000700 0.000000 0.052200 0.052200 0.000000 0.056100 0.000000 0.000000 0.052200 0.052200 0.000000 0.000600 0.000000 0.052200 0.000800 0.052200 0.052200 0.000000 0.052200 0.000000 0.000000 0.000000 0.000000 0.000000 0.000000 0.055100 0.052200 0.000600 0.052200 0.052200 0.000000 0.003800 0.000500 0.000000 0.000500 0.052200 0.052200 0.052200
BarbaryShe 0.000000 0.000000 0.052200 0.053500 0.000000 0.000000 0.000000 0.000000 0.052200 0.052200 0.000000 0.001400 0.000000 0.000000 0.000700 0.000000 0.052200 0.052200 0.000000 0.056100 0.000000 0.000000 0.052200 0.052200 0.000000 0.000600 0.000000 0.052200 0.000800 0.052200 0.052200 0.000000 0.052200 0.000000 0.000000 0.000000 0.000000 0.000000 0.000000 0.055100 0.052200 0.000600 0.052200 0.052200 0.000000 0.003800 0.000500 0.000000 0.000500 0.052200 0.052200 0.052200
Daviddeer 0.052200 0.052200 0.000000 0.001900 0.052200 0.052200 0.052200 0.052200 0.000000 0.000000 0.052200 0.065200 0.052200 0.052200 0.056200 0.052200 0.000000 0.000000 0.052200 0.000500 0.052200 0.052200 0.000000 0.000000 0.052200 0.057000 0.052200 0.000000 0.060700 0.000000 0.000000 0.052200 0.000000 0.052200 0.052200 0.052200 0.052200 0.052200 0.052200 0.011400 0.000000 0.057000 0.000000 0.000000 0.052200 0.065900 0.056100 0.052200 0.056100 0.000000 0.000000 0.000000
Reindeer 0.052200 0.052200 0.000000 0.001900 0.052200 0.052200 0.052200 0.052200 0.000000 0.000000 0.052200 0.065200 0.052200 0.052200 0.056200 0.052200 0.000000 0.000000 0.052200 0.000500 0.052200 0.052200 0.000000 0.000000 0.052200 0.057000 0.052200 0.000000 0.060700 0.000000 0.000000 0.052200 0.000000 0.052200 0.052200 0.052200 0.052200 0.052200 0.052200 0.011400 0.000000 0.057000 0.000000 0.000000 0.052200 0.065900 0.056100 0.052200 0.056100 0.000000 0.000000 0.000000
Ibex 0.000000 0.000000 0.052200 0.053500 0.000000 0.000000 0.000000 0.000000 0.052200 0.052200 0.000000 0.001400 0.000000 0.000000 0.000700 0.000000 0.052200 0.052200 0.000000 0.056100 0.000000 0.000000 0.052200 0.052200 0.000000 0.000600 0.000000 0.052200 0.000800 0.052200 0.052200 0.000000 0.052200 0.000000 0.000000 0.000000 0.000000 0.000000 0.000000 0.055100 0.052200 0.000600 0.052200 0.052200 0.000000 0.003800 0.000500 0.000000 0.000500 0.052200 0.052200 0.052200
GyrantGaze 0.000600 0.000600 0.057000 0.058800 0.000600 0.000600 0.000600 0.000600 0.057000 0.057000 0.000600 0.000600 0.000600 0.000600 0.001400 0.000600 0.057000 0.057000 0.000600 0.060700 0.000600 0.000600 0.057000 0.057000 0.000600 0.000000 0.000600 0.057000 0.000200 0.057000 0.057000 0.000600 0.057000 0.000600 0.000600 0.000600 0.000600 0.000600 0.000600 0.058900 0.057000 0.000000 0.057000 0.057000 0.000600 0.000900 0.000800 0.000600 0.000800 0.057000 0.057000 0.057000
Hartebeest 0.000000 0.000000 0.052200 0.053500 0.000000 0.000000 0.000000 0.000000 0.052200 0.052200 0.000000 0.001400 0.000000 0.000000 0.000700 0.000000 0.052200 0.052200 0.000000 0.056100 0.000000 0.000000 0.052200 0.052200 0.000000 0.000600 0.000000 0.052200 0.000800 0.052200 0.052200 0.000000 0.052200 0.000000 0.000000 0.000000 0.000000 0.000000 0.000000 0.055100 0.052200 0.000600 0.052200 0.052200 0.000000 0.003800 0.000500 0.000000 0.000500 0.052200 0.052200 0.052200
Bongo 0.052200 0.052200 0.000000 0.001900 0.052200 0.052200 0.052200 0.052200 0.000000 0.000000 0.052200 0.065200 0.052200 0.052200 0.056200 0.052200 0.000000 0.000000 0.052200 0.000500 0.052200 0.052200 0.000000 0.000000 0.052200 0.057000 0.052200 0.000000 0.060700 0.000000 0.000000 0.052200 0.000000 0.052200 0.052200 0.052200 0.052200 0.052200 0.052200 0.011400 0.000000 0.057000 0.000000 0.000000 0.052200 0.065900 0.056100 0.052200 0.056100 0.000000 0.000000 0.000000
Gerenuk 0.000800 0.000800 0.060700 0.062300 0.000800 0.000800 0.000800 0.000800 0.060700 0.060700 0.000800 0.000200 0.000800 0.000800 0.001400 0.000800 0.060700 0.060700 0.000800 0.064900 0.000800 0.000800 0.060700 0.060700 0.000800 0.000200 0.000800 0.060700 0.000000 0.060700 0.060700 0.000800 0.060700 0.000800 0.000800 0.000800 0.000800 0.000800 0.000800 0.062700 0.060700 0.000200 0.060700 0.060700 0.000800 0.001700 0.000200 0.000800 0.000200 0.060700 0.060700 0.060700
CommonElan 0.052200 0.052200 0.000000 0.001900 0.052200 0.052200 0.052200 0.052200 0.000000 0.000000 0.052200 0.065200 0.052200 0.052200 0.056200 0.052200 0.000000 0.000000 0.052200 0.000500 0.052200 0.052200 0.000000 0.000000 0.052200 0.057000 0.052200 0.000000 0.060700 0.000000 0.000000 0.052200 0.000000 0.052200 0.052200 0.052200 0.052200 0.052200 0.052200 0.011400 0.000000 0.057000 0.000000 0.000000 0.052200 0.065900 0.056100 0.052200 0.056100 0.000000 0.000000 0.000000
MuntiacusR 0.052200 0.052200 0.000000 0.001900 0.052200 0.052200 0.052200 0.052200 0.000000 0.000000 0.052200 0.065200 0.052200 0.052200 0.056200 0.052200 0.000000 0.000000 0.052200 0.000500 0.052200 0.052200 0.000000 0.000000 0.052200 0.057000 0.052200 0.000000 0.060700 0.000000 0.000000 0.052200 0.000000 0.052200 0.052200 0.052200 0.052200 0.052200 0.052200 0.011400 0.000000 0.057000 0.000000 0.000000 0.052200 0.065900 0.056100 0.052200 0.056100 0.000000 0.000000 0.000000
HarveysDui 0.000000 0.000000 0.052200 0.053500 0.000000 0.000000 0.000000 0.000000 0.052200 0.052200 0.000000 0.001400 0.000000 0.000000 0.000700 0.000000 0.052200 0.052200 0.000000 0.056100 0.000000 0.000000 0.052200 0.052200 0.000000 0.000600 0.000000 0.052200 0.000800 0.052200 0.052200 0.000000 0.052200 0.000000 0.000000 0.000000 0.000000 0.000000 0.000000 0.055100 0.052200 0.000600 0.052200 0.052200 0.000000 0.003800 0.000500 0.000000 0.000500 0.052200 0.052200 0.052200
Pronghorn 0.052200 0.052200 0.000000 0.001900 0.052200 0.052200 0.052200 0.052200 0.000000 0.000000 0.052200 0.065200 0.052200 0.052200 0.056200 0.052200 0.000000 0.000000 0.052200 0.000500 0.052200 0.052200 0.000000 0.000000 0.052200 0.057000 0.052200 0.000000 0.060700 0.000000 0.000000 0.052200 0.000000 0.052200 0.052200 0.052200 0.052200 0.052200 0.052200 0.011400 0.000000 0.057000 0.000000 0.000000 0.052200 0.065900 0.056100 0.052200 0.056100 0.000000 0.000000 0.000000
BlueWildeb 0.000000 0.000000 0.052200 0.053500 0.000000 0.000000 0.000000 0.000000 0.052200 0.052200 0.000000 0.001400 0.000000 0.000000 0.000700 0.000000 0.052200 0.052200 0.000000 0.056100 0.000000 0.000000 0.052200 0.052200 0.000000 0.000600 0.000000 0.052200 0.000800 0.052200 0.052200 0.000000 0.052200 0.000000 0.000000 0.000000 0.000000 0.000000 0.000000 0.055100 0.052200 0.000600 0.052200 0.052200 0.000000 0.003800 0.000500 0.000000 0.000500 0.052200 0.052200 0.052200
Gemsbok 0.000000 0.000000 0.052200 0.053500 0.000000 0.000000 0.000000 0.000000 0.052200 0.052200 0.000000 0.001400 0.000000 0.000000 0.000700 0.000000 0.052200 0.052200 0.000000 0.056100 0.000000 0.000000 0.052200 0.052200 0.000000 0.000600 0.000000 0.052200 0.000800 0.052200 0.052200 0.000000 0.052200 0.000000 0.000000 0.000000 0.000000 0.000000 0.000000 0.055100 0.052200 0.000600 0.052200 0.052200 0.000000 0.003800 0.000500 0.000000 0.000500 0.052200 0.052200 0.052200
Yak 0.000000 0.000000 0.052200 0.053500 0.000000 0.000000 0.000000 0.000000 0.052200 0.052200 0.000000 0.001400 0.000000 0.000000 0.000700 0.000000 0.052200 0.052200 0.000000 0.056100 0.000000 0.000000 0.052200 0.052200 0.000000 0.000600 0.000000 0.052200 0.000800 0.052200 0.052200 0.000000 0.052200 0.000000 0.000000 0.000000 0.000000 0.000000 0.000000 0.055100 0.052200 0.000600 0.052200 0.052200 0.000000 0.003800 0.000500 0.000000 0.000500 0.052200 0.052200 0.052200
BlueSheep 0.000000 0.000000 0.052200 0.053500 0.000000 0.000000 0.000000 0.000000 0.052200 0.052200 0.000000 0.001400 0.000000 0.000000 0.000700 0.000000 0.052200 0.052200 0.000000 0.056100 0.000000 0.000000 0.052200 0.052200 0.000000 0.000600 0.000000 0.052200 0.000800 0.052200 0.052200 0.000000 0.052200 0.000000 0.000000 0.000000 0.000000 0.000000 0.000000 0.055100 0.052200 0.000600 0.052200 0.052200 0.000000 0.003800 0.000500 0.000000 0.000500 0.052200 0.052200 0.052200
BohorReedb 0.000000 0.000000 0.052200 0.053500 0.000000 0.000000 0.000000 0.000000 0.052200 0.052200 0.000000 0.001400 0.000000 0.000000 0.000700 0.000000 0.052200 0.052200 0.000000 0.056100 0.000000 0.000000 0.052200 0.052200 0.000000 0.000600 0.000000 0.052200 0.000800 0.052200 0.052200 0.000000 0.052200 0.000000 0.000000 0.000000 0.000000 0.000000 0.000000 0.055100 0.052200 0.000600 0.052200 0.052200 0.000000 0.003800 0.000500 0.000000 0.000500 0.052200 0.052200 0.052200
KirksDik 0.000000 0.000000 0.052200 0.053500 0.000000 0.000000 0.000000 0.000000 0.052200 0.052200 0.000000 0.001400 0.000000 0.000000 0.000700 0.000000 0.052200 0.052200 0.000000 0.056100 0.000000 0.000000 0.052200 0.052200 0.000000 0.000600 0.000000 0.052200 0.000800 0.052200 0.052200 0.000000 0.052200 0.000000 0.000000 0.000000 0.000000 0.000000 0.000000 0.055100 0.052200 0.000600 0.052200 0.052200 0.000000 0.003800 0.000500 0.000000 0.000500 0.052200 0.052200 0.052200
RoeDeer 0.055100 0.055100 0.011400 0.011500 0.055100 0.055100 0.055100 0.055100 0.011400 0.011400 0.055100 0.066600 0.055100 0.055100 0.058900 0.055100 0.011400 0.011400 0.055100 0.011200 0.055100 0.055100 0.011400 0.011400 0.055100 0.058900 0.055100 0.011400 0.062700 0.011400 0.011400 0.055100 0.011400 0.055100 0.055100 0.055100 0.055100 0.055100 0.055100 0.000000 0.011400 0.058900 0.011400 0.011400 0.055100 0.065600 0.058700 0.055100 0.058700 0.011400 0.011400 0.011400
WhiteLippe 0.052200 0.052200 0.000000 0.001900 0.052200 0.052200 0.052200 0.052200 0.000000 0.000000 0.052200 0.065200 0.052200 0.052200 0.056200 0.052200 0.000000 0.000000 0.052200 0.000500 0.052200 0.052200 0.000000 0.000000 0.052200 0.057000 0.052200 0.000000 0.060700 0.000000 0.000000 0.052200 0.000000 0.052200 0.052200 0.052200 0.052200 0.052200 0.052200 0.011400 0.000000 0.057000 0.000000 0.000000 0.052200 0.065900 0.056100 0.052200 0.056100 0.000000 0.000000 0.000000
ThomsonGaz 0.000600 0.000600 0.057000 0.058800 0.000600 0.000600 0.000600 0.000600 0.057000 0.057000 0.000600 0.000600 0.000600 0.000600 0.001400 0.000600 0.057000 0.057000 0.000600 0.060700 0.000600 0.000600 0.057000 0.057000 0.000600 0.000000 0.000600 0.057000 0.000200 0.057000 0.057000 0.000600 0.057000 0.000600 0.000600 0.000600 0.000600 0.000600 0.000600 0.058900 0.057000 0.000000 0.057000 0.057000 0.000600 0.000900 0.000800 0.000600 0.000800 0.057000 0.057000 0.057000
MuntiacusC 0.052200 0.052200 0.000000 0.001900 0.052200 0.052200 0.052200 0.052200 0.000000 0.000000 0.052200 0.065200 0.052200 0.052200 0.056200 0.052200 0.000000 0.000000 0.052200 0.000500 0.052200 0.052200 0.000000 0.000000 0.052200 0.057000 0.052200 0.000000 0.060700 0.000000 0.000000 0.052200 0.000000 0.052200 0.052200 0.052200 0.052200 0.052200 0.052200 0.011400 0.000000 0.057000 0.000000 0.000000 0.052200 0.065900 0.056100 0.052200 0.056100 0.000000 0.000000 0.000000
WhiteTaile 0.052200 0.052200 0.000000 0.001900 0.052200 0.052200 0.052200 0.052200 0.000000 0.000000 0.052200 0.065200 0.052200 0.052200 0.056200 0.052200 0.000000 0.000000 0.052200 0.000500 0.052200 0.052200 0.000000 0.000000 0.052200 0.057000 0.052200 0.000000 0.060700 0.000000 0.000000 0.052200 0.000000 0.052200 0.052200 0.052200 0.052200 0.052200 0.052200 0.011400 0.000000 0.057000 0.000000 0.000000 0.052200 0.065900 0.056100 0.052200 0.056100 0.000000 0.000000 0.000000
Cattle 0.000000 0.000000 0.052200 0.053500 0.000000 0.000000 0.000000 0.000000 0.052200 0.052200 0.000000 0.001400 0.000000 0.000000 0.000700 0.000000 0.052200 0.052200 0.000000 0.056100 0.000000 0.000000 0.052200 0.052200 0.000000 0.000600 0.000000 0.052200 0.000800 0.052200 0.052200 0.000000 0.052200 0.000000 0.000000 0.000000 0.000000 0.000000 0.000000 0.055100 0.052200 0.000600 0.052200 0.052200 0.000000 0.003800 0.000500 0.000000 0.000500 0.052200 0.052200 0.052200
RoyalAntel 0.003800 0.003800 0.065900 0.066900 0.003800 0.003800 0.003800 0.003800 0.065900 0.065900 0.003800 0.000500 0.003800 0.003800 0.000900 0.003800 0.065900 0.065900 0.003800 0.069400 0.003800 0.003800 0.065900 0.065900 0.003800 0.000900 0.003800 0.065900 0.001700 0.065900 0.065900 0.003800 0.065900 0.003800 0.003800 0.003800 0.003800 0.003800 0.003800 0.065600 0.065900 0.000900 0.065900 0.065900 0.003800 0.000000 0.003600 0.003800 0.003600 0.065900 0.065900 0.065900
Steenbok 0.000500 0.000500 0.056100 0.057100 0.000500 0.000500 0.000500 0.000500 0.056100 0.056100 0.000500 0.000700 0.000500 0.000500 0.001000 0.000500 0.056100 0.056100 0.000500 0.060600 0.000500 0.000500 0.056100 0.056100 0.000500 0.000800 0.000500 0.056100 0.000200 0.056100 0.056100 0.000500 0.056100 0.000500 0.000500 0.000500 0.000500 0.000500 0.000500 0.058700 0.056100 0.000800 0.056100 0.056100 0.000500 0.003600 0.000000 0.000500 0.000000 0.056100 0.056100 0.056100
Impala 0.000000 0.000000 0.052200 0.053500 0.000000 0.000000 0.000000 0.000000 0.052200 0.052200 0.000000 0.001400 0.000000 0.000000 0.000700 0.000000 0.052200 0.052200 0.000000 0.056100 0.000000 0.000000 0.052200 0.052200 0.000000 0.000600 0.000000 0.052200 0.000800 0.052200 0.052200 0.000000 0.052200 0.000000 0.000000 0.000000 0.000000 0.000000 0.000000 0.055100 0.052200 0.000600 0.052200 0.052200 0.000000 0.003800 0.000500 0.000000 0.000500 0.052200 0.052200 0.052200
Klipspring 0.000500 0.000500 0.056100 0.057100 0.000500 0.000500 0.000500 0.000500 0.056100 0.056100 0.000500 0.000700 0.000500 0.000500 0.001000 0.000500 0.056100 0.056100 0.000500 0.060600 0.000500 0.000500 0.056100 0.056100 0.000500 0.000800 0.000500 0.056100 0.000200 0.056100 0.056100 0.000500 0.056100 0.000500 0.000500 0.000500 0.000500 0.000500 0.000500 0.058700 0.056100 0.000800 0.056100 0.056100 0.000500 0.003600 0.000000 0.000500 0.000000 0.056100 0.056100 0.056100
ForestMusk 0.052200 0.052200 0.000000 0.001900 0.052200 0.052200 0.052200 0.052200 0.000000 0.000000 0.052200 0.065200 0.052200 0.052200 0.056200 0.052200 0.000000 0.000000 0.052200 0.000500 0.052200 0.052200 0.000000 0.000000 0.052200 0.057000 0.052200 0.000000 0.060700 0.000000 0.000000 0.052200 0.000000 0.052200 0.052200 0.052200 0.052200 0.052200 0.052200 0.011400 0.000000 0.057000 0.000000 0.000000 0.052200 0.065900 0.056100 0.052200 0.056100 0.000000 0.000000 0.000000
Bushbuck 0.052200 0.052200 0.000000 0.001900 0.052200 0.052200 0.052200 0.052200 0.000000 0.000000 0.052200 0.065200 0.052200 0.052200 0.056200 0.052200 0.000000 0.000000 0.052200 0.000500 0.052200 0.052200 0.000000 0.000000 0.052200 0.057000 0.052200 0.000000 0.060700 0.000000 0.000000 0.052200 0.000000 0.052200 0.052200 0.052200 0.052200 0.052200 0.052200 0.011400 0.000000 0.057000 0.000000 0.000000 0.052200 0.065900 0.056100 0.052200 0.056100 0.000000 0.000000 0.000000
GreaterKud 0.052200 0.052200 0.000000 0.001900 0.052200 0.052200 0.052200 0.052200 0.000000 0.000000 0.052200 0.065200 0.052200 0.052200 0.056200 0.052200 0.000000 0.000000 0.052200 0.000500 0.052200 0.052200 0.000000 0.000000 0.052200 0.057000 0.052200 0.000000 0.060700 0.000000 0.000000 0.052200 0.000000 0.052200 0.052200 0.052200 0.052200 0.052200 0.052200 0.011400 0.000000 0.057000 0.000000 0.000000 0.052200 0.065900 0.056100 0.052200 0.056100 0.000000 0.000000 0.000000
